1	52104.70132335021
2	47412.90846960156
3	43054.4852431038
4	40180.60022967037
5	38032.683200629064
6	34912.34670093723
7	32513.84747385013
8	29171.022919174782
9	27963.712528898894
10	26430.15104417379
11	25287.160156910253
12	23224.68775687113
13	21518.280912725502
14	19805.873491988557
15	18512.616125458746
16	17534.322248633125
17	16418.252307517694
18	15168.7429043559
19	14178.640396749326
20	12992.61290917233
21	12312.897963844056
22	11514.42632228592
23	10887.797809888762
24	10263.147178458008
25	9852.081027652846
26	9067.887989153192
27	8574.020482500464
28	7925.160266787911
29	7418.477058443342
30	7008.178128134464
31	6579.046465721639
32	6142.6529805413165
33	5632.348572226445
34	5169.418170898743
35	4892.352957902901
36	4730.376283620013
37	4363.007272580798
38	4221.54359433806
39	3962.30328659231
40	3791.0418704794347
41	3624.413493948452
42	3403.19491205473
43	3227.7637724729425
44	3022.2580078644573
45	2897.33051401915
46	2695.321237144912
47	2569.5853744015535
48	2402.5597597120764
49	2246.450482174432
50	2128.2401766035973
51	2009.891072688771
52	1944.1991405737406
53	1847.0388171865607
54	1740.235767482703
55	1635.172695359096
56	1538.6856965902055
57	1447.8706105504375
58	1405.4369098517725
59	1351.0378180742732
60	1292.261446712546
61	1200.356174792705
62	1129.1551605375032
63	1056.5953118681848
64	979.7091824021895
65	931.1856575316302
66	891.1371279862002
67	843.0368172178066
68	775.0108783198127
69	736.1467664705489
70	696.3381118522545
71	654.0483225703309
72	597.6157982212006
73	571.3712556845799
74	547.3682941083978
75	520.015221548748
76	498.04968543352146
77	458.38827173354656
78	422.0564079173278
79	403.3385721230818
80	377.3249769921323
81	359.8944699100876
82	342.8800197036047
83	330.5429093311526
84	307.6773922375477
85	294.4582699757733
86	278.88882515679074
87	262.6960474242748
88	246.33988637075066
89	239.70484981616983
90	231.09489181831526
91	214.91365605239488
92	205.54163454741112
93	194.89555890650232
94	189.0316534238114
95	179.91805983587795
96	171.27946666504164
97	163.15371371526226
98	152.77722817431024
99	145.82214222813508
100	137.78150194357747
101	129.76835860154034
102	123.4444090025183
103	119.05127714788514
104	113.96915776549268
105	107.6062427717259
106	103.83446211258122
107	99.16475322135813
108	94.09813528929699
109	90.22880093289481
110	86.7800205049863
111	84.35185607000793
112	80.97645065058263
113	77.85753284006292
114	74.3649461769982
115	69.60834063940587
116	66.92626380515934
117	63.434247756212386
118	61.42256596261823
119	58.51851181262464
120	55.32201392102168
121	53.49252822917378
122	50.33630004696124
123	46.52184489855416
124	44.92463514998325
125	43.203471457419305
126	41.763658433686615
127	40.39374502431988
128	38.1204884427699
129	36.74207971759918
130	34.488592842554304
131	32.407262104832256
132	30.8168701590256
133	28.57105217120134
134	26.944067960871344
135	25.89780233916908
136	25.332095815214576
137	24.363166338266222
138	23.797066687327526
139	22.99968758244236
140	21.846648593365543
141	21.20736062468571
142	20.608859693921854
143	19.437984807736992
144	18.620891089518235
145	18.043043279997455
146	17.245673585265063
147	16.588291103577724
148	15.954634102264132
149	15.352085451538517
150	14.570843942994347
151	13.908888156817712
152	13.18689785117319
153	12.54745847495052
154	12.13957348200326
155	11.529986413621758
156	11.126227800810453
157	10.783985064173283
158	10.009788000678308
159	9.671284819097618
160	9.211083603282757
161	8.798529456285085
162	8.516028638678456
163	8.066733495311933
164	7.677471160908384
165	7.364023258583259
166	7.165885883160756
167	6.88772339082785
168	6.581895447386883
169	6.251565496166722
170	6.055191812307823
171	5.769152925370565
172	5.567980776669051
173	5.254925501971611
174	5.098946486464601
175	4.9073804512633785
176	4.696033346666167
177	4.455842989842681
178	4.3328521996993645
179	4.134592744057095
180	3.920692603495169
181	3.7781344934673666
182	3.641327894776233
183	3.526560236678441
184	3.377888486289542
185	3.282103254822943
186	3.159276998114626
187	3.0637090318292297
188	2.9537063298568693
189	2.803873737591488
190	2.7582237859583354
191	2.6838233250088783
192	2.575626164796029
193	2.5260005508602412
194	2.424693652426889
195	2.341624689402302
196	2.2624737267582335
197	2.192228812591667
198	2.107346405080277
199	2.0283628377474434
200	1.9548189182059843
201	1.902354308138642
202	1.8344218030992248
203	1.7776050256023515
204	1.7007764499213116
205	1.6370183364758006
206	1.5436377474401994
207	1.4775707373972855
208	1.426101997165445
209	1.3601160067819216
210	1.298582648631475
211	1.2490905826336076
212	1.2012245776963877
213	1.1546682989736856
214	1.1018114799432277
215	1.06634338185234
216	1.0304996307032757
217	1.0060648163564803
218	0.9699077053900841
219	0.9367636287589014
220	0.9078186762922925
221	0.8865558439552628
222	0.8506977210334571
223	0.8262741845790939
224	0.7739877011039944
225	0.7527183161905212
226	0.7143086216968545
227	0.6789768380578217
228	0.6502683153570383
229	0.6087295590633046
230	0.5666711389862681
231	0.5247568416549659
232	0.5013215450140875
233	0.47718558359665086
234	0.461814930567421
235	0.43385908839963677
236	0.413471343180689
237	0.39407645487577475
238	0.38084986572024754
239	0.358139897955502
240	0.3426958206870959
241	0.3289985650455736
242	0.3134095040459599
243	0.29271572888572056
244	0.28139401903292793
245	0.2697670613435063
246	0.26140430606061316
247	0.2470641337954286
248	0.2353199908658897
249	0.22817547530583096
250	0.22199641502181736
251	0.21290090104688358
252	0.20522072894794505
253	0.198138028918637
254	0.18638241277248968
255	0.17595453124085345
256	0.17198262064296424
257	0.16809055694007558
258	0.1592296453360644
259	0.1502304272913785
260	0.14302373884829256
261	0.14007427116083032
262	0.13312353877303484
263	0.12720465878511497
264	0.12362296470337716
265	0.11710664420553263
266	0.11456253333554525
267	0.10966748649728676
268	0.10207756100465588
269	0.09876096275699339
270	0.09610995383150171
271	0.09261227713284079
272	0.0872117899435815
273	0.08426411080354473
274	0.07949345251120145
275	0.0753700678832934
276	0.07274325989085238
277	0.06829150955197318
278	0.06577167733563753
279	0.06384104599850819
280	0.06161558597135847
281	0.0602792034925994
282	0.05831689788596258
283	0.05640771728751954
284	0.054912025427931964
285	0.05355819063540472
286	0.051961574374893266
287	0.04946713717264964
288	0.04662061848374898
289	0.04538028621154164
290	0.0445211925497158
291	0.042649205954808825
292	0.04065408694089114
293	0.03979262331590804
294	0.038420774662616036
295	0.03726097894864602
296	0.03591443368632489
297	0.03480949444517711
298	0.03275797084680899
299	0.03179185809791895
300	0.030637157383055502
301	0.03005565533824594
302	0.029331813289737777
303	0.02820503470119653
304	0.02709611265070045
305	0.02644102266288372
306	0.025538945499924203
307	0.02492009812195588
308	0.0242292708774924
309	0.023386175977539482
310	0.022639005037501044
311	0.021379239767348727
312	0.020914318262458608
313	0.02021375367265822
314	0.019792154804012523
315	0.019372215991769005
316	0.018480641393555302
317	0.01803880544641462
318	0.017538639211908316
319	0.016924257021814052
320	0.01651867654300073
321	0.016146308293431416
322	0.015665225140336133
323	0.015141432348433348
324	0.014853959699681885
325	0.014449431387132871
326	0.01412172802103357
327	0.013784558651723436
328	0.013459289140920963
329	0.013181605965283958
330	0.012926193945561482
331	0.012409019087522346
332	0.012176350436503721
333	0.011866559540973277
334	0.011608158194872244
335	0.011067246946232187
336	0.010762632442856234
337	0.01044023770217838
338	0.009946527956491756
339	0.009757935285829859
340	0.00946064515295666
341	0.009144483193976765
342	0.008873863540687772
343	0.00864616840830132
344	0.008380822383551676
345	0.00816004999416021
346	0.007723108065565405
347	0.00741211741402286
348	0.006874844037080317
349	0.006450936399356593
350	0.005545232462619902
351	0.004885059200024581
352	0.004426842119224178
353	0.003893637420382381
354	0.0036681014390934756
355	0.0035163257155753384
356	0.0034019811528548743
357	0.003309808107299302
358	0.003168357554519094
359	0.0030768506866875383
360	0.003023340770472394
361	0.0029126100988379703
362	0.002774474981764717
363	0.002704915669283782
364	0.002622291850118669
365	0.0025110484006818836
366	0.002357598215673998
367	0.0022404866925320468
368	0.00212641355947031
369	0.0020031777792311163
370	0.0018457473312240436
371	0.0017407032095542662
372	0.0016309994869135131
373	0.001546657322503349
374	0.0014388806131858138
375	0.0013732005252959033
376	0.0012873743057554934
377	0.0012196144702619023
378	0.0011692504255340329
379	0.0011163163285999578
380	0.001072342061398712
381	0.0010306942331585146
382	9.906143591044915E-4
383	9.418818626000298E-4
384	8.883336078602616E-4
385	8.301820794517118E-4
386	7.93646319324249E-4
387	7.596905300028924E-4
388	7.342555998467837E-4
389	7.076748185348942E-4
390	6.936427120787198E-4
391	6.599176796287846E-4
392	6.41867844168884E-4
393	6.166371052427674E-4
394	5.880396213609605E-4
395	5.658371267615376E-4
396	5.362667512346603E-4
397	5.09310451243223E-4
398	4.864436176167647E-4
399	4.503586321153878E-4
400	4.234539369495864E-4
401	3.964186382298998E-4
402	3.757783393745211E-4
403	3.3940464542402403E-4
404	3.21578534320344E-4
405	3.056463301831566E-4
406	2.9395994414144655E-4
407	2.8715344082363205E-4
408	2.7077145211977554E-4
409	2.592677600315696E-4
410	2.420385106103785E-4
411	2.3603145635205284E-4
412	2.3007801842218765E-4
413	2.1930282674909556E-4
414	2.0833242809218468E-4
415	2.0130441090300904E-4
416	1.906626185919634E-4
417	1.8403363437958367E-4
418	1.7508063711986103E-4
419	1.6895221179684711E-4
420	1.6261070562977102E-4
421	1.5496907208070458E-4
422	1.5117155078860471E-4
423	1.4468785477173278E-4
424	1.3982085462054615E-4
425	1.34996485755963E-4
426	1.298779338008981E-4
427	1.254114658798223E-4
428	1.2135130115286776E-4
429	1.1891938640178834E-4
430	1.1461378693975348E-4
431	1.0893870956352193E-4
432	1.0452676941420955E-4
433	1.0239297965569143E-4
434	1.0042065193640603E-4
435	9.735932105959498E-5
436	9.299130514719029E-5
437	9.054370160407322E-5
438	8.8297813422406E-5
439	8.423181688851595E-5
440	8.148565508973778E-5
441	7.882083946981584E-5
442	7.14662746689489E-5
443	6.35616581964772E-5
444	5.813336439704976E-5
445	5.39198299909793E-5
446	4.9463832073085824E-5
447	4.401557426964451E-5
448	3.944883641856199E-5
449	3.749944634021561E-5
450	3.431548723633425E-5
451	3.070262803685645E-5
452	2.966779445292798E-5
453	2.675379045731232E-5
454	2.5829832939182094E-5
455	2.5024620508780886E-5
456	2.3591387524481683E-5
457	2.2200310653721725E-5
458	2.086401558044284E-5
459	2.030903867951494E-5
460	1.959224119687284E-5
461	1.9015050619924488E-5
462	1.7940386536014155E-5
463	1.665661393593801E-5
464	1.6083902594004716E-5
465	1.5685436512623275E-5
466	1.5289680274049642E-5
467	1.4778548818925538E-5
468	1.43290518904096E-5
469	1.397232308232537E-5
470	1.3141345306198965E-5
471	1.2714234094502535E-5
472	1.220794110224295E-5
473	1.1955093790698625E-5
474	1.1519086753398552E-5
475	1.1022777854213075E-5
476	1.0465776067777498E-5
477	1.0065857290982028E-5
478	9.868844711033166E-6
479	9.394933597243162E-6
480	9.099513357824636E-6
481	8.816895018642182E-6
482	8.53445793132651E-6
483	8.358879874382479E-6
484	7.985407117176153E-6
485	7.496325806533834E-6
486	7.3102178555932085E-6
487	7.095878528258176E-6
488	6.906886014289228E-6
489	6.6835768740006035E-6
490	6.4804880544044905E-6
491	6.306206666018304E-6
492	5.951905618580813E-6
493	5.720134403111643E-6
494	5.486700772782685E-6
495	5.283821341047564E-6
496	4.970627629134733E-6
497	4.7898020868253316E-6
498	4.650046564039883E-6
499	4.456168422653207E-6
500	4.223633632154478E-6
501	3.987913715684663E-6
502	3.896280981421184E-6
503	3.630544527626159E-6
504	3.489722029252185E-6
505	3.3623000282729056E-6
506	3.1953471246314906E-6
507	3.145022986083889E-6
508	3.0819190329407365E-6
509	2.949395067480918E-6
510	2.851944223929536E-6
511	2.7140460842691566E-6
512	2.6048182537424833E-6
513	2.5368451213017446E-6
514	2.459338597855848E-6
515	2.4119266285081378E-6
516	2.3735357788641784E-6
517	2.3134011020681643E-6
518	2.2543065504873857E-6
519	2.1400927137591175E-6
520	2.0784876455978554E-6
521	1.964451727491983E-6
522	1.9010993247685803E-6
523	1.7936384440513903E-6
524	1.7413858407194338E-6
525	1.698778282584751E-6
526	1.6528376737395115E-6
527	1.6219927436453283E-6
528	1.5766341312533324E-6
529	1.5071846494086195E-6
530	1.4503618050116236E-6
531	1.3998278149747348E-6
532	1.3534002996335084E-6
533	1.29191780229496E-6
534	1.2480953012748905E-6
535	1.234755208264687E-6
536	1.2109924934055555E-6
537	1.1912216457908677E-6
538	1.1567036552982923E-6
539	1.1175651240782417E-6
540	1.0660420477560366E-6
541	1.045604383612838E-6
542	1.0169196848125392E-6
543	9.901642185574837E-7
544	9.605126712947415E-7
545	9.18573710102364E-7
546	8.990053518452021E-7
547	8.681881099074524E-7
548	8.360430380625771E-7
549	7.896659930186848E-7
550	7.769722933051652E-7
551	7.53721478285267E-7
552	7.329494811938525E-7
553	7.131877775949008E-7
554	6.858158127912967E-7
555	6.410598053983451E-7
556	6.228872834695548E-7
557	5.601785635264728E-7
558	5.46324821654112E-7
559	4.998421002936695E-7
560	4.719937242253207E-7
561	4.4000961041448773E-7
562	4.119577574370447E-7
563	3.979244260881004E-7
564	3.7172619846894103E-7
565	3.5149502652877615E-7
566	3.4030520717287994E-7
567	3.205620514892552E-7
568	3.0328511410796967E-7
569	2.8529288588463006E-7
570	2.6679080269538527E-7
571	2.555599066699497E-7
572	2.4473570789844583E-7
573	2.375815935838092E-7
574	2.2703464186599229E-7
575	2.2442675606146523E-7
576	2.1318129159135685E-7
577	2.0883421844200392E-7
578	1.9635752403045458E-7
579	1.843362283924483E-7
580	1.7926887785614847E-7
581	1.7245092239367296E-7
582	1.6575041988435684E-7
583	1.6362752387478082E-7
584	1.6070191200027545E-7
585	1.5331127657191933E-7
586	1.4842772083503335E-7
587	1.4633527524827919E-7
588	1.4307248407322434E-7
589	1.380729018150679E-7
590	1.3129816818922482E-7
591	1.2858892416202698E-7
592	1.250035714779223E-7
593	1.21268147591766E-7
594	1.1804190797159822E-7
595	1.1272907809922206E-7
596	1.0940469398858522E-7
597	1.0342390545742181E-7
598	1.0095709086963252E-7
599	9.725091378945117E-8
600	9.519825145411922E-8
601	8.815786328097672E-8
602	8.538743141507448E-8
603	8.046329088860223E-8
604	7.863494141151791E-8
605	7.553126596958939E-8
606	6.88595384432075E-8
607	6.632436521750868E-8
608	6.315772330028561E-8
609	6.069314775625186E-8
610	5.884596585806237E-8
611	5.5206609097212665E-8
612	5.146496542737339E-8
613	4.92959592296507E-8
614	4.290126777205328E-8
615	3.884279554183158E-8
616	3.734945119429433E-8
617	3.519897239848082E-8
618	3.3830374611728286E-8
619	3.185978404053127E-8
620	3.012531450660899E-8
621	2.8541683862501347E-8
622	2.725637999142062E-8
623	2.6494058511568E-8
624	2.6104955481265615E-8
625	2.5836163339591043E-8
626	2.5168217047287253E-8
627	2.419198335224118E-8
628	2.360241285760211E-8
629	2.2709698147549936E-8
630	2.2334751482930936E-8
631	2.1517234541629403E-8
632	2.0969884503437468E-8
633	2.040169359064592E-8
634	1.9961419063154344E-8
635	1.91920117598778E-8
636	1.843703156068279E-8
637	1.769308756049812E-8
638	1.6856360683453598E-8
639	1.5916580904453114E-8
640	1.4826902794068676E-8
641	1.4334678907895839E-8
642	1.3246830316030768E-8
643	1.2204644913302072E-8
644	1.1500935002777787E-8
645	1.0268813249885933E-8
646	9.201067806811448E-9
647	9.06538448350071E-9
648	7.976788729246372E-9
649	7.552124447472812E-9
650	7.258698382404007E-9
651	7.064313065219703E-9
652	6.75287967493711E-9
653	6.605473558839576E-9
654	6.2636200406855695E-9
655	5.733360306008396E-9
656	5.324101255304751E-9
657	5.016858977461079E-9
658	4.693943088165436E-9
659	4.563461993353841E-9
660	4.382307452049849E-9
661	4.024628134903659E-9
662	3.878384254501149E-9
663	3.7918876363903104E-9
664	3.6990546450279338E-9
665	3.507192444061469E-9
666	3.343511694046769E-9
667	3.2240281518529862E-9
668	3.170958053765787E-9
669	3.065232458674249E-9
670	3.0096964920625276E-9
671	2.8461744467323885E-9
672	2.6326905584545507E-9
673	2.6096069390062414E-9
674	2.5576015914982253E-9
675	2.4085012733345406E-9
676	2.308055413423317E-9
677	2.203565723191716E-9
678	2.1466916857808024E-9
679	2.065636379409477E-9
680	2.0018929737010685E-9
681	1.9487689719859707E-9
682	1.895368056008626E-9
683	1.8439402622644916E-9
684	1.8102278481179815E-9
685	1.735850759607505E-9
686	1.66962192402482E-9
687	1.6193932110764914E-9
688	1.559147712547624E-9
689	1.5182016615823336E-9
690	1.4704753947577036E-9
691	1.3987609182396248E-9
692	1.3790445225466816E-9
693	1.3377189198964888E-9
694	1.2814518943492759E-9
695	1.2574834503230948E-9
696	1.1991126317993717E-9
697	1.1690533844497866E-9
698	1.1122028242675192E-9
699	1.0480719253041118E-9
700	9.657687871211596E-10
701	9.037999948008332E-10
702	8.145567795019359E-10
703	7.103280831962772E-10
704	6.810004926902742E-10
705	6.431246123808362E-10
706	6.057015267398758E-10
707	5.754934951734353E-10
708	5.460401338283983E-10
709	5.207501269388395E-10
710	4.999026690438153E-10
711	4.774951610958248E-10
712	4.531715419896355E-10
713	4.240766532116336E-10
714	4.0991690911721993E-10
715	3.963026182223086E-10
716	3.8918794736069894E-10
717	3.8301536133995184E-10
718	3.7317025480159123E-10
719	3.6106755638522244E-10
720	3.526038336757353E-10
721	3.419336367473486E-10
722	3.313708571959604E-10
723	3.231742704284031E-10
724	3.1381735447284256E-10
725	3.0329507065436225E-10
726	2.892726918158319E-10
727	2.8048120966560423E-10
728	2.710239957903116E-10
729	2.6423820837795444E-10
730	2.575901638805523E-10
731	2.5399028527076656E-10
732	2.500707174188785E-10
733	2.409325526816924E-10
734	2.355729057002783E-10
735	2.311406453982829E-10
736	2.2350158733299742E-10
737	2.152758052207941E-10
738	2.0705180977826912E-10
739	1.9970394288164214E-10
740	1.9508193647783142E-10
741	1.876487892607908E-10
742	1.8431769613657184E-10
743	1.808012503852935E-10
744	1.7588824584825034E-10
745	1.7253078301725286E-10
746	1.6952428816899046E-10
747	1.6720085932940182E-10
748	1.642071352373534E-10
749	1.618289281399065E-10
750	1.5965257517554771E-10
751	1.5784932577676767E-10
752	1.5664400092754E-10
753	1.5543283019556648E-10
754	1.5288957429983015E-10
755	1.5077349202367126E-10
756	1.4860217040553944E-10
757	1.469166511958199E-10
758	1.435342085356108E-10
759	1.419844324428572E-10
760	1.4105260593829456E-10
761	1.3867147826354467E-10
762	1.3727449754221742E-10
763	1.3538311911069923E-10
764	1.3443240724959683E-10
765	1.3308978463576407E-10
766	1.305984920639644E-10
767	1.2912202483963167E-10
768	1.2731962766763206E-10
769	1.2530526136256575E-10
770	1.2266483952425823E-10
771	1.2187723213070705E-10
772	1.2046881978233718E-10
773	1.190605094639321E-10
774	1.1855520942329005E-10
775	1.1707829394834038E-10
776	1.1603088094329598E-10
777	1.1530269798532386E-10
778	1.1417133921755289E-10
779	1.1363731678864409E-10
780	1.1228147324134633E-10
781	1.1130157339029407E-10
782	1.0900898222034623E-10
783	1.0736754009836603E-10
784	1.0562673385029917E-10
785	1.0359510957548855E-10
786	1.0081671291845306E-10
787	9.736166078394291E-11
788	9.415399298687636E-11
789	9.043887770040441E-11
790	8.403719533904865E-11
791	7.541984584468017E-11
792	6.49810797670176E-11
793	5.170581461558031E-11
794	3.896480099968624E-11
795	2.6357655799392672E-11
796	1.7029112279139807E-11
797	1.2348022151005453E-11
798	1.0766549083769681E-11
799	9.546401285507682E-12
800	8.86237454277117E-12
801	7.682946792266927E-12
802	7.2045351859741195E-12
803	6.489098676013747E-12
804	5.990397175793267E-12
805	5.7335259764593475E-12
806	5.63437212842344E-12
807	5.418265540274471E-12
808	5.146581330740724E-12
809	4.999760273335564E-12
810	4.721300213702427E-12
811	4.5588948110965675E-12
812	4.4462434550705746E-12
813	4.152498208510188E-12
814	4.045451074633963E-12
815	3.885225592306803E-12
816	3.730465113514774E-12
817	3.58580449381924E-12
818	3.419363724997714E-12
819	3.2526842082718213E-12
820	3.108386639228442E-12
821	3.027328719703165E-12
822	2.9437968651209826E-12
823	2.874698209477917E-12
824	2.8105150603629615E-12
825	2.6834562987136673E-12
826	2.602963048120744E-12
827	2.5070073322307185E-12
828	2.362350711761845E-12
829	2.2407520198320482E-12
830	2.1055412228663916E-12
831	2.019238960253777E-12
832	1.912042384307394E-12
833	1.8088523093631379E-12
834	1.6266337910147327E-12
835	1.4469866025260167E-12
836	1.2707869337414843E-12
837	1.1001346847190329E-12
838	1.0078403376208983E-12
839	9.356338147804587E-13
840	9.061746735509428E-13
841	8.868363811687877E-13
842	8.648226756797521E-13
843	8.214298807659326E-13
844	7.938520012558138E-13
845	7.705608316565026E-13
846	7.454435345338362E-13
847	7.131805411888217E-13
848	6.883629100023087E-13
849	6.690091795750234E-13
850	6.414580798660934E-13
851	6.215699901397955E-13
852	6.007716619290619E-13
853	5.799854601976815E-13
854	5.483452999386596E-13
855	5.212969228982945E-13
856	5.024370181793725E-13
857	4.835708040637063E-13
858	4.567485066208028E-13
859	4.387361479451704E-13
860	4.261587517327497E-13
861	4.100494876209019E-13
862	3.870950116481081E-13
863	3.7148082640990746E-13
864	3.6761093802534493E-13
865	3.575209191512674E-13
866	3.346700908609866E-13
867	3.284665131196505E-13
868	3.157294000062689E-13
869	3.045628699994575E-13
870	2.967949417662285E-13
871	2.8477270908594804E-13
872	2.691438023194375E-13
873	2.5749784488990576E-13
874	2.491482386188442E-13
875	2.362491228077068E-13
876	2.2357284135137699E-13
877	2.027865174328489E-13
878	1.8736452255926187E-13
879	1.790355835513848E-13
880	1.6835861868005902E-13
881	1.6173886850651906E-13
882	1.5256250508471324E-13
883	1.4635674855981427E-13
884	1.380762194547651E-13
885	1.3260665970503516E-13
886	1.2317813254349686E-13
887	1.190174464892978E-13
888	1.14109849687905E-13
889	1.0936625617548414E-13
890	1.0507598871997451E-13
891	1.0334550527708289E-13
892	1.0035258234966658E-13
893	9.833020275371532E-14
894	9.175326930558818E-14
895	8.776027987974124E-14
896	8.586283103495036E-14
897	8.448254776306648E-14
898	8.290089531647134E-14
899	7.853028683702024E-14
900	7.631203738202861E-14
901	7.319323594498798E-14
902	7.072013177974807E-14
903	6.764814054158264E-14
904	6.650604933354309E-14
905	6.299039630611177E-14
906	6.119428151413035E-14
907	5.957856389093567E-14
908	5.781900693016878E-14
909	5.524517646514321E-14
910	5.390003261781237E-14
911	5.228977860868839E-14
912	5.1126349899997655E-14
913	4.980769247642673E-14
914	4.844303748374563E-14
915	4.676341435827762E-14
916	4.566838647237931E-14
917	4.429728841775551E-14
918	4.294070399337672E-14
919	4.216908753435214E-14
920	4.1015772553688585E-14
921	3.953353129455031E-14
922	3.8006284088721565E-14
923	3.6551896784635386E-14
924	3.502236559768229E-14
925	3.264002638110798E-14
926	3.00096037512431E-14
927	2.7526807928836253E-14
928	2.368924904051953E-14
929	2.134015615443301E-14
930	1.9191744471770442E-14
931	1.8045949383958018E-14
932	1.752818628853674E-14
933	1.7027788265447686E-14
934	1.6366079956476407E-14
935	1.590915142571316E-14
936	1.5572878110957284E-14
937	1.4997380624203386E-14
938	1.4746388529322446E-14
939	1.422802689162166E-14
940	1.3927069522561879E-14
941	1.3601477710501342E-14
942	1.3177971508109144E-14
943	1.2905184467604248E-14
944	1.2613487526494057E-14
945	1.2186502309597673E-14
946	1.1730940440639609E-14
947	1.106726936601979E-14
948	1.0683843014596171E-14
949	1.0416238328375568E-14
950	9.918678740808297E-15
951	9.469516574171037E-15
952	9.230425941180522E-15
953	8.92469425813438E-15
954	8.595447674504326E-15
955	8.33738132997105E-15
956	7.989847481260816E-15
957	7.424420978080263E-15
958	7.076964859012902E-15
959	6.8027097089974806E-15
960	6.306765808440418E-15
961	5.808993811151679E-15
962	5.468199095770088E-15
963	5.083990883229152E-15
964	4.378616046527378E-15
965	4.137281118800838E-15
966	3.928053370719045E-15
967	3.717152934576273E-15
968	3.573718655623509E-15
969	3.4807908742563177E-15
970	3.3739882606731375E-15
971	3.215244380472969E-15
972	3.1125019409399467E-15
973	3.037101044118287E-15
974	2.918851306294431E-15
975	2.861026477572024E-15
976	2.8151419422432813E-15
977	2.736811094787524E-15
978	2.676987946583129E-15
979	2.621849827059941E-15
980	2.5446382030879505E-15
981	2.448174353660223E-15
982	2.353241493364222E-15
983	2.2920633935193122E-15
984	2.1584229679625963E-15
985	2.087441333244917E-15
986	2.035453027791714E-15
987	1.9308918059394156E-15
988	1.8519514264146775E-15
989	1.7906376555602252E-15
990	1.7337523480254971E-15
991	1.7009734765154384E-15
992	1.665116482917025E-15
993	1.5842858099574492E-15
994	1.5320196202797098E-15
995	1.509713528743408E-15
996	1.4713958221302723E-15
997	1.4206850189911279E-15
998	1.3518808652358264E-15
999	1.3169515423311173E-15
1000	1.273262984068765E-15
1001	1.2272423887015888E-15
1002	1.178601114008164E-15
1003	1.1324826463585113E-15
1004	1.086662877979748E-15
1005	1.0365061241218565E-15
1006	9.741885553276368E-16
1007	9.382378252819054E-16
1008	9.048760693669247E-16
1009	8.424995470870459E-16
1010	7.917492809381916E-16
1011	7.505828229429057E-16
1012	7.318519992421556E-16
1013	7.073515885475767E-16
1014	6.694460826114692E-16
1015	6.453727436666555E-16
1016	6.316530953280854E-16
1017	5.965755302428055E-16
1018	5.482894437246907E-16
1019	5.330772895305516E-16
1020	5.076592719896531E-16
1021	4.87757886551953E-16
1022	4.654290684937283E-16
1023	4.439705457262594E-16
1024	4.099303752036852E-16
1025	4.002518011656226E-16
1026	3.717609474805383E-16
1027	3.629936084450031E-16
1028	3.474592598352809E-16
1029	3.0937529154354133E-16
1030	2.8560863086714945E-16
1031	2.5192906474152623E-16
1032	2.3115558118940434E-16
1033	2.2041679971607695E-16
1034	2.0722820606330913E-16
1035	1.934567255937089E-16
1036	1.7458648926303025E-16
1037	1.6395894110064696E-16
1038	1.460328984008451E-16
1039	1.3590303622635838E-16
1040	1.3075405617135236E-16
1041	1.1874244222064713E-16
1042	1.1373133996439995E-16
1043	1.0019784541735728E-16
1044	9.626637515635782E-17
1045	9.41678748964513E-17
1046	9.057000217328386E-17
1047	8.581067011864341E-17
1048	7.906269776189454E-17
1049	7.539650833615558E-17
1050	7.31859289987686E-17
1051	7.037933512734249E-17
1052	6.730004688655454E-17
1053	6.331588440921313E-17
1054	6.151192259732579E-17
1055	5.825339689610421E-17
1056	5.178819828732258E-17
1057	4.919787448700144E-17
1058	4.6559165043648865E-17
1059	4.428642838936611E-17
1060	4.289740293397037E-17
1061	4.1405543673649264E-17
1062	3.8108609459234095E-17
1063	3.70459685727347E-17
1064	3.5138118089559785E-17
1065	3.3373073970534616E-17
1066	3.225633546370702E-17
1067	3.1497449488537906E-17
1068	2.94311465817957E-17
1069	2.8141307838314325E-17
1070	2.5963146825091955E-17
1071	2.535513242170961E-17
1072	2.3739731279960553E-17
1073	2.2688690937645788E-17
1074	2.2102737618158487E-17
1075	2.1246407334752077E-17
1076	2.0468509733471865E-17
1077	1.994911610852319E-17
1078	1.9209392673795465E-17
1079	1.859812849065452E-17
1080	1.7627430954407412E-17
1081	1.6664204250371625E-17
1082	1.6271519353447082E-17
1083	1.594759062602372E-17
1084	1.526552991220262E-17
1085	1.4568496208356463E-17
1086	1.3493889559846062E-17
1087	1.316232976937903E-17
1088	1.2486849105156134E-17
1089	1.2080626850678938E-17
1090	1.1382434154148508E-17
1091	1.11283031306913E-17
1092	1.089512525258809E-17
1093	1.0612944350199068E-17
1094	9.761583113502817E-18
1095	9.245017953160416E-18
1096	8.939342077362462E-18
1097	8.643835949043871E-18
1098	8.389524503325762E-18
1099	8.220210192031384E-18
1100	7.925397308077539E-18
1101	7.56507392454146E-18
1102	7.255280057194735E-18
1103	6.931596317927205E-18
1104	6.666222849776279E-18
1105	6.421647738740007E-18
1106	6.294814888975056E-18
1107	6.089944106899109E-18
1108	5.828333854679706E-18
1109	5.476694554747415E-18
1110	5.2364535298053985E-18
1111	5.050003470370292E-18
1112	4.815894214074095E-18
1113	4.6997744656068266E-18
1114	4.569947160052647E-18
1115	4.39417603846515E-18
1116	4.216230365835941E-18
1117	4.063573758602531E-18
1118	3.9786837569325275E-18
1119	3.833270453225536E-18
1120	3.66070645587098E-18
1121	3.5739317224769714E-18
1122	3.516464298770556E-18
1123	3.4128502688543228E-18
1124	3.3223943321394475E-18
1125	3.2385160229199215E-18
1126	3.141183706784074E-18
1127	3.0776697521850557E-18
1128	2.978969016154325E-18
1129	2.8922038231332103E-18
1130	2.7824862092941666E-18
1131	2.7166141389265386E-18
1132	2.651176525504266E-18
1133	2.57049909200442E-18
1134	2.5154806725924047E-18
1135	2.4748916827537224E-18
1136	2.3925733476099574E-18
1137	2.3623039406727824E-18
1138	2.2820389868892212E-18
1139	2.2219786817130274E-18
1140	2.15059819615977E-18
1141	2.0809481352463518E-18
1142	2.0335505714678718E-18
1143	2.0010414203166547E-18
1144	1.9565988382213787E-18
1145	1.8912000839817468E-18
1146	1.8348315840238766E-18
1147	1.776749466922984E-18
1148	1.7347549843437544E-18
1149	1.6936313697472367E-18
1150	1.6033616234284059E-18
1151	1.5441674362996525E-18
1152	1.5026051012618523E-18
1153	1.4533730322214E-18
1154	1.3672366499272589E-18
1155	1.3290431236810085E-18
1156	1.2534402958989329E-18
1157	1.1685529759010814E-18
1158	1.07480501643937E-18
1159	9.558233423106582E-19
1160	8.340447857954697E-19
1161	6.829666434439771E-19
1162	5.739498224935947E-19
1163	5.252828780536983E-19
1164	4.916894390761369E-19
1165	4.691089760155461E-19
1166	4.533188321703887E-19
1167	4.341049069719188E-19
1168	4.19490311706116E-19
1169	3.930153162221162E-19
1170	3.76853252522572E-19
1171	3.679516425926545E-19
1172	3.4990175075850086E-19
1173	3.359379301378974E-19
1174	3.2453815386629668E-19
1175	3.1738281479803454E-19
1176	3.0692429821869565E-19
1177	2.956416505517712E-19
1178	2.854894189730686E-19
1179	2.7230111915977726E-19
1180	2.55716532486958E-19
1181	2.453251763721412E-19
1182	2.357792105408845E-19
1183	2.287842449493749E-19
1184	2.1597121885815234E-19
1185	2.0850436714752382E-19
1186	2.013124004723069E-19
1187	1.8833654851294866E-19
1188	1.8019759314094953E-19
1189	1.7310387532805196E-19
1190	1.6687832226235785E-19
1191	1.5836914812885356E-19
1192	1.5228013542173846E-19
1193	1.459965626074485E-19
1194	1.3845451431633545E-19
1195	1.310110718214496E-19
1196	1.2412374476361533E-19
1197	1.1840159114104213E-19
1198	1.1206032221169387E-19
1199	1.0667328750993698E-19
1200	1.0167731688108242E-19
1201	9.844508979435055E-20
1202	9.356140776111012E-20
1203	9.01232275945506E-20
1204	8.450701273920834E-20
1205	8.172026478056038E-20
1206	7.937643864325079E-20
1207	7.63400098207152E-20
1208	7.228209926715042E-20
1209	7.009230785998134E-20
1210	6.40984399251036E-20
1211	6.17254369430618E-20
1212	5.669701093511272E-20
1213	5.519896618075513E-20
1214	5.066210340973356E-20
1215	4.7123169383068863E-20
1216	4.474316623116889E-20
1217	4.229129199542815E-20
1218	4.0987311386039335E-20
1219	3.9656188087589477E-20
1220	3.793953132966668E-20
1221	3.5467653816012736E-20
1222	3.321876128976436E-20
1223	3.1714803124056306E-20
1224	3.02033339629344E-20
1225	2.887692743642324E-20
1226	2.7562597311015286E-20
1227	2.6434221378651662E-20
1228	2.5598395891683437E-20
1229	2.417083910297487E-20
1230	2.366111223134441E-20
1231	2.2601278773410403E-20
1232	2.1850120524700073E-20
1233	2.054644938078153E-20
1234	1.9520084432116517E-20
1235	1.8551447541195963E-20
1236	1.7665657834969632E-20
1237	1.6590306196242836E-20
1238	1.5557412766226137E-20
1239	1.4389848638556478E-20
1240	1.3498591415282865E-20
1241	1.2701020284563745E-20
1242	1.18761812991757E-20
1243	1.1362889670048524E-20
1244	1.0597889108884315E-20
1245	1.0227484843879978E-20
1246	9.95540665491714E-21
1247	9.378476756366794E-21
1248	8.86992779866356E-21
1249	8.438791850412907E-21
1250	7.980807269983464E-21
1251	7.785486361210009E-21
1252	7.397422393896195E-21
1253	7.064666109422695E-21
1254	6.634391803567456E-21
1255	6.449286087380439E-21
1256	6.238933854649862E-21
1257	5.977909249191105E-21
1258	5.814586666099255E-21
1259	5.6489136029130774E-21
1260	5.4286074972564664E-21
1261	5.233548069395632E-21
1262	5.0676071833826015E-21
1263	4.886144951631066E-21
1264	4.664970623749195E-21
1265	4.512571829780053E-21
1266	4.398742599561544E-21
1267	4.175373598499547E-21
1268	3.969569999432905E-21
1269	3.833418614932744E-21
1270	3.6392744489629875E-21
1271	3.413537286247869E-21
1272	3.2016690356846992E-21
1273	2.9976818482824675E-21
1274	2.7847183494348946E-21
1275	2.682365556372741E-21
1276	2.5541136364872805E-21
1277	2.433555298915832E-21
1278	2.359391271569061E-21
1279	2.2281036098425625E-21
1280	2.1031305565721793E-21
1281	1.987159447604469E-21
1282	1.9209018437596186E-21
1283	1.84722156673002E-21
1284	1.7980354663963024E-21
1285	1.720079907527211E-21
1286	1.6405979465071155E-21
1287	1.5964347618540697E-21
1288	1.5428049906491507E-21
1289	1.461024681625663E-21
1290	1.4388298636748076E-21
1291	1.4021323979016375E-21
1292	1.353248175458639E-21
1293	1.2932800432515546E-21
1294	1.2177099130510509E-21
1295	1.1624774917748427E-21
1296	1.1298725764955619E-21
1297	1.0795221108764971E-21
1298	1.0601736957144819E-21
1299	1.0163730179801846E-21
1300	9.968583841983655E-22
1301	9.663661220388122E-22
1302	9.246273634252317E-22
1303	8.840004271323328E-22
1304	8.453176163738832E-22
1305	8.085056173311573E-22
1306	7.737982911563302E-22
1307	7.369543029342526E-22
1308	7.109229237324321E-22
1309	6.980868012052971E-22
1310	6.638193192145032E-22
1311	6.208709624235392E-22
1312	5.979914946051781E-22
1313	5.75103073242426E-22
1314	5.558660240258082E-22
1315	5.259138946484085E-22
1316	5.090882005548541E-22
1317	4.854829635980478E-22
1318	4.630019057414403E-22
1319	4.526844646753797E-22
1320	4.420486166039597E-22
1321	4.300553477171456E-22
1322	4.1102764243029283E-22
1323	3.886903372277223E-22
1324	3.7528292017318828E-22
1325	3.66094636161342E-22
1326	3.5841081768673475E-22
1327	3.4925760770464826E-22
1328	3.439895192641082E-22
1329	3.3509958399710814E-22
1330	3.218870728394072E-22
1331	3.077671604696906E-22
1332	2.9521181148902036E-22
1333	2.872411190510365E-22
1334	2.8129626307658184E-22
1335	2.7441736127504777E-22
1336	2.649320974681374E-22
1337	2.5832292791831175E-22
1338	2.485358559003061E-22
1339	2.452628793939803E-22
1340	2.402680093688148E-22
1341	2.3371488140015333E-22
1342	2.263670495561994E-22
1343	2.179825508769945E-22
1344	2.1022785656454845E-22
1345	2.0539193821724583E-22
1346	2.006267617229487E-22
1347	1.9633564386816796E-22
1348	1.9385363908900227E-22
1349	1.877416135750598E-22
1350	1.8157826142999484E-22
1351	1.7594215028107069E-22
1352	1.7070314759472764E-22
1353	1.6445101235197301E-22
1354	1.5933083882265788E-22
1355	1.5547241067747074E-22
1356	1.505928676882836E-22
1357	1.430467610192407E-22
1358	1.3969288968742037E-22
1359	1.3483264244913278E-22
1360	1.305395206701856E-22
1361	1.2511103116428953E-22
1362	1.2226965451183982E-22
1363	1.1910240298512795E-22
1364	1.1704277294364312E-22
1365	1.1386818214635584E-22
1366	1.0986527897694359E-22
1367	1.0664910053570827E-22
1368	1.0466141704004745E-22
1369	1.0206521591581391E-22
1370	9.838114885225381E-23
1371	9.357898056824802E-23
1372	9.007144357873611E-23
1373	8.438440077836622E-23
1374	7.760156515806039E-23
1375	6.99696431629604E-23
1376	6.294707298090762E-23
1377	5.476300842447164E-23
1378	4.77593022746715E-23
1379	3.5408623691176846E-23
1380	2.834507345473707E-23
1381	2.4840444266204486E-23
1382	2.385201217140137E-23
1383	2.267972601730854E-23
1384	2.2092817575893805E-23
1385	2.1203311027990044E-23
1386	2.0827863669329163E-23
1387	2.0008079817300103E-23
1388	1.950709454325961E-23
1389	1.8786452088964985E-23
1390	1.8237422865804815E-23
1391	1.761984996163366E-23
1392	1.6815042370530534E-23
1393	1.6415753420910084E-23
1394	1.5598183266681818E-23
1395	1.5144273835773728E-23
1396	1.4666775310597754E-23
1397	1.405858999036137E-23
1398	1.3440328383106713E-23
1399	1.303639287535239E-23
1400	1.2785000415164468E-23
1401	1.2350529858724234E-23
1402	1.1502984941576867E-23
1403	1.1269430758740983E-23
1404	1.0913108969561284E-23
1405	1.0659182888973343E-23
1406	1.0464886176207379E-23
1407	1.0063267414996872E-23
1408	9.768405936521798E-24
1409	9.463984466354944E-24
1410	9.233808473364606E-24
1411	8.958791280626984E-24
1412	8.747644970121116E-24
1413	8.520433643741374E-24
1414	8.121546886230877E-24
1415	7.904033354616901E-24
1416	7.714669445658335E-24
1417	7.411604435309566E-24
1418	7.184621348586998E-24
1419	6.930652899375878E-24
1420	6.730879802376816E-24
1421	6.478980598219871E-24
1422	6.340567386901236E-24
1423	6.1718737109859305E-24
1424	6.051204992848597E-24
1425	5.82341778407754E-24
1426	5.667443122329695E-24
1427	5.583375799787372E-24
1428	5.476371609311891E-24
1429	5.4298227341938236E-24
1430	5.319474793158097E-24
1431	5.148459969539985E-24
1432	5.032332169506293E-24
1433	4.975150903293498E-24
1434	4.840786505286775E-24
1435	4.748547604312497E-24
1436	4.641613379273992E-24
1437	4.552644854341404E-24
1438	4.470516464738468E-24
1439	4.386554386041475E-24
1440	4.327500809736536E-24
1441	4.253907709178552E-24
1442	4.1600464609153945E-24
1443	4.0373708458972126E-24
1444	3.993185562973238E-24
1445	3.9283979335412564E-24
1446	3.884570571609937E-24
1447	3.8186542738078415E-24
1448	3.686418983411557E-24
1449	3.641991141216098E-24
1450	3.566586927345131E-24
1451	3.485090973175385E-24
1452	3.374378917284979E-24
1453	3.2912314502118988E-24
1454	3.231406523301087E-24
1455	3.1565658250474343E-24
1456	2.965835289171994E-24
1457	2.8362997261567453E-24
1458	2.6781197391285272E-24
1459	2.5491441557946026E-24
1460	2.322403189207585E-24
1461	2.0726101758755718E-24
1462	1.843432649644948E-24
1463	1.4153760491255015E-24
1464	1.1731140540649455E-24
1465	7.9467112460090015E-25
1466	6.614919744282507E-25
1467	6.254631325168097E-25
1468	6.044317096266323E-25
1469	5.923183209123583E-25
1470	5.627768239192009E-25
1471	5.341150829279922E-25
1472	5.207220268307054E-25
1473	4.903000915559973E-25
1474	4.660874418469281E-25
1475	4.385371260842809E-25
1476	4.308714077090188E-25
1477	3.943941051359219E-25
1478	3.8648296078707605E-25
1479	3.7906833610739925E-25
1480	3.588495674730995E-25
1481	3.5493877207415356E-25
1482	3.528911301749217E-25
1483	3.445621659196271E-25
1484	3.3889295578136135E-25
1485	3.2518517116542785E-25
1486	3.146429844699651E-25
1487	3.0349319491963543E-25
1488	2.9327092117334755E-25
1489	2.7913406482976897E-25
1490	2.7256393530500095E-25
1491	2.6311107278445025E-25
1492	2.5609525304021806E-25
1493	2.422910096302322E-25
1494	2.3949550588204114E-25
1495	2.3186488372501067E-25
1496	2.209004067928486E-25
1497	2.1728746650678012E-25
1498	2.108377916350368E-25
1499	2.06199676064088E-25
1500	2.008778939562735E-25
1501	1.9197017855688133E-25
1502	1.7944956835402435E-25
1503	1.6180971252506372E-25
1504	1.4779715135996832E-25
1505	1.3838799166768422E-25
1506	1.2804138367859097E-25
1507	1.0739264628678106E-25
1508	9.318483329968875E-26
1509	8.15048662608579E-26
1510	6.122100682392593E-26
1511	5.680446698663742E-26
1512	5.325043624793705E-26
1513	5.1186181456640426E-26
1514	5.024614539523393E-26
1515	4.931899371652431E-26
1516	4.809568518278786E-26
1517	4.673911938754606E-26
1518	4.308155669921409E-26
1519	4.082548319838927E-26
1520	3.8223293376508993E-26
1521	3.6280213487541147E-26
1522	3.526153429229537E-26
1523	3.482994114633934E-26
1524	3.408409561313281E-26
1525	3.239964155731383E-26
1526	3.0157775007896195E-26
1527	2.9439878493942376E-26
1528	2.8566813329682845E-26
1529	2.741062071629255E-26
1530	2.6236277011555E-26
1531	2.5222999494906956E-26
1532	2.4047489883116275E-26
1533	2.3356071382517095E-26
1534	2.283879748431941E-26
1535	2.1970614917928085E-26
1536	2.010152715873326E-26
1537	1.9646563670995087E-26
1538	1.8960007232937358E-26
1539	1.8199424745790123E-26
1540	1.7897549557123293E-26
1541	1.7087143284062195E-26
1542	1.67467184017781E-26
1543	1.6302508728409813E-26
1544	1.5286514022914132E-26
1545	1.4359901273915893E-26
1546	1.3724711746551462E-26
1547	1.320291746326653E-26
1548	1.2543001595612868E-26
1549	1.2104538458410878E-26
1550	1.1778564048319475E-26
1551	1.1410947283894904E-26
1552	1.1192983095372529E-26
1553	1.07829912971928E-26
1554	1.0012564190746557E-26
1555	9.827620857496343E-27
1556	9.528876776263426E-27
1557	9.244905713092533E-27
1558	8.725855514391687E-27
1559	8.472195036887981E-27
1560	8.174898032129122E-27
1561	7.972942827560164E-27
1562	7.508998972490902E-27
1563	7.15167009531493E-27
1564	6.79649045722317E-27
1565	6.455873455290015E-27
1566	5.969186052057848E-27
1567	5.5324518821967916E-27
1568	5.1559003373093986E-27
1569	4.843049183673378E-27
1570	4.437623954070914E-27
1571	4.249255360168227E-27
1572	4.101218032198975E-27
1573	3.975456474845386E-27
1574	3.813292118213531E-27
1575	3.692056387833606E-27
1576	3.6320881496163754E-27
1577	3.419810696601145E-27
1578	3.311228836545936E-27
1579	3.2382827114160824E-27
1580	3.0271655406996688E-27
1581	2.9537689622463565E-27
1582	2.8495172373208073E-27
1583	2.706590150696082E-27
1584	2.62326561852812E-27
1585	2.5540048971458175E-27
1586	2.37964452267681E-27
1587	2.2166856079220966E-27
1588	2.1001510416958232E-27
1589	1.9911795940916978E-27
1590	1.8647606932864545E-27
1591	1.786031106355617E-27
1592	1.6786894061158492E-27
1593	1.641780999205419E-27
1594	1.5085119545592765E-27
1595	1.48080456080216E-27
1596	1.4337795791513702E-27
1597	1.321764656760949E-27
1598	1.3013152695213844E-27
1599	1.2512545304165493E-27
1600	1.1936969006028178E-27
1601	1.1687492464420863E-27
1602	1.1215486334115402E-27
1603	1.0738106852380519E-27
1604	1.049074590808995E-27
1605	1.0007437849129272E-27
1606	9.400115308349308E-28
1607	9.009515625508667E-28
1608	8.780330110760961E-28
1609	8.62444634110877E-28
1610	8.210543404222274E-28
1611	7.8383746922550645E-28
1612	7.478245459203539E-28
1613	7.23785594199691E-28
1614	6.993648739114446E-28
1615	6.827007413988882E-28
1616	6.586969456532826E-28
1617	6.386362450522193E-28
1618	6.076205690822556E-28
1619	5.8704808501221855E-28
1620	5.5910164169123375E-28
1621	5.188301904969817E-28
1622	5.009488731662355E-28
1623	4.785703162159704E-28
1624	4.602666242462876E-28
1625	4.182184400096367E-28
1626	3.851246778744633E-28
1627	3.69876760415636E-28
1628	3.373319919967388E-28
1629	3.2677719387064648E-28
1630	3.1332141087014232E-28
1631	2.871570324523287E-28
1632	2.7136542949983963E-28
1633	2.556019379895567E-28
1634	2.504476449583319E-28
1635	2.4436703185829087E-28
1636	2.3614119396538302E-28
1637	2.2753027847298133E-28
1638	2.206297264767218E-28
1639	2.0956516293274093E-28
1640	1.9875216092330983E-28
1641	1.9203422873320357E-28
1642	1.857385334750556E-28
1643	1.8041146486696108E-28
1644	1.727017758230366E-28
1645	1.569206242337094E-28
1646	1.52953423136506E-28
1647	1.472074945106142E-28
1648	1.379470638633999E-28
1649	1.318259211955708E-28
1650	1.2731539318026708E-28
1651	1.1484168815637554E-28
1652	1.0938570995707096E-28
1653	1.0246458703129865E-28
1654	9.680808258381284E-29
1655	9.24789905409723E-29
1656	8.859391924772566E-29
1657	8.622627067659079E-29
1658	8.131974542624414E-29
1659	7.898921845018731E-29
1660	7.712465717143148E-29
1661	7.381945711059352E-29
1662	7.196582464109422E-29
1663	6.955162777377571E-29
1664	6.750338809400174E-29
1665	6.368776844435356E-29
1666	5.844707149844663E-29
1667	5.720446789964623E-29
1668	5.527392040002439E-29
1669	5.243895860279767E-29
1670	4.739859145593754E-29
1671	4.593934665838207E-29
1672	4.432725265072898E-29
1673	4.2329999078734557E-29
1674	4.11414549861509E-29
1675	3.9717845871993545E-29
1676	3.7340069462810216E-29
1677	3.4945451834058057E-29
1678	3.409139388531816E-29
1679	3.3220875836885615E-29
1680	3.152210558466772E-29
1681	3.0815606768286587E-29
1682	2.9433578043866014E-29
1683	2.844660952775804E-29
1684	2.776799605757679E-29
1685	2.686352959629207E-29
1686	2.627938530472319E-29
1687	2.4831498451078625E-29
1688	2.4195659853483542E-29
1689	2.3898469398811858E-29
1690	2.3481522803513056E-29
1691	2.2809027444738492E-29
1692	2.2383282780358153E-29
1693	2.178338041279756E-29
1694	2.0953589315807425E-29
1695	2.0166313875672436E-29
1696	1.9062197491492456E-29
1697	1.7970769975533355E-29
1698	1.7112052441102884E-29
1699	1.6051694666753282E-29
1700	1.4832042620736032E-29
1701	1.4309958016769126E-29
1702	1.2930293755854966E-29
1703	1.2349496330489826E-29
1704	1.1978507072756185E-29
1705	1.1813914645018983E-29
1706	1.149814359495465E-29
1707	1.1198539255590522E-29
1708	1.1068331497552848E-29
1709	1.0839465996115617E-29
1710	1.0439731728884234E-29
1711	1.0261941695751216E-29
1712	9.68770080526796E-30
1713	9.252577140668475E-30
1714	9.053302468354946E-30
1715	8.599249890791996E-30
1716	8.277375245334357E-30
1717	8.065223087641163E-30
1718	7.91050981928528E-30
1719	7.77641527047815E-30
1720	7.565208286436604E-30
1721	7.314769813822724E-30
1722	7.063482962625463E-30
1723	6.72767242506184E-30
1724	6.584991142594889E-30
1725	6.317936934641375E-30
1726	6.21811619604429E-30
1727	6.109579948649883E-30
1728	5.984664326630608E-30
1729	5.769727809041727E-30
1730	5.623475596315731E-30
1731	5.567419471175913E-30
1732	5.431238743829054E-30
1733	5.280747424650461E-30
1734	5.160906121820542E-30
1735	5.0720097301528715E-30
1736	4.986726355507146E-30
1737	4.851935324560677E-30
1738	4.687087149692923E-30
1739	4.539416755151385E-30
1740	4.40782017138652E-30
1741	4.172608324052817E-30
1742	3.971081443602389E-30
1743	3.6708043928420936E-30
1744	3.3973688156260314E-30
1745	3.0956728534081582E-30
1746	2.783725424834531E-30
1747	2.4933663796373803E-30
1748	2.2769584603669103E-30
1749	2.189931317818919E-30
1750	2.1139586861302645E-30
1751	2.0759778564955636E-30
1752	2.0310723694823662E-30
1753	1.952744233963961E-30
1754	1.8764635712682985E-30
1755	1.8581066010447774E-30
1756	1.8194275761897947E-30
1757	1.7741504679797646E-30
1758	1.709741384859813E-30
1759	1.6704413534964893E-30
1760	1.637623448017552E-30
1761	1.5904292434037408E-30
1762	1.5659977016389324E-30
1763	1.5337706489372636E-30
1764	1.5122667132300928E-30
1765	1.4775660840048406E-30
1766	1.4533534015323631E-30
1767	1.4426646549150709E-30
1768	1.401068785487763E-30
1769	1.3520032440537068E-30
1770	1.3068302346028056E-30
1771	1.2582079804934567E-30
1772	1.1701252076503108E-30
1773	1.09746997534382E-30
1774	9.544819318615415E-31
1775	9.004558390948393E-31
1776	8.21016265346095E-31
1777	7.21065731603067E-31
1778	6.0609371772573185E-31
1779	5.610686819026432E-31
1780	5.249462308582888E-31
1781	4.927332749627808E-31
1782	4.722679813446015E-31
1783	4.333328192656772E-31
1784	4.1286620737612885E-31
1785	4.071422624331955E-31
1786	3.87470161938775E-31
1787	3.672478931960107E-31
1788	3.5880242810700614E-31
1789	3.4958207721480118E-31
1790	3.3874459662455017E-31
1791	3.2547619979919745E-31
1792	3.2063988277613763E-31
1793	3.0706112892888723E-31
1794	2.962656412288442E-31
1795	2.8711666974757054E-31
1796	2.771017716759741E-31
1797	2.6247268415744485E-31
1798	2.5605567273334354E-31
1799	2.477580706175325E-31
1800	2.405363376366591E-31
1801	2.341044147847564E-31
1802	2.2561794224421058E-31
1803	2.1587228575438696E-31
1804	2.051430759617821E-31
1805	1.9624563876571887E-31
1806	1.928703515501269E-31
1807	1.8865439535899325E-31
1808	1.8433674974633614E-31
1809	1.8008637990925023E-31
1810	1.7642764103266917E-31
1811	1.670596399736696E-31
1812	1.5901744920006864E-31
1813	1.560132691174167E-31
1814	1.4999705031867272E-31
1815	1.409531089953956E-31
1816	1.3465639768228568E-31
1817	1.2741877098059302E-31
1818	1.2268421653462445E-31
1819	1.1966137790127516E-31
1820	1.1330616105696457E-31
1821	1.0968348169931858E-31
1822	1.0685320927772403E-31
1823	1.0204036865288236E-31
1824	9.43966882001555E-32
1825	9.03752191975046E-32
1826	8.466677786584356E-32
1827	8.11971457548347E-32
1828	7.32736070773898E-32
1829	7.115531355050146E-32
1830	6.862817909771545E-32
1831	6.562204201225405E-32
1832	6.362840903824243E-32
1833	6.031359422666797E-32
1834	5.846085022663335E-32
1835	5.560988916520322E-32
1836	5.366344821416331E-32
1837	5.100506571718076E-32
1838	4.9869195556875E-32
1839	4.7315155602780285E-32
1840	4.54965179032701E-32
1841	4.361982165841566E-32
1842	4.2554497148060136E-32
1843	4.150505229805751E-32
1844	4.061849210500667E-32
1845	3.9275611528045593E-32
1846	3.859714238763673E-32
1847	3.5824846843502404E-32
1848	3.5008145144903026E-32
1849	3.3681910792086633E-32
1850	3.2887597210746983E-32
1851	3.198151265672214E-32
1852	2.9532894256212804E-32
1853	2.774294675415793E-32
1854	2.5914647871726E-32
1855	2.2911284479532004E-32
1856	1.9837562636501786E-32
1857	1.623313360864365E-32
1858	1.474967963520467E-32
1859	1.395265220606146E-32
1860	1.3640378338778197E-32
1861	1.2855274994392554E-32
1862	1.2042299940118444E-32
1863	1.148486971799162E-32
1864	1.0505235211189178E-32
1865	1.0105407362111475E-32
1866	9.736551776450607E-33
1867	9.443671672703166E-33
1868	9.039974687919529E-33
1869	8.099978725742076E-33
1870	7.584395691300728E-33
1871	7.102066522541557E-33
1872	6.896807925038982E-33
1873	6.585116008906238E-33
1874	6.246066775433073E-33
1875	6.049871670977943E-33
1876	5.5988770753844816E-33
1877	5.230948059273901E-33
1878	5.0658341989471303E-33
1879	5.005610070474664E-33
1880	4.808415875953881E-33
1881	4.6662269489833776E-33
1882	4.546602666015014E-33
1883	4.216818335535343E-33
1884	4.0506857828445855E-33
1885	3.838730665619774E-33
1886	3.6833978684859994E-33
1887	3.5401117346037675E-33
1888	3.4870076348705096E-33
1889	3.277823444132123E-33
1890	3.177854756160246E-33
1891	3.115348175520386E-33
1892	3.0639941992706532E-33
1893	2.9580557586497015E-33
1894	2.815588584014567E-33
1895	2.73297588815841E-33
1896	2.653672139447734E-33
1897	2.4930689005831772E-33
1898	2.3579221096369475E-33
1899	2.218853813994795E-33
1900	2.0531112554024057E-33
1901	1.968660727715313E-33
1902	1.8800187222907964E-33
1903	1.7906904609644952E-33
1904	1.6473621001348834E-33
1905	1.587351886935792E-33
1906	1.5574064379998222E-33
1907	1.4643830415706814E-33
1908	1.39334273581645E-33
1909	1.3456485387874801E-33
1910	1.3118300295543024E-33
1911	1.2090528481330262E-33
1912	1.1549254714781632E-33
1913	1.0951996199616501E-33
1914	1.0592230859338432E-33
1915	9.848130595885415E-34
1916	9.57741707394937E-34
1917	9.201640149510495E-34
1918	8.887723767058864E-34
1919	8.189441630166628E-34
1920	7.81236004767767E-34
1921	7.271221025888092E-34
1922	6.748072684707096E-34
1923	6.321921558658436E-34
1924	5.834663165541E-34
1925	5.3635827346622995E-34
1926	4.956902611482123E-34
1927	4.638308489464162E-34
1928	4.508613196078004E-34
1929	4.28945108293215E-34
1930	4.129179754996578E-34
1931	3.9519899617800325E-34
1932	3.7152594195010747E-34
1933	3.6208627204558558E-34
1934	3.4510256255504073E-34
1935	3.1835647716485254E-34
1936	3.0354443488486943E-34
1937	2.932108437405386E-34
1938	2.82486799902535E-34
1939	2.7298060869504746E-34
1940	2.629542858435957E-34
1941	2.53884051891151E-34
1942	2.4339136432192756E-34
1943	2.3867379238806693E-34
1944	2.33500053748448E-34
1945	2.2496635089097862E-34
1946	2.167114893761952E-34
1947	2.077595053596618E-34
1948	1.9485714153989998E-34
1949	1.8855636380938216E-34
1950	1.8214493832626795E-34
1951	1.72812878238298E-34
1952	1.6662691155699541E-34
1953	1.60220224266613E-34
1954	1.5693780876329418E-34
1955	1.5167074361779565E-34
1956	1.4767128135982045E-34
1957	1.4415593426166244E-34
1958	1.386728986408725E-34
1959	1.3500058501512923E-34
1960	1.3065064218457625E-34
1961	1.2769749735291046E-34
1962	1.227254549234388E-34
1963	1.1940435506524229E-34
1964	1.1648664619466092E-34
1965	1.131842645915229E-34
1966	1.1006396109335545E-34
1967	1.077567215469788E-34
1968	1.0429134927491825E-34
1969	1.003768390920561E-34
1970	9.783277089799069E-35
1971	9.473537932889697E-35
1972	9.066183982177634E-35
1973	8.562151758107469E-35
1974	8.035734369790532E-35
1975	7.554746702209557E-35
1976	7.264139299094074E-35
1977	6.685647359867681E-35
1978	6.16230530106247E-35
1979	5.892117803755836E-35
1980	5.496544850499899E-35
1981	5.236850894065784E-35
1982	5.010826039712037E-35
1983	4.7457088807463663E-35
1984	4.575894097453002E-35
1985	4.244155291710224E-35
1986	3.9404974044238525E-35
1987	3.733428686338337E-35
1988	3.4683315202817883E-35
1989	3.2464207746673823E-35
1990	3.030135455219372E-35
1991	2.869761344251186E-35
1992	2.7610363624122284E-35
1993	2.507692973243604E-35
1994	2.3413193821066323E-35
1995	2.224539216112136E-35
1996	2.1568842046155864E-35
1997	2.0929155189218092E-35
1998	2.0091753013890552E-35
1999	1.9537078767606262E-35
2000	1.8777485480104018E-35
2001	1.8096466641558462E-35
2002	1.7033301299007082E-35
2003	1.604846185266851E-35
2004	1.5078719302807907E-35
2005	1.4122171563875815E-35
2006	1.3543688664670067E-35
2007	1.3000270894165188E-35
2008	1.2361597270564212E-35
2009	1.1845652496917604E-35
2010	1.1386038192222991E-35
2011	1.1227552335299764E-35
2012	1.0892032579420399E-35
2013	1.0240997431608511E-35
2014	9.969024991408715E-36
2015	9.683115952430235E-36
2016	9.349647740588662E-36
2017	9.143972483092867E-36
2018	8.6120852786018E-36
2019	8.211936424608743E-36
2020	7.803561730462232E-36
2021	7.651363620218025E-36
2022	7.192039423589577E-36
2023	6.90273663535761E-36
2024	6.551472563678493E-36
2025	6.288908176198043E-36
2026	5.8827444349939585E-36
2027	5.543016943904574E-36
2028	5.2124737671532854E-36
2029	5.02831448830243E-36
2030	4.872870249689999E-36
2031	4.5921978402673846E-36
2032	4.519964574676256E-36
2033	4.368743927279184E-36
2034	4.226937030527724E-36
2035	4.1460102850402406E-36
2036	4.017732280826637E-36
2037	3.804347228597299E-36
2038	3.664093467043096E-36
2039	3.529047981549926E-36
2040	3.37507072602222E-36
2041	3.172573831904702E-36
2042	3.0261551149056035E-36
2043	2.9619143812358177E-36
2044	2.9077750768257637E-36
2045	2.8085052973908944E-36
2046	2.693026444173512E-36
2047	2.649267462917776E-36
2048	2.5579207091150692E-36
2049	2.4658692665361398E-36
2050	2.389632574132085E-36
2051	2.295407040908941E-36
2052	2.2615254684551155E-36
2053	2.243001284766528E-36
2054	2.177521957224877E-36
2055	2.1552382859521854E-36
2056	2.073042763872159E-36
2057	2.0056897874367453E-36
2058	1.9309350749950397E-36
2059	1.884425722266175E-36
2060	1.8430129826100705E-36
2061	1.770526763403072E-36
2062	1.704378836559762E-36
2063	1.6202107592410894E-36
2064	1.5697555391651517E-36
2065	1.495156581566032E-36
2066	1.4500208654910716E-36
2067	1.4014088847896662E-36
2068	1.2618645432955755E-36
2069	1.2123511106663655E-36
2070	1.1236885433998194E-36
2071	1.05194593806612E-36
2072	1.001414236822206E-36
2073	9.436840053223121E-37
2074	9.272429630697194E-37
2075	9.170682463582786E-37
2076	8.939658046261214E-37
2077	8.163315209364967E-37
2078	7.563863532565182E-37
2079	7.0689998818859725E-37
2080	6.79277425011425E-37
2081	6.4057910501657405E-37
2082	5.855747935813635E-37
2083	5.687121359499218E-37
2084	5.3364320512285835E-37
2085	5.264577298651393E-37
2086	4.9970827033798224E-37
2087	4.9096627263633146E-37
2088	4.7999588464020155E-37
2089	4.634323333757308E-37
2090	4.3917048549717575E-37
2091	4.1015273300760675E-37
2092	3.988341151772166E-37
2093	3.7805589907921305E-37
2094	3.6760026587917024E-37
2095	3.54790011806107E-37
2096	3.493447125297195E-37
2097	3.435515278612151E-37
2098	3.3919326058749024E-37
2099	3.3093488308285724E-37
2100	3.24256236771025E-37
2101	3.0572309724657858E-37
2102	2.9571365268120495E-37
2103	2.9091284193465795E-37
2104	2.8637331047114428E-37
2105	2.7573581179956313E-37
2106	2.725137262904028E-37
2107	2.6925193028515227E-37
2108	2.6569781834742257E-37
2109	2.6020700812568404E-37
2110	2.541607820947574E-37
2111	2.472834434469837E-37
2112	2.4382319911758046E-37
2113	2.4085415622624914E-37
2114	2.3711241434337547E-37
2115	2.3323474022178093E-37
2116	2.272945434316602E-37
2117	2.2126764482603634E-37
2118	2.1769680118362346E-37
2119	2.128565863545519E-37
2120	2.1002846109748907E-37
2121	2.0563838172137457E-37
2122	2.0111524360532026E-37
2123	1.980273529195882E-37
2124	1.9182066412905704E-37
2125	1.8621237296838295E-37
2126	1.7815230224046746E-37
2127	1.7602283374568454E-37
2128	1.6516229179207596E-37
2129	1.5977401662829659E-37
2130	1.4552093776396493E-37
2131	1.297529835145814E-37
2132	1.195477452906459E-37
2133	1.0499109210369882E-37
2134	9.516199197359008E-38
2135	6.661030588640366E-38
2136	5.410062997219997E-38
2137	4.6847296074380093E-38
2138	4.4809757390942307E-38
2139	4.1125553559546245E-38
2140	4.01378948301429E-38
2141	3.9439015635871256E-38
2142	3.826244359746229E-38
2143	3.7642396073035105E-38
2144	3.636415077763254E-38
2145	3.4996305409587597E-38
2146	3.233164890311594E-38
2147	3.0279188154784605E-38
2148	2.969478851184585E-38
2149	2.9148330975278673E-38
2150	2.798691648589925E-38
2151	2.77374155607047E-38
2152	2.674503463010337E-38
2153	2.5924879010390924E-38
2154	2.5346575646122895E-38
2155	2.4835567686635443E-38
2156	2.426987275260922E-38
2157	2.3028273633990506E-38
2158	2.1698822378690477E-38
2159	2.0596271912468233E-38
2160	1.9943689032493822E-38
2161	1.863399732960991E-38
2162	1.7301395768390526E-38
2163	1.568599426256659E-38
2164	1.5135732578844053E-38
2165	1.458767249578608E-38
2166	1.405949634536761E-38
2167	1.294716395128239E-38
2168	1.2814276105407955E-38
2169	1.2551222508326554E-38
2170	1.2199033745308114E-38
2171	1.1756645266870717E-38
2172	1.1387838498155278E-38
2173	1.099128674321449E-38
2174	1.068828083785542E-38
2175	1.0433845373862213E-38
2176	1.0008653353942664E-38
2177	9.528148139375656E-39
2178	9.148736839194012E-39
2179	8.591972325734757E-39
2180	7.880543045456406E-39
2181	7.477794073995878E-39
2182	7.235933684873554E-39
2183	6.892360722333353E-39
2184	6.714686196336655E-39
2185	6.237905453956575E-39
2186	5.847066609223695E-39
2187	5.727356759126267E-39
2188	5.5052484798628723E-39
2189	5.238432737080693E-39
2190	5.069825074449187E-39
2191	4.969539643316194E-39
2192	4.6415777416471937E-39
2193	4.468498938287773E-39
2194	4.340728446125163E-39
2195	4.11142820799991E-39
2196	3.876661178185695E-39
2197	3.6904824261233663E-39
2198	3.426154518013175E-39
2199	3.246989819534008E-39
2200	3.052262249772399E-39
2201	2.915109338302105E-39
2202	2.868949014055636E-39
2203	2.764595360365936E-39
2204	2.7308313656662662E-39
2205	2.508748171723086E-39
2206	2.4008129340312226E-39
2207	2.3187345796836835E-39
2208	2.227082255743174E-39
2209	2.1232193961878966E-39
2210	2.032515898766316E-39
2211	1.9873060383876633E-39
2212	1.926084692205702E-39
2213	1.843218482139826E-39
2214	1.7960455289547803E-39
2215	1.7433917968149134E-39
2216	1.6976426362888467E-39
2217	1.636339436366934E-39
2218	1.559328156421492E-39
2219	1.5035519139993067E-39
2220	1.4418285970845236E-39
2221	1.3565756063521255E-39
2222	1.2846048150537224E-39
2223	1.1678515388234537E-39
2224	1.0620400780295958E-39
2225	9.712029833146732E-40
2226	8.803384021220519E-40
2227	8.042532658227872E-40
2228	7.372865995486603E-40
2229	6.887124899856582E-40
2230	6.512756787980391E-40
2231	6.248249553248837E-40
2232	6.019849072750857E-40
2233	5.924984718285794E-40
2234	5.716026329467323E-40
2235	5.347808067066403E-40
2236	5.1993598623738195E-40
2237	5.093673098244846E-40
2238	4.891053763750688E-40
2239	4.842679437325424E-40
2240	4.7234790921266895E-40
2241	4.525497819726295E-40
2242	4.2359511386587206E-40
2243	4.019197939037169E-40
2244	3.851295363456385E-40
2245	3.731825003158608E-40
2246	3.557754496001765E-40
2247	3.3400953529469345E-40
2248	3.1952743816827128E-40
2249	3.1084182958070707E-40
2250	3.017868216165153E-40
2251	2.8653419752994794E-40
2252	2.6700277359857583E-40
2253	2.622470372270208E-40
2254	2.5764094232693596E-40
2255	2.4997005275406574E-40
2256	2.3871968432465408E-40
2257	2.2271682499294887E-40
2258	2.1100214859362174E-40
2259	2.014507035197442E-40
2260	1.9477625802466803E-40
2261	1.8801564215315586E-40
2262	1.8387755901647908E-40
2263	1.8041644090479134E-40
2264	1.7732028417856407E-40
2265	1.6861040750496385E-40
2266	1.6043866468041547E-40
2267	1.5662838962154017E-40
2268	1.4540069781998201E-40
2269	1.3981951161404247E-40
2270	1.3587444330560082E-40
2271	1.3111848581079891E-40
2272	1.2544876244402608E-40
2273	1.1923680690191123E-40
2274	1.1332117363372972E-40
2275	1.0717317475497345E-40
2276	1.0471245463539797E-40
2277	1.008017658600485E-40
2278	9.787908679457751E-41
2279	9.601300990267588E-41
2280	9.276589402771803E-41
2281	8.722643378673943E-41
2282	8.362932941446377E-41
2283	8.209178077884026E-41
2284	8.070989013245234E-41
2285	7.790800319809943E-41
2286	7.564716410686842E-41
2287	7.253923164464506E-41
2288	7.045497412152161E-41
2289	6.847453103391261E-41
2290	6.657386871764053E-41
2291	6.481561825674328E-41
2292	6.331470371327482E-41
2293	6.06978561293454E-41
2294	6.019642754615682E-41
2295	5.74629724857449E-41
2296	5.542787417964055E-41
2297	5.421211239152163E-41
2298	5.163313624129056E-41
2299	4.96691653140752E-41
2300	4.916449502556075E-41
2301	4.754550180491518E-41
2302	4.553650616761994E-41
2303	4.35211587957452E-41
2304	4.19631123666283E-41
2305	4.104499371351719E-41
2306	3.8931146230322523E-41
2307	3.791417531770233E-41
2308	3.7261508323549165E-41
2309	3.5627346463154607E-41
2310	3.4406418062219047E-41
2311	3.2396720007839923E-41
2312	3.1066539030853503E-41
2313	2.9908818528283443E-41
2314	2.8272390686144347E-41
2315	2.6748242609649436E-41
2316	2.466243513974348E-41
2317	2.3064415462158186E-41
2318	2.121803331689731E-41
2319	2.0388960503573246E-41
2320	1.9777835918219932E-41
2321	1.9271379218787246E-41
2322	1.863351231323435E-41
2323	1.7345855010513294E-41
2324	1.6803585861115383E-41
2325	1.6271376727241463E-41
2326	1.5366390807534174E-41
2327	1.4779302260567367E-41
2328	1.436908156191353E-41
2329	1.3522921141945996E-41
2330	1.3070711706045154E-41
2331	1.2524859429665667E-41
2332	1.2006846631051856E-41
2333	1.158482443827271E-41
2334	1.1237282840694048E-41
2335	1.0759386591825561E-41
2336	1.0276081433081648E-41
2337	9.909183630610172E-42
2338	9.336791318755906E-42
2339	8.97265074817931E-42
2340	8.441584390071902E-42
2341	7.696016457156942E-42
2342	7.000217820288891E-42
2343	6.294963356556807E-42
2344	5.5996140503172286E-42
2345	4.8364252975363917E-42
2346	4.2360446169291814E-42
2347	4.039147163643366E-42
2348	3.889271763975899E-42
2349	3.772001466991304E-42
2350	3.6700923969210516E-42
2351	3.547687445154059E-42
2352	3.3913159445810784E-42
2353	3.272844318386858E-42
2354	3.172965139109118E-42
2355	3.0681160277860927E-42
2356	2.936083192419346E-42
2357	2.8958659134353776E-42
2358	2.661450363361072E-42
2359	2.5612860331811328E-42
2360	2.499197328355339E-42
2361	2.4691788909617897E-42
2362	2.425296835371067E-42
2363	2.3419803577358606E-42
2364	2.255035924791062E-42
2365	2.2072812623569876E-42
2366	2.153507459199037E-42
2367	2.1005796678888207E-42
2368	2.051219522240176E-42
2369	1.9833961901587993E-42
2370	1.9203191671335497E-42
2371	1.892131495850647E-42
2372	1.842899158441481E-42
2373	1.7780154858911325E-42
2374	1.72902387298511E-42
2375	1.6680081007838362E-42
2376	1.6379813860753688E-42
2377	1.6184228404218048E-42
2378	1.5578211149075615E-42
2379	1.5270306006451094E-42
2380	1.4728903246378675E-42
2381	1.4433488336382556E-42
2382	1.3551336093594887E-42
2383	1.2993553180314453E-42
2384	1.247767918097602E-42
2385	1.211953947044099E-42
2386	1.1209148528823246E-42
2387	1.0841668623310846E-42
2388	1.03790482940688E-42
2389	9.945480983646958E-43
2390	9.587702833414965E-43
2391	9.061102368402987E-43
2392	8.191877559634547E-43
2393	7.910922034979908E-43
2394	7.412719582731393E-43
2395	6.791169695037694E-43
2396	6.4960339614942586E-43
2397	6.192050282146808E-43
2398	6.02349156313138E-43
2399	5.8210189828576944E-43
2400	5.578866740601939E-43
2401	5.420162637630336E-43
2402	5.180087691684032E-43
2403	5.010389775678025E-43
2404	4.7190829003456715E-43
2405	4.3416942048578165E-43
2406	4.12779873348723E-43
2407	3.87436087327191E-43
2408	3.756353894324328E-43
2409	3.4662032628517504E-43
2410	3.4401753496972915E-43
2411	3.3792202864987313E-43
2412	3.1859751984447902E-43
2413	3.0954070162762095E-43
2414	3.017679685370386E-43
2415	2.9821130916744452E-43
2416	2.8861283758576747E-43
2417	2.7801483565799297E-43
2418	2.699302247386718E-43
2419	2.5034117273904023E-43
2420	2.3903752652440566E-43
2421	2.325088890958675E-43
2422	2.2456566669538952E-43
2423	2.2028588409874477E-43
2424	2.0721918074805447E-43
2425	1.9804819808745402E-43
2426	1.861420856367009E-43
2427	1.7894729979102978E-43
2428	1.7120896019362456E-43
2429	1.6199224833843235E-43
2430	1.5818182056026865E-43
2431	1.4240785578351306E-43
2432	1.3056077476642187E-43
2433	1.2742012325368399E-43
2434	1.21770838441424E-43
2435	1.157462786753566E-43
2436	1.11817626686507E-43
2437	1.0840816700196407E-43
2438	1.049997707293032E-43
2439	1.020642263872418E-43
2440	9.511623199549384E-44
2441	9.408743782425554E-44
2442	9.06471968450018E-44
2443	8.794586228541237E-44
2444	8.433654820069528E-44
2445	8.191255775073937E-44
2446	8.019291251297831E-44
2447	7.9145485304221E-44
2448	7.711134196623635E-44
2449	7.589193074252388E-44
2450	7.376704858287435E-44
2451	7.166655225984464E-44
2452	6.8991040354100875E-44
2453	6.743478337709253E-44
2454	6.469537073632018E-44
2455	6.364009717002078E-44
2456	6.039462412035747E-44
2457	5.903128847527758E-44
2458	5.83185794444391E-44
2459	5.735843844719906E-44
2460	5.643082275868645E-44
2461	5.542058831936523E-44
2462	5.45554404894334E-44
2463	5.135496510044504E-44
2464	4.981589236310037E-44
2465	4.835326855573132E-44
2466	4.723483524576296E-44
2467	4.569235335742515E-44
2468	4.4696290181329395E-44
2469	4.3775149960977237E-44
2470	4.337282950622745E-44
2471	4.137674111999275E-44
2472	4.0294144052943786E-44
2473	3.8868792519509986E-44
2474	3.7964706635075555E-44
2475	3.772219418617053E-44
2476	3.710041744932141E-44
2477	3.60619777794389E-44
2478	3.443152033167062E-44
2479	3.39657010334227E-44
2480	3.357018090100397E-44
2481	3.2834160734235357E-44
2482	3.2566939342841725E-44
2483	3.2138285576170234E-44
2484	3.131002926227256E-44
2485	3.0794123094952884E-44
2486	3.037766929195524E-44
2487	2.971136609714692E-44
2488	2.954500177675343E-44
2489	2.8833711075586995E-44
2490	2.8236001065242835E-44
2491	2.7833601464536115E-44
2492	2.7491648654576013E-44
2493	2.650877800987451E-44
2494	2.5997540009076856E-44
2495	2.546167612487689E-44
2496	2.502822591732882E-44
2497	2.4058416532391717E-44
2498	2.2829373990707076E-44
2499	2.118498407042345E-44
2500	1.9714694890916296E-44
2501	1.7835920096680548E-44
2502	1.5546003612194184E-44
2503	1.407033744163531E-44
2504	1.1530099484660846E-44
2505	1.0201375040935895E-44
2506	8.818372605599706E-45
2507	7.976908850507046E-45
2508	7.164935014325716E-45
2509	7.039173533409052E-45
2510	6.413913028321145E-45
2511	6.239015166433686E-45
2512	5.931062447928102E-45
2513	5.825999589323871E-45
2514	5.690945360545402E-45
2515	5.622090376595895E-45
2516	5.3967784823354234E-45
2517	5.3288463289689964E-45
2518	5.238742325960855E-45
2519	5.179902329442619E-45
2520	5.0901148650502955E-45
2521	5.005620329941882E-45
2522	4.9427786786420226E-45
2523	4.758197078849854E-45
2524	4.525206809205395E-45
2525	4.320277863292103E-45
2526	4.2365262873593413E-45
2527	4.081055716088614E-45
2528	3.964550321014453E-45
2529	3.857560853600946E-45
2530	3.6390685238054135E-45
2531	3.5312688026170216E-45
2532	3.485343184470012E-45
2533	3.407347076263042E-45
2534	3.3488417551666134E-45
2535	3.237560884649156E-45
2536	3.1845175444717873E-45
2537	3.0770574865549154E-45
2538	2.995350109102125E-45
2539	2.896678833982317E-45
2540	2.779618481529198E-45
2541	2.741115989275855E-45
2542	2.6132982064370098E-45
2543	2.5306307584794014E-45
2544	2.467785936499148E-45
2545	2.2473892208465294E-45
2546	2.0745512923679153E-45
2547	1.8871209980474515E-45
2548	1.6405599275147477E-45
2549	1.3000192064982064E-45
2550	9.477036268023966E-46
2551	7.489657658581742E-46
2552	7.240151559263349E-46
2553	7.040226422556586E-46
2554	6.536715184308893E-46
2555	6.3127278335969645E-46
2556	6.067403856413896E-46
2557	5.2788722918688945E-46
2558	5.115011560972128E-46
2559	5.022987771803647E-46
2560	4.9035963586397734E-46
2561	4.806656122166553E-46
2562	4.722856864127975E-46
2563	4.523485149770378E-46
2564	4.149312417796502E-46
2565	4.031301791367806E-46
2566	3.980294681572541E-46
2567	3.8404663812006465E-46
2568	3.567381017508502E-46
2569	3.4391229002798688E-46
2570	3.3142529955559787E-46
2571	3.258595977556182E-46
2572	3.1174280662617255E-46
2573	2.953982096751971E-46
2574	2.7805500722472438E-46
2575	2.703360592152312E-46
2576	2.6326506786565582E-46
2577	2.5213672601425765E-46
2578	2.3571173188432394E-46
2579	2.196474895426383E-46
2580	2.140879284095282E-46
2581	2.0785107917466615E-46
2582	1.9890310366652655E-46
2583	1.878159192205594E-46
2584	1.8102672834509707E-46
2585	1.5079949512016321E-46
2586	1.4648653563123116E-46
2587	1.4495949812062517E-46
2588	1.4203791680067734E-46
2589	1.3037807089528459E-46
2590	1.2695647755574077E-46
2591	1.2266374812686768E-46
2592	1.1791892336517198E-46
2593	1.1292356323518177E-46
2594	1.091437797317052E-46
2595	9.99455660107978E-47
2596	9.784029243224366E-47
2597	8.936150713069405E-47
2598	8.81622210168029E-47
2599	8.488353898081224E-47
2600	8.112535300587112E-47
2601	7.581649154985902E-47
2602	6.886145224854512E-47
2603	6.7090003161413955E-47
2604	6.521594080550651E-47
2605	5.962229143561657E-47
2606	5.811630874322245E-47
2607	5.508648266198692E-47
2608	5.363749920119773E-47
2609	4.61034878824704E-47
2610	4.537912647269328E-47
2611	4.407935830748141E-47
2612	4.146487881388929E-47
2613	3.8687535926859356E-47
2614	3.7768601599292106E-47
2615	3.3908633745525656E-47
2616	3.2748981309000034E-47
2617	3.172919448424206E-47
2618	3.143476010910502E-47
2619	2.876594739692355E-47
2620	2.854184471404991E-47
2621	2.779336689470992E-47
2622	2.7096004625382214E-47
2623	2.591950003568322E-47
2624	2.2893045481784763E-47
2625	2.1277251491422432E-47
2626	2.066779237337596E-47
2627	2.0037583047549875E-47
2628	1.7685632312692273E-47
2629	1.740903861068456E-47
2630	1.7059408004377555E-47
2631	1.6584347040512036E-47
2632	1.5423263444059693E-47
2633	1.4367727440767402E-47
2634	1.3185831856567004E-47
2635	1.228029209008125E-47
2636	1.2088229504145168E-47
2637	1.1451109679389444E-47
2638	1.0672072136258632E-47
2639	1.0349737022443955E-47
2640	9.773169519381123E-48
2641	9.616584216942685E-48
2642	9.345644314904305E-48
2643	9.07201424250273E-48
2644	8.779546690456678E-48
2645	8.505852181765447E-48
2646	8.133745382478658E-48
2647	7.944184445747495E-48
2648	7.528039799733091E-48
2649	7.368077044670272E-48
2650	6.92293029049357E-48
2651	6.826294303892065E-48
2652	6.53569051659661E-48
2653	6.36749996981613E-48
2654	6.107950949337542E-48
2655	5.950972399584052E-48
2656	5.782227726964028E-48
2657	5.593871089926294E-48
2658	5.356380959372101E-48
2659	5.1691864475467734E-48
2660	5.073140813836662E-48
2661	4.96736523275776E-48
2662	4.721770870148668E-48
2663	4.663624925024126E-48
2664	4.5873729883892106E-48
2665	4.332106534856845E-48
2666	4.229336233310961E-48
2667	4.149791146656714E-48
2668	4.071230342240739E-48
2669	3.6498914762705393E-48
2670	3.605734742297439E-48
2671	3.52539465421639E-48
2672	3.45080949516664E-48
2673	3.289880086865259E-48
2674	3.204189927247652E-48
2675	3.053347032301714E-48
2676	2.904478045330613E-48
2677	2.847829599223902E-48
2678	2.816951853034806E-48
2679	2.6844020087099396E-48
2680	2.6608266269029493E-48
2681	2.5920744965583435E-48
2682	2.454939208923816E-48
2683	2.4303266438588932E-48
2684	2.4087746914284124E-48
2685	2.3541451609648762E-48
2686	2.2560887249774235E-48
2687	2.1941163905353083E-48
2688	2.131407667288512E-48
2689	2.0352936181128913E-48
2690	1.9897164029776452E-48
2691	1.924937793707478E-48
2692	1.8895176699225167E-48
2693	1.8579927284561765E-48
2694	1.8167546346451667E-48
2695	1.6882697048187194E-48
2696	1.6431004820436308E-48
2697	1.5747059307262012E-48
2698	1.4978627072588092E-48
2699	1.4761655474326245E-48
2700	1.41374616871647E-48
2701	1.375484049420002E-48
2702	1.3236515901416708E-48
2703	1.3025811919442963E-48
2704	1.2731908565646343E-48
2705	1.2628593723047482E-48
2706	1.2216133697882961E-48
2707	1.2047360918432292E-48
2708	1.1875629396283234E-48
2709	1.1745430032977623E-48
2710	1.1520987778380523E-48
2711	1.1409149202823213E-48
2712	1.1268358828647829E-48
2713	1.1009003981059508E-48
2714	1.0958571435785275E-48
2715	1.0836368921765087E-48
2716	1.0617629950959772E-48
2717	1.0491524652419011E-48
2718	1.0433985607220788E-48
2719	1.0293254437871926E-48
2720	1.0099056921296779E-48
2721	9.896536363713928E-49
2722	9.823986721076027E-49
2723	9.723232588419513E-49
2724	9.583304155517044E-49
2725	9.538497868614188E-49
2726	9.390256785155641E-49
2727	9.296042103217573E-49
2728	9.203030683390044E-49
2729	9.12308442284268E-49
2730	9.0812967519977E-49
2731	8.993748779279533E-49
2732	8.924445546935726E-49
2733	8.770849618362786E-49
2734	8.609456178214026E-49
2735	8.552960079793927E-49
2736	8.499491173741409E-49
2737	8.432076245752683E-49
2738	8.390812411262537E-49
2739	8.27160111835126E-49
2740	8.224384569440049E-49
2741	8.131060844860144E-49
2742	8.085855860869519E-49
2743	7.969415403031118E-49
2744	7.931451805775101E-49
2745	7.859944868968814E-49
2746	7.786497815167005E-49
2747	7.759152796458812E-49
2748	7.712029533862116E-49
2749	7.688276115071451E-49
2750	7.666157356177821E-49
2751	7.548414879932203E-49
2752	7.460241561135612E-49
2753	7.370405781995014E-49
2754	7.283831803532717E-49
2755	7.194530897694243E-49
2756	7.149087220695126E-49
2757	7.11561785593081E-49
2758	7.064620127951553E-49
2759	7.053124536470394E-49
2760	7.036195445727007E-49
2761	6.996289311377603E-49
2762	6.987714071823998E-49
2763	6.979416160857087E-49
2764	6.966934468795059E-49
2765	6.94791579105387E-49
2766	6.900665490787911E-49
2767	6.880253746838038E-49
2768	6.868094824682692E-49
2769	6.843095551093534E-49
2770	6.824872887955701E-49
2771	6.815541513821701E-49
2772	6.796051704865907E-49
2773	6.7860700057454396E-49
2774	6.772587963911355E-49
2775	6.755181761294761E-49
2776	6.736523289573454E-49
2777	6.726605181414521E-49
2778	6.7009165582877554E-49
2779	6.66827901099433E-49
2780	6.64673965828431E-49
2781	6.614020418505138E-49
2782	6.5753337530103954E-49
2783	6.507551332486905E-49
2784	6.470460207111475E-49
2785	6.353217829971735E-49
2786	6.2598656623046985E-49
2787	6.1428234202122286E-49
2788	5.908296869594072E-49
2789	5.6932502334043125E-49
2790	5.391822188161498E-49
2791	5.051651797064668E-49
2792	4.671465498744452E-49
2793	4.166942048831149E-49
2794	3.6317231047311055E-49
2795	2.4145373169556902E-49
2796	1.458987783671191E-49
2797	5.358295407519601E-50
2798	2.9841041151159303E-50
2799	2.1494835570723413E-50
2800	1.6859982818720277E-50
2801	1.4401363731525298E-50
2802	1.0478263124093242E-50
2803	9.763192355423425E-51
2804	7.640745209587875E-51
2805	7.297929119030764E-51
2806	7.013891459915807E-51
2807	6.383108434327455E-51
2808	5.949590211732934E-51
2809	5.69663130665234E-51
2810	5.354462024275593E-51
2811	5.152981320611741E-51
2812	5.055922329309305E-51
2813	4.833181133383763E-51
2814	4.6612913098045995E-51
2815	4.1976135055164864E-51
2816	4.107632782064724E-51
2817	3.900742442965488E-51
2818	3.7271052152768625E-51
2819	3.647745749009735E-51
2820	3.5766136637586126E-51
2821	3.427233849181577E-51
2822	3.3437151805805554E-51
2823	3.1769177570368026E-51
2824	3.0015053996579444E-51
2825	2.869884949752434E-51
2826	2.736089281161442E-51
2827	2.6163495938316173E-51
2828	2.5051862771673618E-51
2829	2.3965458716510625E-51
2830	2.2711580392310995E-51
2831	2.2030718519001575E-51
2832	2.1385941151553544E-51
2833	2.0397057242930218E-51
2834	1.881638540498264E-51
2835	1.8339827183210866E-51
2836	1.773929288644823E-51
2837	1.722178639261528E-51
2838	1.6253096539031602E-51
2839	1.5018998200539632E-51
2840	1.4383011279690377E-51
2841	1.3736471817318825E-51
2842	1.2786206766686223E-51
2843	1.2032888266001287E-51
2844	1.0939613903841387E-51
2845	1.0419327672941593E-51
2846	1.0225551980386623E-51
2847	9.623779927578632E-52
2848	8.98935295057235E-52
2849	8.767734727162777E-52
2850	8.485191553994078E-52
2851	8.203864294745689E-52
2852	7.623611520175179E-52
2853	7.14234039194438E-52
2854	6.724614992628806E-52
2855	6.1771022454187254E-52
2856	5.778701629911331E-52
2857	5.260280140263663E-52
2858	4.8090709299668795E-52
2859	4.474209886955005E-52
2860	4.2492461322354534E-52
2861	4.084622226581617E-52
2862	3.815860840968242E-52
2863	3.5849578552313225E-52
2864	3.4395480209777674E-52
2865	3.358610387286568E-52
2866	3.273157490731562E-52
2867	3.2062862209085017E-52
2868	3.107660772668432E-52
2869	2.9895831154737647E-52
2870	2.775074430655077E-52
2871	2.574338196884492E-52
2872	2.4644902763346316E-52
2873	2.3841476960278692E-52
2874	2.2970048102864398E-52
2875	2.199598712259069E-52
2876	2.155077162168899E-52
2877	2.1003463913877944E-52
2878	1.9796448410297835E-52
2879	1.9381710455330536E-52
2880	1.861801680677806E-52
2881	1.7736822071756943E-52
2882	1.7397045000744983E-52
2883	1.67158445000333E-52
2884	1.6435460901161842E-52
2885	1.6032294990347039E-52
2886	1.5100142510404274E-52
2887	1.423358018348694E-52
2888	1.3960882400330185E-52
2889	1.3500658727977519E-52
2890	1.2856526023412192E-52
2891	1.2327600240241644E-52
2892	1.1960251372442113E-52
2893	1.1477601857985032E-52
2894	1.0898672906598452E-52
2895	1.0457016989636432E-52
2896	9.966396636431143E-53
2897	9.667222592210456E-53
2898	9.40141967870406E-53
2899	9.085582068521753E-53
2900	8.623674336072554E-53
2901	8.328979233705872E-53
2902	7.813667626083104E-53
2903	7.364899008851364E-53
2904	7.132788918893516E-53
2905	6.818557012312537E-53
2906	6.690713640205646E-53
2907	6.268656254087506E-53
2908	6.001512619572913E-53
2909	5.2593451054080115E-53
2910	5.210692457333693E-53
2911	5.07065266372519E-53
2912	4.957182601851735E-53
2913	4.819691640450344E-53
2914	4.534533447392712E-53
2915	4.340741995022756E-53
2916	4.219868332309143E-53
2917	4.1179505719101335E-53
2918	3.987640533218399E-53
2919	3.8942940094756977E-53
2920	3.816245055576802E-53
2921	3.6875152391837584E-53
2922	3.570558462281522E-53
2923	3.471639325077483E-53
2924	3.346095471520244E-53
2925	3.3089655599987843E-53
2926	3.211421299034399E-53
2927	2.947126914144826E-53
2928	2.76429606235999E-53
2929	2.737740840214827E-53
2930	2.6946305904027057E-53
2931	2.4960527990726285E-53
2932	2.4640110006833048E-53
2933	2.396086905715697E-53
2934	2.3406666461281525E-53
2935	2.283078471593523E-53
2936	2.2407014704352043E-53
2937	2.0985480453099727E-53
2938	2.0231132619057728E-53
2939	1.9753406113445432E-53
2940	1.9576173491139845E-53
2941	1.9192313824278366E-53
2942	1.8769517074875736E-53
2943	1.841025364024014E-53
2944	1.7925506065088974E-53
2945	1.7609499038389416E-53
2946	1.6992396160658298E-53
2947	1.6707230908949155E-53
2948	1.6080069871735404E-53
2949	1.533299884948539E-53
2950	1.499709798117635E-53
2951	1.464374108180842E-53
2952	1.4381618314262013E-53
2953	1.4045357102770927E-53
2954	1.3584409890766408E-53
2955	1.3314134457045017E-53
2956	1.2999139945854722E-53
2957	1.2587046479072425E-53
2958	1.1858587446247066E-53
2959	1.1722366860423444E-53
2960	1.1356796799099503E-53
2961	1.0835051201876815E-53
2962	1.0755786852873205E-53
2963	1.0451512639493157E-53
2964	9.94568023209031E-54
2965	9.827688216540291E-54
2966	9.211873138044199E-54
2967	8.401176143027272E-54
2968	7.707994163113526E-54
2969	7.084626258911408E-54
2970	6.400190685890603E-54
2971	5.715012866396374E-54
2972	4.9682154823756806E-54
2973	4.530062659207033E-54
2974	4.2586480292474196E-54
2975	3.7360754035759555E-54
2976	3.6107952785629395E-54
2977	3.5617311292596844E-54
2978	3.2821503103071205E-54
2979	3.1899763357564454E-54
2980	2.8850649347092195E-54
2981	2.8179656117993367E-54
2982	2.645890471577052E-54
2983	2.5306650803996476E-54
2984	2.3989859142888884E-54
2985	2.242226998983959E-54
2986	2.1951135406497387E-54
2987	2.0737550391886666E-54
2988	1.919606265954281E-54
2989	1.8865490322850913E-54
2990	1.8420811249609832E-54
2991	1.7310428683028152E-54
2992	1.5821331811073815E-54
2993	1.5458029129248405E-54
2994	1.4979904396317012E-54
2995	1.3798419118112796E-54
2996	1.2980040634498195E-54
2997	1.2658083865871987E-54
2998	1.2228066362547827E-54
2999	1.1475969620261936E-54
3000	1.1303324574323755E-54
