1	20.265607636208326
2	20.098836062020656
3	19.829019196889327
4	19.632303685515964
5	19.48520353006342
6	19.36249330825615
7	19.203326721974694
8	18.99771031906066
9	18.834858434733665
10	18.591359424869367
11	18.420694461498147
12	18.21153975811938
13	18.043638543220236
14	17.74122824237381
15	17.559153647137837
16	17.336188069543557
17	17.124621772251384
18	16.88933931771962
19	16.692606317643783
20	16.534472092305325
21	16.271082733645805
22	15.961107322804109
23	15.851426570483618
24	15.663765012634025
25	15.481995325126467
26	15.221070925599426
27	14.949372415205394
28	14.727198541896552
29	14.45448358522643
30	14.284121375672642
31	14.019055469944753
32	13.881865658226422
33	13.6844328437013
34	13.48907948805237
35	13.247817188652679
36	13.018571296151041
37	12.784922529190434
38	12.54449846135492
39	12.300841639150084
40	12.177201075597377
41	11.924854290986731
42	11.642998694901538
43	11.416994168610916
44	11.185381791310682
45	11.064746416522194
46	10.861400263354746
47	10.569205996255631
48	10.401198715584806
49	10.184509025074071
50	10.068663805770841
51	9.977476523808074
52	9.781659260965808
53	9.546927593208787
54	9.324308189781211
55	9.192435878642573
56	9.064360310098484
57	8.958831735825923
58	8.731733233247043
59	8.574095379684389
60	8.388700391466937
61	8.2119200681767
62	8.096135051396363
63	7.987707412158356
64	7.884210059621665
65	7.6786719330727395
66	7.46054300620556
67	7.344297017273201
68	7.23999812164419
69	7.1311320454886875
70	6.956389650472951
71	6.866709957312721
72	6.77751899448134
73	6.656437142959614
74	6.570758851625077
75	6.465616612585361
76	6.349538955982364
77	6.268089399705548
78	6.135514097086049
79	6.055615619540622
80	5.976062973171153
81	5.898492410509781
82	5.816826283715831
83	5.706781587595409
84	5.5691577797383305
85	5.43424429843818
86	5.369056008569016
87	5.30956636092426
88	5.246969520173133
89	5.1179746690717876
90	5.04546817120274
91	4.999252089012773
92	4.902294789140293
93	4.825318354525381
94	4.757849485408527
95	4.668031181879459
96	4.611119157855017
97	4.538989949530163
98	4.44523263536698
99	4.400330854763263
100	4.347594543117203
101	4.288980583531017
102	4.22500814064693
103	4.152249174320601
104	4.11520005335509
105	4.066818151516391
106	3.9981129526690045
107	3.9479050920033836
108	3.888579619251097
109	3.8200485865234493
110	3.7739446194707913
111	3.738214408149379
112	3.702125805372521
113	3.678693947037171
114	3.638040182888774
115	3.576195037102301
116	3.548345978906815
117	3.504383170934056
118	3.4766447385976735
119	3.4405183924881695
120	3.4083518423978174
121	3.3563886763236175
122	3.300202587012301
123	3.2700322499340766
124	3.233105588912112
125	3.1928669148759634
126	3.163599128846672
127	3.1363457127772763
128	3.0891664603943547
129	3.0416181782202796
130	3.0003509930511076
131	2.9596802521162715
132	2.923078584472674
133	2.8791987461762623
134	2.839713619389458
135	2.785055814038089
136	2.7508528327841932
137	2.7320686435063175
138	2.6996268473233274
139	2.635487124751675
140	2.5946497642259074
141	2.540753192253184
142	2.4958148369642026
143	2.4476017266231165
144	2.425323489936878
145	2.3960922045842468
146	2.3522086200095402
147	2.31941778794148
148	2.277358047525129
149	2.215741268922187
150	2.1682055209142765
151	2.1207494655235255
152	2.0803155285769295
153	2.0298252519421665
154	2.0065810149251915
155	1.9589278980231206
156	1.9250557321021047
157	1.884034249061357
158	1.8557991417431305
159	1.8159472860412993
160	1.7971427990318334
161	1.7562746974835517
162	1.697808224782526
163	1.6623499562451896
164	1.6246918918871094
165	1.6010272589957395
166	1.5774092731206584
167	1.5371403534133896
168	1.5109820079487326
169	1.4987210383339293
170	1.4822769221926424
171	1.4438203746483045
172	1.412863874842544
173	1.3662719536971122
174	1.3385641668432804
175	1.3100812578036105
176	1.2824851669488198
177	1.257876396242988
178	1.2431825520923545
179	1.2153143831540234
180	1.1925920305171178
181	1.181068231533912
182	1.1665032271168783
183	1.1521213846771867
184	1.1320001359370437
185	1.1078131346623152
186	1.0738179341051002
187	1.068515929796149
188	1.0602311891046754
189	1.0431713680400987
190	1.0235274804511647
191	1.0066856574430383
192	0.9896660157139154
193	0.9646998959262253
194	0.9557407144685394
195	0.9471935188341977
196	0.9399494240623976
197	0.9239416294768006
198	0.9112290728459059
199	0.8979571307539848
200	0.8786881852552054
201	0.8646932849877805
202	0.8581810760938802
203	0.8445578503285925
204	0.8327117294278981
205	0.8228087977081266
206	0.8199401471819131
207	0.8168070638912569
208	0.8047055491594765
209	0.7953896679337445
210	0.7796938813588364
211	0.7699104012088553
212	0.7652385166923945
213	0.7577476657798653
214	0.7536892551644127
215	0.7452874205328864
216	0.7391449637686147
217	0.7347297992377638
218	0.7286826700012108
219	0.7216219849007736
220	0.7140807388135983
221	0.7099207129008835
222	0.7035731181674948
223	0.6986811809219204
224	0.6957031211070016
225	0.6894039614388704
226	0.6807352098737721
227	0.6768212570789377
228	0.6690823938247343
229	0.6643572948358377
230	0.6621289980497197
231	0.6590739569344056
232	0.655968458150612
233	0.6508092161498095
234	0.6481843360524571
235	0.6451819029927288
236	0.6427532045602871
237	0.6406307608306466
238	0.637077041320359
239	0.6331567188092281
240	0.6290746260166381
241	0.6214268478284407
242	0.6137727312500647
243	0.6066427149422574
244	0.6048675126958883
245	0.6035381368848781
246	0.6011254002946055
247	0.5984094836879864
248	0.5967053114829711
249	0.5916737218609605
250	0.5884098929955682
251	0.5850296708522672
252	0.5832519164939071
253	0.5801879965145262
254	0.5780839089693119
255	0.5769017185897779
256	0.5740491941556147
257	0.5707611150502502
258	0.5622150741793457
259	0.5531728809292452
260	0.5497144264095497
261	0.5432979463997788
262	0.5391297130856677
263	0.5348118456613442
264	0.5328388364021318
265	0.5309407475178215
266	0.5279209157144816
267	0.5263813271208393
268	0.5249677775443997
269	0.5239523982744386
270	0.5232215256560585
271	0.5223285593516291
272	0.5209261886835738
273	0.5203487152665068
274	0.5194545160390819
275	0.5187190647729959
276	0.5181533111374869
277	0.5174361435640503
278	0.5162926311469225
279	0.5153677571680625
280	0.5140877952605717
281	0.5128296263156995
282	0.5121645770855107
283	0.5115179484684055
284	0.5109914056951946
285	0.5103180019636165
286	0.5095591808220924
287	0.5091604859691164
288	0.5084968921237614
289	0.5078592006200756
290	0.5075977934293663
291	0.5068158430070947
292	0.5063546253079079
293	0.5058434533593062
294	0.505237195614584
295	0.5044670989025959
296	0.5040784062095007
297	0.5038246004935545
298	0.5031327586747998
299	0.5027823760893751
300	0.5023788228950009
301	0.501752066267945
302	0.5016528640605704
303	0.5014810021778515
304	0.5011111560325686
305	0.5003992520116544
306	0.5001844629860653
307	0.5000314827594443
308	0.4998122539620447
309	0.49949305456048737
310	0.4990649807569391
311	0.49864036601343625
312	0.49833562556531874
313	0.497946223904411
314	0.4978310330483517
315	0.4975184170981002
316	0.4973563914159897
317	0.49711462125156447
318	0.4970060617639682
319	0.4966779824027162
320	0.4964713937986522
321	0.4962670833255574
322	0.49595206201050596
323	0.49580651573814344
324	0.4956528745183373
325	0.4954719748214544
326	0.4952981029774355
327	0.495149842259121
328	0.49487238056690824
329	0.49458081871807885
330	0.49441425783511284
331	0.4941020952010348
332	0.49391001817422897
333	0.4936515322898716
334	0.4935000215113404
335	0.49330139642228804
336	0.49315781228072114
337	0.4929944711591168
338	0.4927198097062549
339	0.4925848513425961
340	0.49234915769522486
341	0.49198145405323246
342	0.49187841799995075
343	0.49172601361264434
344	0.49149889544102743
345	0.4912495017822023
346	0.4910426930211754
347	0.490873757772933
348	0.4906850091389815
349	0.4905447799564382
350	0.4903861923589437
351	0.4902943237576755
352	0.49023011570453856
353	0.490102098511648
354	0.4899938041192801
355	0.48980717653045036
356	0.48972230496633556
357	0.48961341252966056
358	0.4893872717944088
359	0.48925777819804794
360	0.48911821039930214
361	0.4890298186115591
362	0.48895149740604305
363	0.48881007599681947
364	0.4887300212581275
365	0.4885463031020756
366	0.4884506355262273
367	0.4883002631908015
368	0.48819986830248807
369	0.48809415510788384
370	0.48794715622849794
371	0.48780798982042073
372	0.48770675099456035
373	0.4875506520490073
374	0.48747341879751
375	0.4873816520843272
376	0.487224789424906
377	0.4870700396221698
378	0.4868938816447613
379	0.4868421039908001
380	0.486782737069718
381	0.48671722861630207
382	0.4866985406121231
383	0.48663976945260057
384	0.4866196924992799
385	0.48655925949570306
386	0.48646217523173446
387	0.48642165710260205
388	0.48637104290398525
389	0.48634521371739325
390	0.4862953564734516
391	0.48623888469602916
392	0.48618274326769806
393	0.48610956188300686
394	0.4860426633328502
395	0.4860018168756582
396	0.48594592994727187
397	0.48588258293938513
398	0.48583421575146307
399	0.4857960356751392
400	0.48576623495446264
401	0.4857298528582378
402	0.4856890527160756
403	0.4856229807438282
404	0.4855988450668558
405	0.48555326155844636
406	0.48550097125947306
407	0.4854856077625343
408	0.4854450787067059
409	0.4854180310996941
410	0.4853816840743841
411	0.4853521242491474
412	0.485316244750693
413	0.48527247826995124
414	0.4852350896582997
415	0.4852125038142384
416	0.48518839148499976
417	0.48517003986526264
418	0.4851367863227717
419	0.4850969709713267
420	0.4850788329827423
421	0.48502963715368
422	0.4849930390668834
423	0.4849468447419121
424	0.4849111094338879
425	0.48486237479037697
426	0.48482832577903273
427	0.4847788168807306
428	0.48473501430023924
429	0.48470733858844217
430	0.4846873506764095
431	0.4846710134289961
432	0.48465850229244717
433	0.4846251133404555
434	0.48461299740189856
435	0.4845964962317467
436	0.48458654885914343
437	0.484566269322706
438	0.4845500647322211
439	0.48452820231152327
440	0.4845041418763941
441	0.4844912748859849
442	0.4844743138789126
443	0.4844640666370169
444	0.4844561270538829
445	0.4844346857269432
446	0.4844231067054332
447	0.4844054893075157
448	0.4843829569350342
449	0.4843641445027747
450	0.48435084361549163
451	0.4843258258039333
452	0.48430950150008106
453	0.48429448052740987
454	0.48427104563795836
455	0.48424379529892103
456	0.48422787300063774
457	0.48421617859485633
458	0.48420295650247996
459	0.48419258726808656
460	0.4841815715942122
461	0.4841659033786406
462	0.48415424200093243
463	0.48414218344482907
464	0.484130361900681
465	0.484118840757338
466	0.4841069341154333
467	0.4840954492890275
468	0.4840825978765776
469	0.4840713544397276
470	0.48404995590915983
471	0.4840339734233891
472	0.4840108544911203
473	0.4839986711248977
474	0.4839836617159699
475	0.4839592435727267
476	0.4839360451105616
477	0.4839209410707325
478	0.483899297997645
479	0.4838786765980346
480	0.4838709099154599
481	0.48385802139763595
482	0.48385062879710455
483	0.4838423406898986
484	0.4838349919504901
485	0.4838288414547647
486	0.4838232149393311
487	0.48381523631979145
488	0.4838121948589237
489	0.48380013729381516
490	0.4837882411407167
491	0.4837795535792363
492	0.48376911782311266
493	0.4837611740753631
494	0.4837508639094338
495	0.4837432819383461
496	0.48372491475773144
497	0.48371235261740375
498	0.4836960060929385
499	0.4836752175715621
500	0.4836568037979901
501	0.4836474702929642
502	0.4836386999540234
503	0.48363123858925244
504	0.4836264208474156
505	0.4836210168932788
506	0.4836094278001452
507	0.48360058417120305
508	0.4835960756696846
509	0.4835860369064538
510	0.48356856608216703
511	0.4835600992614807
512	0.48355679377126515
513	0.48355203990174844
514	0.48354412780319206
515	0.483537208166786
516	0.48353264147247726
517	0.4835276270184382
518	0.4835243188518267
519	0.483522383442434
520	0.483519198596079
521	0.48351371817633443
522	0.48351057281137105
523	0.4835059465255895
524	0.4835003949058473
525	0.4834946146835636
526	0.48348805641610354
527	0.48348440967609374
528	0.48348190041553846
529	0.48347721684793593
530	0.4834747981001722
531	0.4834714846907316
532	0.4834690449775427
533	0.48346498998133897
534	0.4834608743295345
535	0.48345726814273127
536	0.4834551582552239
537	0.48345296469141125
538	0.4834513334489551
539	0.4834490433554866
540	0.48344508545752585
541	0.4834428815677869
542	0.4834403604809203
543	0.48343805675779683
544	0.4834359098761902
545	0.48343442912447254
546	0.4834326942757512
547	0.4834296187087011
548	0.48342672208012993
549	0.48342608110385926
550	0.48342315947102127
551	0.4834218548960071
552	0.4834205793152797
553	0.4834186499806921
554	0.48341681507567047
555	0.48341503382601403
556	0.4834126365509511
557	0.4834102265476968
558	0.483408612440429
559	0.48340605073116377
560	0.483404290422789
561	0.4834017412585648
562	0.4833996072491764
563	0.483398253111475
564	0.48339700963179333
565	0.4833950219483431
566	0.4833925415522397
567	0.4833900219421103
568	0.48338962325158824
569	0.483387789666868
570	0.48338721425343956
571	0.4833865856715585
572	0.4833850665262097
573	0.4833833285069012
574	0.48338207698571556
575	0.4833814719103056
576	0.48338006113112475
577	0.48337784264468536
578	0.48337704052607655
579	0.48337613155727127
580	0.4833748526920982
581	0.4833734856589483
582	0.4833730272416735
583	0.48337169403709607
584	0.4833709878655836
585	0.48336980428065585
586	0.48336936370458006
587	0.48336839640052276
588	0.4833668495627454
589	0.48336644021533004
590	0.4833655781831662
591	0.4833651604672728
592	0.48336450639030765
593	0.48336391072417734
594	0.48336305564250454
595	0.4833619295738691
596	0.48336107822587554
597	0.48336002460272237
598	0.4833593755787217
599	0.4833588647937511
600	0.48335854750719215
601	0.48335806797776404
602	0.4833576102489989
603	0.4833570943269684
604	0.48335675106894527
605	0.48335626455856723
606	0.48335588059144613
607	0.4833552739270184
608	0.4833548623980572
609	0.48335449211591414
610	0.48335417564930366
611	0.4833537186399618
612	0.4833534899478583
613	0.4833531307255742
614	0.4833529609987818
615	0.48335257882131794
616	0.4833519737069303
617	0.4833515675456923
618	0.4833513455177007
619	0.48335083713954
620	0.4833506380528416
621	0.48335023208008804
622	0.483349916133932
623	0.4833494471059578
624	0.4833490378320112
625	0.4833488244266228
626	0.48334852499484665
627	0.4833482109643076
628	0.48334777754173747
629	0.4833474747957724
630	0.4833472330586606
631	0.4833468362808494
632	0.4833465106110744
633	0.4833461229003354
634	0.4833457171860119
635	0.4833452881270354
636	0.4833447306445402
637	0.48334417475316155
638	0.48334340375579754
639	0.4833425265973737
640	0.4833411153656264
641	0.48333998299890485
642	0.48333710957472714
643	0.48333604362935145
644	0.48333338457414377
645	0.4833311518910566
646	0.48333033730844505
647	0.48333000106406054
648	0.4833298165285153
649	0.4833294329350208
650	0.4833290496270131
651	0.48332874351106075
652	0.4833284922641775
653	0.4833282959414892
654	0.48332787408323
655	0.48332772254333367
656	0.4833275778648661
657	0.4833271775599258
658	0.4833268124719432
659	0.48332655437117544
660	0.48332585170770825
661	0.4833257603327659
662	0.4833256570238796
663	0.4833252307456329
664	0.4833249572208649
665	0.483324755834074
666	0.48332463224126576
667	0.48332452660515596
668	0.4833243712031914
669	0.4833240267643664
670	0.48332393604805957
671	0.4833237796817623
672	0.4833235904928058
673	0.48332343075753853
674	0.4833232700772199
675	0.4833230479846357
676	0.4833228811410626
677	0.4833226896293653
678	0.4833225273986112
679	0.48332240543501537
680	0.4833222750204277
681	0.48332219848906294
682	0.4833220815382367
683	0.48332200103141093
684	0.4833219242194707
685	0.48332182143257
686	0.48332175164169755
687	0.48332164386359583
688	0.4833214950920582
689	0.4833213870119714
690	0.4833213643513265
691	0.4833212899096874
692	0.48332115267698944
693	0.4833210653007573
694	0.483320974882471
695	0.4833208918086571
696	0.48332083805019466
697	0.48332073848190327
698	0.48332064519173007
699	0.4833205582300364
700	0.48332048628439866
701	0.48332038695768426
702	0.48332029925911846
703	0.48332016902962177
704	0.4833201191000648
705	0.48332000633614486
706	0.48331994677841106
707	0.4833199027428484
708	0.4833198519789269
709	0.4833197683568474
710	0.4833197160947058
711	0.483319656497872
712	0.48331957588416774
713	0.4833195414689883
714	0.4833194670646213
715	0.4833194254262265
716	0.4833193456779605
717	0.48331930455592287
718	0.48331927127108965
719	0.48331918569467897
720	0.4833191147327718
721	0.48331907274685626
722	0.48331900119884774
723	0.48331896881152503
724	0.483318939056165
725	0.4833188917365706
726	0.48331883831854433
727	0.4833187912086067
728	0.4833187116366044
729	0.4833186783647776
730	0.48331858825949475
731	0.48331852389155333
732	0.48331848516730086
733	0.48331842305794914
734	0.48331835947498825
735	0.4833183193217312
736	0.4833182625612516
737	0.4833182191306621
738	0.483318164250627
739	0.4833181423301572
740	0.48331811963336424
741	0.4833180632908922
742	0.4833180125489307
743	0.4833179783692711
744	0.48331793061229805
745	0.48331790951402576
746	0.4833178946093172
747	0.4833178706628231
748	0.4833178314798228
749	0.48331782468631457
750	0.4833177846601407
751	0.4833177332721833
752	0.48331770093032966
753	0.4833176647619308
754	0.4833176383751999
755	0.48331762161199127
756	0.48331760603426344
757	0.483317570329315
758	0.48331754221467843
759	0.48331753029313773
760	0.4833175075622193
761	0.48331748705137756
762	0.48331746600564174
763	0.4833174519270486
764	0.4833174348869981
765	0.48331741685072693
766	0.4833173957511746
767	0.4833173844945593
768	0.4833173716562144
769	0.4833173522547872
770	0.48331733028288404
771	0.4833173190521023
772	0.48331729859747025
773	0.48331727909903766
774	0.4833172618698334
775	0.48331724073208715
776	0.48331722909553837
777	0.4833172183677799
778	0.483317188921489
779	0.4833171771381466
780	0.4833171593178821
781	0.48331714543362825
782	0.4833171392613086
783	0.48331713577324764
784	0.4833171279356696
785	0.4833171197323996
786	0.4833171120920136
787	0.48331710312221554
788	0.48331709660470273
789	0.48331708687414754
790	0.4833170779812447
791	0.48331707160972254
792	0.4833170603057368
793	0.48331704360340805
794	0.4833170357683487
795	0.48331703098688233
796	0.4833170219293362
797	0.48331701504640756
798	0.4833170109641
799	0.4833170018631136
800	0.4833169957755732
801	0.48331698892019553
802	0.48331698389576366
803	0.4833169784882695
804	0.4833169691558364
805	0.48331696482745584
806	0.48331696010031927
807	0.48331694670770864
808	0.4833169443587407
809	0.48331693979516943
810	0.48331693482283994
811	0.4833169304165423
812	0.48331692500441975
813	0.48331692083324146
814	0.48331691375139574
815	0.4833169082433116
816	0.48331690575603586
817	0.48331690023608315
818	0.4833168963535676
819	0.48331689124146343
820	0.48331688830046476
821	0.4833168807044714
822	0.4833168735441168
823	0.48331687010704527
824	0.48331686598787826
825	0.4833168620425336
826	0.48331685965512633
827	0.48331685578929257
828	0.4833168498188079
829	0.48331684549730064
830	0.4833168415810845
831	0.4833168378759919
832	0.483316834978624
833	0.48331683205131365
834	0.4833168289875172
835	0.4833168255483113
836	0.48331682402998793
837	0.48331681664503107
838	0.48331681552061695
839	0.48331681319794406
840	0.48331681066949966
841	0.48331680870137844
842	0.4833168048905136
843	0.48331680223373685
844	0.48331679949203965
845	0.4833167965970169
846	0.4833167928767587
847	0.48331679089086604
848	0.4833167863880987
849	0.4833167839007773
850	0.4833167807515891
851	0.4833167783719606
852	0.48331677515997296
853	0.48331677234802173
854	0.4833167703657406
855	0.4833167686033197
856	0.48331676668954776
857	0.48331676402085894
858	0.48331676094757353
859	0.48331675736378743
860	0.4833167562388923
861	0.48331675438686383
862	0.4833167529688903
863	0.4833167515115011
864	0.48331674949072373
865	0.4833167469019971
866	0.4833167453049635
867	0.48331674418386794
868	0.48331674266457186
869	0.4833167413121641
870	0.4833167403787451
871	0.4833167386817237
872	0.4833167370914176
873	0.4833167360523514
874	0.4833167343460766
875	0.4833167332680942
876	0.4833167324557141
877	0.4833167320392506
878	0.48331673102362377
879	0.4833167301644499
880	0.4833167293142958
881	0.48331672807376475
882	0.4833167265625051
883	0.4833167260820675
884	0.4833167255598471
885	0.483316724186222
886	0.4833167230337374
887	0.4833167219513196
888	0.48331672160915584
889	0.48331672032249295
890	0.4833167193088776
891	0.48331671821261296
892	0.48331671704267387
893	0.4833167161108594
894	0.4833167150698489
895	0.483316713999631
896	0.48331671290092987
897	0.48331671206372545
898	0.4833167116959155
899	0.48331671111624924
900	0.483316710726192
901	0.48331671025902645
902	0.4833167095775898
903	0.4833167089370765
904	0.4833167082663872
905	0.48331670794714626
906	0.4833167071744656
907	0.48331670676125044
908	0.4833167062711507
909	0.4833167058014167
910	0.48331670516848857
911	0.4833167048288283
912	0.48331670448623265
913	0.483316704082825
914	0.48331670363451396
915	0.4833167032116346
916	0.48331670258404047
917	0.48331670220455275
918	0.483316701967027
919	0.4833167015780762
920	0.48331670113931635
921	0.4833167007442131
922	0.48331670022095774
923	0.4833166997579116
924	0.4833166994407697
925	0.4833166991450736
926	0.48331669865342025
927	0.48331669818584183
928	0.48331669775489755
929	0.4833166974056677
930	0.48331669712028946
931	0.4833166968236389
932	0.4833166963682755
933	0.48331669603092653
934	0.4833166957594401
935	0.483316695455026
936	0.4833166950732796
937	0.48331669451238785
938	0.4833166942573775
939	0.48331669388873305
940	0.48331669354961443
941	0.4833166931597807
942	0.48331669305280694
943	0.483316692753258
944	0.4833166924612824
945	0.48331669221952556
946	0.4833166918952959
947	0.48331669153687673
948	0.4833166911803285
949	0.48331669063513855
950	0.48331669026025487
951	0.48331668988904697
952	0.4833166896623552
953	0.4833166895499336
954	0.48331668933949273
955	0.48331668913081594
956	0.48331668889151674
957	0.48331668871555783
958	0.4833166885148691
959	0.48331668816874557
960	0.4833166879003705
961	0.48331668761168756
962	0.4833166873091639
963	0.4833166868947275
964	0.48331668633663366
965	0.48331668607595624
966	0.4833166859481611
967	0.4833166857914124
968	0.483316685620623
969	0.4833166854179527
970	0.48331668527477656
971	0.4833166850561362
972	0.48331668496067226
973	0.48331668478176765
974	0.48331668468443884
975	0.4833166845804991
976	0.48331668443259035
977	0.4833166842796708
978	0.4833166841459553
979	0.4833166840519815
980	0.4833166839344883
981	0.48331668383856824
982	0.48331668370271197
983	0.4833166835911717
984	0.4833166835078821
985	0.4833166833090024
986	0.48331668324676336
987	0.48331668313085724
988	0.48331668300538344
989	0.4833166829519155
990	0.4833166828531434
991	0.48331668278168355
992	0.48331668270797773
993	0.4833166826415053
994	0.4833166825690611
995	0.4833166824580977
996	0.48331668234452185
997	0.483316682270286
998	0.48331668219309337
999	0.48331668212317075
1000	0.48331668204768946
1001	0.48331668201014116
1002	0.4833166819454152
1003	0.4833166818476598
1004	0.4833166818199489
1005	0.48331668177159987
1006	0.48331668171986253
1007	0.4833166816647743
1008	0.48331668157136565
1009	0.48331668149427387
1010	0.4833166814204028
1011	0.4833166813788782
1012	0.4833166813159339
1013	0.4833166812943379
1014	0.4833166812574643
1015	0.48331668119283905
1016	0.4833166811206389
1017	0.4833166810930078
1018	0.4833166810053681
1019	0.4833166809785748
1020	0.4833166809438098
1021	0.4833166808526558
1022	0.4833166808037471
1023	0.48331668074720263
1024	0.48331668069044553
1025	0.4833166806351003
1026	0.48331668061520866
1027	0.4833166805809876
1028	0.4833166805608617
1029	0.48331668051767385
1030	0.4833166804505587
1031	0.48331668041939313
1032	0.4833166803819144
1033	0.4833166803539
1034	0.48331668031366604
1035	0.48331668028979274
1036	0.4833166802508414
1037	0.4833166802249994
1038	0.4833166801581783
1039	0.48331668012677065
1040	0.4833166800812417
1041	0.4833166800046255
1042	0.4833166799687641
1043	0.4833166798902606
1044	0.4833166798488022
1045	0.4833166798226244
1046	0.48331667980181625
1047	0.4833166797729237
1048	0.48331667974981696
1049	0.48331667972438985
1050	0.48331667969870623
1051	0.48331667967614306
1052	0.48331667964502445
1053	0.4833166796260334
1054	0.483316679608018
1055	0.48331667959192326
1056	0.4833166795642405
1057	0.4833166795430713
1058	0.48331667951512236
1059	0.4833166794989776
1060	0.4833166794742628
1061	0.48331667945176693
1062	0.48331667942809103
1063	0.48331667941108764
1064	0.48331667939358164
1065	0.4833166793691392
1066	0.48331667935060824
1067	0.48331667933980244
1068	0.48331667931733374
1069	0.4833166793028026
1070	0.48331667928283384
1071	0.4833166792745077
1072	0.4833166792662408
1073	0.48331667925321875
1074	0.483316679229289
1075	0.4833166792190252
1076	0.48331667920266036
1077	0.48331667919080457
1078	0.4833166791854509
1079	0.48331667917733934
1080	0.4833166791641795
1081	0.48331667915126336
1082	0.48331667913578136
1083	0.48331667910895587
1084	0.48331667910081944
1085	0.4833166790875087
1086	0.483316679077716
1087	0.48331667907167286
1088	0.48331667906282816
1089	0.4833166790521179
1090	0.483316679045907
1091	0.4833166790366519
1092	0.48331667902177605
1093	0.4833166790178843
1094	0.4833166790071398
1095	0.48331667899947484
1096	0.4833166789933048
1097	0.4833166789872251
1098	0.4833166789790023
1099	0.48331667897251746
1100	0.4833166789635219
1101	0.48331667895450375
1102	0.483316678945277
1103	0.4833166789381974
1104	0.48331667892938357
1105	0.4833166789217887
1106	0.48331667891101143
1107	0.48331667890572605
1108	0.4833166788997941
1109	0.48331667889039115
1110	0.4833166788805417
1111	0.48331667887376445
1112	0.48331667887000757
1113	0.48331667886091295
1114	0.4833166788562621
1115	0.48331667884922264
1116	0.48331667884557344
1117	0.48331667884150686
1118	0.48331667883416757
1119	0.48331667882663937
1120	0.4833166788218474
1121	0.4833166788166387
1122	0.4833166788117293
1123	0.48331667880828044
1124	0.4833166788024709
1125	0.48331667879753953
1126	0.48331667879341
1127	0.48331667878961676
1128	0.4833166787858651
1129	0.48331667877981954
1130	0.48331667877282014
1131	0.4833166787695418
1132	0.4833166787658531
1133	0.4833166787644622
1134	0.4833166787601779
1135	0.4833166787570629
1136	0.4833166787543267
1137	0.4833166787508741
1138	0.4833166787481535
1139	0.48331667874316075
1140	0.48331667874191614
1141	0.4833166787395132
1142	0.4833166787352688
1143	0.4833166787320514
1144	0.48331667872883777
1145	0.48331667872609446
1146	0.48331667872213024
1147	0.4833166787208611
1148	0.4833166787166093
1149	0.4833166787135027
1150	0.48331667871205697
1151	0.483316678707717
1152	0.48331667870536804
1153	0.48331667869984096
1154	0.48331667869606537
1155	0.4833166786929499
1156	0.48331667868934414
1157	0.4833166786861346
1158	0.4833166786839748
1159	0.4833166786817153
1160	0.4833166786799242
1161	0.483316678677968
1162	0.48331667867643274
1163	0.48331667867475764
1164	0.48331667867311745
1165	0.4833166786704483
1166	0.48331667866786243
1167	0.48331667866508493
1168	0.4833166786636485
1169	0.48331667866242356
1170	0.4833166786604494
1171	0.4833166786585441
1172	0.4833166786570805
1173	0.48331667865484873
1174	0.48331667865365596
1175	0.4833166786517651
1176	0.4833166786499597
1177	0.48331667864885314
1178	0.4833166786478296
1179	0.48331667864637856
1180	0.4833166786443278
1181	0.4833166786431134
1182	0.48331667864149996
1183	0.4833166786399171
1184	0.48331667863924604
1185	0.4833166786376045
1186	0.48331667863572597
1187	0.48331667863498834
1188	0.4833166786335568
1189	0.4833166786325835
1190	0.4833166786313859
1191	0.4833166786297178
1192	0.4833166786285282
1193	0.48331667862797467
1194	0.48331667862670863
1195	0.4833166786257513
1196	0.4833166786245379
1197	0.48331667862397004
1198	0.48331667862304944
1199	0.4833166786220343
1200	0.4833166786208752
1201	0.4833166786199985
1202	0.48331667861944555
1203	0.4833166786186328
1204	0.4833166786178936
1205	0.48331667861691474
1206	0.48331667861664884
1207	0.483316678615869
1208	0.48331667861534516
1209	0.48331667861495564
1210	0.48331667861443706
1211	0.48331667861411837
1212	0.4833166786135941
1213	0.4833166786129525
1214	0.483316678612405
1215	0.4833166786118078
1216	0.4833166786113597
1217	0.4833166786108063
1218	0.48331667861031424
1219	0.4833166786097245
1220	0.48331667860949074
1221	0.4833166786090758
1222	0.48331667860889616
1223	0.48331667860826305
1224	0.4833166786079324
1225	0.4833166786075152
1226	0.4833166786073588
1227	0.4833166786068633
1228	0.4833166786065845
1229	0.48331667860574845
1230	0.4833166786052669
1231	0.4833166786048906
1232	0.4833166786044112
1233	0.48331667860408967
1234	0.4833166786037815
1235	0.4833166786033441
1236	0.4833166786029682
1237	0.48331667860237254
1238	0.483316678601761
1239	0.48331667860107896
1240	0.4833166785999027
1241	0.48331667859900446
1242	0.48331667859817723
1243	0.4833166785972349
1244	0.48331667859647925
1245	0.48331667859608424
1246	0.4833166785956432
1247	0.48331667859513483
1248	0.4833166785946853
1249	0.48331667859423466
1250	0.4833166785937805
1251	0.4833166785935733
1252	0.4833166785933054
1253	0.483316678592835
1254	0.48331667859241295
1255	0.4833166785921787
1256	0.48331667859188715
1257	0.4833166785915969
1258	0.48331667859136174
1259	0.4833166785909398
1260	0.48331667859066896
1261	0.48331667859038424
1262	0.4833166785901347
1263	0.48331667858988653
1264	0.4833166785896083
1265	0.4833166785894417
1266	0.48331667858924204
1267	0.48331667858909033
1268	0.48331667858883537
1269	0.48331667858869126
1270	0.48331667858852545
1271	0.4833166785883337
1272	0.4833166785881787
1273	0.4833166785879761
1274	0.48331667858774613
1275	0.48331667858738625
1276	0.48331667858723915
1277	0.4833166785870405
1278	0.48331667858686495
1279	0.4833166785866572
1280	0.4833166785865421
1281	0.48331667858640437
1282	0.48331667858626737
1283	0.48331667858608973
1284	0.48331667858600397
1285	0.48331667858587063
1286	0.4833166785857772
1287	0.4833166785856659
1288	0.4833166785855582
1289	0.4833166785854867
1290	0.48331667858539057
1291	0.4833166785852841
1292	0.4833166785851274
1293	0.4833166785850371
1294	0.48331667858493166
1295	0.4833166785848914
1296	0.48331667858475297
1297	0.48331667858460325
1298	0.4833166785845323
1299	0.4833166785843553
1300	0.48331667858429345
1301	0.48331667858416355
1302	0.48331667858400285
1303	0.4833166785838631
1304	0.4833166785837607
1305	0.48331667858361776
1306	0.48331667858348193
1307	0.4833166785833186
1308	0.48331667858316013
1309	0.4833166785829767
1310	0.48331667858277755
1311	0.4833166785826553
1312	0.48331667858251476
1313	0.4833166785824226
1314	0.4833166785823332
1315	0.48331667858216104
1316	0.48331667858210975
1317	0.48331667858202815
1318	0.4833166785819059
1319	0.4833166785817965
1320	0.4833166785817142
1321	0.4833166785815971
1322	0.48331667858149296
1323	0.48331667858139976
1324	0.48331667858127214
1325	0.4833166785811474
1326	0.4833166785810844
1327	0.48331667858100436
1328	0.48331667858093735
1329	0.48331667858087674
1330	0.48331667858081606
1331	0.4833166785807674
1332	0.4833166785807153
1333	0.48331667858067584
1334	0.4833166785806245
1335	0.48331667858058197
1336	0.48331667858049976
1337	0.48331667858043603
1338	0.4833166785803283
1339	0.4833166785802794
1340	0.48331667858019245
1341	0.48331667858014626
1342	0.48331667858011546
1343	0.4833166785800849
1344	0.4833166785800431
1345	0.4833166785799781
1346	0.4833166785799215
1347	0.4833166785798919
1348	0.48331667857984834
1349	0.48331667857979776
1350	0.48331667857976884
1351	0.48331667857971283
1352	0.48331667857964095
1353	0.4833166785795884
1354	0.4833166785795513
1355	0.48331667857949767
1356	0.4833166785794561
1357	0.48331667857943394
1358	0.48331667857939475
1359	0.48331667857935473
1360	0.48331667857933613
1361	0.48331667857931543
1362	0.48331667857929467
1363	0.4833166785792722
1364	0.48331667857925326
1365	0.4833166785792298
1366	0.48331667857920363
1367	0.483316678579179
1368	0.48331667857914845
1369	0.483316678579118
1370	0.48331667857910665
1371	0.4833166785790846
1372	0.4833166785790632
1373	0.4833166785790454
1374	0.48331667857901167
1375	0.48331667857898286
1376	0.48331667857895183
1377	0.48331667857891714
1378	0.4833166785788976
1379	0.48331667857887983
1380	0.48331667857885463
1381	0.48331667857883553
1382	0.4833166785788281
1383	0.4833166785788055
1384	0.4833166785787865
1385	0.4833166785787627
1386	0.48331667857873606
1387	0.48331667857872557
1388	0.4833166785787098
1389	0.4833166785786958
1390	0.4833166785786862
1391	0.48331667857867533
1392	0.48331667857866584
1393	0.4833166785786489
1394	0.4833166785786398
1395	0.4833166785786325
1396	0.48331667857862737
1397	0.4833166785786115
1398	0.4833166785785999
1399	0.48331667857858684
1400	0.48331667857858013
1401	0.48331667857856675
1402	0.48331667857856037
1403	0.4833166785785538
1404	0.4833166785785446
1405	0.4833166785785286
1406	0.4833166785785228
1407	0.4833166785785184
1408	0.48331667857851307
1409	0.4833166785784977
1410	0.4833166785784913
1411	0.483316678578486
1412	0.48331667857847804
1413	0.48331667857846783
1414	0.48331667857846183
1415	0.48331667857845484
1416	0.48331667857845056
1417	0.48331667857844063
1418	0.483316678578436
1419	0.48331667857843363
1420	0.48331667857842936
1421	0.4833166785784264
1422	0.4833166785784232
1423	0.4833166785784161
1424	0.48331667857841043
1425	0.4833166785784028
1426	0.4833166785783962
1427	0.4833166785783911
1428	0.48331667857838495
1429	0.4833166785783793
1430	0.48331667857837546
1431	0.4833166785783716
1432	0.48331667857836874
1433	0.48331667857836175
1434	0.48331667857835725
1435	0.48331667857834815
1436	0.483316678578344
1437	0.4833166785783391
1438	0.4833166785783346
1439	0.4833166785783305
1440	0.48331667857832217
1441	0.48331667857831956
1442	0.483316678578314
1443	0.4833166785783092
1444	0.48331667857830524
1445	0.4833166785783016
1446	0.4833166785782954
1447	0.4833166785782888
1448	0.48331667857828525
1449	0.4833166785782835
1450	0.4833166785782812
1451	0.4833166785782746
1452	0.48331667857827065
1453	0.48331667857826804
1454	0.48331667857826605
1455	0.48331667857826355
1456	0.4833166785782612
1457	0.48331667857825716
1458	0.483316678578256
1459	0.48331667857825267
1460	0.48331667857825006
1461	0.4833166785782465
1462	0.48331667857824545
1463	0.4833166785782438
1464	0.4833166785782432
1465	0.48331667857824084
1466	0.4833166785782393
1467	0.4833166785782368
1468	0.48331667857823374
1469	0.4833166785782323
1470	0.48331667857823135
1471	0.48331667857822874
1472	0.4833166785782271
1473	0.4833166785782256
1474	0.48331667857822413
1475	0.4833166785782214
1476	0.48331667857821997
1477	0.4833166785782189
1478	0.48331667857821714
1479	0.48331667857821653
1480	0.4833166785782156
1481	0.48331667857821464
1482	0.4833166785782142
1483	0.48331667857821337
1484	0.48331667857821287
1485	0.4833166785782116
1486	0.48331667857821065
1487	0.4833166785782096
1488	0.48331667857820837
1489	0.48331667857820765
1490	0.48331667857820637
1491	0.48331667857820587
1492	0.48331667857820493
1493	0.48331667857820354
1494	0.48331667857820293
1495	0.48331667857820154
1496	0.48331667857820126
1497	0.48331667857820043
1498	0.4833166785782
1499	0.4833166785781996
1500	0.48331667857819866
1501	0.4833166785781976
1502	0.48331667857819655
1503	0.4833166785781956
1504	0.4833166785781952
1505	0.48331667857819444
1506	0.4833166785781938
1507	0.48331667857819277
1508	0.48331667857819155
1509	0.483316678578191
1510	0.4833166785781904
1511	0.4833166785781899
1512	0.48331667857818933
1513	0.4833166785781887
1514	0.4833166785781883
1515	0.48331667857818755
1516	0.4833166785781867
1517	0.4833166785781859
1518	0.4833166785781854
1519	0.4833166785781847
1520	0.48331667857818444
1521	0.4833166785781841
1522	0.4833166785781836
1523	0.48331667857818317
1524	0.48331667857818306
1525	0.48331667857818256
1526	0.4833166785781822
1527	0.4833166785781814
1528	0.483316678578181
1529	0.48331667857818034
1530	0.48331667857817984
1531	0.4833166785781791
1532	0.4833166785781783
1533	0.48331667857817806
1534	0.4833166785781776
1535	0.4833166785781768
1536	0.4833166785781767
1537	0.4833166785781762
1538	0.48331667857817556
1539	0.48331667857817523
1540	0.4833166785781749
1541	0.4833166785781749
1542	0.4833166785781746
1543	0.4833166785781743
1544	0.4833166785781739
1545	0.48331667857817356
1546	0.48331667857817323
1547	0.4833166785781731
1548	0.4833166785781731
1549	0.4833166785781726
1550	0.4833166785781723
1551	0.483316678578172
1552	0.4833166785781719
1553	0.48331667857817145
1554	0.4833166785781712
1555	0.48331667857817107
1556	0.48331667857817084
1557	0.48331667857817073
1558	0.4833166785781705
1559	0.48331667857817034
1560	0.48331667857817
1561	0.4833166785781697
1562	0.4833166785781694
1563	0.4833166785781692
1564	0.48331667857816896
1565	0.48331667857816835
1566	0.4833166785781681
1567	0.4833166785781674
1568	0.4833166785781668
1569	0.4833166785781667
1570	0.48331667857816657
1571	0.48331667857816646
1572	0.48331667857816624
1573	0.483316678578166
1574	0.48331667857816574
1575	0.4833166785781656
1576	0.4833166785781656
1577	0.4833166785781656
1578	0.4833166785781656
1579	0.4833166785781654
1580	0.4833166785781653
1581	0.483316678578165
1582	0.4833166785781647
1583	0.48331667857816457
1584	0.48331667857816446
1585	0.48331667857816385
1586	0.48331667857816385
1587	0.48331667857816374
1588	0.4833166785781636
1589	0.4833166785781636
1590	0.4833166785781636
1591	0.4833166785781634
1592	0.4833166785781634
1593	0.48331667857816324
1594	0.48331667857816313
1595	0.48331667857816313
1596	0.483316678578163
1597	0.483316678578163
1598	0.483316678578163
1599	0.4833166785781629
1600	0.4833166785781629
1601	0.4833166785781627
1602	0.4833166785781626
1603	0.48331667857816246
1604	0.48331667857816246
1605	0.4833166785781623
1606	0.4833166785781622
1607	0.4833166785781621
1608	0.48331667857816196
1609	0.48331667857816185
1610	0.48331667857816174
1611	0.48331667857816174
1612	0.48331667857816174
1613	0.48331667857816174
1614	0.48331667857816146
1615	0.48331667857816124
1616	0.48331667857816113
1617	0.48331667857816113
1618	0.48331667857816113
1619	0.483316678578161
1620	0.483316678578161
1621	0.483316678578161
1622	0.483316678578161
1623	0.4833166785781608
1624	0.4833166785781608
1625	0.4833166785781608
1626	0.4833166785781608
1627	0.4833166785781608
1628	0.4833166785781607
1629	0.4833166785781605
1630	0.4833166785781603
1631	0.4833166785781602
1632	0.4833166785781601
1633	0.4833166785781601
1634	0.4833166785781601
1635	0.4833166785781601
1636	0.4833166785781601
1637	0.48331667857815985
1638	0.48331667857815985
1639	0.48331667857815985
1640	0.4833166785781597
1641	0.4833166785781597
1642	0.4833166785781596
1643	0.48331667857815946
1644	0.48331667857815946
1645	0.48331667857815935
1646	0.48331667857815935
1647	0.48331667857815913
1648	0.48331667857815913
1649	0.48331667857815913
1650	0.483316678578159
1651	0.483316678578159
1652	0.483316678578159
1653	0.483316678578159
1654	0.483316678578159
1655	0.4833166785781589
1656	0.4833166785781589
1657	0.48331667857815874
1658	0.48331667857815874
1659	0.48331667857815863
1660	0.48331667857815863
1661	0.48331667857815863
1662	0.48331667857815863
1663	0.48331667857815863
1664	0.4833166785781585
1665	0.4833166785781585
1666	0.4833166785781585
1667	0.4833166785781584
1668	0.4833166785781583
1669	0.4833166785781583
1670	0.4833166785781583
1671	0.4833166785781582
1672	0.4833166785781582
1673	0.4833166785781579
1674	0.4833166785781579
1675	0.4833166785781579
1676	0.4833166785781579
1677	0.4833166785781579
1678	0.4833166785781577
1679	0.4833166785781576
1680	0.48331667857815747
1681	0.48331667857815735
1682	0.48331667857815735
1683	0.48331667857815735
1684	0.48331667857815735
1685	0.48331667857815735
1686	0.48331667857815735
1687	0.48331667857815735
1688	0.48331667857815735
1689	0.48331667857815735
1690	0.48331667857815724
1691	0.48331667857815724
1692	0.48331667857815724
1693	0.48331667857815724
1694	0.48331667857815713
1695	0.48331667857815713
1696	0.48331667857815713
1697	0.48331667857815713
1698	0.48331667857815713
1699	0.48331667857815713
1700	0.48331667857815713
1701	0.48331667857815713
1702	0.48331667857815713
1703	0.48331667857815713
1704	0.48331667857815713
1705	0.48331667857815697
1706	0.48331667857815686
1707	0.48331667857815663
1708	0.48331667857815663
1709	0.48331667857815663
1710	0.48331667857815663
1711	0.48331667857815663
1712	0.48331667857815663
1713	0.4833166785781565
1714	0.4833166785781565
1715	0.4833166785781565
1716	0.4833166785781564
1717	0.4833166785781564
1718	0.4833166785781563
1719	0.4833166785781563
1720	0.4833166785781563
1721	0.4833166785781563
1722	0.4833166785781563
1723	0.4833166785781563
1724	0.4833166785781563
1725	0.4833166785781563
1726	0.4833166785781563
1727	0.48331667857815613
1728	0.48331667857815613
1729	0.483316678578156
1730	0.483316678578156
1731	0.483316678578156
1732	0.483316678578156
1733	0.483316678578156
1734	0.483316678578156
1735	0.483316678578156
1736	0.483316678578156
1737	0.483316678578156
1738	0.483316678578156
1739	0.483316678578156
1740	0.483316678578156
1741	0.483316678578156
1742	0.483316678578156
1743	0.483316678578156
1744	0.483316678578156
1745	0.483316678578156
1746	0.483316678578156
1747	0.483316678578156
1748	0.483316678578156
1749	0.483316678578156
1750	0.483316678578156
1751	0.483316678578156
1752	0.483316678578156
1753	0.483316678578156
1754	0.483316678578156
1755	0.483316678578156
1756	0.483316678578156
1757	0.483316678578156
1758	0.4833166785781559
1759	0.4833166785781559
1760	0.4833166785781559
1761	0.4833166785781559
1762	0.4833166785781559
1763	0.4833166785781559
1764	0.4833166785781559
1765	0.4833166785781559
1766	0.4833166785781559
1767	0.4833166785781559
1768	0.4833166785781559
1769	0.4833166785781559
1770	0.4833166785781559
1771	0.4833166785781559
1772	0.4833166785781559
1773	0.4833166785781559
1774	0.4833166785781559
1775	0.4833166785781559
1776	0.4833166785781559
1777	0.4833166785781559
1778	0.4833166785781559
1779	0.4833166785781559
1780	0.4833166785781559
1781	0.4833166785781559
1782	0.4833166785781559
1783	0.4833166785781559
1784	0.4833166785781559
1785	0.4833166785781559
1786	0.4833166785781559
1787	0.4833166785781559
1788	0.4833166785781559
1789	0.4833166785781559
1790	0.4833166785781559
1791	0.4833166785781559
1792	0.4833166785781559
1793	0.4833166785781559
1794	0.4833166785781559
1795	0.4833166785781559
1796	0.4833166785781559
1797	0.4833166785781559
1798	0.4833166785781559
1799	0.4833166785781559
1800	0.4833166785781559
1801	0.4833166785781559
1802	0.4833166785781559
1803	0.4833166785781559
1804	0.4833166785781559
1805	0.4833166785781559
1806	0.4833166785781559
1807	0.4833166785781559
1808	0.4833166785781559
1809	0.4833166785781559
1810	0.4833166785781559
1811	0.4833166785781559
1812	0.4833166785781558
1813	0.4833166785781558
1814	0.4833166785781558
1815	0.4833166785781558
1816	0.4833166785781558
1817	0.4833166785781558
1818	0.4833166785781558
1819	0.4833166785781558
1820	0.4833166785781558
1821	0.4833166785781558
1822	0.4833166785781558
1823	0.4833166785781558
1824	0.4833166785781558
1825	0.4833166785781558
1826	0.4833166785781558
1827	0.4833166785781558
1828	0.4833166785781558
1829	0.4833166785781558
1830	0.4833166785781558
1831	0.4833166785781558
1832	0.4833166785781558
1833	0.4833166785781558
1834	0.4833166785781558
1835	0.4833166785781558
1836	0.4833166785781558
1837	0.4833166785781558
1838	0.4833166785781558
1839	0.4833166785781558
1840	0.4833166785781558
1841	0.4833166785781558
1842	0.4833166785781558
1843	0.4833166785781558
1844	0.4833166785781558
1845	0.4833166785781558
1846	0.4833166785781558
1847	0.4833166785781558
1848	0.4833166785781558
1849	0.4833166785781558
1850	0.4833166785781558
1851	0.4833166785781558
1852	0.4833166785781558
1853	0.4833166785781558
1854	0.4833166785781558
1855	0.4833166785781558
1856	0.4833166785781558
1857	0.4833166785781558
1858	0.4833166785781558
1859	0.4833166785781558
1860	0.4833166785781558
1861	0.4833166785781558
1862	0.4833166785781558
1863	0.4833166785781558
1864	0.4833166785781558
1865	0.4833166785781558
1866	0.4833166785781558
1867	0.4833166785781558
1868	0.4833166785781558
1869	0.4833166785781558
1870	0.4833166785781558
1871	0.4833166785781558
1872	0.4833166785781558
1873	0.4833166785781558
1874	0.4833166785781558
1875	0.4833166785781558
1876	0.4833166785781558
1877	0.4833166785781558
1878	0.4833166785781558
1879	0.4833166785781558
1880	0.4833166785781558
1881	0.4833166785781558
1882	0.4833166785781558
1883	0.4833166785781558
1884	0.4833166785781558
1885	0.4833166785781558
1886	0.4833166785781558
1887	0.4833166785781558
1888	0.4833166785781558
1889	0.4833166785781558
1890	0.4833166785781558
1891	0.4833166785781558
1892	0.4833166785781558
1893	0.4833166785781558
1894	0.4833166785781558
1895	0.4833166785781558
1896	0.4833166785781558
1897	0.4833166785781558
1898	0.4833166785781558
1899	0.4833166785781558
1900	0.4833166785781558
1901	0.4833166785781558
1902	0.4833166785781558
1903	0.4833166785781558
1904	0.4833166785781558
1905	0.4833166785781558
1906	0.4833166785781558
1907	0.4833166785781558
1908	0.4833166785781558
1909	0.4833166785781558
1910	0.4833166785781558
1911	0.4833166785781558
1912	0.4833166785781558
1913	0.4833166785781558
1914	0.4833166785781558
1915	0.4833166785781558
1916	0.4833166785781558
1917	0.4833166785781558
1918	0.4833166785781558
1919	0.4833166785781558
1920	0.4833166785781558
1921	0.4833166785781558
1922	0.4833166785781558
1923	0.4833166785781558
1924	0.4833166785781558
1925	0.4833166785781558
1926	0.4833166785781558
1927	0.4833166785781558
1928	0.4833166785781558
1929	0.4833166785781558
1930	0.4833166785781558
1931	0.4833166785781558
1932	0.4833166785781558
1933	0.4833166785781558
1934	0.4833166785781558
1935	0.4833166785781558
1936	0.4833166785781558
1937	0.4833166785781558
1938	0.4833166785781558
1939	0.4833166785781558
1940	0.4833166785781558
1941	0.4833166785781558
1942	0.4833166785781558
1943	0.4833166785781558
1944	0.4833166785781558
1945	0.4833166785781558
1946	0.4833166785781558
1947	0.4833166785781557
1948	0.4833166785781557
1949	0.4833166785781557
1950	0.4833166785781557
1951	0.4833166785781557
1952	0.4833166785781557
1953	0.4833166785781557
1954	0.4833166785781557
1955	0.4833166785781557
1956	0.4833166785781557
1957	0.4833166785781557
1958	0.4833166785781557
1959	0.4833166785781557
1960	0.4833166785781557
1961	0.4833166785781557
1962	0.4833166785781557
1963	0.4833166785781557
1964	0.4833166785781557
1965	0.4833166785781557
1966	0.4833166785781557
1967	0.4833166785781557
1968	0.4833166785781557
1969	0.4833166785781557
1970	0.4833166785781557
1971	0.4833166785781557
1972	0.4833166785781557
1973	0.4833166785781557
1974	0.4833166785781557
1975	0.4833166785781557
1976	0.4833166785781557
1977	0.4833166785781557
1978	0.4833166785781557
1979	0.4833166785781557
1980	0.4833166785781557
1981	0.4833166785781557
1982	0.4833166785781557
1983	0.4833166785781557
1984	0.4833166785781557
1985	0.4833166785781557
1986	0.4833166785781557
1987	0.4833166785781557
1988	0.4833166785781557
1989	0.4833166785781557
1990	0.4833166785781557
1991	0.4833166785781557
1992	0.4833166785781557
1993	0.4833166785781557
1994	0.4833166785781557
1995	0.4833166785781557
1996	0.4833166785781557
1997	0.4833166785781557
1998	0.4833166785781557
1999	0.4833166785781557
2000	0.4833166785781557
2001	0.4833166785781557
2002	0.4833166785781557
2003	0.4833166785781557
2004	0.4833166785781557
2005	0.4833166785781557
2006	0.4833166785781557
2007	0.4833166785781557
2008	0.4833166785781557
2009	0.4833166785781557
2010	0.4833166785781557
2011	0.4833166785781557
2012	0.4833166785781557
2013	0.4833166785781557
2014	0.4833166785781557
2015	0.4833166785781557
2016	0.4833166785781557
2017	0.4833166785781557
2018	0.4833166785781557
2019	0.4833166785781557
2020	0.4833166785781557
2021	0.4833166785781557
2022	0.4833166785781557
2023	0.4833166785781557
2024	0.4833166785781557
2025	0.4833166785781557
2026	0.4833166785781557
2027	0.4833166785781557
2028	0.4833166785781557
2029	0.4833166785781557
2030	0.4833166785781557
2031	0.4833166785781556
2032	0.4833166785781556
2033	0.4833166785781556
2034	0.4833166785781556
2035	0.4833166785781556
2036	0.4833166785781556
2037	0.4833166785781556
2038	0.4833166785781556
2039	0.4833166785781556
2040	0.4833166785781556
2041	0.4833166785781556
2042	0.4833166785781556
2043	0.4833166785781556
2044	0.4833166785781556
2045	0.4833166785781556
2046	0.4833166785781556
2047	0.4833166785781556
2048	0.4833166785781556
2049	0.4833166785781556
2050	0.4833166785781556
2051	0.4833166785781556
2052	0.4833166785781556
2053	0.4833166785781556
2054	0.4833166785781556
2055	0.4833166785781556
2056	0.4833166785781556
2057	0.4833166785781556
2058	0.4833166785781556
2059	0.4833166785781556
2060	0.4833166785781556
2061	0.4833166785781556
2062	0.4833166785781556
2063	0.4833166785781556
2064	0.4833166785781556
2065	0.4833166785781556
2066	0.4833166785781556
2067	0.4833166785781556
2068	0.4833166785781556
2069	0.4833166785781556
2070	0.4833166785781556
2071	0.4833166785781556
2072	0.4833166785781556
2073	0.4833166785781556
2074	0.4833166785781556
2075	0.4833166785781556
2076	0.4833166785781556
2077	0.4833166785781556
2078	0.4833166785781556
2079	0.4833166785781556
2080	0.4833166785781556
2081	0.4833166785781556
2082	0.4833166785781556
2083	0.4833166785781556
2084	0.4833166785781556
2085	0.4833166785781556
2086	0.4833166785781556
2087	0.4833166785781556
2088	0.4833166785781556
2089	0.4833166785781556
2090	0.4833166785781556
2091	0.4833166785781556
2092	0.4833166785781556
2093	0.4833166785781556
2094	0.4833166785781556
2095	0.4833166785781556
2096	0.4833166785781556
2097	0.4833166785781556
2098	0.4833166785781556
2099	0.4833166785781556
2100	0.4833166785781556
2101	0.4833166785781556
2102	0.4833166785781556
2103	0.4833166785781556
2104	0.4833166785781556
2105	0.4833166785781556
2106	0.4833166785781556
2107	0.4833166785781556
2108	0.4833166785781556
2109	0.4833166785781556
2110	0.4833166785781556
2111	0.4833166785781556
2112	0.4833166785781556
2113	0.4833166785781556
2114	0.4833166785781556
2115	0.4833166785781556
2116	0.4833166785781556
2117	0.4833166785781556
2118	0.4833166785781556
2119	0.4833166785781556
2120	0.4833166785781556
2121	0.4833166785781556
2122	0.4833166785781556
2123	0.4833166785781556
2124	0.4833166785781556
2125	0.4833166785781556
2126	0.4833166785781556
2127	0.4833166785781556
2128	0.4833166785781556
2129	0.4833166785781556
2130	0.4833166785781556
2131	0.4833166785781556
2132	0.4833166785781556
2133	0.4833166785781556
2134	0.4833166785781556
2135	0.4833166785781556
2136	0.4833166785781556
2137	0.4833166785781556
2138	0.4833166785781556
2139	0.4833166785781556
2140	0.4833166785781556
2141	0.4833166785781556
2142	0.4833166785781556
2143	0.4833166785781556
2144	0.4833166785781556
2145	0.4833166785781556
2146	0.4833166785781556
2147	0.4833166785781556
2148	0.4833166785781556
2149	0.4833166785781556
2150	0.4833166785781556
2151	0.4833166785781556
2152	0.4833166785781556
2153	0.4833166785781556
2154	0.4833166785781556
2155	0.4833166785781556
2156	0.4833166785781556
2157	0.4833166785781556
2158	0.4833166785781556
2159	0.4833166785781556
2160	0.4833166785781556
2161	0.4833166785781556
2162	0.4833166785781556
2163	0.4833166785781556
2164	0.4833166785781556
2165	0.4833166785781556
2166	0.4833166785781556
2167	0.4833166785781556
2168	0.4833166785781556
2169	0.4833166785781556
2170	0.4833166785781556
2171	0.4833166785781556
2172	0.4833166785781556
2173	0.4833166785781556
2174	0.4833166785781556
2175	0.4833166785781556
2176	0.4833166785781556
2177	0.4833166785781556
2178	0.4833166785781556
2179	0.4833166785781556
2180	0.4833166785781556
2181	0.4833166785781556
2182	0.4833166785781556
2183	0.4833166785781556
2184	0.4833166785781556
2185	0.4833166785781556
2186	0.4833166785781556
2187	0.4833166785781556
2188	0.4833166785781556
2189	0.4833166785781556
2190	0.4833166785781556
2191	0.4833166785781556
2192	0.4833166785781556
2193	0.4833166785781556
2194	0.4833166785781556
2195	0.4833166785781556
2196	0.4833166785781556
2197	0.4833166785781556
2198	0.4833166785781556
2199	0.4833166785781556
2200	0.4833166785781556
2201	0.4833166785781556
2202	0.4833166785781556
2203	0.4833166785781556
2204	0.4833166785781556
2205	0.4833166785781556
2206	0.4833166785781556
2207	0.4833166785781556
2208	0.4833166785781556
2209	0.4833166785781556
2210	0.4833166785781556
2211	0.4833166785781556
2212	0.4833166785781556
2213	0.4833166785781556
2214	0.4833166785781556
2215	0.4833166785781556
2216	0.4833166785781556
2217	0.4833166785781556
2218	0.4833166785781556
2219	0.4833166785781556
2220	0.4833166785781556
2221	0.4833166785781556
2222	0.4833166785781556
2223	0.4833166785781556
2224	0.4833166785781556
2225	0.4833166785781556
2226	0.4833166785781556
2227	0.4833166785781556
2228	0.4833166785781556
2229	0.4833166785781556
2230	0.4833166785781556
2231	0.4833166785781556
2232	0.4833166785781556
2233	0.4833166785781556
2234	0.4833166785781556
2235	0.4833166785781556
2236	0.4833166785781556
2237	0.4833166785781556
2238	0.4833166785781556
2239	0.4833166785781556
2240	0.4833166785781556
2241	0.4833166785781556
2242	0.4833166785781556
2243	0.4833166785781556
2244	0.4833166785781556
2245	0.4833166785781556
2246	0.4833166785781556
2247	0.4833166785781556
2248	0.4833166785781556
2249	0.4833166785781556
2250	0.4833166785781556
2251	0.4833166785781556
2252	0.4833166785781556
2253	0.4833166785781556
2254	0.4833166785781556
2255	0.4833166785781556
2256	0.4833166785781556
2257	0.4833166785781556
2258	0.4833166785781556
2259	0.4833166785781556
2260	0.4833166785781556
2261	0.4833166785781556
2262	0.4833166785781556
2263	0.4833166785781556
2264	0.4833166785781556
2265	0.4833166785781556
2266	0.4833166785781556
2267	0.4833166785781556
2268	0.4833166785781556
2269	0.4833166785781556
2270	0.4833166785781556
2271	0.4833166785781556
2272	0.4833166785781556
2273	0.4833166785781556
2274	0.4833166785781556
2275	0.4833166785781556
2276	0.4833166785781556
2277	0.4833166785781556
2278	0.4833166785781556
2279	0.4833166785781556
2280	0.4833166785781556
2281	0.4833166785781556
2282	0.4833166785781556
2283	0.4833166785781556
2284	0.4833166785781556
2285	0.4833166785781556
2286	0.4833166785781556
2287	0.4833166785781556
2288	0.4833166785781556
2289	0.4833166785781556
2290	0.4833166785781556
2291	0.4833166785781556
2292	0.4833166785781556
2293	0.4833166785781556
2294	0.4833166785781556
2295	0.4833166785781556
2296	0.4833166785781556
2297	0.4833166785781556
2298	0.4833166785781556
2299	0.4833166785781556
2300	0.4833166785781556
2301	0.4833166785781556
2302	0.4833166785781556
2303	0.4833166785781556
2304	0.4833166785781556
2305	0.4833166785781556
2306	0.4833166785781556
2307	0.4833166785781556
2308	0.4833166785781556
2309	0.4833166785781556
2310	0.4833166785781556
2311	0.4833166785781556
2312	0.4833166785781556
2313	0.4833166785781556
2314	0.4833166785781556
2315	0.4833166785781556
2316	0.4833166785781556
2317	0.4833166785781556
2318	0.4833166785781556
2319	0.4833166785781556
2320	0.4833166785781556
2321	0.4833166785781556
2322	0.4833166785781556
2323	0.4833166785781556
2324	0.4833166785781556
2325	0.4833166785781556
2326	0.4833166785781556
2327	0.4833166785781556
2328	0.4833166785781556
2329	0.4833166785781556
2330	0.4833166785781556
2331	0.4833166785781556
2332	0.4833166785781556
2333	0.4833166785781556
2334	0.4833166785781556
2335	0.4833166785781556
2336	0.4833166785781556
2337	0.4833166785781556
2338	0.4833166785781556
2339	0.4833166785781556
2340	0.4833166785781556
2341	0.4833166785781556
2342	0.4833166785781556
2343	0.4833166785781556
2344	0.4833166785781556
2345	0.4833166785781556
2346	0.4833166785781556
2347	0.4833166785781556
2348	0.4833166785781556
2349	0.4833166785781556
2350	0.4833166785781556
2351	0.4833166785781556
2352	0.4833166785781556
2353	0.4833166785781556
2354	0.4833166785781556
2355	0.4833166785781556
2356	0.4833166785781556
2357	0.4833166785781556
2358	0.4833166785781556
2359	0.4833166785781556
2360	0.4833166785781556
2361	0.4833166785781556
2362	0.4833166785781556
2363	0.4833166785781556
2364	0.4833166785781556
2365	0.4833166785781556
2366	0.4833166785781556
2367	0.4833166785781556
2368	0.4833166785781556
2369	0.4833166785781556
2370	0.4833166785781556
2371	0.4833166785781556
2372	0.4833166785781556
2373	0.4833166785781556
2374	0.4833166785781556
2375	0.4833166785781556
2376	0.4833166785781556
2377	0.4833166785781556
2378	0.4833166785781556
2379	0.4833166785781556
2380	0.4833166785781556
2381	0.4833166785781556
2382	0.4833166785781556
2383	0.4833166785781556
2384	0.4833166785781556
2385	0.4833166785781556
2386	0.4833166785781556
2387	0.4833166785781556
2388	0.4833166785781556
2389	0.4833166785781556
2390	0.4833166785781556
2391	0.4833166785781556
2392	0.4833166785781556
2393	0.4833166785781556
2394	0.4833166785781556
2395	0.4833166785781556
2396	0.4833166785781556
2397	0.4833166785781556
2398	0.4833166785781556
2399	0.4833166785781556
2400	0.4833166785781556
2401	0.4833166785781556
2402	0.4833166785781556
2403	0.4833166785781556
2404	0.4833166785781556
2405	0.4833166785781556
2406	0.4833166785781556
2407	0.4833166785781556
2408	0.4833166785781556
2409	0.4833166785781556
2410	0.4833166785781556
2411	0.4833166785781556
2412	0.4833166785781556
2413	0.4833166785781556
2414	0.4833166785781556
2415	0.4833166785781556
2416	0.4833166785781556
2417	0.4833166785781556
2418	0.4833166785781556
2419	0.4833166785781556
2420	0.4833166785781556
2421	0.4833166785781556
2422	0.4833166785781556
2423	0.4833166785781556
2424	0.4833166785781556
2425	0.4833166785781556
2426	0.4833166785781556
2427	0.4833166785781556
2428	0.4833166785781556
2429	0.4833166785781556
2430	0.4833166785781556
2431	0.4833166785781556
2432	0.4833166785781556
2433	0.4833166785781556
2434	0.4833166785781556
2435	0.4833166785781556
2436	0.4833166785781556
2437	0.4833166785781556
2438	0.4833166785781556
2439	0.48331667857815547
2440	0.48331667857815547
2441	0.48331667857815547
2442	0.48331667857815547
2443	0.48331667857815547
2444	0.48331667857815547
2445	0.48331667857815547
2446	0.48331667857815547
2447	0.48331667857815547
2448	0.48331667857815547
2449	0.48331667857815547
2450	0.48331667857815547
2451	0.48331667857815547
2452	0.48331667857815547
2453	0.48331667857815547
2454	0.48331667857815547
2455	0.48331667857815547
2456	0.48331667857815547
2457	0.48331667857815547
2458	0.48331667857815547
2459	0.48331667857815547
2460	0.48331667857815547
2461	0.48331667857815547
2462	0.48331667857815547
2463	0.48331667857815547
2464	0.48331667857815547
2465	0.48331667857815547
2466	0.48331667857815547
2467	0.48331667857815547
2468	0.48331667857815547
2469	0.48331667857815547
2470	0.48331667857815547
2471	0.48331667857815547
2472	0.48331667857815547
2473	0.48331667857815547
2474	0.48331667857815547
2475	0.48331667857815547
2476	0.48331667857815547
2477	0.48331667857815547
2478	0.48331667857815547
2479	0.48331667857815547
2480	0.48331667857815547
2481	0.48331667857815547
2482	0.48331667857815547
2483	0.48331667857815547
2484	0.48331667857815547
2485	0.48331667857815547
2486	0.48331667857815547
2487	0.48331667857815547
2488	0.48331667857815547
2489	0.48331667857815547
2490	0.48331667857815547
2491	0.48331667857815547
2492	0.48331667857815547
2493	0.48331667857815547
2494	0.48331667857815547
2495	0.48331667857815547
2496	0.48331667857815547
2497	0.48331667857815547
2498	0.48331667857815547
2499	0.48331667857815547
2500	0.48331667857815547
2501	0.48331667857815547
2502	0.48331667857815547
2503	0.48331667857815547
2504	0.48331667857815547
2505	0.48331667857815547
2506	0.48331667857815547
2507	0.48331667857815547
2508	0.48331667857815547
2509	0.48331667857815547
2510	0.48331667857815547
2511	0.48331667857815547
2512	0.48331667857815547
2513	0.48331667857815547
2514	0.48331667857815547
2515	0.48331667857815547
2516	0.48331667857815547
2517	0.48331667857815547
2518	0.48331667857815547
2519	0.48331667857815547
2520	0.48331667857815547
2521	0.48331667857815547
2522	0.48331667857815547
2523	0.48331667857815547
2524	0.48331667857815547
2525	0.48331667857815547
2526	0.48331667857815547
2527	0.48331667857815547
2528	0.48331667857815547
2529	0.48331667857815547
2530	0.48331667857815547
2531	0.48331667857815547
2532	0.48331667857815547
2533	0.48331667857815547
2534	0.48331667857815547
2535	0.48331667857815547
2536	0.48331667857815547
2537	0.48331667857815547
2538	0.48331667857815547
2539	0.48331667857815547
2540	0.48331667857815547
2541	0.48331667857815547
2542	0.48331667857815547
2543	0.48331667857815547
2544	0.48331667857815547
2545	0.48331667857815547
2546	0.48331667857815547
2547	0.48331667857815547
2548	0.48331667857815547
2549	0.48331667857815547
2550	0.48331667857815547
2551	0.48331667857815547
2552	0.48331667857815547
2553	0.48331667857815547
2554	0.48331667857815547
2555	0.48331667857815547
2556	0.48331667857815547
2557	0.48331667857815547
2558	0.48331667857815547
2559	0.48331667857815547
2560	0.48331667857815547
2561	0.48331667857815547
2562	0.48331667857815547
2563	0.48331667857815547
2564	0.48331667857815547
2565	0.48331667857815547
2566	0.48331667857815547
2567	0.48331667857815547
2568	0.48331667857815547
2569	0.48331667857815547
2570	0.48331667857815547
2571	0.48331667857815547
2572	0.48331667857815547
2573	0.48331667857815547
2574	0.48331667857815547
2575	0.48331667857815547
2576	0.48331667857815547
2577	0.48331667857815547
2578	0.48331667857815547
2579	0.48331667857815547
2580	0.48331667857815547
2581	0.48331667857815547
2582	0.48331667857815547
2583	0.48331667857815547
2584	0.48331667857815547
2585	0.48331667857815547
2586	0.48331667857815547
2587	0.48331667857815547
2588	0.48331667857815547
2589	0.48331667857815547
2590	0.48331667857815547
2591	0.48331667857815547
2592	0.48331667857815547
2593	0.48331667857815547
2594	0.48331667857815547
2595	0.48331667857815547
2596	0.48331667857815547
2597	0.48331667857815547
2598	0.48331667857815547
2599	0.48331667857815547
2600	0.48331667857815547
2601	0.48331667857815547
2602	0.48331667857815547
2603	0.48331667857815547
2604	0.48331667857815547
2605	0.48331667857815547
2606	0.48331667857815547
2607	0.48331667857815547
2608	0.48331667857815547
2609	0.48331667857815547
2610	0.48331667857815547
2611	0.48331667857815547
2612	0.48331667857815547
2613	0.48331667857815547
2614	0.48331667857815547
2615	0.48331667857815547
2616	0.48331667857815547
2617	0.48331667857815547
2618	0.48331667857815547
2619	0.48331667857815547
2620	0.48331667857815547
2621	0.48331667857815547
2622	0.48331667857815547
2623	0.48331667857815547
2624	0.48331667857815547
2625	0.48331667857815547
2626	0.48331667857815547
2627	0.48331667857815547
2628	0.48331667857815547
2629	0.48331667857815547
2630	0.48331667857815547
2631	0.48331667857815547
2632	0.48331667857815547
2633	0.48331667857815547
2634	0.48331667857815547
2635	0.48331667857815547
2636	0.48331667857815547
2637	0.48331667857815547
2638	0.48331667857815547
2639	0.48331667857815547
2640	0.48331667857815547
2641	0.48331667857815547
2642	0.48331667857815547
2643	0.48331667857815547
2644	0.48331667857815547
2645	0.48331667857815547
2646	0.48331667857815547
2647	0.48331667857815547
2648	0.48331667857815547
2649	0.48331667857815547
2650	0.48331667857815547
2651	0.48331667857815547
2652	0.48331667857815547
2653	0.48331667857815547
2654	0.48331667857815547
2655	0.48331667857815547
2656	0.48331667857815547
2657	0.48331667857815536
2658	0.48331667857815536
2659	0.48331667857815536
2660	0.48331667857815536
2661	0.48331667857815536
2662	0.48331667857815536
2663	0.48331667857815536
2664	0.48331667857815536
2665	0.48331667857815536
2666	0.48331667857815536
2667	0.48331667857815536
2668	0.48331667857815536
2669	0.48331667857815536
2670	0.48331667857815536
2671	0.48331667857815536
2672	0.48331667857815536
2673	0.48331667857815536
2674	0.48331667857815536
2675	0.48331667857815536
2676	0.48331667857815536
2677	0.48331667857815536
2678	0.48331667857815536
2679	0.48331667857815536
2680	0.48331667857815536
2681	0.48331667857815536
2682	0.48331667857815536
2683	0.48331667857815536
2684	0.48331667857815536
2685	0.48331667857815536
2686	0.48331667857815536
2687	0.48331667857815536
2688	0.48331667857815536
2689	0.48331667857815536
2690	0.48331667857815536
2691	0.48331667857815536
2692	0.48331667857815536
2693	0.48331667857815536
2694	0.48331667857815536
2695	0.48331667857815536
2696	0.48331667857815536
2697	0.48331667857815536
2698	0.48331667857815536
2699	0.48331667857815536
2700	0.48331667857815536
2701	0.48331667857815536
2702	0.48331667857815536
2703	0.48331667857815536
2704	0.48331667857815536
2705	0.48331667857815536
2706	0.48331667857815536
2707	0.48331667857815536
2708	0.48331667857815536
2709	0.48331667857815536
2710	0.48331667857815536
2711	0.48331667857815536
2712	0.48331667857815536
2713	0.48331667857815536
2714	0.48331667857815536
2715	0.48331667857815536
2716	0.48331667857815536
2717	0.48331667857815536
2718	0.48331667857815536
2719	0.48331667857815536
2720	0.48331667857815536
2721	0.48331667857815536
2722	0.48331667857815536
2723	0.48331667857815536
2724	0.48331667857815536
2725	0.48331667857815536
2726	0.48331667857815536
2727	0.48331667857815536
2728	0.48331667857815536
2729	0.48331667857815536
2730	0.48331667857815536
2731	0.48331667857815536
2732	0.48331667857815536
2733	0.48331667857815536
2734	0.48331667857815536
2735	0.48331667857815536
2736	0.48331667857815536
2737	0.48331667857815536
2738	0.48331667857815536
2739	0.48331667857815536
2740	0.48331667857815536
2741	0.48331667857815536
2742	0.48331667857815536
2743	0.48331667857815536
2744	0.48331667857815536
2745	0.48331667857815536
2746	0.48331667857815536
2747	0.48331667857815536
2748	0.48331667857815536
2749	0.48331667857815536
2750	0.48331667857815536
2751	0.48331667857815536
2752	0.48331667857815536
2753	0.48331667857815536
2754	0.48331667857815536
2755	0.48331667857815536
2756	0.48331667857815536
2757	0.48331667857815536
2758	0.48331667857815536
2759	0.48331667857815536
2760	0.48331667857815536
2761	0.48331667857815536
2762	0.48331667857815536
2763	0.48331667857815536
2764	0.48331667857815536
2765	0.48331667857815536
2766	0.48331667857815536
2767	0.48331667857815536
2768	0.48331667857815536
2769	0.48331667857815536
2770	0.48331667857815536
2771	0.48331667857815536
2772	0.48331667857815536
2773	0.48331667857815536
2774	0.48331667857815536
2775	0.48331667857815536
2776	0.48331667857815536
2777	0.48331667857815536
2778	0.48331667857815536
2779	0.48331667857815536
2780	0.48331667857815536
2781	0.48331667857815536
2782	0.48331667857815536
2783	0.48331667857815536
2784	0.48331667857815536
2785	0.48331667857815536
2786	0.48331667857815536
2787	0.48331667857815536
2788	0.48331667857815536
2789	0.48331667857815536
2790	0.48331667857815536
2791	0.48331667857815536
2792	0.48331667857815536
2793	0.48331667857815536
2794	0.48331667857815536
2795	0.48331667857815536
2796	0.48331667857815536
2797	0.48331667857815536
2798	0.48331667857815536
2799	0.48331667857815536
2800	0.48331667857815536
2801	0.48331667857815536
2802	0.48331667857815536
2803	0.48331667857815536
2804	0.48331667857815536
2805	0.48331667857815536
2806	0.48331667857815536
2807	0.48331667857815536
2808	0.48331667857815536
2809	0.48331667857815536
2810	0.48331667857815536
2811	0.48331667857815536
2812	0.48331667857815536
2813	0.48331667857815536
2814	0.48331667857815536
2815	0.48331667857815536
2816	0.48331667857815536
2817	0.48331667857815536
2818	0.48331667857815536
2819	0.48331667857815536
2820	0.48331667857815536
2821	0.48331667857815536
2822	0.48331667857815536
2823	0.48331667857815536
2824	0.48331667857815536
2825	0.48331667857815536
2826	0.48331667857815536
2827	0.48331667857815536
2828	0.48331667857815536
2829	0.48331667857815536
2830	0.48331667857815536
2831	0.48331667857815536
2832	0.48331667857815536
2833	0.48331667857815536
2834	0.48331667857815536
2835	0.48331667857815536
2836	0.48331667857815536
2837	0.48331667857815536
2838	0.48331667857815536
2839	0.48331667857815536
2840	0.48331667857815536
2841	0.48331667857815536
2842	0.48331667857815536
2843	0.48331667857815536
2844	0.48331667857815536
2845	0.48331667857815536
2846	0.48331667857815536
2847	0.48331667857815536
2848	0.48331667857815536
2849	0.48331667857815536
2850	0.48331667857815536
2851	0.48331667857815536
2852	0.48331667857815536
2853	0.48331667857815536
2854	0.48331667857815536
2855	0.48331667857815536
2856	0.48331667857815536
2857	0.48331667857815536
2858	0.48331667857815536
2859	0.48331667857815536
2860	0.48331667857815536
2861	0.48331667857815536
2862	0.48331667857815536
2863	0.48331667857815536
2864	0.48331667857815536
2865	0.48331667857815536
2866	0.48331667857815536
2867	0.48331667857815536
2868	0.48331667857815536
2869	0.48331667857815536
2870	0.48331667857815536
2871	0.48331667857815536
2872	0.48331667857815536
2873	0.48331667857815536
2874	0.48331667857815536
2875	0.48331667857815536
2876	0.48331667857815536
2877	0.48331667857815536
2878	0.48331667857815536
2879	0.48331667857815536
2880	0.48331667857815536
2881	0.48331667857815536
2882	0.48331667857815536
2883	0.48331667857815536
2884	0.48331667857815536
2885	0.48331667857815536
2886	0.48331667857815536
2887	0.48331667857815536
2888	0.48331667857815536
2889	0.48331667857815536
2890	0.48331667857815536
2891	0.48331667857815536
2892	0.48331667857815536
2893	0.48331667857815536
2894	0.48331667857815536
2895	0.48331667857815536
2896	0.48331667857815536
2897	0.48331667857815536
2898	0.48331667857815536
2899	0.48331667857815536
2900	0.48331667857815536
2901	0.48331667857815536
2902	0.48331667857815536
2903	0.48331667857815536
2904	0.48331667857815536
2905	0.48331667857815536
2906	0.48331667857815536
2907	0.48331667857815536
2908	0.48331667857815536
2909	0.48331667857815536
2910	0.48331667857815536
2911	0.48331667857815536
2912	0.48331667857815536
2913	0.48331667857815536
2914	0.48331667857815536
2915	0.48331667857815536
2916	0.48331667857815536
2917	0.48331667857815536
2918	0.48331667857815536
2919	0.48331667857815536
2920	0.48331667857815536
2921	0.48331667857815536
2922	0.48331667857815536
2923	0.48331667857815536
2924	0.48331667857815536
2925	0.48331667857815536
2926	0.48331667857815536
2927	0.48331667857815536
2928	0.48331667857815536
2929	0.48331667857815536
2930	0.48331667857815536
2931	0.48331667857815536
2932	0.48331667857815536
2933	0.48331667857815536
2934	0.48331667857815536
2935	0.48331667857815536
2936	0.48331667857815536
2937	0.48331667857815536
2938	0.48331667857815536
2939	0.48331667857815536
2940	0.48331667857815536
2941	0.48331667857815536
2942	0.48331667857815536
2943	0.48331667857815536
2944	0.48331667857815536
2945	0.48331667857815536
2946	0.48331667857815536
2947	0.48331667857815536
2948	0.48331667857815536
2949	0.48331667857815536
2950	0.48331667857815536
2951	0.48331667857815536
2952	0.48331667857815536
2953	0.48331667857815536
2954	0.48331667857815536
2955	0.48331667857815536
2956	0.48331667857815536
2957	0.48331667857815536
2958	0.48331667857815536
2959	0.48331667857815536
2960	0.48331667857815536
2961	0.48331667857815536
2962	0.48331667857815536
2963	0.48331667857815536
2964	0.48331667857815536
2965	0.48331667857815536
2966	0.4833166785781552
2967	0.4833166785781552
2968	0.4833166785781552
2969	0.4833166785781552
2970	0.4833166785781552
2971	0.4833166785781552
2972	0.4833166785781552
2973	0.4833166785781552
2974	0.4833166785781552
2975	0.4833166785781552
2976	0.4833166785781552
2977	0.4833166785781552
2978	0.4833166785781552
2979	0.4833166785781552
2980	0.4833166785781552
2981	0.4833166785781552
2982	0.4833166785781552
2983	0.4833166785781552
2984	0.4833166785781552
2985	0.4833166785781552
2986	0.4833166785781552
2987	0.4833166785781552
2988	0.4833166785781552
2989	0.4833166785781552
2990	0.4833166785781552
2991	0.4833166785781552
2992	0.4833166785781552
2993	0.4833166785781552
2994	0.4833166785781552
2995	0.4833166785781552
2996	0.4833166785781552
2997	0.4833166785781552
2998	0.4833166785781552
2999	0.4833166785781552
3000	0.4833166785781552
