1	4.0981170225264996E8
2	3.066501394658387E8
3	2.5067553075151893E8
4	1.9018306019997337E8
5	1.6605653842577133E8
6	1.3011363799460228E8
7	1.1121699081009617E8
8	1.0046727377944104E8
9	8.371404767823878E7
10	7.220369661384252E7
11	5.8055458318946004E7
12	4.8662572425398074E7
13	4.133540307704466E7
14	3.480934372797282E7
15	2.819837800038631E7
16	2.4634223430769242E7
17	1.939669663153815E7
18	1.4399730535594631E7
19	1.1671072727308977E7
20	9837024.322262911
21	8148248.285054911
22	6348464.120313818
23	5857641.470503932
24	4765598.120497825
25	3994812.5495211566
26	3619632.8639517715
27	3092570.718131851
28	2538058.173782042
29	2230598.831622756
30	1644457.6521595104
31	1248729.392810654
32	877842.5529496458
33	676944.8352618224
34	503910.42111385893
35	430254.10987682774
36	356484.58213650226
37	269432.3829036227
38	191607.7696003195
39	139229.95655925976
40	110354.51589189317
41	93677.60746472601
42	78293.75799182153
43	59621.74632221643
44	40921.50451121991
45	35567.6626040735
46	25584.493446632096
47	17952.867069738866
48	13084.364074652822
49	11249.04802717318
50	5383.073336945479
51	4517.0379408786
52	3554.6819593538153
53	2752.105178166238
54	1523.4787580779941
55	1110.7657741977264
56	1036.1618489678299
57	766.1521802770197
58	669.1824202266836
59	521.1473002581855
60	419.79668456433524
61	245.85258817881993
62	186.23251541240384
63	87.35351009483203
64	79.82696103408334
65	37.437192901809276
66	36.15366470286664
67	31.625387896285027
68	28.575210648294725
69	27.83433429448946
70	19.408665624175164
71	18.666443883025217
72	17.776134186566125
73	17.419695166449763
74	16.72106720173116
75	16.103791369081723
76	15.626366279477804
77	14.909907257766783
78	14.462076663580557
79	13.772389797410941
80	13.011692945483906
81	12.625562163325206
82	11.994062953267106
83	11.54338232027883
84	11.093262891471644
85	10.689678413145954
86	10.289738249104369
87	10.136122181149068
88	9.855197765007807
89	9.3882454295962
90	9.076295670752991
91	8.828547296946901
92	8.671131158581407
93	8.516639831000935
94	8.32119167636237
95	8.101005080455657
96	7.824602942772327
97	7.266365413370575
98	7.174105395424731
99	6.940053864169846
100	6.820076890033123
101	6.688225109158562
102	6.479147949764388
103	6.407251867867291
104	6.192597603502092
105	5.927100455492239
106	5.73769076666677
107	5.595628058571803
108	5.396416507532534
109	5.196618168923015
110	5.049322327455334
111	4.75671540137752
112	4.646150930843984
113	4.54171437843228
114	4.457784820471915
115	4.3439460172307145
116	4.292954078606848
117	4.127403728176421
118	4.061859548974907
119	3.8815954389489593
120	3.765225648486559
121	3.7144410555903784
122	3.547648199915874
123	3.4711874830790577
124	3.3492396442496633
125	3.2268769612427444
126	3.161167197094908
127	3.076069028729206
128	3.025229301514295
129	2.971054524901439
130	2.833818034089389
131	2.797050956452401
132	2.737501305239894
133	2.691678591847293
134	2.6091533252824046
135	2.554358499864053
136	2.458187575349855
137	2.4178293295302025
138	2.347111962346098
139	2.2536491237234846
140	2.1915895135421786
141	2.143879855055289
142	2.1165943736245447
143	2.096743955799278
144	2.0210077533725164
145	1.990914942232778
146	1.9665980023588268
147	1.9468956034356066
148	1.8719346638841323
149	1.8326185984103354
150	1.7948899407129137
151	1.776601499102984
152	1.7586495473606705
153	1.7299270534113842
154	1.6916033082862705
155	1.669456426289776
156	1.6431781494631197
157	1.6321827922712469
158	1.6114039651855954
159	1.5689434311417838
160	1.550915237135282
161	1.5214662559428997
162	1.48662469515139
163	1.4629160614747052
164	1.450412339872653
165	1.4274710919814715
166	1.4105670654670868
167	1.3804796517013147
168	1.3479290069188994
169	1.3247701134183274
170	1.2976197208911213
171	1.2846448418234222
172	1.274447560375583
173	1.2595247096930853
174	1.2507982358232075
175	1.2347192128774485
176	1.2255892579212257
177	1.2032299398785242
178	1.1778419538360327
179	1.1717977692014716
180	1.1525005824105932
181	1.1377891353382654
182	1.1235439226364783
183	1.113150187651363
184	1.1078452733318895
185	1.0979399982418594
186	1.0871756773806212
187	1.0816767973673929
188	1.0693167763094764
189	1.0558657221957248
190	1.0435478804958855
191	1.0289837552462688
192	1.0183933490024077
193	1.0085922247444454
194	1.0003547527962533
195	0.9932605804745572
196	0.9866949474644667
197	0.97891138159362
198	0.9730842386259374
199	0.9674182745130492
200	0.9572510350408127
201	0.9494414558874406
202	0.9425767614720558
203	0.9328609689213502
204	0.9295375320604451
205	0.9236414453017778
206	0.9160499684384197
207	0.9038682823700256
208	0.8990632699932978
209	0.8926676647770929
210	0.8839336664666365
211	0.8741578302892593
212	0.8690140455621321
213	0.8623293591999556
214	0.8575175320768176
215	0.8519150279791868
216	0.8463521693735544
217	0.8400272307942526
218	0.8317597108401462
219	0.8286995321373983
220	0.8171735313523963
221	0.8093760393975448
222	0.8026211852480453
223	0.7930923093734946
224	0.7873501507007448
225	0.780257759441374
226	0.7762312642068931
227	0.7695274266494808
228	0.7647836114085196
229	0.7579038211717302
230	0.7512208591795297
231	0.7452966488841797
232	0.7424421362894815
233	0.7353574695454087
234	0.7299514924386918
235	0.7243484967628785
236	0.7198778829794796
237	0.714830932208364
238	0.711603435914018
239	0.7082911379115214
240	0.7047437510976785
241	0.7019140980381899
242	0.6968520103937215
243	0.6925964016252357
244	0.6863743756898232
245	0.683135670233771
246	0.6783260395782464
247	0.6747937419110654
248	0.6690127840863944
249	0.6653197126128005
250	0.6603461058222196
251	0.6549320497832876
252	0.6509452169279974
253	0.646595127446692
254	0.6418201083517567
255	0.6376174421292069
256	0.6326558841857798
257	0.626210747949949
258	0.6208532221121251
259	0.6147292211575014
260	0.6080468559676595
261	0.6021412130841756
262	0.5965973005607801
263	0.5915156162714302
264	0.5853600661768537
265	0.5774214333333363
266	0.5734276381110599
267	0.5674638834616291
268	0.5627259688292315
269	0.5586382988817461
270	0.5551450313871735
271	0.552415414725994
272	0.5471141035730164
273	0.542384784387196
274	0.5370909226549929
275	0.5310443494417204
276	0.5272345265362778
277	0.5217666727165452
278	0.5165358731212956
279	0.5103526854799737
280	0.5065027665980399
281	0.5023587890787328
282	0.4985258980529684
283	0.49535690233710084
284	0.4919992860480889
285	0.4871298923472602
286	0.4850311028728331
287	0.48173877980097846
288	0.4779008625384148
289	0.4755410257821188
290	0.4728386033716226
291	0.4694115675267023
292	0.466050285592155
293	0.4623960660320989
294	0.4582514729850281
295	0.45421436494884726
296	0.44975003530810764
297	0.4451795577468614
298	0.4395321178005746
299	0.43319011816447694
300	0.4242673654311259
301	0.41487658242483305
302	0.4040691796032928
303	0.3942166381979917
304	0.38675407973848047
305	0.37917328081635104
306	0.3731323402058212
307	0.3665401989202993
308	0.36019843541468227
309	0.35370741240451137
310	0.3467686217505683
311	0.3412525378730829
312	0.3373644767318979
313	0.33518561931512664
314	0.332506027825188
315	0.32959975222781546
316	0.326779429539096
317	0.3238481326886911
318	0.3196647189767886
319	0.31572102504383415
320	0.3119620216952548
321	0.3076188943678473
322	0.30249861590008803
323	0.29677679184705025
324	0.29078962847509876
325	0.2838943770325607
326	0.2779061368056244
327	0.2710561472028839
328	0.2659445388349663
329	0.2631347604350466
330	0.2587840285450222
331	0.25560267878886284
332	0.2537424978055992
333	0.25116572363091383
334	0.2488245684362475
335	0.2459463295484552
336	0.24202907457613876
337	0.23737228548129946
338	0.23155196914012321
339	0.22735872507832017
340	0.22286091298034533
341	0.22001083613439207
342	0.21704255541935166
343	0.21343723175722734
344	0.21094616758051093
345	0.2091247552231624
346	0.20742100276873426
347	0.20598899411287067
348	0.20471733983888452
349	0.20314762743673132
350	0.2008410326128773
351	0.19758722720177355
352	0.195362397870096
353	0.1914491916202569
354	0.18725552394761857
355	0.182303240048628
356	0.17738014283338657
357	0.1682766336350205
358	0.15901051426556287
359	0.15326148073093085
360	0.1430690126022797
361	0.13337893855063737
362	0.12753432652596838
363	0.12524944030794585
364	0.12343700976835459
365	0.12193543036601152
366	0.12068376244609522
367	0.11926314126101147
368	0.11688884965948307
369	0.11471079244502407
370	0.1125999913824264
371	0.10983261607887639
372	0.1069825912660914
373	0.1037595264935648
374	0.1008326580841859
375	0.09914563715252547
376	0.09716285917099113
377	0.09626634468217582
378	0.09551088406384987
379	0.09417933709589464
380	0.09317360090801048
381	0.09191570073224711
382	0.09042824919638305
383	0.08873246289849766
384	0.08541295764989006
385	0.08270134019681684
386	0.0784177547931912
387	0.07432515979996655
388	0.0696719889590718
389	0.06482825760852591
390	0.06138348623549902
391	0.05943755065434905
392	0.057499064882546365
393	0.05556117178815955
394	0.05370413266398881
395	0.05150892525122124
396	0.04941857066949406
397	0.04702207045027088
398	0.04404006263148987
399	0.04081842215946589
400	0.03802080019347214
401	0.033766527507778706
402	0.030951177052152678
403	0.02783380042237525
404	0.02426461417951873
405	0.020048110840485345
406	0.0173083707009476
407	0.015551544684580624
408	0.015282388576858045
409	0.015103745267074095
410	0.015028003884607061
411	0.014945232936410795
412	0.014814935532895784
413	0.014699150418719517
414	0.014562069693130742
415	0.014409903288767543
416	0.014174758517632311
417	0.013812822495503864
418	0.013353678036066097
419	0.012915084527888691
420	0.01243756223274262
421	0.011912551897861893
422	0.011563971754466485
423	0.01149953298526404
424	0.011432528495285775
425	0.011339552303842688
426	0.01122625820364185
427	0.01110970861873485
428	0.010919904844331895
429	0.010728880953808664
430	0.010501369777962666
431	0.010258646445760989
432	0.009848081050732645
433	0.00948496830931699
434	0.009204799748644752
435	0.008892612309229848
436	0.008441128818233319
437	0.008002410952039438
438	0.007347450441930194
439	0.0064621621817716164
440	0.005636834398959808
441	0.004750606470489501
442	0.004152139358902538
443	0.003812971184083405
444	0.0034543242450244416
445	0.0034033631583495717
446	0.003338528869260046
447	0.003261937932322147
448	0.0031337849098958164
449	0.003000590000461048
450	0.002800145016574785
451	0.002524984119611583
452	0.00230155666944365
453	0.0020334987478918386
454	0.001702108606713697
455	0.0011916013336957707
456	6.99614374655268E-4
457	2.396202244428951E-4
458	1.2820806465820093E-4
459	6.791689025484242E-5
460	5.423503795485363E-5
461	5.318552407227826E-5
462	4.815924814817138E-5
463	4.6860049982903106E-5
464	4.351869376427912E-5
465	4.2167528189781475E-5
466	4.140055362697342E-5
467	3.739472836953253E-5
468	3.585985570674761E-5
469	2.9085402756019664E-5
470	2.7531623409588178E-5
471	2.643882304653077E-5
472	2.441890641367002E-5
473	2.3377257822893016E-5
474	2.2701344707772592E-5
475	2.1599318976637083E-5
476	2.124408514020894E-5
477	2.029062888804928E-5
478	1.9501188262116117E-5
479	1.9059962824604328E-5
480	1.792030046420581E-5
481	1.7401851251149307E-5
482	1.6634893225244102E-5
483	1.6214408082532536E-5
484	1.5562622369463136E-5
485	1.4707070728729773E-5
486	1.3829302148071629E-5
487	1.3163504187463609E-5
488	1.2112439371661872E-5
489	1.1622728754162982E-5
490	1.1201441095887824E-5
491	1.045014839262824E-5
492	9.917354339495522E-6
493	9.607333132803977E-6
494	9.294880777126219E-6
495	9.154694907046306E-6
496	8.727973390978556E-6
497	8.506735248257649E-6
498	8.188301048330267E-6
499	7.676016745630713E-6
500	7.409748170971225E-6
501	7.234954597890926E-6
502	6.965905424040816E-6
503	6.589342242036909E-6
504	6.543600386898355E-6
505	6.292569197473698E-6
506	6.1062070288285725E-6
507	5.961585929911873E-6
508	5.734008002869506E-6
509	5.4809989457805235E-6
510	5.208407051713646E-6
511	5.030563471530829E-6
512	4.927995351517927E-6
513	4.815744654651267E-6
514	4.6963554441136E-6
515	4.588054449676019E-6
516	4.4795867051442495E-6
517	4.321662272523001E-6
518	4.096733186500959E-6
519	3.964401449681224E-6
520	3.847390485014107E-6
521	3.641714911815625E-6
522	3.5162835871536293E-6
523	3.2982918427795974E-6
524	3.143731893344767E-6
525	2.8727907515033106E-6
526	2.4989859378286467E-6
527	2.408936451847006E-6
528	2.238495023660626E-6
529	2.1460179615320935E-6
530	1.9527129046748567E-6
531	1.9123185799934376E-6
532	1.8628694006178946E-6
533	1.8285918209416386E-6
534	1.8010324346131158E-6
535	1.7820936144402197E-6
536	1.717459841524085E-6
537	1.7015846850976152E-6
538	1.6607493630639083E-6
539	1.630863701898593E-6
540	1.6049294830211699E-6
541	1.5593032100840977E-6
542	1.5282897859199487E-6
543	1.4995385767990523E-6
544	1.447816196337457E-6
545	1.4061161105020986E-6
546	1.3829697070058183E-6
547	1.3393309020760323E-6
548	1.3131005821580229E-6
549	1.2865542184400783E-6
550	1.2299936732836193E-6
551	1.2044118398981945E-6
552	1.1696393522225173E-6
553	1.1348944807237522E-6
554	1.064781530790201E-6
555	9.837049278766748E-7
556	9.311959478960872E-7
557	8.684988019468247E-7
558	7.55153694734906E-7
559	6.922739963074958E-7
560	5.969283015130704E-7
561	5.043837080868344E-7
562	4.651296781549633E-7
563	4.439887349482022E-7
564	4.3114072357973085E-7
565	4.1825631466267227E-7
566	4.0891385755088597E-7
567	3.9927876199418795E-7
568	3.8926053992855783E-7
569	3.780762834028212E-7
570	3.697084283656165E-7
571	3.592477668053799E-7
572	3.4770803068664613E-7
573	3.314289952135453E-7
574	3.1894508666732257E-7
575	3.096505064576281E-7
576	2.94486869180593E-7
577	2.869989243716703E-7
578	2.826042362060053E-7
579	2.788991927830565E-7
580	2.7209387919664805E-7
581	2.6540098865532146E-7
582	2.5858384733182914E-7
583	2.556593213056331E-7
584	2.5073578533328956E-7
585	2.49261786014127E-7
586	2.450936412732931E-7
587	2.389307060365582E-7
588	2.3654495191871355E-7
589	2.3440999181853845E-7
590	2.31731295029108E-7
591	2.2996977593751334E-7
592	2.2552816684029602E-7
593	2.2077830712564463E-7
594	2.1879292294865872E-7
595	2.1688061524834847E-7
596	2.151681385963938E-7
597	2.129742333969652E-7
598	2.1109274273474387E-7
599	2.089701868459316E-7
600	2.0755441861677248E-7
601	2.0632188535798897E-7
602	2.0383441228904031E-7
603	2.0280449801122591E-7
604	2.013924492151059E-7
605	1.997425283545926E-7
606	1.9780956115279288E-7
607	1.9630880859383127E-7
608	1.9455731683354175E-7
609	1.920217700656095E-7
610	1.889114970263636E-7
611	1.8641818563769021E-7
612	1.8305003388194616E-7
613	1.7974971157491481E-7
614	1.7558868396210932E-7
615	1.6968782314089154E-7
616	1.6323721146206263E-7
617	1.5654921982921728E-7
618	1.434811078698497E-7
619	1.311957302622392E-7
620	1.1444412843245062E-7
621	9.528480868329444E-8
622	7.632938484847654E-8
623	5.814127930425987E-8
624	4.27245679746425E-8
625	4.0497294669119536E-8
626	3.8804028883963614E-8
627	3.773206682767995E-8
628	3.583161738252394E-8
629	3.3978492317344976E-8
630	3.1728458070626016E-8
631	2.8491390961100564E-8
632	2.3677550266499446E-8
633	2.0565465831205675E-8
634	1.5599688158417357E-8
635	1.0841228054275412E-8
636	8.992327369316143E-9
637	8.872193637613584E-9
638	8.406739247366054E-9
639	7.86920210771751E-9
640	7.602803021150708E-9
641	7.241348739190537E-9
642	6.862311919081525E-9
643	6.347089812490851E-9
644	5.9885258127169044E-9
645	5.785139597331783E-9
646	5.625635643946295E-9
647	5.5219607660606435E-9
648	5.397934407785658E-9
649	5.09640606410276E-9
650	4.986089160086233E-9
651	4.852075354357185E-9
652	4.7597465541228696E-9
653	4.681807336140139E-9
654	4.408104099772686E-9
655	4.322515577661149E-9
656	4.213587441255813E-9
657	4.061166915677464E-9
658	3.896790419419595E-9
659	3.6098451693163316E-9
660	3.505341151280869E-9
661	3.385511054036101E-9
662	3.184986135788842E-9
663	3.0178781220679667E-9
664	2.8698461590484894E-9
665	2.7773901984193994E-9
666	2.6223411575054744E-9
667	2.477894511830517E-9
668	2.36113791957037E-9
669	2.068591612381808E-9
670	1.9381633529845993E-9
671	1.8712146853025685E-9
672	1.7933973909022307E-9
673	1.5934025173234195E-9
674	1.5362462277229334E-9
675	1.461933667264844E-9
676	1.3707000977850614E-9
677	1.2563725478286586E-9
678	1.1847955132550603E-9
679	1.1170439440058623E-9
680	1.072151724701594E-9
681	1.013568506397401E-9
682	9.427394807346697E-10
683	9.099800396793437E-10
684	8.809691172764171E-10
685	8.212485721812503E-10
686	7.58573163866909E-10
687	7.406683122888174E-10
688	6.964729440334844E-10
689	6.787529983136888E-10
690	6.531121626763521E-10
691	6.242619319416062E-10
692	5.921889031468181E-10
693	5.544035683319563E-10
694	5.44635230586113E-10
695	5.319646884024126E-10
696	4.924710173043394E-10
697	4.783861916311417E-10
698	4.6447981299331503E-10
699	4.4713639780398525E-10
700	4.311458475742873E-10
701	4.1817422705683703E-10
702	4.0012109511033925E-10
703	3.8690835263783886E-10
704	3.7245302621526183E-10
705	3.6221450285442826E-10
706	3.481779026987255E-10
707	3.35131987639953E-10
708	3.242620077385898E-10
709	3.091769249238936E-10
710	3.0063530473706646E-10
711	2.9112711183451496E-10
712	2.815398694698987E-10
713	2.5964958782731883E-10
714	2.49116020483992E-10
715	2.382632189682819E-10
716	2.3012335708874042E-10
717	2.2548546449137786E-10
718	2.189434806764144E-10
719	2.0788975939990488E-10
720	2.0221119776679535E-10
721	1.8244745412795692E-10
722	1.7355794337109352E-10
723	1.606813752780214E-10
724	1.5693746427683175E-10
725	1.5272315359005494E-10
726	1.45247183999314E-10
727	1.3659416746708286E-10
728	1.318761668927178E-10
729	1.2492889104177344E-10
730	1.189442719994172E-10
731	1.1253642861237823E-10
732	1.0623719404224354E-10
733	1.0387535565677013E-10
734	1.003108893057221E-10
735	9.693080068600984E-11
736	9.339779523898668E-11
737	9.086913556681726E-11
738	8.773666011914769E-11
739	8.381252002402917E-11
740	8.240689103819041E-11
741	7.843591188007115E-11
742	7.404101572065377E-11
743	7.234796767156939E-11
744	7.130521574333686E-11
745	6.842518542710616E-11
746	6.647813307082513E-11
747	6.269696002505926E-11
748	6.110516579512805E-11
749	5.945532069222304E-11
750	5.6869386626902454E-11
751	5.436319258505787E-11
752	5.2402899717650456E-11
753	5.077955547996223E-11
754	4.95440178130704E-11
755	4.837775179411045E-11
756	4.4693795260311835E-11
757	4.181326265684277E-11
758	4.0578213449440126E-11
759	3.906856639543736E-11
760	3.7017650653320986E-11
761	3.643795739834049E-11
762	3.394030191373361E-11
763	3.3160456457663094E-11
764	3.2505549588675215E-11
765	3.113673177266667E-11
766	2.946692839197318E-11
767	2.8397757452720484E-11
768	2.7824513368862836E-11
769	2.6763695422128045E-11
770	2.5162867679459714E-11
771	2.4564313822594056E-11
772	2.4270395703883532E-11
773	2.33225002487259E-11
774	2.2333479977137446E-11
775	2.196958856380926E-11
776	2.112979356878006E-11
777	2.0417227617736424E-11
778	1.9758777127347008E-11
779	1.9257764465895943E-11
780	1.833697922588159E-11
781	1.738638203517743E-11
782	1.6854368741368905E-11
783	1.6081855334603242E-11
784	1.544842202346218E-11
785	1.5030352043841876E-11
786	1.4622671791991578E-11
787	1.4268060597667497E-11
788	1.3937582541726397E-11
789	1.3439873606903325E-11
790	1.3081413490295801E-11
791	1.256496177283162E-11
792	1.2067794665517057E-11
793	1.1663755917930337E-11
794	1.1442841931064689E-11
795	1.112949947061638E-11
796	1.0910798833079449E-11
797	1.063068796108002E-11
798	1.0009297241528777E-11
799	9.572844417889986E-12
800	9.377085655386182E-12
801	8.889008036496865E-12
802	8.547887115937852E-12
803	8.301253760315924E-12
804	7.838618582166968E-12
805	7.360772234396788E-12
806	7.16430848010626E-12
807	6.612470609808232E-12
808	6.3818922961626365E-12
809	6.101252927126301E-12
810	5.9389740194535E-12
811	5.7343594565036214E-12
812	5.622005582639065E-12
813	5.3450970635431735E-12
814	5.15248249857094E-12
815	4.85035833731817E-12
816	4.694808411594358E-12
817	4.597925272911325E-12
818	4.41973804074487E-12
819	4.238262287403461E-12
820	4.0823361552760746E-12
821	3.9937726304945785E-12
822	3.873742918567139E-12
823	3.793435056017799E-12
824	3.658069870716052E-12
825	3.542791161172115E-12
826	3.472404627152937E-12
827	3.375040203512111E-12
828	3.2444256845829662E-12
829	3.1701841099996754E-12
830	3.0928960946666032E-12
831	3.0302240351801694E-12
832	2.9422140822897676E-12
833	2.8336019140315962E-12
834	2.7977539888004117E-12
835	2.7304702135233887E-12
836	2.6392952637650427E-12
837	2.5591703561127344E-12
838	2.4632564498830106E-12
839	2.4301103062095615E-12
840	2.3830919148826073E-12
841	2.308402646638164E-12
842	2.2188933944421048E-12
843	2.1184101059958507E-12
844	1.993009264732167E-12
845	1.817577447456574E-12
846	1.7210839668273375E-12
847	1.5800107513526318E-12
848	1.4255510013503432E-12
849	1.319987660854762E-12
850	1.2042080632881687E-12
851	1.1069422862525727E-12
852	1.0103786814717894E-12
853	9.648560117216328E-13
854	8.982630306411891E-13
855	8.86171867590953E-13
856	8.395573197527649E-13
857	8.205437534672759E-13
858	7.988598128271442E-13
859	7.733959212975467E-13
860	7.338460037926274E-13
861	6.995620852638902E-13
862	6.78491344972358E-13
863	6.498605313032276E-13
864	5.98162293678234E-13
865	5.744273466495259E-13
866	5.352101846573713E-13
867	5.184059012621955E-13
868	4.940258019014719E-13
869	4.598589252060562E-13
870	4.250966052423311E-13
871	4.0302583246847533E-13
872	3.802470137360325E-13
873	3.4442125045148373E-13
874	3.326015839999275E-13
875	3.189563942486061E-13
876	3.1027365003619873E-13
877	3.023059590192381E-13
878	2.943857874955992E-13
879	2.874273672016983E-13
880	2.7097184793763655E-13
881	2.640273027817736E-13
882	2.535619813881461E-13
883	2.475022464585136E-13
884	2.4356136375983904E-13
885	2.377379266982306E-13
886	2.2524957374398158E-13
887	2.1743173206865635E-13
888	2.1180765226945868E-13
889	2.083322840511181E-13
890	2.0177310176367605E-13
891	1.9944873198389843E-13
892	1.9312697899992154E-13
893	1.8864488159990637E-13
894	1.8261639629709966E-13
895	1.7722819426113147E-13
896	1.7349692982054482E-13
897	1.667559198307733E-13
898	1.6394502043431378E-13
899	1.6010530923583848E-13
900	1.579610083679783E-13
901	1.556116852817387E-13
902	1.5233171135471535E-13
903	1.4933382617501197E-13
904	1.4492307236883643E-13
905	1.4198242260254566E-13
906	1.3807711545774077E-13
907	1.335483909192098E-13
908	1.2928959320181595E-13
909	1.2361780564405055E-13
910	1.1866708137213904E-13
911	1.1175254403814079E-13
912	1.0178627490562507E-13
913	9.240866820452898E-14
914	8.125598385021733E-14
915	7.359746119148439E-14
916	6.055396551959687E-14
917	5.269007216441E-14
918	4.2527121606740725E-14
919	3.794941634309666E-14
920	3.5921369967627533E-14
921	3.444269283297586E-14
922	3.2713294875184654E-14
923	3.013122641386351E-14
924	2.8829448273258307E-14
925	2.7442981650103722E-14
926	2.510879260358321E-14
927	2.333756864568165E-14
928	2.2798252891213866E-14
929	2.2195220916323563E-14
930	2.1025121681847138E-14
931	2.02235821761838E-14
932	1.9648826420516464E-14
933	1.879056949873834E-14
934	1.7771482902148694E-14
935	1.705588201329491E-14
936	1.579549990641616E-14
937	1.4993592611695564E-14
938	1.456551417712788E-14
939	1.4034798552806333E-14
940	1.3482911452676734E-14
941	1.2746370099872184E-14
942	1.2110215744608264E-14
943	1.1615405006728349E-14
944	1.1190906017072556E-14
945	1.0828516348600641E-14
946	1.0439534002131158E-14
947	9.863229505485325E-15
948	9.602938364984527E-15
949	9.311586064972113E-15
950	8.707702296661686E-15
951	8.237751324379509E-15
952	7.927522286123666E-15
953	7.596117177052215E-15
954	7.137849573411777E-15
955	6.634298740387409E-15
956	6.5496364920394156E-15
957	6.231961594917759E-15
958	5.878632430072475E-15
959	5.6468100061783625E-15
960	5.344469186177942E-15
961	5.055618240828392E-15
962	4.932172484283217E-15
963	4.718321095373403E-15
964	4.5905897222505E-15
965	4.447747198277881E-15
966	4.2999105389053624E-15
967	4.190506015189802E-15
968	4.034308697845356E-15
969	3.855244072631301E-15
970	3.6881053920530215E-15
971	3.481491127181077E-15
972	3.375938402048688E-15
973	3.2541525420448834E-15
974	3.1866931309024083E-15
975	3.0172693920835184E-15
976	2.955635267464974E-15
977	2.9008939428722352E-15
978	2.718322940744631E-15
979	2.5955598895687273E-15
980	2.541651971024812E-15
981	2.285353201209198E-15
982	2.2385738210557906E-15
983	2.212482834179849E-15
984	2.1529577443285577E-15
985	2.0464772631316715E-15
986	1.9841901890928344E-15
987	1.891486894041688E-15
988	1.8422395852352366E-15
989	1.7257603504842227E-15
990	1.6351248243796813E-15
991	1.5231002388037893E-15
992	1.47652097087154E-15
993	1.3773954421242132E-15
994	1.309822343190079E-15
995	1.275649561126513E-15
996	1.2277104621713946E-15
997	1.1803008927886096E-15
998	1.1193574067572863E-15
999	1.0473407195232612E-15
1000	9.634886748358866E-16
1001	9.386524705669813E-16
1002	9.28515881013176E-16
1003	8.853857738922387E-16
1004	8.584383304284364E-16
1005	8.371937557255117E-16
1006	8.170941254803413E-16
1007	7.875779406059187E-16
1008	7.440077333666831E-16
1009	7.304133118205904E-16
1010	7.08039279360989E-16
1011	6.845899009772502E-16
1012	6.57159656969865E-16
1013	6.358497795087552E-16
1014	6.158552286858134E-16
1015	6.061969117482997E-16
1016	5.964870491929495E-16
1017	5.704072807125612E-16
1018	5.552742658251007E-16
1019	5.36028532323781E-16
1020	5.133829413097123E-16
1021	5.078144423914367E-16
1022	4.895852837227863E-16
1023	4.677315913468264E-16
1024	4.529325933421442E-16
1025	4.4279942374130347E-16
1026	4.3902712408318313E-16
1027	4.303243913942348E-16
1028	4.18005890103695E-16
1029	4.0567731019827734E-16
1030	3.9517508212962684E-16
1031	3.854820588505074E-16
1032	3.755894540264696E-16
1033	3.5088280243138945E-16
1034	3.438917489608512E-16
1035	3.3599498220944956E-16
1036	3.1671049284451788E-16
1037	3.067378830104921E-16
1038	3.006831268446914E-16
1039	2.9322902397263717E-16
1040	2.8127752099998834E-16
1041	2.721847567403788E-16
1042	2.6041798464762256E-16
1043	2.470661862161066E-16
1044	2.420055482844513E-16
1045	2.31240685500441E-16
1046	2.1600372160254069E-16
1047	2.0350261979976003E-16
1048	1.9046661756786098E-16
1049	1.6662789806790276E-16
1050	1.4405727662006398E-16
1051	1.2972149747006753E-16
1052	9.889213674443323E-17
1053	8.871267071015521E-17
1054	7.663589939240371E-17
1055	7.427231460982719E-17
1056	6.828885267420953E-17
1057	6.624380230184789E-17
1058	6.189941703314E-17
1059	6.031139802170382E-17
1060	5.745815830005166E-17
1061	5.581700775945982E-17
1062	5.314752483434601E-17
1063	5.210322055408853E-17
1064	5.074822906533331E-17
1065	4.846671772386425E-17
1066	4.49494700790363E-17
1067	4.178707255928445E-17
1068	4.011502144667578E-17
1069	3.6763453609513116E-17
1070	3.5031420142697224E-17
1071	3.282724483394604E-17
1072	3.1177276207914085E-17
1073	2.990195262225501E-17
1074	2.81703926013025E-17
1075	2.7534694940979818E-17
1076	2.5746821938498882E-17
1077	2.4447056910352076E-17
1078	2.372666215382526E-17
1079	2.326349125650314E-17
1080	2.2012120463429037E-17
1081	2.114929069572963E-17
1082	1.999621032572298E-17
1083	1.9179418624326524E-17
1084	1.8607606437517342E-17
1085	1.797078005335715E-17
1086	1.7305620567949703E-17
1087	1.6295644873164462E-17
1088	1.5663731581992585E-17
1089	1.5370216528136213E-17
1090	1.446299287460416E-17
1091	1.4258936126311516E-17
1092	1.3585223626585977E-17
1093	1.2759180498907474E-17
1094	1.2357315691301331E-17
1095	1.1846371352486391E-17
1096	1.1024239167841337E-17
1097	1.0739308380795162E-17
1098	1.0609120522900839E-17
1099	1.0321732159321061E-17
1100	9.999892662933795E-18
1101	9.669269531246827E-18
1102	9.373852439133425E-18
1103	8.951466862274489E-18
1104	8.78405028820509E-18
1105	8.507673568307795E-18
1106	8.346905363604547E-18
1107	8.113954991514768E-18
1108	7.831951331281059E-18
1109	7.504746246610538E-18
1110	7.420392523473824E-18
1111	7.111190598761238E-18
1112	6.865092994890806E-18
1113	6.604901525579598E-18
1114	6.335801763689257E-18
1115	6.115643117349264E-18
1116	6.035348407660893E-18
1117	5.718405972638439E-18
1118	5.4090813854163586E-18
1119	5.255822758535343E-18
1120	5.204152599049125E-18
1121	4.962434317494563E-18
1122	4.763766648570891E-18
1123	4.4209366778912965E-18
1124	4.240262776358485E-18
1125	4.10275303296018E-18
1126	3.9947255209628745E-18
1127	3.945636662564634E-18
1128	3.772504041757833E-18
1129	3.627465903953308E-18
1130	3.537926513790384E-18
1131	3.367325172464958E-18
1132	3.327062731666696E-18
1133	3.207057920256565E-18
1134	3.0726105896366777E-18
1135	3.0252456745249073E-18
1136	2.8659062738105415E-18
1137	2.7756216552912894E-18
1138	2.6924662764113763E-18
1139	2.5910430263331698E-18
1140	2.533230974600786E-18
1141	2.4044744464993293E-18
1142	2.3479356146267462E-18
1143	2.254835500188258E-18
1144	2.1784616230693408E-18
1145	2.144035058642319E-18
1146	2.0768888934902085E-18
1147	1.9975200513056858E-18
1148	1.8783237143042877E-18
1149	1.8096032329386157E-18
1150	1.773119737681664E-18
1151	1.6433571194583153E-18
1152	1.5891873776444927E-18
1153	1.5026931872339367E-18
1154	1.4640004347191029E-18
1155	1.392903086532016E-18
1156	1.3270822671576772E-18
1157	1.2614231803827355E-18
1158	1.191193931991851E-18
1159	1.1538105629045804E-18
1160	1.0328353683549495E-18
1161	1.0083759822121414E-18
1162	9.554813683304429E-19
1163	9.258862690798293E-19
1164	8.931276144768847E-19
1165	8.272122058627307E-19
1166	8.04269571308877E-19
1167	7.89896241701588E-19
1168	7.527574538341111E-19
1169	7.072230325704175E-19
1170	6.898673983621749E-19
1171	6.706981033314284E-19
1172	6.41028916338533E-19
1173	6.248738651058922E-19
1174	5.939690594644534E-19
1175	5.605805306201967E-19
1176	5.424598555207768E-19
1177	5.295059172878388E-19
1178	5.253831595888575E-19
1179	5.142539209011937E-19
1180	4.978080376236267E-19
1181	4.816472890812134E-19
1182	4.680484320099735E-19
1183	4.549484193503515E-19
1184	4.4771767602641205E-19
1185	4.307721423743319E-19
1186	4.218254356957956E-19
1187	4.06071299208544E-19
1188	3.9286312484981525E-19
1189	3.8860948152110603E-19
1190	3.7363634245894285E-19
1191	3.605143353211128E-19
1192	3.537761010176838E-19
1193	3.4636905815798307E-19
1194	3.391095941796413E-19
1195	3.307173348567467E-19
1196	3.192197831255485E-19
1197	3.133445360573859E-19
1198	3.009640728298487E-19
1199	2.873543235441451E-19
1200	2.7895609848588434E-19
1201	2.680365673271346E-19
1202	2.62180028815432E-19
1203	2.5149684102688443E-19
1204	2.4418847714321215E-19
1205	2.3010873737247666E-19
1206	2.2170246052740416E-19
1207	2.171254346134171E-19
1208	2.096786361760683E-19
1209	2.0391675640426801E-19
1210	1.927830777413436E-19
1211	1.882128424021285E-19
1212	1.8044224082873323E-19
1213	1.777185504179053E-19
1214	1.7127678335565888E-19
1215	1.670427418466216E-19
1216	1.6387436876394497E-19
1217	1.5431729787508737E-19
1218	1.5070602481843207E-19
1219	1.4806963029106485E-19
1220	1.4310041085044151E-19
1221	1.3695644898334647E-19
1222	1.3159631166857253E-19
1223	1.2555892072093008E-19
1224	1.1765177184619684E-19
1225	1.1082536057238431E-19
1226	1.0527199909506282E-19
1227	1.0111702309105299E-19
1228	9.232003756249064E-20
1229	8.415215184639804E-20
1230	7.779591651484143E-20
1231	7.446659005865889E-20
1232	7.127013857980361E-20
1233	6.887848215564107E-20
1234	6.409257998146782E-20
1235	6.161810360349059E-20
1236	5.429120675125416E-20
1237	4.9838240628685674E-20
1238	4.6499127053081696E-20
1239	4.3778361527098704E-20
1240	4.0663036461562254E-20
1241	3.7325358929046346E-20
1242	3.48202491298877E-20
1243	3.076424201936675E-20
1244	2.8439699268111304E-20
1245	2.758682634158078E-20
1246	2.5384876998392544E-20
1247	2.4781094605077975E-20
1248	2.38825279419366E-20
1249	2.2416439175249893E-20
1250	2.149559378051982E-20
1251	2.0850305311663672E-20
1252	2.019947451136386E-20
1253	1.8819403083657214E-20
1254	1.761551496693298E-20
1255	1.6345751815289972E-20
1256	1.562809217002508E-20
1257	1.506005198783932E-20
1258	1.4055205735726023E-20
1259	1.2948821346656848E-20
1260	1.216027435172584E-20
1261	1.182065223616273E-20
1262	1.1456515733691387E-20
1263	1.083175524781977E-20
1264	1.0518827438308119E-20
1265	1.023715899876401E-20
1266	9.702507883534488E-21
1267	9.046422553605201E-21
1268	8.693595420720978E-21
1269	8.420005658340514E-21
1270	8.052780193604459E-21
1271	7.836629475591458E-21
1272	7.479677596049229E-21
1273	6.888312387245472E-21
1274	6.644374603885254E-21
1275	6.46132042410576E-21
1276	6.2540649022027596E-21
1277	5.916570356943146E-21
1278	5.6587236812332755E-21
1279	5.600291449937973E-21
1280	5.229271256541433E-21
1281	5.073998144496123E-21
1282	4.795069316418798E-21
1283	4.703446035099814E-21
1284	4.571784346221275E-21
1285	4.466385758117736E-21
1286	4.406089274028444E-21
1287	4.1465558901521356E-21
1288	3.944491936891527E-21
1289	3.8833105013521115E-21
1290	3.7546775570713074E-21
1291	3.644805962108695E-21
1292	3.558040548315609E-21
1293	3.426818067808289E-21
1294	3.2622749589008458E-21
1295	3.1386034433478456E-21
1296	3.098619180788632E-21
1297	3.048922654067702E-21
1298	2.9035617844358535E-21
1299	2.8696715767323267E-21
1300	2.826316316024843E-21
1301	2.690962512676652E-21
1302	2.616868049886887E-21
1303	2.5275258776390974E-21
1304	2.35449600214471E-21
1305	2.327129758639524E-21
1306	2.1956267027782636E-21
1307	2.1032812806662747E-21
1308	1.992373481089767E-21
1309	1.8879408963942166E-21
1310	1.8241074657881744E-21
1311	1.7880337243267138E-21
1312	1.7388117955975228E-21
1313	1.704451738044306E-21
1314	1.6599359035141063E-21
1315	1.6336529258806623E-21
1316	1.6136684190724162E-21
1317	1.574086247101664E-21
1318	1.5070724705632217E-21
1319	1.4709716456403066E-21
1320	1.4455252107868465E-21
1321	1.4322371850245086E-21
1322	1.3758512415900692E-21
1323	1.3492374074996496E-21
1324	1.2831684181062792E-21
1325	1.2701094121227833E-21
1326	1.2531022627455972E-21
1327	1.2351508082331705E-21
1328	1.208881725649769E-21
1329	1.2021743798628602E-21
1330	1.1722304535982847E-21
1331	1.1461049011003782E-21
1332	1.1174339088461684E-21
1333	1.0851717328813813E-21
1334	1.0660648784492169E-21
1335	1.042140992668495E-21
1336	1.0240743187069072E-21
1337	1.0117030384977706E-21
1338	9.9556107164253E-22
1339	9.757264572706924E-22
1340	9.574807296155935E-22
1341	9.450638706072237E-22
1342	9.297958173567993E-22
1343	9.101156187872712E-22
1344	8.96679505980703E-22
1345	8.722220371899843E-22
1346	8.600270352157587E-22
1347	8.582081269154682E-22
1348	8.515681066819846E-22
1349	8.26158496021873E-22
1350	8.158186227743752E-22
1351	8.046369704633862E-22
1352	7.776986079290858E-22
1353	7.522566721454801E-22
1354	7.278758297584702E-22
1355	7.012556692572493E-22
1356	6.685739837116522E-22
1357	6.231336145777888E-22
1358	5.612171765565277E-22
1359	5.272265312546734E-22
1360	4.412815184994488E-22
1361	3.723954955183458E-22
1362	3.166622465256114E-22
1363	2.51146886282839E-22
1364	1.945640011074079E-22
1365	1.619594082425882E-22
1366	1.394211570452792E-22
1367	1.158372035141631E-22
1368	1.0234326826711007E-22
1369	9.081058670793825E-23
1370	8.191019462835647E-23
1371	7.72144362509831E-23
1372	7.044911354818235E-23
1373	6.696982311921979E-23
1374	6.155324377833503E-23
1375	6.017044599335108E-23
1376	5.700318701085258E-23
1377	5.557470424698754E-23
1378	5.451933561468024E-23
1379	5.305937888405662E-23
1380	5.166065915036229E-23
1381	4.956560361694734E-23
1382	4.832264104518243E-23
1383	4.6510609322890887E-23
1384	4.474274967381169E-23
1385	4.205068670816945E-23
1386	4.123767477395621E-23
1387	3.757118392676153E-23
1388	3.593372361356269E-23
1389	3.4502941194325404E-23
1390	3.235608315972389E-23
1391	2.983933072944337E-23
1392	2.7163389303019464E-23
1393	2.517602470535563E-23
1394	2.272484426040554E-23
1395	2.0839071163266012E-23
1396	1.960183964240343E-23
1397	1.8978197225658244E-23
1398	1.8086593429241107E-23
1399	1.711438843173966E-23
1400	1.6235473550110716E-23
1401	1.530427676738376E-23
1402	1.501679352787864E-23
1403	1.413639420964464E-23
1404	1.3430430606264016E-23
1405	1.2505559620080928E-23
1406	1.192706480100928E-23
1407	1.123217127763093E-23
1408	1.091058778996657E-23
1409	1.0570723153594453E-23
1410	1.0036705075413412E-23
1411	9.792141144656236E-24
1412	9.165431858046237E-24
1413	9.036715576156925E-24
1414	8.753179312379672E-24
1415	8.418643698765152E-24
1416	8.097869605202398E-24
1417	7.908842235103925E-24
1418	7.788774586698329E-24
1419	7.568957027024525E-24
1420	7.293102016311194E-24
1421	7.14987557619604E-24
1422	6.787001634430362E-24
1423	6.4994264252818664E-24
1424	6.179857102354757E-24
1425	6.07053915449308E-24
1426	5.74411595349964E-24
1427	5.485980998508943E-24
1428	5.4331975620245956E-24
1429	5.371748335294707E-24
1430	5.108723219549262E-24
1431	4.780863300193799E-24
1432	4.5913418651547644E-24
1433	4.417090562833331E-24
1434	4.179034014317773E-24
1435	4.1145304371877286E-24
1436	4.0104746503314115E-24
1437	3.84388961081901E-24
1438	3.774201645889217E-24
1439	3.615642210372796E-24
1440	3.577782305796096E-24
1441	3.50391072226483E-24
1442	3.3771611530612995E-24
1443	3.318354735141472E-24
1444	3.2126797418602762E-24
1445	3.0964940712524312E-24
1446	3.014748504850637E-24
1447	2.8884392406868994E-24
1448	2.8253403550156424E-24
1449	2.710604558054771E-24
1450	2.6088268530794838E-24
1451	2.514044257799261E-24
1452	2.4180233658076746E-24
1453	2.2718418445594958E-24
1454	2.158750153090853E-24
1455	1.9177220984180645E-24
1456	1.715997699545377E-24
1457	1.571521967483022E-24
1458	1.3656115050217731E-24
1459	1.1863807540954936E-24
1460	9.915018689096364E-25
1461	8.810141256710152E-25
1462	8.106949738404209E-25
1463	7.768144210185273E-25
1464	7.510047172733377E-25
1465	7.110227467033817E-25
1466	6.760189863495365E-25
1467	6.643420847770063E-25
1468	6.584028886059183E-25
1469	6.505983602963395E-25
1470	6.025396840975875E-25
1471	5.756293979317768E-25
1472	5.407983438914333E-25
1473	5.238334311613225E-25
1474	5.082193828380035E-25
1475	4.8915193355406625E-25
1476	4.743613736920716E-25
1477	4.543638743755056E-25
1478	4.42264854890521E-25
1479	4.232203877840863E-25
1480	4.0249154112593403E-25
1481	3.7262034874440205E-25
1482	3.3796578207465135E-25
1483	3.2484883624857197E-25
1484	3.1567556261925146E-25
1485	2.9765462184663814E-25
1486	2.816965748299499E-25
1487	2.7303956233532285E-25
1488	2.633388666332392E-25
1489	2.5222693587800205E-25
1490	2.39646744596149E-25
1491	2.305372419436934E-25
1492	2.257758253683026E-25
1493	2.1680690006299884E-25
1494	2.04170896278967E-25
1495	1.9543511277763938E-25
1496	1.9008083550500176E-25
1497	1.832308581149078E-25
1498	1.7676112771140362E-25
1499	1.734413747419487E-25
1500	1.6533524605445377E-25
1501	1.4697565635977688E-25
1502	1.4419306735433302E-25
1503	1.4183981275991359E-25
1504	1.3706505779618503E-25
1505	1.2753390941491057E-25
1506	1.2212102912583494E-25
1507	1.1720258783149036E-25
1508	1.1300493300362058E-25
1509	1.0854814554598724E-25
1510	1.0352416862788385E-25
1511	1.0055423852578814E-25
1512	9.501754640328228E-26
1513	8.670199376861472E-26
1514	8.442439607644007E-26
1515	8.176957113267716E-26
1516	7.585865973085023E-26
1517	6.89289688280965E-26
1518	6.381022762002372E-26
1519	5.877793479917812E-26
1520	5.449463868109428E-26
1521	5.304099696633278E-26
1522	5.168413139951771E-26
1523	5.0254348200695443E-26
1524	4.735595699907702E-26
1525	4.5211287825688344E-26
1526	4.3121151291947915E-26
1527	4.0514001502439024E-26
1528	3.901160979179596E-26
1529	3.643562126385401E-26
1530	3.5810063252989256E-26
1531	3.465197721039989E-26
1532	3.3065991285587645E-26
1533	3.195706294264419E-26
1534	3.095267544622904E-26
1535	3.0207469005149856E-26
1536	2.783175472164597E-26
1537	2.7217983962906226E-26
1538	2.6005706319333635E-26
1539	2.524027803657176E-26
1540	2.4661142060490802E-26
1541	2.4316217551523283E-26
1542	2.350109565315847E-26
1543	2.2334415220647607E-26
1544	2.1709932833797786E-26
1545	2.0754218911094283E-26
1546	1.9708890961298167E-26
1547	1.9444854903285564E-26
1548	1.8945596033882314E-26
1549	1.8619612827592896E-26
1550	1.836719934928918E-26
1551	1.7603941423948025E-26
1552	1.7042107821782194E-26
1553	1.6056891208985614E-26
1554	1.5933589358452207E-26
1555	1.5568087697683217E-26
1556	1.535212076797524E-26
1557	1.479453165916225E-26
1558	1.4441659350176082E-26
1559	1.3851197157010629E-26
1560	1.3013140800138215E-26
1561	1.2598812688163879E-26
1562	1.234840800585655E-26
1563	1.1608677892536725E-26
1564	1.1401551452166032E-26
1565	1.111908159204142E-26
1566	1.0728194934508697E-26
1567	1.0150948881276772E-26
1568	9.667200549621835E-27
1569	9.530468356737383E-27
1570	8.972024480168829E-27
1571	8.856568904996404E-27
1572	8.719965386737116E-27
1573	8.284996321902263E-27
1574	7.774547632316135E-27
1575	7.285062850568256E-27
1576	6.695803977217615E-27
1577	5.961882722354008E-27
1578	5.611555605473177E-27
1579	5.063505989323355E-27
1580	4.530357604421253E-27
1581	4.242924480180173E-27
1582	4.1859554065253566E-27
1583	3.9685144399731946E-27
1584	3.805271319822101E-27
1585	3.5677681254500706E-27
1586	3.350911934872453E-27
1587	3.211710164890336E-27
1588	3.0512595633608126E-27
1589	2.8428041805673123E-27
1590	2.7068358117449913E-27
1591	2.5820800641573894E-27
1592	2.5211220351062736E-27
1593	2.4908803749535546E-27
1594	2.413067598288275E-27
1595	2.3166554478041295E-27
1596	2.214990952499887E-27
1597	2.1830088690876772E-27
1598	2.103545524139533E-27
1599	2.039673245887726E-27
1600	1.9977715732645877E-27
1601	1.904309984422642E-27
1602	1.8727281533816658E-27
1603	1.819697307837084E-27
1604	1.764765058447004E-27
1605	1.7368586900702093E-27
1606	1.6957579174205606E-27
1607	1.6476090292101295E-27
1608	1.6091265755433838E-27
1609	1.5713855535886801E-27
1610	1.5311585930239462E-27
1611	1.4523630700264808E-27
1612	1.404023561158982E-27
1613	1.3583294293573138E-27
1614	1.2982377667973779E-27
1615	1.2315390188881932E-27
1616	1.1869611573357694E-27
1617	1.0942459076970477E-27
1618	1.0608752617631207E-27
1619	9.988303287423248E-28
1620	9.484494500776812E-28
1621	8.576227509924233E-28
1622	7.6649992379970205E-28
1623	7.035609591834227E-28
1624	6.364411892974249E-28
1625	5.938048728882912E-28
1626	5.474323521062132E-28
1627	5.009494510292052E-28
1628	4.891324222199984E-28
1629	4.699993859993931E-28
1630	4.340546789288069E-28
1631	4.215952204985639E-28
1632	4.065679215070221E-28
1633	3.924535445376875E-28
1634	3.800747588423614E-28
1635	3.685280629593278E-28
1636	3.554116748212729E-28
1637	3.4109516738494987E-28
1638	3.2133614705879595E-28
1639	3.122321342088607E-28
1640	3.0148390904236072E-28
1641	2.8937263261129334E-28
1642	2.7631249002298027E-28
1643	2.654776237656629E-28
1644	2.579699909158635E-28
1645	2.5010618593360016E-28
1646	2.3871577959749186E-28
1647	2.274527305536556E-28
1648	2.177134915219569E-28
1649	2.0707095937933636E-28
1650	1.9687007622057804E-28
1651	1.9289826613942826E-28
1652	1.795623086431311E-28
1653	1.7300907750375373E-28
1654	1.6680948925400766E-28
1655	1.6093911206388445E-28
1656	1.5416046470062845E-28
1657	1.4980519112625886E-28
1658	1.4402549605279528E-28
1659	1.4051913153284172E-28
1660	1.3326844007459294E-28
1661	1.3054185414715822E-28
1662	1.2705670213432999E-28
1663	1.2189420169444501E-28
1664	1.1803426726162531E-28
1665	1.1419577269600364E-28
1666	1.1131453641267356E-28
1667	1.1009313625843657E-28
1668	1.0743717826219925E-28
1669	1.0388355044554767E-28
1670	1.0087822133441677E-28
1671	9.669470250439264E-29
1672	9.206940435743202E-29
1673	8.480487338823714E-29
1674	8.172986628295414E-29
1675	7.715633478239048E-29
1676	7.1875973908665E-29
1677	7.08923767315959E-29
1678	6.719418977727912E-29
1679	6.314191111402987E-29
1680	5.819861432249562E-29
1681	5.41700208789609E-29
1682	5.094471787198518E-29
1683	4.8816099996470146E-29
1684	4.7503136120459974E-29
1685	4.4175801487967167E-29
1686	4.256462994085172E-29
1687	4.091019564303765E-29
1688	3.836700248704356E-29
1689	3.73266459978226E-29
1690	3.634286532934652E-29
1691	3.523789015770457E-29
1692	3.461236710309022E-29
1693	3.372650572656741E-29
1694	3.234895227623572E-29
1695	3.1206802067247827E-29
1696	3.0385207150898255E-29
1697	2.9655391514706365E-29
1698	2.8423435306361314E-29
1699	2.739079137398957E-29
1700	2.576510456649911E-29
1701	2.4874354295041472E-29
1702	2.2842844554198042E-29
1703	2.174200069157472E-29
1704	2.029082607431274E-29
1705	1.931898714168048E-29
1706	1.903187672614924E-29
1707	1.7219084276478652E-29
1708	1.5622931223382615E-29
1709	1.4938152093794122E-29
1710	1.3624322216214237E-29
1711	1.3372148659279042E-29
1712	1.2858013622894318E-29
1713	1.2190652723149278E-29
1714	1.1356060677135103E-29
1715	1.028262333474301E-29
1716	9.762227639276166E-30
1717	9.546756680097434E-30
1718	9.064718806905623E-30
1719	8.71218741139381E-30
1720	8.205465024965381E-30
1721	7.596251235008227E-30
1722	7.302902094727702E-30
1723	7.128992264130185E-30
1724	6.960472033178713E-30
1725	6.754045328186572E-30
1726	6.456542101576857E-30
1727	6.1229120576753546E-30
1728	5.6182848553445825E-30
1729	5.282782772529428E-30
1730	5.026014326708234E-30
1731	4.873122966151504E-30
1732	4.697146216578078E-30
1733	4.4636799741686645E-30
1734	4.4046276389788785E-30
1735	4.267116697389162E-30
1736	4.157475855898043E-30
1737	3.9663363447304146E-30
1738	3.672437573206674E-30
1739	3.564216579417118E-30
1740	3.4893299480927835E-30
1741	3.339482865701262E-30
1742	3.1977887296828836E-30
1743	3.1476216205387123E-30
1744	3.0560718163539538E-30
1745	2.9104534830121968E-30
1746	2.7459118637273045E-30
1747	2.6646899106002732E-30
1748	2.5703240313006657E-30
1749	2.4272733216460254E-30
1750	2.347665253305088E-30
1751	2.247114220621664E-30
1752	2.156502121849182E-30
1753	2.08582146226406E-30
1754	2.0166800247444543E-30
1755	1.911868605978615E-30
1756	1.862346039175611E-30
1757	1.757019998110109E-30
1758	1.6556506343783617E-30
1759	1.5914887880029147E-30
1760	1.5316295104200836E-30
1761	1.4898515674437872E-30
1762	1.4425233107250167E-30
1763	1.4112655699355281E-30
1764	1.3731764474656048E-30
1765	1.3507600640560779E-30
1766	1.3021840623874491E-30
1767	1.2428410930597315E-30
1768	1.2087217225342906E-30
1769	1.1536058163008862E-30
1770	1.111956950388368E-30
1771	1.0966933768521331E-30
1772	1.0469021102440218E-30
1773	1.0058661496400201E-30
1774	9.660787769636028E-31
1775	9.426297770438486E-31
1776	9.144479514522168E-31
1777	8.65936066826614E-31
1778	8.38141472426318E-31
1779	8.109922633449146E-31
1780	7.879304946164954E-31
1781	7.807882304207537E-31
1782	7.550158433529868E-31
1783	7.451199351299713E-31
1784	7.2636073519416775E-31
1785	7.175079891589298E-31
1786	7.017930673883331E-31
1787	6.821303280060803E-31
1788	6.62338511560049E-31
1789	6.474085978496732E-31
1790	6.282621667225343E-31
1791	6.034363447891429E-31
1792	5.950463356435427E-31
1793	5.854946329239364E-31
1794	5.6415389171256345E-31
1795	5.494821321297446E-31
1796	5.359290404330058E-31
1797	4.946349257014472E-31
1798	4.6898107001990885E-31
1799	4.448006334054097E-31
1800	4.2969861694332925E-31
1801	4.045716151944547E-31
1802	3.958804262333714E-31
1803	3.6606362450054606E-31
1804	3.4278672733249624E-31
1805	3.264369659205573E-31
1806	3.107756155154369E-31
1807	3.0772079167267986E-31
1808	2.995889366546366E-31
1809	2.9601780455676575E-31
1810	2.9433980272764568E-31
1811	2.8900461742480244E-31
1812	2.836264064340332E-31
1813	2.8143209634979943E-31
1814	2.7773188718814994E-31
1815	2.6921280097877126E-31
1816	2.635764358604449E-31
1817	2.5690745423189097E-31
1818	2.533363221340201E-31
1819	2.4860349646214306E-31
1820	2.4628010931413066E-31
1821	2.4378461941441365E-31
1822	2.4124610382677054E-31
1823	2.349643533895519E-31
1824	2.3371660843969345E-31
1825	2.2764998644210554E-31
1826	2.258859332371332E-31
1827	2.226590066426716E-31
1828	2.2029259380673316E-31
1829	2.193460286723577E-31
1830	2.1775407821909E-31
1831	2.165923846450838E-31
1832	2.143550488729238E-31
1833	2.1267704704380377E-31
1834	2.1035365989579137E-31
1835	2.0863263237874515E-31
1836	2.08030272747779E-31
1837	2.066534507341421E-31
1838	2.044591406499082E-31
1839	2.0303929294834505E-31
1840	2.0235088194152657E-31
1841	2.01361291119225E-31
1842	2.000274947935142E-31
1843	1.995111865384004E-31
1844	1.9822041590061573E-31
1845	1.9731687645416644E-31
1846	1.9675754251112642E-31
1847	1.9671451682320027E-31
1848	1.9576795168882485E-31
1849	1.9533769480956333E-31
1850	1.9077697188939088E-31
1851	1.904757920739078E-31
1852	1.9017461225842469E-31
1853	1.8621624896921848E-31
1854	1.8531270952276922E-31
1855	1.8509758108313843E-31
1856	1.8466732420387687E-31
1857	1.845382471400984E-31
1858	1.822578856800122E-31
1859	1.787297792700675E-31
1860	1.7756808569606133E-31
1861	1.743411591015997E-31
1862	1.7072700131580272E-31
1863	1.6823151141608572E-31
1864	1.6655350958696567E-31
1865	1.6603720133185182E-31
1866	1.657360215163687E-31
1867	1.6534879032503334E-31
1868	1.6457432794236255E-31
1869	1.6431617381480566E-31
1870	1.6410104537517488E-31
1871	1.6371381418383947E-31
1872	1.6354171143213486E-31
1873	1.632835573045779E-31
1874	1.6324053161665177E-31
1875	1.6298237748909483E-31
1876	1.6289632611324253E-31
1877	1.6281027473739022E-31
1878	1.6268119767361177E-31
1879	1.6268119767361177E-31
1880	1.6259514629775944E-31
1881	1.6255212060983329E-31
1882	1.6246606923398098E-31
1883	1.6242304354605483E-31
1884	1.6238001785812868E-31
1885	1.6225094079435022E-31
1886	1.6220791510642407E-31
1887	1.6220791510642407E-31
1888	1.6220791510642407E-31
1889	1.6220791510642407E-31
1890	1.6216488941849792E-31
1891	1.620788380426456E-31
1892	1.620788380426456E-31
1893	1.620788380426456E-31
1894	1.6203581235471944E-31
1895	1.6199278666679329E-31
1896	1.6186370960301483E-31
1897	1.6186370960301483E-31
1898	1.6186370960301483E-31
1899	1.6186370960301483E-31
1900	1.6186370960301483E-31
1901	1.6186370960301483E-31
1902	1.6186370960301483E-31
1903	1.6186370960301483E-31
1904	1.6186370960301483E-31
1905	1.6186370960301483E-31
1906	1.6186370960301483E-31
1907	1.6186370960301483E-31
1908	1.6186370960301483E-31
1909	1.6186370960301483E-31
1910	1.6186370960301483E-31
1911	1.6186370960301483E-31
1912	1.6186370960301483E-31
1913	1.6186370960301483E-31
1914	1.6186370960301483E-31
1915	1.6186370960301483E-31
1916	1.6186370960301483E-31
1917	1.6186370960301483E-31
1918	1.6186370960301483E-31
1919	1.6186370960301483E-31
1920	1.6186370960301483E-31
1921	1.6186370960301483E-31
1922	1.6186370960301483E-31
1923	1.6186370960301483E-31
1924	1.6186370960301483E-31
1925	1.6186370960301483E-31
1926	1.6186370960301483E-31
1927	1.6186370960301483E-31
1928	1.6186370960301483E-31
1929	1.6186370960301483E-31
1930	1.6186370960301483E-31
1931	1.6186370960301483E-31
1932	1.6186370960301483E-31
1933	1.6186370960301483E-31
1934	1.6186370960301483E-31
1935	1.6186370960301483E-31
1936	1.6186370960301483E-31
1937	1.6186370960301483E-31
1938	1.6186370960301483E-31
1939	1.6186370960301483E-31
1940	1.6186370960301483E-31
1941	1.6186370960301483E-31
1942	1.6186370960301483E-31
1943	1.6186370960301483E-31
1944	1.6186370960301483E-31
1945	1.6186370960301483E-31
1946	1.6186370960301483E-31
1947	1.6186370960301483E-31
1948	1.6186370960301483E-31
1949	1.6186370960301483E-31
1950	1.6186370960301483E-31
1951	1.6186370960301483E-31
1952	1.6186370960301483E-31
1953	1.6186370960301483E-31
1954	1.6186370960301483E-31
1955	1.6186370960301483E-31
1956	1.6186370960301483E-31
1957	1.6186370960301483E-31
1958	1.6186370960301483E-31
1959	1.6186370960301483E-31
1960	1.6186370960301483E-31
1961	1.6186370960301483E-31
1962	1.6186370960301483E-31
1963	1.6186370960301483E-31
1964	1.6186370960301483E-31
1965	1.6186370960301483E-31
1966	1.6186370960301483E-31
1967	1.6186370960301483E-31
1968	1.6186370960301483E-31
1969	1.6186370960301483E-31
1970	1.6186370960301483E-31
1971	1.6186370960301483E-31
1972	1.6186370960301483E-31
1973	1.6186370960301483E-31
1974	1.6186370960301483E-31
1975	1.6186370960301483E-31
1976	1.6186370960301483E-31
1977	1.6186370960301483E-31
1978	1.6186370960301483E-31
1979	1.6186370960301483E-31
1980	1.6186370960301483E-31
1981	1.6186370960301483E-31
1982	1.6186370960301483E-31
1983	1.6186370960301483E-31
1984	1.6186370960301483E-31
1985	1.6186370960301483E-31
1986	1.6186370960301483E-31
1987	1.6186370960301483E-31
1988	1.6186370960301483E-31
1989	1.6186370960301483E-31
1990	1.6186370960301483E-31
1991	1.6186370960301483E-31
1992	1.6186370960301483E-31
1993	1.6186370960301483E-31
1994	1.6186370960301483E-31
1995	1.6186370960301483E-31
1996	1.6186370960301483E-31
1997	1.6186370960301483E-31
1998	1.6186370960301483E-31
1999	1.6186370960301483E-31
2000	1.6186370960301483E-31
2001	1.6186370960301483E-31
2002	1.6186370960301483E-31
2003	1.6186370960301483E-31
2004	1.6186370960301483E-31
2005	1.6186370960301483E-31
2006	1.6186370960301483E-31
2007	1.6186370960301483E-31
2008	1.6186370960301483E-31
2009	1.6186370960301483E-31
2010	1.6186370960301483E-31
2011	1.6186370960301483E-31
2012	1.6186370960301483E-31
2013	1.6186370960301483E-31
2014	1.6186370960301483E-31
2015	1.6186370960301483E-31
2016	1.6186370960301483E-31
2017	1.6186370960301483E-31
2018	1.6186370960301483E-31
2019	1.6186370960301483E-31
2020	1.6186370960301483E-31
2021	1.6186370960301483E-31
2022	1.6186370960301483E-31
2023	1.6186370960301483E-31
2024	1.6186370960301483E-31
2025	1.6186370960301483E-31
2026	1.6186370960301483E-31
2027	1.6186370960301483E-31
2028	1.6186370960301483E-31
2029	1.6186370960301483E-31
2030	1.6186370960301483E-31
2031	1.6186370960301483E-31
2032	1.6186370960301483E-31
2033	1.6186370960301483E-31
2034	1.6186370960301483E-31
2035	1.6186370960301483E-31
2036	1.6186370960301483E-31
2037	1.6186370960301483E-31
2038	1.6186370960301483E-31
2039	1.6186370960301483E-31
2040	1.6186370960301483E-31
2041	1.6186370960301483E-31
2042	1.6186370960301483E-31
2043	1.6186370960301483E-31
2044	1.6186370960301483E-31
2045	1.6186370960301483E-31
2046	1.6186370960301483E-31
2047	1.6186370960301483E-31
2048	1.6186370960301483E-31
2049	1.6186370960301483E-31
2050	1.6186370960301483E-31
2051	1.6186370960301483E-31
2052	1.6186370960301483E-31
2053	1.6186370960301483E-31
2054	1.6186370960301483E-31
2055	1.6186370960301483E-31
2056	1.6186370960301483E-31
2057	1.6186370960301483E-31
2058	1.6186370960301483E-31
2059	1.6186370960301483E-31
2060	1.6186370960301483E-31
2061	1.6186370960301483E-31
2062	1.6186370960301483E-31
2063	1.6186370960301483E-31
2064	1.6186370960301483E-31
2065	1.6186370960301483E-31
2066	1.6186370960301483E-31
2067	1.6186370960301483E-31
2068	1.6186370960301483E-31
2069	1.6186370960301483E-31
2070	1.6186370960301483E-31
2071	1.6186370960301483E-31
2072	1.6186370960301483E-31
2073	1.6186370960301483E-31
2074	1.6186370960301483E-31
2075	1.6186370960301483E-31
2076	1.6186370960301483E-31
2077	1.6186370960301483E-31
2078	1.6186370960301483E-31
2079	1.6186370960301483E-31
2080	1.6186370960301483E-31
2081	1.6186370960301483E-31
2082	1.6186370960301483E-31
2083	1.6186370960301483E-31
2084	1.6186370960301483E-31
2085	1.6186370960301483E-31
2086	1.6186370960301483E-31
2087	1.6186370960301483E-31
2088	1.6186370960301483E-31
2089	1.6186370960301483E-31
2090	1.6186370960301483E-31
2091	1.6186370960301483E-31
2092	1.6186370960301483E-31
2093	1.6186370960301483E-31
2094	1.6186370960301483E-31
2095	1.6186370960301483E-31
2096	1.6186370960301483E-31
2097	1.6186370960301483E-31
2098	1.6186370960301483E-31
2099	1.6186370960301483E-31
2100	1.6186370960301483E-31
2101	1.6186370960301483E-31
2102	1.6186370960301483E-31
2103	1.6186370960301483E-31
2104	1.6186370960301483E-31
2105	1.6186370960301483E-31
2106	1.6186370960301483E-31
2107	1.6186370960301483E-31
2108	1.6186370960301483E-31
2109	1.6186370960301483E-31
2110	1.6186370960301483E-31
2111	1.6186370960301483E-31
2112	1.6186370960301483E-31
2113	1.6186370960301483E-31
2114	1.6186370960301483E-31
2115	1.6186370960301483E-31
2116	1.6186370960301483E-31
2117	1.6186370960301483E-31
2118	1.6186370960301483E-31
2119	1.6186370960301483E-31
2120	1.6186370960301483E-31
2121	1.6186370960301483E-31
2122	1.6186370960301483E-31
2123	1.6186370960301483E-31
2124	1.6186370960301483E-31
2125	1.6186370960301483E-31
2126	1.6186370960301483E-31
2127	1.6186370960301483E-31
2128	1.6186370960301483E-31
2129	1.6186370960301483E-31
2130	1.6186370960301483E-31
2131	1.6186370960301483E-31
2132	1.6186370960301483E-31
2133	1.6186370960301483E-31
2134	1.6186370960301483E-31
2135	1.6186370960301483E-31
2136	1.6186370960301483E-31
2137	1.6186370960301483E-31
2138	1.6186370960301483E-31
2139	1.6186370960301483E-31
2140	1.6186370960301483E-31
2141	1.6186370960301483E-31
2142	1.6186370960301483E-31
2143	1.6186370960301483E-31
2144	1.6186370960301483E-31
2145	1.6186370960301483E-31
2146	1.6186370960301483E-31
2147	1.6186370960301483E-31
2148	1.6186370960301483E-31
2149	1.6186370960301483E-31
2150	1.6186370960301483E-31
2151	1.6186370960301483E-31
2152	1.6186370960301483E-31
2153	1.6186370960301483E-31
2154	1.6186370960301483E-31
2155	1.6186370960301483E-31
2156	1.6186370960301483E-31
2157	1.6186370960301483E-31
2158	1.6186370960301483E-31
2159	1.6186370960301483E-31
2160	1.6186370960301483E-31
2161	1.6186370960301483E-31
2162	1.6186370960301483E-31
2163	1.6186370960301483E-31
2164	1.6186370960301483E-31
2165	1.6186370960301483E-31
2166	1.6186370960301483E-31
2167	1.6186370960301483E-31
2168	1.6186370960301483E-31
2169	1.6186370960301483E-31
2170	1.6186370960301483E-31
2171	1.6186370960301483E-31
2172	1.6186370960301483E-31
2173	1.6186370960301483E-31
2174	1.6186370960301483E-31
2175	1.6186370960301483E-31
2176	1.6186370960301483E-31
2177	1.6186370960301483E-31
2178	1.6186370960301483E-31
2179	1.6186370960301483E-31
2180	1.6186370960301483E-31
2181	1.6186370960301483E-31
2182	1.6186370960301483E-31
2183	1.6186370960301483E-31
2184	1.6186370960301483E-31
2185	1.6186370960301483E-31
2186	1.6186370960301483E-31
2187	1.6186370960301483E-31
2188	1.6186370960301483E-31
2189	1.6186370960301483E-31
2190	1.6186370960301483E-31
2191	1.6186370960301483E-31
2192	1.6186370960301483E-31
2193	1.6186370960301483E-31
2194	1.6186370960301483E-31
2195	1.6186370960301483E-31
2196	1.6186370960301483E-31
2197	1.6186370960301483E-31
2198	1.6186370960301483E-31
2199	1.6186370960301483E-31
2200	1.6186370960301483E-31
2201	1.6186370960301483E-31
2202	1.6186370960301483E-31
2203	1.6186370960301483E-31
2204	1.6186370960301483E-31
2205	1.6186370960301483E-31
2206	1.6186370960301483E-31
2207	1.6186370960301483E-31
2208	1.6186370960301483E-31
2209	1.6186370960301483E-31
2210	1.6186370960301483E-31
2211	1.6186370960301483E-31
2212	1.6186370960301483E-31
2213	1.6186370960301483E-31
2214	1.6186370960301483E-31
2215	1.6186370960301483E-31
2216	1.6186370960301483E-31
2217	1.6186370960301483E-31
2218	1.6186370960301483E-31
2219	1.6186370960301483E-31
2220	1.6186370960301483E-31
2221	1.6186370960301483E-31
2222	1.6186370960301483E-31
2223	1.6186370960301483E-31
2224	1.6186370960301483E-31
2225	1.6186370960301483E-31
2226	1.6186370960301483E-31
2227	1.6186370960301483E-31
2228	1.6186370960301483E-31
2229	1.6186370960301483E-31
2230	1.6186370960301483E-31
2231	1.6186370960301483E-31
2232	1.6186370960301483E-31
2233	1.6186370960301483E-31
2234	1.6186370960301483E-31
2235	1.6186370960301483E-31
2236	1.6186370960301483E-31
2237	1.6186370960301483E-31
2238	1.6186370960301483E-31
2239	1.6186370960301483E-31
2240	1.6186370960301483E-31
2241	1.6186370960301483E-31
2242	1.6186370960301483E-31
2243	1.6186370960301483E-31
2244	1.6186370960301483E-31
2245	1.6186370960301483E-31
2246	1.6186370960301483E-31
2247	1.6186370960301483E-31
2248	1.6186370960301483E-31
2249	1.6186370960301483E-31
2250	1.6186370960301483E-31
2251	1.6186370960301483E-31
2252	1.6186370960301483E-31
2253	1.6186370960301483E-31
2254	1.6186370960301483E-31
2255	1.6186370960301483E-31
2256	1.6186370960301483E-31
2257	1.6186370960301483E-31
2258	1.6186370960301483E-31
2259	1.6186370960301483E-31
2260	1.6186370960301483E-31
2261	1.6186370960301483E-31
2262	1.6186370960301483E-31
2263	1.6186370960301483E-31
2264	1.6186370960301483E-31
2265	1.6186370960301483E-31
2266	1.6186370960301483E-31
2267	1.6186370960301483E-31
2268	1.6186370960301483E-31
2269	1.6186370960301483E-31
2270	1.6186370960301483E-31
2271	1.6186370960301483E-31
2272	1.6186370960301483E-31
2273	1.6186370960301483E-31
2274	1.6186370960301483E-31
2275	1.6186370960301483E-31
2276	1.6186370960301483E-31
2277	1.6186370960301483E-31
2278	1.6186370960301483E-31
2279	1.6186370960301483E-31
2280	1.6186370960301483E-31
2281	1.6186370960301483E-31
2282	1.6186370960301483E-31
2283	1.6186370960301483E-31
2284	1.6186370960301483E-31
2285	1.6186370960301483E-31
2286	1.6186370960301483E-31
2287	1.6186370960301483E-31
2288	1.6186370960301483E-31
2289	1.6186370960301483E-31
2290	1.6186370960301483E-31
2291	1.6186370960301483E-31
2292	1.6186370960301483E-31
2293	1.6186370960301483E-31
2294	1.6186370960301483E-31
2295	1.6186370960301483E-31
2296	1.6186370960301483E-31
2297	1.6186370960301483E-31
2298	1.6186370960301483E-31
2299	1.6186370960301483E-31
2300	1.6186370960301483E-31
2301	1.6186370960301483E-31
2302	1.6186370960301483E-31
2303	1.6186370960301483E-31
2304	1.6186370960301483E-31
2305	1.6186370960301483E-31
2306	1.6186370960301483E-31
2307	1.6186370960301483E-31
2308	1.6186370960301483E-31
2309	1.6186370960301483E-31
2310	1.6186370960301483E-31
2311	1.6186370960301483E-31
2312	1.6186370960301483E-31
2313	1.6186370960301483E-31
2314	1.6186370960301483E-31
2315	1.6186370960301483E-31
2316	1.6186370960301483E-31
2317	1.6186370960301483E-31
2318	1.6186370960301483E-31
2319	1.6186370960301483E-31
2320	1.6186370960301483E-31
2321	1.6186370960301483E-31
2322	1.6186370960301483E-31
2323	1.6186370960301483E-31
2324	1.6186370960301483E-31
2325	1.6186370960301483E-31
2326	1.6186370960301483E-31
2327	1.6186370960301483E-31
2328	1.6186370960301483E-31
2329	1.6186370960301483E-31
2330	1.6186370960301483E-31
2331	1.6186370960301483E-31
2332	1.6186370960301483E-31
2333	1.6186370960301483E-31
2334	1.6186370960301483E-31
2335	1.6186370960301483E-31
2336	1.6186370960301483E-31
2337	1.6186370960301483E-31
2338	1.6186370960301483E-31
2339	1.6186370960301483E-31
2340	1.6186370960301483E-31
2341	1.6186370960301483E-31
2342	1.6186370960301483E-31
2343	1.6186370960301483E-31
2344	1.6186370960301483E-31
2345	1.6186370960301483E-31
2346	1.6186370960301483E-31
2347	1.6186370960301483E-31
2348	1.6186370960301483E-31
2349	1.6186370960301483E-31
2350	1.6186370960301483E-31
2351	1.6186370960301483E-31
2352	1.6186370960301483E-31
2353	1.6186370960301483E-31
2354	1.6186370960301483E-31
2355	1.6186370960301483E-31
2356	1.6186370960301483E-31
2357	1.6186370960301483E-31
2358	1.6186370960301483E-31
2359	1.6186370960301483E-31
2360	1.6186370960301483E-31
2361	1.6186370960301483E-31
2362	1.6186370960301483E-31
2363	1.6186370960301483E-31
2364	1.6186370960301483E-31
2365	1.6186370960301483E-31
2366	1.6186370960301483E-31
2367	1.6186370960301483E-31
2368	1.6186370960301483E-31
2369	1.6186370960301483E-31
2370	1.6186370960301483E-31
2371	1.6186370960301483E-31
2372	1.6186370960301483E-31
2373	1.6186370960301483E-31
2374	1.6186370960301483E-31
2375	1.6186370960301483E-31
2376	1.6186370960301483E-31
2377	1.6186370960301483E-31
2378	1.6186370960301483E-31
2379	1.6186370960301483E-31
2380	1.6186370960301483E-31
2381	1.6186370960301483E-31
2382	1.6186370960301483E-31
2383	1.6186370960301483E-31
2384	1.6186370960301483E-31
2385	1.6186370960301483E-31
2386	1.6186370960301483E-31
2387	1.6186370960301483E-31
2388	1.6186370960301483E-31
2389	1.6186370960301483E-31
2390	1.6186370960301483E-31
2391	1.6186370960301483E-31
2392	1.6186370960301483E-31
2393	1.6186370960301483E-31
2394	1.6186370960301483E-31
2395	1.6186370960301483E-31
2396	1.6186370960301483E-31
2397	1.6186370960301483E-31
2398	1.6186370960301483E-31
2399	1.6186370960301483E-31
2400	1.6186370960301483E-31
2401	1.6186370960301483E-31
2402	1.6186370960301483E-31
2403	1.6186370960301483E-31
2404	1.6186370960301483E-31
2405	1.6186370960301483E-31
2406	1.6186370960301483E-31
2407	1.6186370960301483E-31
2408	1.6186370960301483E-31
2409	1.6186370960301483E-31
2410	1.6186370960301483E-31
2411	1.6186370960301483E-31
2412	1.6186370960301483E-31
2413	1.6186370960301483E-31
2414	1.6186370960301483E-31
2415	1.6186370960301483E-31
2416	1.6186370960301483E-31
2417	1.6186370960301483E-31
2418	1.6186370960301483E-31
2419	1.6186370960301483E-31
2420	1.6186370960301483E-31
2421	1.6186370960301483E-31
2422	1.6186370960301483E-31
2423	1.6186370960301483E-31
2424	1.6186370960301483E-31
2425	1.6186370960301483E-31
2426	1.6186370960301483E-31
2427	1.6186370960301483E-31
2428	1.6186370960301483E-31
2429	1.6186370960301483E-31
2430	1.6186370960301483E-31
2431	1.6186370960301483E-31
2432	1.6186370960301483E-31
2433	1.6186370960301483E-31
2434	1.6186370960301483E-31
2435	1.6186370960301483E-31
2436	1.6186370960301483E-31
2437	1.6186370960301483E-31
2438	1.6186370960301483E-31
2439	1.6186370960301483E-31
2440	1.6186370960301483E-31
2441	1.6186370960301483E-31
2442	1.6186370960301483E-31
2443	1.6186370960301483E-31
2444	1.6186370960301483E-31
2445	1.6186370960301483E-31
2446	1.6186370960301483E-31
2447	1.6186370960301483E-31
2448	1.6186370960301483E-31
2449	1.6186370960301483E-31
2450	1.6186370960301483E-31
2451	1.6186370960301483E-31
2452	1.6186370960301483E-31
2453	1.6186370960301483E-31
2454	1.6186370960301483E-31
2455	1.6186370960301483E-31
2456	1.6186370960301483E-31
2457	1.6186370960301483E-31
2458	1.6186370960301483E-31
2459	1.6186370960301483E-31
2460	1.6186370960301483E-31
2461	1.6186370960301483E-31
2462	1.6186370960301483E-31
2463	1.6186370960301483E-31
2464	1.6186370960301483E-31
2465	1.6186370960301483E-31
2466	1.6186370960301483E-31
2467	1.6186370960301483E-31
2468	1.6186370960301483E-31
2469	1.6186370960301483E-31
2470	1.6186370960301483E-31
2471	1.6186370960301483E-31
2472	1.6186370960301483E-31
2473	1.6186370960301483E-31
2474	1.6186370960301483E-31
2475	1.6186370960301483E-31
2476	1.6186370960301483E-31
2477	1.6186370960301483E-31
2478	1.6186370960301483E-31
2479	1.6186370960301483E-31
2480	1.6186370960301483E-31
2481	1.6186370960301483E-31
2482	1.6186370960301483E-31
2483	1.6186370960301483E-31
2484	1.6186370960301483E-31
2485	1.6186370960301483E-31
2486	1.6186370960301483E-31
2487	1.6186370960301483E-31
2488	1.6186370960301483E-31
2489	1.6186370960301483E-31
2490	1.6186370960301483E-31
2491	1.6186370960301483E-31
2492	1.6186370960301483E-31
2493	1.6186370960301483E-31
2494	1.6186370960301483E-31
2495	1.6186370960301483E-31
2496	1.6186370960301483E-31
2497	1.6186370960301483E-31
2498	1.6186370960301483E-31
2499	1.6186370960301483E-31
2500	1.6186370960301483E-31
2501	1.6186370960301483E-31
2502	1.6186370960301483E-31
2503	1.6186370960301483E-31
2504	1.6186370960301483E-31
2505	1.6186370960301483E-31
2506	1.6186370960301483E-31
2507	1.6186370960301483E-31
2508	1.6186370960301483E-31
2509	1.6186370960301483E-31
2510	1.6186370960301483E-31
2511	1.6186370960301483E-31
2512	1.6186370960301483E-31
2513	1.6186370960301483E-31
2514	1.6186370960301483E-31
2515	1.6186370960301483E-31
2516	1.6186370960301483E-31
2517	1.6186370960301483E-31
2518	1.6186370960301483E-31
2519	1.6186370960301483E-31
2520	1.6186370960301483E-31
2521	1.6186370960301483E-31
2522	1.6186370960301483E-31
2523	1.6186370960301483E-31
2524	1.6186370960301483E-31
2525	1.6186370960301483E-31
2526	1.6186370960301483E-31
2527	1.6186370960301483E-31
2528	1.6186370960301483E-31
2529	1.6186370960301483E-31
2530	1.6186370960301483E-31
2531	1.6186370960301483E-31
2532	1.6186370960301483E-31
2533	1.6186370960301483E-31
2534	1.6186370960301483E-31
2535	1.6186370960301483E-31
2536	1.6186370960301483E-31
2537	1.6186370960301483E-31
2538	1.6186370960301483E-31
2539	1.6186370960301483E-31
2540	1.6186370960301483E-31
2541	1.6186370960301483E-31
2542	1.6186370960301483E-31
2543	1.6186370960301483E-31
2544	1.6186370960301483E-31
2545	1.6186370960301483E-31
2546	1.6186370960301483E-31
2547	1.6186370960301483E-31
2548	1.6186370960301483E-31
2549	1.6186370960301483E-31
2550	1.6186370960301483E-31
2551	1.6186370960301483E-31
2552	1.6186370960301483E-31
2553	1.6186370960301483E-31
2554	1.6186370960301483E-31
2555	1.6186370960301483E-31
2556	1.6186370960301483E-31
2557	1.6186370960301483E-31
2558	1.6186370960301483E-31
2559	1.6186370960301483E-31
2560	1.6186370960301483E-31
2561	1.6186370960301483E-31
2562	1.6186370960301483E-31
2563	1.6186370960301483E-31
2564	1.6186370960301483E-31
2565	1.6186370960301483E-31
2566	1.6186370960301483E-31
2567	1.6186370960301483E-31
2568	1.6186370960301483E-31
2569	1.6186370960301483E-31
2570	1.6186370960301483E-31
2571	1.6186370960301483E-31
2572	1.6186370960301483E-31
2573	1.6186370960301483E-31
2574	1.6186370960301483E-31
2575	1.6186370960301483E-31
2576	1.6186370960301483E-31
2577	1.6186370960301483E-31
2578	1.6186370960301483E-31
2579	1.6186370960301483E-31
2580	1.6186370960301483E-31
2581	1.6186370960301483E-31
2582	1.6186370960301483E-31
2583	1.6186370960301483E-31
2584	1.6186370960301483E-31
2585	1.6186370960301483E-31
2586	1.6186370960301483E-31
2587	1.6186370960301483E-31
2588	1.6186370960301483E-31
2589	1.6186370960301483E-31
2590	1.6186370960301483E-31
2591	1.6186370960301483E-31
2592	1.6186370960301483E-31
2593	1.6186370960301483E-31
2594	1.6186370960301483E-31
2595	1.6186370960301483E-31
2596	1.6186370960301483E-31
2597	1.6186370960301483E-31
2598	1.6186370960301483E-31
2599	1.6186370960301483E-31
2600	1.6186370960301483E-31
2601	1.6186370960301483E-31
2602	1.6186370960301483E-31
2603	1.6186370960301483E-31
2604	1.6186370960301483E-31
2605	1.6186370960301483E-31
2606	1.6186370960301483E-31
2607	1.6186370960301483E-31
2608	1.6186370960301483E-31
2609	1.6186370960301483E-31
2610	1.6186370960301483E-31
2611	1.6186370960301483E-31
2612	1.6186370960301483E-31
2613	1.6186370960301483E-31
2614	1.6186370960301483E-31
2615	1.6186370960301483E-31
2616	1.6186370960301483E-31
2617	1.6186370960301483E-31
2618	1.6186370960301483E-31
2619	1.6186370960301483E-31
2620	1.6186370960301483E-31
2621	1.6186370960301483E-31
2622	1.6186370960301483E-31
2623	1.6186370960301483E-31
2624	1.6186370960301483E-31
2625	1.6186370960301483E-31
2626	1.6186370960301483E-31
2627	1.6186370960301483E-31
2628	1.6186370960301483E-31
2629	1.6186370960301483E-31
2630	1.6186370960301483E-31
2631	1.6186370960301483E-31
2632	1.6186370960301483E-31
2633	1.6186370960301483E-31
2634	1.6186370960301483E-31
2635	1.6186370960301483E-31
2636	1.6186370960301483E-31
2637	1.6186370960301483E-31
2638	1.6186370960301483E-31
2639	1.6186370960301483E-31
2640	1.6186370960301483E-31
2641	1.6186370960301483E-31
2642	1.6186370960301483E-31
2643	1.6186370960301483E-31
2644	1.6186370960301483E-31
2645	1.6186370960301483E-31
2646	1.6186370960301483E-31
2647	1.6186370960301483E-31
2648	1.6186370960301483E-31
2649	1.6186370960301483E-31
2650	1.6186370960301483E-31
2651	1.6186370960301483E-31
2652	1.6186370960301483E-31
2653	1.6186370960301483E-31
2654	1.6186370960301483E-31
2655	1.6186370960301483E-31
2656	1.6186370960301483E-31
2657	1.6186370960301483E-31
2658	1.6186370960301483E-31
2659	1.6186370960301483E-31
2660	1.6186370960301483E-31
2661	1.6186370960301483E-31
2662	1.6186370960301483E-31
2663	1.6186370960301483E-31
2664	1.6186370960301483E-31
2665	1.6186370960301483E-31
2666	1.6186370960301483E-31
2667	1.6186370960301483E-31
2668	1.6186370960301483E-31
2669	1.6186370960301483E-31
2670	1.6186370960301483E-31
2671	1.6186370960301483E-31
2672	1.6186370960301483E-31
2673	1.6186370960301483E-31
2674	1.6186370960301483E-31
2675	1.6186370960301483E-31
2676	1.6186370960301483E-31
2677	1.6186370960301483E-31
2678	1.6186370960301483E-31
2679	1.6186370960301483E-31
2680	1.6186370960301483E-31
2681	1.6186370960301483E-31
2682	1.6186370960301483E-31
2683	1.6186370960301483E-31
2684	1.6186370960301483E-31
2685	1.6186370960301483E-31
2686	1.6186370960301483E-31
2687	1.6186370960301483E-31
2688	1.6186370960301483E-31
2689	1.6186370960301483E-31
2690	1.6186370960301483E-31
2691	1.6186370960301483E-31
2692	1.6186370960301483E-31
2693	1.6186370960301483E-31
2694	1.6186370960301483E-31
2695	1.6186370960301483E-31
2696	1.6186370960301483E-31
2697	1.6186370960301483E-31
2698	1.6186370960301483E-31
2699	1.6186370960301483E-31
2700	1.6186370960301483E-31
2701	1.6186370960301483E-31
2702	1.6186370960301483E-31
2703	1.6186370960301483E-31
2704	1.6186370960301483E-31
2705	1.6186370960301483E-31
2706	1.6186370960301483E-31
2707	1.6186370960301483E-31
2708	1.6186370960301483E-31
2709	1.6186370960301483E-31
2710	1.6186370960301483E-31
2711	1.6186370960301483E-31
2712	1.6186370960301483E-31
2713	1.6186370960301483E-31
2714	1.6186370960301483E-31
2715	1.6186370960301483E-31
2716	1.6186370960301483E-31
2717	1.6186370960301483E-31
2718	1.6186370960301483E-31
2719	1.6186370960301483E-31
2720	1.6186370960301483E-31
2721	1.6186370960301483E-31
2722	1.6186370960301483E-31
2723	1.6186370960301483E-31
2724	1.6186370960301483E-31
2725	1.6186370960301483E-31
2726	1.6186370960301483E-31
2727	1.6186370960301483E-31
2728	1.6186370960301483E-31
2729	1.6186370960301483E-31
2730	1.6186370960301483E-31
2731	1.6186370960301483E-31
2732	1.6186370960301483E-31
2733	1.6186370960301483E-31
2734	1.6186370960301483E-31
2735	1.6186370960301483E-31
2736	1.6186370960301483E-31
2737	1.6186370960301483E-31
2738	1.6186370960301483E-31
2739	1.6186370960301483E-31
2740	1.6186370960301483E-31
2741	1.6186370960301483E-31
2742	1.6186370960301483E-31
2743	1.6186370960301483E-31
2744	1.6186370960301483E-31
2745	1.6186370960301483E-31
2746	1.6186370960301483E-31
2747	1.6186370960301483E-31
2748	1.6186370960301483E-31
2749	1.6186370960301483E-31
2750	1.6186370960301483E-31
2751	1.6186370960301483E-31
2752	1.6186370960301483E-31
2753	1.6186370960301483E-31
2754	1.6186370960301483E-31
2755	1.6186370960301483E-31
2756	1.6186370960301483E-31
2757	1.6186370960301483E-31
2758	1.6186370960301483E-31
2759	1.6186370960301483E-31
2760	1.6186370960301483E-31
2761	1.6186370960301483E-31
2762	1.6186370960301483E-31
2763	1.6186370960301483E-31
2764	1.6186370960301483E-31
2765	1.6186370960301483E-31
2766	1.6186370960301483E-31
2767	1.6186370960301483E-31
2768	1.6186370960301483E-31
2769	1.6186370960301483E-31
2770	1.6186370960301483E-31
2771	1.6186370960301483E-31
2772	1.6186370960301483E-31
2773	1.6186370960301483E-31
2774	1.6186370960301483E-31
2775	1.6186370960301483E-31
2776	1.6186370960301483E-31
2777	1.6186370960301483E-31
2778	1.6186370960301483E-31
2779	1.6186370960301483E-31
2780	1.6186370960301483E-31
2781	1.6186370960301483E-31
2782	1.6186370960301483E-31
2783	1.6186370960301483E-31
2784	1.6186370960301483E-31
2785	1.6186370960301483E-31
2786	1.6186370960301483E-31
2787	1.6186370960301483E-31
2788	1.6186370960301483E-31
2789	1.6186370960301483E-31
2790	1.6186370960301483E-31
2791	1.6186370960301483E-31
2792	1.6186370960301483E-31
2793	1.6186370960301483E-31
2794	1.6186370960301483E-31
2795	1.6186370960301483E-31
2796	1.6186370960301483E-31
2797	1.6186370960301483E-31
2798	1.6186370960301483E-31
2799	1.6186370960301483E-31
2800	1.6186370960301483E-31
2801	1.6186370960301483E-31
2802	1.6186370960301483E-31
2803	1.6186370960301483E-31
2804	1.6186370960301483E-31
2805	1.6186370960301483E-31
2806	1.6186370960301483E-31
2807	1.6186370960301483E-31
2808	1.6186370960301483E-31
2809	1.6186370960301483E-31
2810	1.6186370960301483E-31
2811	1.6186370960301483E-31
2812	1.6186370960301483E-31
2813	1.6186370960301483E-31
2814	1.6186370960301483E-31
2815	1.6186370960301483E-31
2816	1.6186370960301483E-31
2817	1.6186370960301483E-31
2818	1.6186370960301483E-31
2819	1.6186370960301483E-31
2820	1.6186370960301483E-31
2821	1.6186370960301483E-31
2822	1.6186370960301483E-31
2823	1.6186370960301483E-31
2824	1.6186370960301483E-31
2825	1.6186370960301483E-31
2826	1.6186370960301483E-31
2827	1.6186370960301483E-31
2828	1.6186370960301483E-31
2829	1.6186370960301483E-31
2830	1.6186370960301483E-31
2831	1.6186370960301483E-31
2832	1.6186370960301483E-31
2833	1.6186370960301483E-31
2834	1.6186370960301483E-31
2835	1.6186370960301483E-31
2836	1.6186370960301483E-31
2837	1.6186370960301483E-31
2838	1.6186370960301483E-31
2839	1.6186370960301483E-31
2840	1.6186370960301483E-31
2841	1.6186370960301483E-31
2842	1.6186370960301483E-31
2843	1.6186370960301483E-31
2844	1.6186370960301483E-31
2845	1.6186370960301483E-31
2846	1.6186370960301483E-31
2847	1.6186370960301483E-31
2848	1.6186370960301483E-31
2849	1.6186370960301483E-31
2850	1.6186370960301483E-31
2851	1.6186370960301483E-31
2852	1.6186370960301483E-31
2853	1.6186370960301483E-31
2854	1.6186370960301483E-31
2855	1.6186370960301483E-31
2856	1.6186370960301483E-31
2857	1.6186370960301483E-31
2858	1.6186370960301483E-31
2859	1.6186370960301483E-31
2860	1.6186370960301483E-31
2861	1.6186370960301483E-31
2862	1.6186370960301483E-31
2863	1.6186370960301483E-31
2864	1.6186370960301483E-31
2865	1.6186370960301483E-31
2866	1.6186370960301483E-31
2867	1.6186370960301483E-31
2868	1.6186370960301483E-31
2869	1.6186370960301483E-31
2870	1.6186370960301483E-31
2871	1.6186370960301483E-31
2872	1.6186370960301483E-31
2873	1.6186370960301483E-31
2874	1.6186370960301483E-31
2875	1.6186370960301483E-31
2876	1.6186370960301483E-31
2877	1.6186370960301483E-31
2878	1.6186370960301483E-31
2879	1.6186370960301483E-31
2880	1.6186370960301483E-31
2881	1.6186370960301483E-31
2882	1.6186370960301483E-31
2883	1.6186370960301483E-31
2884	1.6186370960301483E-31
2885	1.6186370960301483E-31
2886	1.6186370960301483E-31
2887	1.6186370960301483E-31
2888	1.6186370960301483E-31
2889	1.6186370960301483E-31
2890	1.6186370960301483E-31
2891	1.6186370960301483E-31
2892	1.6186370960301483E-31
2893	1.6186370960301483E-31
2894	1.6186370960301483E-31
2895	1.6186370960301483E-31
2896	1.6186370960301483E-31
2897	1.6186370960301483E-31
2898	1.6186370960301483E-31
2899	1.6186370960301483E-31
2900	1.6186370960301483E-31
2901	1.6186370960301483E-31
2902	1.6186370960301483E-31
2903	1.6186370960301483E-31
2904	1.6186370960301483E-31
2905	1.6186370960301483E-31
2906	1.6186370960301483E-31
2907	1.6186370960301483E-31
2908	1.6186370960301483E-31
2909	1.6186370960301483E-31
2910	1.6186370960301483E-31
2911	1.6186370960301483E-31
2912	1.6186370960301483E-31
2913	1.6186370960301483E-31
2914	1.6186370960301483E-31
2915	1.6186370960301483E-31
2916	1.6186370960301483E-31
2917	1.6186370960301483E-31
2918	1.6186370960301483E-31
2919	1.6186370960301483E-31
2920	1.6186370960301483E-31
2921	1.6186370960301483E-31
2922	1.6186370960301483E-31
2923	1.6186370960301483E-31
2924	1.6186370960301483E-31
2925	1.6186370960301483E-31
2926	1.6186370960301483E-31
2927	1.6186370960301483E-31
2928	1.6186370960301483E-31
2929	1.6186370960301483E-31
2930	1.6186370960301483E-31
2931	1.6186370960301483E-31
2932	1.6186370960301483E-31
2933	1.6186370960301483E-31
2934	1.6186370960301483E-31
2935	1.6186370960301483E-31
2936	1.6186370960301483E-31
2937	1.6186370960301483E-31
2938	1.6186370960301483E-31
2939	1.6186370960301483E-31
2940	1.6186370960301483E-31
2941	1.6186370960301483E-31
2942	1.6186370960301483E-31
2943	1.6186370960301483E-31
2944	1.6186370960301483E-31
2945	1.6186370960301483E-31
2946	1.6186370960301483E-31
2947	1.6186370960301483E-31
2948	1.6186370960301483E-31
2949	1.6186370960301483E-31
2950	1.6186370960301483E-31
2951	1.6186370960301483E-31
2952	1.6186370960301483E-31
2953	1.6186370960301483E-31
2954	1.6186370960301483E-31
2955	1.6186370960301483E-31
2956	1.6186370960301483E-31
2957	1.6186370960301483E-31
2958	1.6186370960301483E-31
2959	1.6186370960301483E-31
2960	1.6186370960301483E-31
2961	1.6186370960301483E-31
2962	1.6186370960301483E-31
2963	1.6186370960301483E-31
2964	1.6186370960301483E-31
2965	1.6186370960301483E-31
2966	1.6186370960301483E-31
2967	1.6186370960301483E-31
2968	1.6186370960301483E-31
2969	1.6186370960301483E-31
2970	1.6186370960301483E-31
2971	1.6186370960301483E-31
2972	1.6186370960301483E-31
2973	1.6186370960301483E-31
2974	1.6186370960301483E-31
2975	1.6186370960301483E-31
2976	1.6186370960301483E-31
2977	1.6186370960301483E-31
2978	1.6186370960301483E-31
2979	1.6186370960301483E-31
2980	1.6186370960301483E-31
2981	1.6186370960301483E-31
2982	1.6186370960301483E-31
2983	1.6186370960301483E-31
2984	1.6186370960301483E-31
2985	1.6186370960301483E-31
2986	1.6186370960301483E-31
2987	1.6186370960301483E-31
2988	1.6186370960301483E-31
2989	1.6186370960301483E-31
2990	1.6186370960301483E-31
2991	1.6186370960301483E-31
2992	1.6186370960301483E-31
2993	1.6186370960301483E-31
2994	1.6186370960301483E-31
2995	1.6186370960301483E-31
2996	1.6186370960301483E-31
2997	1.6186370960301483E-31
2998	1.6186370960301483E-31
2999	1.6186370960301483E-31
3000	1.6186370960301483E-31
