1	5.030322503812515E10
2	4.226803726308626E9
3	6.198788560364721E8
4	1.3316015338472906E8
5	1.3772429152179323E7
6	8934479.401279187
7	966135.128103102
8	567630.6782301044
9	258433.9094495259
10	28039.574298424923
11	5836.516343779873
12	1318.667316843398
13	603.8135058220984
14	515.5203620051
15	226.72988107212163
16	189.08932192653796
17	74.768622669171
18	68.76119523072533
19	62.00582637638109
20	57.4884071271198
21	54.98604976976146
22	52.986880845519885
23	50.345117905326234
24	48.967556528241886
25	47.180344238787534
26	45.77754344391086
27	43.60272709442799
28	42.49923761664077
29	41.24724890345663
30	39.735623573477845
31	38.63062549218061
32	37.51357917086366
33	36.544513048741955
34	35.53096902769302
35	34.59693038526651
36	33.413642148869556
37	31.87451128129368
38	30.590965665820157
39	30.013192370554307
40	29.052207301098083
41	28.13068935773886
42	27.461968411047586
43	26.40281087945226
44	25.635420591035487
45	24.460955812654948
46	23.71964917486442
47	22.797415080296126
48	22.125551387751248
49	21.178951556051327
50	20.511723510462996
51	19.84448428004831
52	19.334341147645738
53	18.720014916680874
54	18.173138861166372
55	17.438407421799404
56	17.039739096711624
57	16.399628384770462
58	16.017449226836263
59	15.422641532855515
60	15.052532161531142
61	14.51719172367448
62	14.087547239441168
63	13.756854982256689
64	13.27474741778305
65	12.893510680294987
66	12.479959567946063
67	12.094766368841448
68	11.592958595096173
69	11.287825006722354
70	10.935369686683355
71	10.662673649513772
72	10.302630906873755
73	9.925169079643048
74	9.657720446377141
75	9.313793262935459
76	9.076904056467848
77	8.73842622794988
78	8.42322174081571
79	8.138047692541276
80	7.851256502764377
81	7.696986752738176
82	7.465328549729301
83	7.270382878773531
84	7.141721830881033
85	6.899194030581186
86	6.724723514357683
87	6.511661118392182
88	6.3683709436120965
89	6.176186896448766
90	6.003749240600361
91	5.830134986437103
92	5.61141624826651
93	5.427928990026347
94	5.270055707301074
95	5.160156985012692
96	4.961696615380749
97	4.815082806413901
98	4.674160937105187
99	4.5403981148232315
100	4.426653746652142
101	4.248528451579033
102	4.150620648310881
103	4.040084670578595
104	3.920411434336766
105	3.7853088508893213
106	3.6658948251191408
107	3.550171704004724
108	3.4311701098913376
109	3.3545357453297173
110	3.272645164176732
111	3.1632439607897203
112	3.052278364141238
113	2.9749311551290303
114	2.864552475573802
115	2.7844885774289674
116	2.691300571498731
117	2.6741343928075243
118	2.6104107101779506
119	2.559678072018951
120	2.4934857468453813
121	2.4334036964887127
122	2.311031434307341
123	2.2455140827114066
124	2.185158446070722
125	2.1337465541809513
126	2.0610334035009164
127	2.016335658957511
128	1.9876734941070953
129	1.9289557738808465
130	1.87033481151836
131	1.8090431528425583
132	1.7370156476876686
133	1.6944842652829035
134	1.6365159369074174
135	1.5981144067201714
136	1.5344171853623167
137	1.4931360999587668
138	1.4576952202489324
139	1.414503332618338
140	1.3898485404688787
141	1.3440957684605062
142	1.3111215972806012
143	1.2751750730519957
144	1.2428029168432093
145	1.2131222323765558
146	1.1781686080205398
147	1.1540375066797517
148	1.125597373975551
149	1.1093927511783288
150	1.0854468614888704
151	1.04744729924746
152	1.0113970510911214
153	0.9719744067171324
154	0.9639402647433987
155	0.9285729455255939
156	0.9097545762298612
157	0.8799472337908515
158	0.8681861245691085
159	0.8437294315768463
160	0.8185624381751123
161	0.7911997895165785
162	0.7710969863219557
163	0.7505398107674277
164	0.7300261457600581
165	0.7079226090433313
166	0.6917086068251249
167	0.6713640943805761
168	0.6595753208558183
169	0.6387358253381834
170	0.6268177667529743
171	0.6168733252705606
172	0.6003943904228459
173	0.594737537999121
174	0.577139764300272
175	0.5638353621056698
176	0.5471047569031612
177	0.5352191324843828
178	0.5151372047188548
179	0.5080139108667304
180	0.493965093539019
181	0.4773353243429482
182	0.463673364154436
183	0.45066498307205394
184	0.44043551164511446
185	0.4319263235245007
186	0.4195435198630947
187	0.4145234887389695
188	0.404034777578763
189	0.3982025700953425
190	0.38668868124888134
191	0.37659165250954796
192	0.36836893102745877
193	0.35713504308278393
194	0.34739548851159124
195	0.3402495800966715
196	0.3335885199756215
197	0.3258375271524993
198	0.31780584511112303
199	0.31133676693005086
200	0.30474844892954134
201	0.2953320520392351
202	0.28962714924069
203	0.28065533344893157
204	0.2720588866999592
205	0.2672962226473655
206	0.26003259338024537
207	0.2547460769672156
208	0.24880300510726144
209	0.24328942769734452
210	0.23838157451865458
211	0.23267604147954513
212	0.22720937754454118
213	0.2234763150256292
214	0.2166104859297822
215	0.2123877208085732
216	0.20991797774593837
217	0.20500733005975
218	0.19959143634268958
219	0.19353659949960453
220	0.18789181678501085
221	0.18320142385407281
222	0.17802121831319678
223	0.170735178592966
224	0.16536633662130915
225	0.16241959566060968
226	0.15871217770901952
227	0.15629928172501115
228	0.15392528297416153
229	0.15114673711626017
230	0.14686478713894774
231	0.14148784219278054
232	0.13827863636337095
233	0.1345801207126298
234	0.13125306304448064
235	0.12580644305906208
236	0.12331344189158298
237	0.11862098932815998
238	0.11586792747555855
239	0.1142212721816751
240	0.1100111931568206
241	0.10800934900224646
242	0.10555284446394407
243	0.1041883285156783
244	0.10197702183881424
245	0.09960854475583204
246	0.09737843373515691
247	0.09532562726018805
248	0.09214113773603912
249	0.09026992584494321
250	0.08829042480789759
251	0.08584344056869869
252	0.08341424464928783
253	0.08254017951268168
254	0.08035793002607616
255	0.07867187850178853
256	0.07684360232479333
257	0.07536558134410982
258	0.07416736485120166
259	0.07288499190259008
260	0.07146677722575573
261	0.06995629483401583
262	0.0688284931899631
263	0.06758484721690769
264	0.06566581334140015
265	0.06421498141057198
266	0.06355188727588967
267	0.06210444944086873
268	0.06106565438498582
269	0.05972409290549485
270	0.05873217602727675
271	0.0575581867941143
272	0.05650898328206047
273	0.055108054143070136
274	0.05356683461025345
275	0.05245934270988455
276	0.05126855065404602
277	0.05074805307999149
278	0.0500401736630648
279	0.04887702426152338
280	0.04778056739833455
281	0.046820506551165215
282	0.04572043355583435
283	0.04488306688080448
284	0.043869260528639265
285	0.0429606521498063
286	0.04206673143299645
287	0.04175762949043613
288	0.040907358695841244
289	0.040188419813311387
290	0.039611617973021755
291	0.038808134183875194
292	0.03820076260672626
293	0.037621733995976105
294	0.037248387106676335
295	0.0365698301567514
296	0.035901134990146355
297	0.035250140772124926
298	0.03439241850931755
299	0.03394172907088977
300	0.03313026291915848
301	0.03263385923118841
302	0.03187564222847337
303	0.031500997248439314
304	0.03106902363246429
305	0.030458107223890283
306	0.02992377717173451
307	0.029677526468090232
308	0.028962172150529757
309	0.028299773466378544
310	0.027586358102344444
311	0.0272577607704163
312	0.02682724571471293
313	0.02629526114965352
314	0.025924640676116044
315	0.02541973653184173
316	0.025098537316918627
317	0.024664215644398555
318	0.02417888880198983
319	0.023844072086561467
320	0.023585323070674104
321	0.023256932880811435
322	0.022727662847765933
323	0.0224539534753156
324	0.02202672900209597
325	0.021617224039299946
326	0.021341141307027762
327	0.02111477010435943
328	0.020533762979965575
329	0.020307308447657692
330	0.020029103583094853
331	0.01974506007127168
332	0.019543637816474405
333	0.019111295548532466
334	0.018892018361910828
335	0.01862414275743869
336	0.018370739879473283
337	0.018209015584135183
338	0.018081535488289575
339	0.017693254910747375
340	0.0173859483381804
341	0.017180416470491403
342	0.01678317188422199
343	0.016660518120732947
344	0.016410117290357698
345	0.0161826029408091
346	0.016004019293357843
347	0.015722127840716298
348	0.015497775981550395
349	0.015375630662139884
350	0.015238745334481217
351	0.014997522738188798
352	0.014696755489929887
353	0.01440544380172063
354	0.014138164661027233
355	0.014002901638287869
356	0.013779352251304349
357	0.013628074022566676
358	0.013479234152624153
359	0.013328387381214975
360	0.013203296298562655
361	0.013021088403132184
362	0.012902694185470376
363	0.012640108992730688
364	0.012440622597995955
365	0.0122954717016292
366	0.012079726663319404
367	0.011918876105449205
368	0.011711952513243544
369	0.011618250132457854
370	0.011461993581305506
371	0.011283897560545512
372	0.011191746544108698
373	0.011070876851810093
374	0.010946315514338476
375	0.010798456635890099
376	0.010695412144994724
377	0.010574768340927902
378	0.010439483329496917
379	0.010279125746066316
380	0.010155281787288114
381	0.010034403852440029
382	0.00988737723599591
383	0.009812095837433761
384	0.009617735245586389
385	0.009509715179438251
386	0.009379560271457008
387	0.009213162812084532
388	0.008893030448410898
389	0.008736905236200366
390	0.00847044023737256
391	0.008203644113249402
392	0.00784122777395787
393	0.007552335304806738
394	0.006970246814785142
395	0.006565613220456265
396	0.005685439841057089
397	0.0052322864144715
398	0.004784313344807344
399	0.004450383601318827
400	0.004405163264838451
401	0.0043406030284163675
402	0.004259817851238617
403	0.004170062675288534
404	0.004136312925938088
405	0.004054027357620513
406	0.003969493080881992
407	0.00390264545039169
408	0.003874268938862795
409	0.0038446535914743027
410	0.003784286390292863
411	0.0037187656016950013
412	0.003676192640838487
413	0.0036349522886911403
414	0.003575764216713596
415	0.0035194545451494876
416	0.0034404911654125703
417	0.0034044717435506066
418	0.0033666226697087946
419	0.0033098143257495245
420	0.0032626331219698487
421	0.0032087222204141047
422	0.0031620834502365273
423	0.0031289789819103986
424	0.0030980578291125624
425	0.0030609846794480084
426	0.003014438762600774
427	0.002991863993703199
428	0.0029474554858770975
429	0.0029283642524220504
430	0.0028843733708001436
431	0.002863169121326446
432	0.002842030872474704
433	0.002809581722603411
434	0.0027889149932738395
435	0.0027550812399468067
436	0.002729271330035421
437	0.002714523234391889
438	0.002693506755022658
439	0.0026641656572412627
440	0.002640586102327244
441	0.0026238444378049387
442	0.0025990543299601846
443	0.002569722662233646
444	0.0025339839379216874
445	0.0024870277297661557
446	0.002453566222008937
447	0.002426506394561026
448	0.002412821700170565
449	0.0023962611513144425
450	0.0023715058752802882
451	0.0023465776831529802
452	0.002329603423362665
453	0.002308249047698252
454	0.002284327799085719
455	0.002260772813541607
456	0.0022513317031673157
457	0.002236440898535572
458	0.0022159707757906317
459	0.002189515737369923
460	0.0021656033761133105
461	0.002150277207962729
462	0.002130611088883547
463	0.0021004573228021028
464	0.002059793326816852
465	0.002020420429718656
466	0.001990118281593225
467	0.0019593547603148887
468	0.0019294194421700292
469	0.0018964959533524426
470	0.0018506080067527157
471	0.0017970495627933505
472	0.0017876687731956146
473	0.00176360210449972
474	0.0017415927758820961
475	0.0017187250387033545
476	0.0016873477137663731
477	0.0016607705864116577
478	0.0016434695353463012
479	0.001630051536206822
480	0.0016240537895342887
481	0.0016131932507023113
482	0.0016053315929120994
483	0.0015902622355183245
484	0.0015814954339415598
485	0.0015705730512063489
486	0.0015637095604648767
487	0.00155814322949116
488	0.001546671404428295
489	0.001526986762832143
490	0.0015223442109860803
491	0.001503845754346637
492	0.0014918338538015248
493	0.0014796208550312958
494	0.001466535803659829
495	0.0014588183651437802
496	0.0014505234350515547
497	0.001444232039546799
498	0.001436048541809517
499	0.0014297623027784987
500	0.0014200830139640638
501	0.0014127791995897012
502	0.0014049216766300247
503	0.0013974477232708844
504	0.001386703593465896
505	0.0013837357320066281
506	0.0013795735721145786
507	0.0013717245439998718
508	0.0013663784053789005
509	0.0013574597284606456
510	0.001352141230036005
511	0.00134578184604167
512	0.001338115295555284
513	0.0013324629202878726
514	0.0013293863925134708
515	0.0013251753558819015
516	0.0013208984059964834
517	0.0013171530673678515
518	0.001313696357387257
519	0.0013103897830973764
520	0.0013055758357936275
521	0.0013017062291710419
522	0.001297712871752445
523	0.0012942929123614993
524	0.0012907070202204326
525	0.0012844121450012462
526	0.0012803751510105682
527	0.0012766164088264102
528	0.0012738060164064822
529	0.0012702974458613202
530	0.0012669177346377204
531	0.0012636660821191644
532	0.0012561607615717257
533	0.0012525836511824452
534	0.0012491883678841622
535	0.0012441904721642127
536	0.0012404782943896558
537	0.0012355506180400909
538	0.0012302647077549094
539	0.0012256126452190018
540	0.001219664065093357
541	0.00121449200518215
542	0.0012065874120733612
543	0.0012006567124997593
544	0.0011972868409098475
545	0.0011946520949898782
546	0.0011915911038106535
547	0.001187625498381002
548	0.0011844568533550476
549	0.001182691152229138
550	0.001179639938621304
551	0.0011762328218809142
552	0.0011720094369111905
553	0.0011690924917909442
554	0.0011642537581813635
555	0.0011603007435712252
556	0.0011556306320072893
557	0.0011507957158178373
558	0.0011452746917775434
559	0.0011373532916864838
560	0.0011281961862954944
561	0.0011185148627927675
562	0.0011123599790337363
563	0.0011089906368427038
564	0.001106852693022199
565	0.0011037955634754446
566	0.001100420418239337
567	0.0010951578958890609
568	0.0010876622278490303
569	0.001082708404487275
570	0.00107916615977051
571	0.0010752445018689907
572	0.001073384303459702
573	0.001071074662169617
574	0.001068474346313152
575	0.001065814326364632
576	0.0010634544189482458
577	0.0010608822606935743
578	0.0010591805443247158
579	0.001056145169134114
580	0.0010539239112972905
581	0.001052506696868907
582	0.0010507593025327136
583	0.0010490378843529863
584	0.0010479125471439853
585	0.001046722292762409
586	0.0010448657590517345
587	0.0010433726328023451
588	0.001041677548348437
589	0.0010401967061131974
590	0.0010392240364359609
591	0.0010375886021335408
592	0.0010362999238774818
593	0.001035243620273418
594	0.001033169861188697
595	0.001031445384497766
596	0.001029262222111193
597	0.00102762308867015
598	0.001024338844999133
599	0.0010209991528088885
600	0.001018007797309379
601	0.0010135300693669138
602	0.0010084913839130086
603	0.001003464857738832
604	9.940555777347838E-4
605	9.864244388623935E-4
606	9.687002855614236E-4
607	9.555573005450703E-4
608	9.529383163861573E-4
609	9.499903045026005E-4
610	9.460830780781196E-4
611	9.409330549872686E-4
612	9.364443499631907E-4
613	9.296507047280035E-4
614	9.2182668506151E-4
615	9.087974032066304E-4
616	8.916379153168472E-4
617	8.731536001001486E-4
618	8.626133669170615E-4
619	8.596676855202687E-4
620	8.58785403779477E-4
621	8.580957433186353E-4
622	8.567760526941268E-4
623	8.552528869607137E-4
624	8.539690569322484E-4
625	8.524440839355492E-4
626	8.505822660851898E-4
627	8.467299048502657E-4
628	8.448686151602213E-4
629	8.403427200911635E-4
630	8.382367503731705E-4
631	8.365744833944243E-4
632	8.355146986315028E-4
633	8.348498519371636E-4
634	8.338849373111316E-4
635	8.322016778682763E-4
636	8.303807707199477E-4
637	8.287168016144104E-4
638	8.260230471120783E-4
639	8.232824559039669E-4
640	8.184676301387269E-4
641	8.120926490535954E-4
642	8.049199390292466E-4
643	7.943275423333446E-4
644	7.806077493746138E-4
645	7.671857750374789E-4
646	7.519981200443672E-4
647	7.241774866352196E-4
648	6.92307547692228E-4
649	6.431108253034963E-4
650	5.939651285946097E-4
651	5.125661312418904E-4
652	4.394014898752677E-4
653	3.1468027583537913E-4
654	1.5982587644490344E-4
655	6.602414153949593E-5
656	4.394956177568714E-5
657	4.2948294046796226E-5
658	4.1974369834984125E-5
659	4.094052670585674E-5
660	3.9494323168062614E-5
661	3.773605065301191E-5
662	3.533038014964957E-5
663	3.2557797607848834E-5
664	2.8631447359077416E-5
665	2.7670656237991385E-5
666	2.696895095419021E-5
667	2.6760028481240283E-5
668	2.6587111072248483E-5
669	2.612643648418072E-5
670	2.5871028665530968E-5
671	2.546365339560668E-5
672	2.4969273682368415E-5
673	2.439410286874214E-5
674	2.415726138918342E-5
675	2.3745093616289627E-5
676	2.3484323325596644E-5
677	2.3072021895219523E-5
678	2.2533962080047613E-5
679	2.2002165640034197E-5
680	2.1501492599001736E-5
681	2.136711213462458E-5
682	2.1170173161158378E-5
683	2.0996217073539496E-5
684	2.091305146559158E-5
685	2.0719564174380887E-5
686	2.055332130443902E-5
687	2.0339782316061378E-5
688	2.020918077107112E-5
689	1.9942837350327138E-5
690	1.9761454663733033E-5
691	1.957771134469972E-5
692	1.946810014784609E-5
693	1.9303692113107482E-5
694	1.9115010592911672E-5
695	1.9066694318344152E-5
696	1.8944793783354267E-5
697	1.8824433111211756E-5
698	1.8741979378281205E-5
699	1.8641594486466537E-5
700	1.855233521510538E-5
701	1.851014342273054E-5
702	1.8418609215944878E-5
703	1.832331492931785E-5
704	1.821347908570755E-5
705	1.814074804072557E-5
706	1.8088971747302793E-5
707	1.8044243982110393E-5
708	1.79607276439931E-5
709	1.7883280470906595E-5
710	1.781843969450461E-5
711	1.773446239266888E-5
712	1.7603830574938434E-5
713	1.7503862217789887E-5
714	1.7365510978104414E-5
715	1.7300676366425473E-5
716	1.7220930221066538E-5
717	1.71929041552203E-5
718	1.7133675753103593E-5
719	1.708875032591024E-5
720	1.6993632061993772E-5
721	1.6952422824972097E-5
722	1.692899852162448E-5
723	1.687797556715987E-5
724	1.6824356266869315E-5
725	1.6783793947047946E-5
726	1.674476102166247E-5
727	1.67115410695999E-5
728	1.6690602224461706E-5
729	1.661492294189992E-5
730	1.6567087319360726E-5
731	1.653153365723256E-5
732	1.6509393700801277E-5
733	1.6458192762948297E-5
734	1.639475707997648E-5
735	1.6341393060329485E-5
736	1.6309311008565295E-5
737	1.6282965543160227E-5
738	1.6241443201921095E-5
739	1.6192802503327063E-5
740	1.6144540014364917E-5
741	1.6093247692151965E-5
742	1.6011132990956033E-5
743	1.5914611222126847E-5
744	1.5830799463475566E-5
745	1.5787738602497417E-5
746	1.5752504307532475E-5
747	1.571208416522827E-5
748	1.564940981530664E-5
749	1.5601653423762616E-5
750	1.55664104326839E-5
751	1.5542212571397684E-5
752	1.5499568707072217E-5
753	1.546738544244791E-5
754	1.5433133775156716E-5
755	1.537494791846022E-5
756	1.5324267993297375E-5
757	1.525852169284054E-5
758	1.5176426818964524E-5
759	1.5055435241392154E-5
760	1.4917669819374296E-5
761	1.4765338873656043E-5
762	1.4591194117396036E-5
763	1.4299302757078547E-5
764	1.391719199032985E-5
765	1.3432564440105208E-5
766	1.2807091331988672E-5
767	1.1963806119563647E-5
768	1.0740609310433057E-5
769	8.899844299767485E-6
770	6.546754441474437E-6
771	5.822572003380599E-6
772	5.7588060235087095E-6
773	5.740403670301221E-6
774	5.715596852121783E-6
775	5.678906424212954E-6
776	5.620235983476611E-6
777	5.563160548099708E-6
778	5.548819309689362E-6
779	5.502158709309059E-6
780	5.45257750559401E-6
781	5.389500588984977E-6
782	5.360368394528362E-6
783	5.318556935213613E-6
784	5.267916121373228E-6
785	5.19152225708053E-6
786	5.0723457519680665E-6
787	4.947354419701129E-6
788	4.742875124573456E-6
789	4.53381959022833E-6
790	4.241885623132946E-6
791	3.867857942977457E-6
792	3.350380760166997E-6
793	2.7648835680950846E-6
794	2.2947837015252562E-6
795	2.1644012580779343E-6
796	2.1330190544166572E-6
797	2.120400255899352E-6
798	2.091468691088498E-6
799	2.0673877860019146E-6
800	2.01990724021635E-6
801	1.981752197988118E-6
802	1.9679130150807054E-6
803	1.949085414216459E-6
804	1.9290491566202467E-6
805	1.9194005210393255E-6
806	1.9057697918917508E-6
807	1.8902430830098546E-6
808	1.879896368948594E-6
809	1.8679489253285241E-6
810	1.8427433008472793E-6
811	1.8219602245173682E-6
812	1.811635680439981E-6
813	1.7938031900081135E-6
814	1.7833761812298803E-6
815	1.7727714378632223E-6
816	1.757717557852167E-6
817	1.749396113980499E-6
818	1.73811428859557E-6
819	1.7323799143974758E-6
820	1.7173664603005516E-6
821	1.7076695486055153E-6
822	1.6974054431664036E-6
823	1.6852325447358265E-6
824	1.6721246932108089E-6
825	1.657343899098936E-6
826	1.6357385612671134E-6
827	1.613238845029645E-6
828	1.5887760063848102E-6
829	1.582386887026901E-6
830	1.5758219768452117E-6
831	1.5678083882616845E-6
832	1.55505756416439E-6
833	1.549816907936403E-6
834	1.5454304214613128E-6
835	1.5389407211739713E-6
836	1.5331880572654364E-6
837	1.5270488624666893E-6
838	1.5212604177559755E-6
839	1.5146992958983402E-6
840	1.507831566209892E-6
841	1.4963317249299372E-6
842	1.491370525348065E-6
843	1.4830339726580574E-6
844	1.4738817852348658E-6
845	1.464083400270072E-6
846	1.4568037954759312E-6
847	1.4454650632701137E-6
848	1.4318281700115384E-6
849	1.4205433526041381E-6
850	1.4037481680832763E-6
851	1.3796117330193212E-6
852	1.3565219268917757E-6
853	1.3170499059537321E-6
854	1.2706837044449612E-6
855	1.188443856179387E-6
856	1.0882176875322722E-6
857	1.02795439376642E-6
858	1.0269473831207309E-6
859	1.0255155613965941E-6
860	1.0242251352859305E-6
861	1.0228977946698252E-6
862	1.0184133825332887E-6
863	1.016323462579653E-6
864	1.0142330607537643E-6
865	1.0114224948550645E-6
866	1.0098706986386845E-6
867	1.0027973555535271E-6
868	1.0016186467117651E-6
869	1.000171178480768E-6
870	9.98632104504938E-7
871	9.958443249520804E-7
872	9.939480205622792E-7
873	9.915996242524244E-7
874	9.896187838542525E-7
875	9.874793190942042E-7
876	9.86271136878077E-7
877	9.847111617348538E-7
878	9.834765023874205E-7
879	9.817361977412182E-7
880	9.797727895063313E-7
881	9.77472145527794E-7
882	9.750526502495371E-7
883	9.728762743573411E-7
884	9.71299245270128E-7
885	9.690962335032718E-7
886	9.677254371286979E-7
887	9.666123899721403E-7
888	9.657251229997881E-7
889	9.647685806204326E-7
890	9.638739682814508E-7
891	9.63028690782429E-7
892	9.62710971582719E-7
893	9.615322561136982E-7
894	9.608341836114026E-7
895	9.59531297420687E-7
896	9.587253943847705E-7
897	9.574516104456934E-7
898	9.564726083027127E-7
899	9.55736225684795E-7
900	9.549200274822456E-7
901	9.544123754169107E-7
902	9.531397486924215E-7
903	9.517070416935334E-7
904	9.508922167323373E-7
905	9.497115542718223E-7
906	9.48212723494678E-7
907	9.465611116442374E-7
908	9.441061608617443E-7
909	9.410109304803876E-7
910	9.373623092841208E-7
911	9.334612974625427E-7
912	9.283200158907761E-7
913	9.218076009004164E-7
914	9.146756621056203E-7
915	9.057459808551034E-7
916	8.932175123205344E-7
917	8.72096161885581E-7
918	8.513910196434192E-7
919	8.191756503265939E-7
920	8.154957161551243E-7
921	8.146446980871219E-7
922	8.134664375630906E-7
923	8.116843818256316E-7
924	8.101091983622542E-7
925	8.081152121893906E-7
926	8.056285480070589E-7
927	8.021802314529808E-7
928	7.98644850666483E-7
929	7.948385196263422E-7
930	7.887850397147736E-7
931	7.794294566721921E-7
932	7.686900380737341E-7
933	7.548499367597596E-7
934	7.310654692542807E-7
935	7.057491982007996E-7
936	6.67733609773643E-7
937	6.435532662272151E-7
938	6.430906999404321E-7
939	6.426234039361681E-7
940	6.418718677274789E-7
941	6.407628818762759E-7
942	6.393909308312436E-7
943	6.384025446080661E-7
944	6.371906546656669E-7
945	6.357546817668596E-7
946	6.334585345152983E-7
947	6.307784142651979E-7
948	6.277892905687349E-7
949	6.227722366689981E-7
950	6.164214821784355E-7
951	6.069155292504657E-7
952	5.964602363728349E-7
953	5.84902419505335E-7
954	5.674702495837045E-7
955	5.471861758282513E-7
956	5.365951526400956E-7
957	5.351230815915865E-7
958	5.349103608097319E-7
959	5.344907908671774E-7
960	5.34015016041972E-7
961	5.337489831811835E-7
962	5.336196346950556E-7
963	5.333110472625042E-7
964	5.330279648137684E-7
965	5.326311774590716E-7
966	5.322842322843302E-7
967	5.320834627440721E-7
968	5.316351840308191E-7
969	5.313000395253574E-7
970	5.310799600910871E-7
971	5.306898993530642E-7
972	5.301488225733805E-7
973	5.293561496807761E-7
974	5.285912363109922E-7
975	5.276710533145238E-7
976	5.263710121896121E-7
977	5.255359447972612E-7
978	5.250176403213451E-7
979	5.246349742503261E-7
980	5.243045840651447E-7
981	5.24192142634261E-7
982	5.239127286012854E-7
983	5.23722222362923E-7
984	5.233374318028503E-7
985	5.230392568215009E-7
986	5.227116127792711E-7
987	5.221840192252315E-7
988	5.216654889800059E-7
989	5.208374245946984E-7
990	5.201704447557219E-7
991	5.19382033835636E-7
992	5.177247022473559E-7
993	5.153752734281461E-7
994	5.125581811615271E-7
995	5.099199263949015E-7
996	5.039336807220963E-7
997	4.963156919978112E-7
998	4.889058837171122E-7
999	4.793379802786994E-7
1000	4.628300560506359E-7
1001	4.486119439220886E-7
1002	4.478667338463925E-7
1003	4.4771087317238335E-7
1004	4.4747528502289395E-7
1005	4.4713594364775767E-7
1006	4.463975244229635E-7
1007	4.460017624485155E-7
1008	4.4577354593325047E-7
1009	4.454722373566238E-7
1010	4.45141974011909E-7
1011	4.446740136584931E-7
1012	4.4403004142924684E-7
1013	4.433922641614536E-7
1014	4.4264787121084923E-7
1015	4.4132467563825283E-7
1016	4.3957495390089824E-7
1017	4.373391947379976E-7
1018	4.3553867806218637E-7
1019	4.314004419476331E-7
1020	4.2685284428680925E-7
1021	4.2159971009126475E-7
1022	4.13188689411411E-7
1023	4.020900394919883E-7
1024	3.8728988597427744E-7
1025	3.6823074647965434E-7
1026	3.45632375498077E-7
1027	3.2533758454593555E-7
1028	3.118587509060901E-7
1029	3.1176182605678354E-7
1030	3.117395079384697E-7
1031	3.1169588434084E-7
1032	3.1163410015458604E-7
1033	3.1150549751756274E-7
1034	3.114076955765742E-7
1035	3.1114691432933266E-7
1036	3.1109431310920027E-7
1037	3.110239467746256E-7
1038	3.1097637009253624E-7
1039	3.108546678489596E-7
1040	3.107571458231371E-7
1041	3.106711003941549E-7
1042	3.104547309789314E-7
1043	3.102702485275222E-7
1044	3.1010939657491646E-7
1045	3.098314190556635E-7
1046	3.095552848614027E-7
1047	3.0909448054535514E-7
1048	3.085510375365953E-7
1049	3.0800699331567596E-7
1050	3.074017585581913E-7
1051	3.063090662598554E-7
1052	3.0481913740375625E-7
1053	3.0307601991111284E-7
1054	3.003528447088394E-7
1055	2.989968031166823E-7
1056	2.9895334065079935E-7
1057	2.9888529453663336E-7
1058	2.988545465400066E-7
1059	2.9881157238579624E-7
1060	2.987576062445434E-7
1061	2.987081149188174E-7
1062	2.986603153008912E-7
1063	2.9860155052961677E-7
1064	2.984926746474172E-7
1065	2.984409907761103E-7
1066	2.983618673099528E-7
1067	2.982983088672827E-7
1068	2.982462857126941E-7
1069	2.9820031122820807E-7
1070	2.981417423811407E-7
1071	2.9807460213557084E-7
1072	2.979581841244822E-7
1073	2.9793100490873894E-7
1074	2.978963415510064E-7
1075	2.978667849797012E-7
1076	2.978194856090203E-7
1077	2.978061923884536E-7
1078	2.977693966069301E-7
1079	2.977309055460756E-7
1080	2.976722568559566E-7
1081	2.9762521292704087E-7
1082	2.9752403578455226E-7
1083	2.974325136329533E-7
1084	2.9731354985647415E-7
1085	2.971958923196027E-7
1086	2.970137926937882E-7
1087	2.9682306729357864E-7
1088	2.96525834554191E-7
1089	2.962045867612727E-7
1090	2.961395875984075E-7
1091	2.961148565708217E-7
1092	2.9609306648494246E-7
1093	2.9604091397685427E-7
1094	2.9601738080888835E-7
1095	2.960014852137083E-7
1096	2.9597602434722793E-7
1097	2.95918189617375E-7
1098	2.958908287477309E-7
1099	2.9581706261507196E-7
1100	2.9573950406513956E-7
1101	2.9567889200122763E-7
1102	2.9558873781234037E-7
1103	2.954914852180591E-7
1104	2.9536571174643877E-7
1105	2.9520131089108516E-7
1106	2.9502263292088545E-7
1107	2.9477461605673024E-7
1108	2.94455739036327E-7
1109	2.9413440119361837E-7
1110	2.936511192831487E-7
1111	2.931031913548845E-7
1112	2.9210616857547663E-7
1113	2.9189783264434086E-7
1114	2.918215129116429E-7
1115	2.916516063824717E-7
1116	2.9153249975319173E-7
1117	2.91337389189534E-7
1118	2.9105834884663183E-7
1119	2.9070149645360203E-7
1120	2.902570584737013E-7
1121	2.8967819600312984E-7
1122	2.8866606834868183E-7
1123	2.8741542207897595E-7
1124	2.857422295335191E-7
1125	2.8356589655153627E-7
1126	2.8065658432348603E-7
1127	2.7585278315201087E-7
1128	2.70665666043111E-7
1129	2.611619177015094E-7
1130	2.507571490613681E-7
1131	2.3609321084825936E-7
1132	2.1560380326253715E-7
1133	1.9039331735100478E-7
1134	1.6176548790125633E-7
1135	1.2532670275662703E-7
1136	6.713707757609781E-8
1137	2.0131248312425204E-9
1138	1.6992755361070543E-9
1139	1.6886548124897004E-9
1140	1.6712194206999286E-9
1141	1.6683661057990997E-9
1142	1.6602816381410225E-9
1143	1.6589790501714906E-9
1144	1.6532190354439199E-9
1145	1.651527606931874E-9
1146	9.255663945268255E-10
1147	9.152576968968415E-10
1148	9.120086999782121E-10
1149	9.074519087463016E-10
1150	9.052293503213426E-10
1151	8.832245773289076E-10
1152	8.64681007426356E-10
1153	7.874020096420256E-10
1154	7.775093631759831E-10
1155	7.727874502897665E-10
1156	7.708331091501747E-10
1157	7.682974493418219E-10
1158	7.65088398735056E-10
1159	7.373284603158614E-10
1160	7.308727029468772E-10
1161	6.999991288441391E-10
1162	6.423546146372225E-10
1163	6.019714249593113E-10
1164	5.53757124717741E-10
1165	5.112922346890504E-10
1166	4.489370954994808E-10
1167	4.2967307058182613E-10
1168	4.278331141262659E-10
1169	4.181870756571012E-10
1170	3.9838463100758655E-10
1171	3.8919621564898673E-10
1172	3.779643822279817E-10
1173	3.6947675695455646E-10
1174	3.526120491247621E-10
1175	3.3205584602219355E-10
1176	3.1560743053464755E-10
1177	3.1317410404928074E-10
1178	3.102450801630875E-10
1179	3.058038149099253E-10
1180	3.0145794305922615E-10
1181	2.8825901760389643E-10
1182	2.835928069490317E-10
1183	2.811780335569685E-10
1184	2.7896915443942004E-10
1185	2.7426541362389636E-10
1186	2.730736281406279E-10
1187	2.7141891267322526E-10
1188	2.671381743680249E-10
1189	2.637356863486465E-10
1190	2.6153169991204723E-10
1191	2.5855874566649977E-10
1192	2.5499853747485753E-10
1193	2.501297443795521E-10
1194	2.448343548918256E-10
1195	2.4073515212931033E-10
1196	2.3007589726409917E-10
1197	2.230642744875745E-10
1198	2.120536682005609E-10
1199	2.0102091541128737E-10
1200	1.9774069218836866E-10
1201	1.935315028543536E-10
1202	1.9048377663211623E-10
1203	1.8867915364698553E-10
1204	1.8536798021832789E-10
1205	1.826551433708956E-10
1206	1.7956661515612961E-10
1207	1.7779230446956135E-10
1208	1.7505601384228527E-10
1209	1.7301571545659463E-10
1210	1.6867001034720075E-10
1211	1.6410821389695657E-10
1212	1.6129237541099428E-10
1213	1.5951249755324108E-10
1214	1.5768915732382828E-10
1215	1.5553550855784766E-10
1216	1.5383852823386018E-10
1217	1.510544781779758E-10
1218	1.4672321127505607E-10
1219	1.4467114604301092E-10
1220	1.412221881896346E-10
1221	1.3537055468597844E-10
1222	1.2981564462378948E-10
1223	1.2375913153016044E-10
1224	1.1244926500391676E-10
1225	9.636098968427938E-11
1226	8.911492854375102E-11
1227	8.727412490512922E-11
1228	8.689227573958209E-11
1229	8.63998434467732E-11
1230	8.575324131712013E-11
1231	8.478907345208255E-11
1232	8.378637677847794E-11
1233	8.297327156839625E-11
1234	8.2827500254641E-11
1235	8.230190661397711E-11
1236	8.204476645709796E-11
1237	8.072213046186739E-11
1238	8.055653691651008E-11
1239	7.964074162041962E-11
1240	7.923764563003714E-11
1241	7.906735533001872E-11
1242	7.848850295225047E-11
1243	7.8214538391981E-11
1244	7.737002403975698E-11
1245	7.697331964871008E-11
1246	7.642879685226612E-11
1247	7.569811431174228E-11
1248	7.520632677794945E-11
1249	7.482078568840658E-11
1250	7.465451323404912E-11
1251	7.424266079127917E-11
1252	7.40427147261444E-11
1253	7.367856619937504E-11
1254	7.341776454774439E-11
1255	7.269637941920993E-11
1256	7.245728838349758E-11
1257	7.180019893540754E-11
1258	7.163579447978148E-11
1259	7.137265644172806E-11
1260	7.081937797852119E-11
1261	7.043593085163088E-11
1262	6.99692906001184E-11
1263	6.94126462017771E-11
1264	6.897920896003941E-11
1265	6.838866893611331E-11
1266	6.733574436308192E-11
1267	6.619277429198512E-11
1268	6.52695410342952E-11
1269	6.4105484258476E-11
1270	6.373937146451924E-11
1271	6.320430582931131E-11
1272	6.287535392072927E-11
1273	6.266257422302267E-11
1274	6.227718188175887E-11
1275	6.18038824097418E-11
1276	6.154348091449553E-11
1277	6.115610491432744E-11
1278	6.0428000421283E-11
1279	5.981811149973146E-11
1280	5.924938405442791E-11
1281	5.902856204956222E-11
1282	5.873863732246737E-11
1283	5.857043083519131E-11
1284	5.843490175800459E-11
1285	5.828463484366569E-11
1286	5.8078157281286526E-11
1287	5.7918287102880885E-11
1288	5.782538790689651E-11
1289	5.770058969346425E-11
1290	5.747278881585687E-11
1291	5.727808606329244E-11
1292	5.71348382984327E-11
1293	5.7034638223627326E-11
1294	5.685812972844631E-11
1295	5.6603234439409123E-11
1296	5.6483991250622134E-11
1297	5.632626591895093E-11
1298	5.612483218792744E-11
1299	5.59353540971782E-11
1300	5.563963196086247E-11
1301	5.527402285638053E-11
1302	5.479123828595244E-11
1303	5.4418582702720316E-11
1304	5.377026775235823E-11
1305	5.2929496208064505E-11
1306	5.2026037872394673E-11
1307	5.066576711373606E-11
1308	4.918639465124691E-11
1309	4.7277380299089126E-11
1310	4.62272418305282E-11
1311	4.618529444613045E-11
1312	4.61055754117423E-11
1313	4.597324584674136E-11
1314	4.589284934001449E-11
1315	4.5806840349310385E-11
1316	4.569394620620638E-11
1317	4.5648154193728613E-11
1318	4.552296147453407E-11
1319	4.5469502883002336E-11
1320	4.5398638103336496E-11
1321	4.5359029822180765E-11
1322	4.5279597263674946E-11
1323	4.5208268677082086E-11
1324	4.512480954330458E-11
1325	4.505663200106136E-11
1326	4.499746926161049E-11
1327	4.484228691060063E-11
1328	4.4785277150531234E-11
1329	4.4648465844270934E-11
1330	4.4485034294090026E-11
1331	4.439916974634618E-11
1332	4.432627644047628E-11
1333	4.423446847814753E-11
1334	4.414903070010162E-11
1335	4.39603160482058E-11
1336	4.3774100190362715E-11
1337	4.359643175751071E-11
1338	4.3421963039660124E-11
1339	4.334052926895013E-11
1340	4.322286535099605E-11
1341	4.3024488082789486E-11
1342	4.2794308951174166E-11
1343	4.251942016923492E-11
1344	4.216321254450469E-11
1345	4.176307201125039E-11
1346	4.1251506936476785E-11
1347	4.065426256740591E-11
1348	3.965282669363125E-11
1349	3.8229962062827396E-11
1350	3.683432679821151E-11
1351	3.592756000246729E-11
1352	3.583814568824671E-11
1353	3.578374293139686E-11
1354	3.567847086655215E-11
1355	3.561258676180382E-11
1356	3.552302472101897E-11
1357	3.5422314157677476E-11
1358	3.529618714901825E-11
1359	3.515004556341158E-11
1360	3.4935104980194785E-11
1361	3.468782146997982E-11
1362	3.441352688341799E-11
1363	3.4296395698579806E-11
1364	3.412693640338768E-11
1365	3.391338358822003E-11
1366	3.36920071469909E-11
1367	3.334388594515533E-11
1368	3.285944840442607E-11
1369	3.24252779774845E-11
1370	3.164642991325966E-11
1371	3.047488594683101E-11
1372	2.9141931436577435E-11
1373	2.7275014658036985E-11
1374	2.5608671122405245E-11
1375	2.1921329549118927E-11
1376	1.7674601519099173E-11
1377	1.2139861956099593E-11
1378	1.156620802675327E-11
1379	1.1403532352627602E-11
1380	1.1390534936042491E-11
1381	1.1179244048701078E-11
1382	1.1149982779248484E-11
1383	1.1130728084855547E-11
1384	1.1119065690906483E-11
1385	1.1066487110192781E-11
1386	1.1044656748997431E-11
1387	1.1032573787171263E-11
1388	1.0989913266103204E-11
1389	1.0972694145647852E-11
1390	1.0964767428819623E-11
1391	1.0961233298332077E-11
1392	1.0949655427767534E-11
1393	1.092998818979946E-11
1394	1.0917374212377116E-11
1395	1.0909443105389689E-11
1396	1.090118934897604E-11
1397	1.0887340152045296E-11
1398	1.0879946409523584E-11
1399	1.086901811498948E-11
1400	1.0852088384269928E-11
1401	1.0830991511407475E-11
1402	1.0819724163109944E-11
1403	1.08051814666333E-11
1404	1.0796784562956149E-11
1405	1.078962039034056E-11
1406	1.0778276046471208E-11
1407	1.0772550736950516E-11
1408	1.0743555343863991E-11
1409	1.0732806134541331E-11
1410	1.0715836706096092E-11
1411	1.071136698051434E-11
1412	1.0702713072216551E-11
1413	1.0691763826063672E-11
1414	1.06824893791005E-11
1415	1.067575304121742E-11
1416	1.0668887060428353E-11
1417	1.0657440144583997E-11
1418	1.0651437109597409E-11
1419	1.0645700034394778E-11
1420	1.0640200573567661E-11
1421	1.0630617894989682E-11
1422	1.0627610076916667E-11
1423	1.0613946408046662E-11
1424	1.0605969636998727E-11
1425	1.0593665431430023E-11
1426	1.0585069941783825E-11
1427	1.0577122041181888E-11
1428	1.0564075223529413E-11
1429	1.0551327736830004E-11
1430	1.0530070460815015E-11
1431	1.051820873605517E-11
1432	1.0502023608709555E-11
1433	1.0478163786501686E-11
1434	1.0463559537546898E-11
1435	1.0458624233244732E-11
1436	1.0451733427591592E-11
1437	1.0446014473552834E-11
1438	1.044120398769722E-11
1439	1.0430551571527379E-11
1440	1.042326269686856E-11
1441	1.0418504858608148E-11
1442	1.0413455911995635E-11
1443	1.0409159183394114E-11
1444	1.0404205944778376E-11
1445	1.0397944211317766E-11
1446	1.0392717354589187E-11
1447	1.0383048678392725E-11
1448	1.037059909076187E-11
1449	1.0358610935269811E-11
1450	1.0351594411336289E-11
1451	1.0334278758676439E-11
1452	1.0319684655139378E-11
1453	1.0295137396826766E-11
1454	1.0272837910014985E-11
1455	1.0240017625984438E-11
1456	1.0225698164390364E-11
1457	1.0206892626733189E-11
1458	1.0202190408388308E-11
1459	1.0195133570018544E-11
1460	1.0184787292763428E-11
1461	1.0175892184274302E-11
1462	1.0163342684849797E-11
1463	1.0150170345625867E-11
1464	1.0130327015735708E-11
1465	1.0106835684420947E-11
1466	1.0079694646473599E-11
1467	1.0043362717150232E-11
1468	9.99696826246116E-12
1469	9.92607540517376E-12
1470	9.814871474611511E-12
1471	9.713243740821117E-12
1472	9.61929352702845E-12
1473	9.616328335754216E-12
1474	9.6127640882388E-12
1475	9.611748424560929E-12
1476	9.608998667347126E-12
1477	9.60574951284727E-12
1478	9.602908384970905E-12
1479	9.596226608568692E-12
1480	9.590420632925063E-12
1481	9.586040804823041E-12
1482	9.57969392639639E-12
1483	9.570836554685759E-12
1484	9.56172635168086E-12
1485	9.547194052254144E-12
1486	9.531405001796924E-12
1487	9.517987508323572E-12
1488	9.503677039979856E-12
1489	9.474110942000392E-12
1490	9.438340056590537E-12
1491	9.385545379559204E-12
1492	9.297187249203161E-12
1493	9.249969238664325E-12
1494	9.134420405057024E-12
1495	9.004783988289454E-12
1496	8.840922341994345E-12
1497	8.696539140182622E-12
1498	8.423855815605688E-12
1499	8.067620234856569E-12
1500	7.570006682635125E-12
1501	6.975247080602301E-12
1502	6.126729795134905E-12
1503	4.804718403297214E-12
1504	3.722655817774957E-12
1505	1.048787458356361E-12
1506	1.1972979955824142E-13
1507	9.315354313457168E-14
1508	9.261205342676495E-14
1509	9.18405405337952E-14
1510	9.113342133240671E-14
1511	9.045934491581534E-14
1512	8.99400560574495E-14
1513	8.913489328405245E-14
1514	8.874679258800927E-14
1515	8.811937453963274E-14
1516	8.258725759754815E-14
1517	8.191856511844443E-14
1518	8.097884787011447E-14
1519	7.982356694083729E-14
1520	7.33284546358771E-14
1521	7.302088393693884E-14
1522	7.243487023535471E-14
1523	7.17130368112514E-14
1524	7.143819366381859E-14
1525	7.056596706390693E-14
1526	7.024605272600727E-14
1527	6.627685123944565E-14
1528	6.300175308233612E-14
1529	5.345339250340709E-14
1530	5.294795147186018E-14
1531	5.166316756490255E-14
1532	5.11323545666964E-14
1533	4.902329183466391E-14
1534	4.7631639032134813E-14
1535	4.6769881191916645E-14
1536	4.581553883377104E-14
1537	4.532652990294194E-14
1538	4.383996228106922E-14
1539	4.2770782620391475E-14
1540	4.119813866898897E-14
1541	4.0631904329930305E-14
1542	4.018745247259207E-14
1543	3.983036279801094E-14
1544	3.90806225217934E-14
1545	3.881857604419216E-14
1546	3.860793242752643E-14
1547	3.823456671849441E-14
1548	3.8047389558566156E-14
1549	3.7459906590767207E-14
1550	3.7185828532778963E-14
1551	3.6913226314653376E-14
1552	3.6683712281480416E-14
1553	3.647050369176036E-14
1554	3.6183784465508395E-14
1555	3.574002449201433E-14
1556	3.537454693808362E-14
1557	3.495748524286204E-14
1558	3.450596264495329E-14
1559	3.39193411241152E-14
1560	3.334626474233244E-14
1561	3.31279775602314E-14
1562	3.2655293234758674E-14
1563	3.234230055042747E-14
1564	3.218801080095678E-14
1565	3.172394879574248E-14
1566	3.1549550735786105E-14
1567	3.135099272168241E-14
1568	3.1044297932116994E-14
1569	3.087084270179942E-14
1570	3.055108751519757E-14
1571	3.039794354490569E-14
1572	3.0182088278730944E-14
1573	2.9866916018298244E-14
1574	2.971319667187306E-14
1575	2.945417590902642E-14
1576	2.9126354681385673E-14
1577	2.8844026814715684E-14
1578	2.8595236311251304E-14
1579	2.847421879185396E-14
1580	2.8315531804765186E-14
1581	2.8102109914382727E-14
1582	2.7769517971898244E-14
1583	2.7570977221292795E-14
1584	2.7143215401470232E-14
1585	2.7025462279132893E-14
1586	2.6839094654591056E-14
1587	2.660516909534965E-14
1588	2.6486476533487334E-14
1589	2.6262284004544355E-14
1590	2.5923996691472592E-14
1591	2.5685361856469037E-14
1592	2.561885537890368E-14
1593	2.5508723877661055E-14
1594	2.538034922909884E-14
1595	2.5335547848036337E-14
1596	2.5156120325946104E-14
1597	2.4949394610271517E-14
1598	2.4779093123744497E-14
1599	2.4522165968743605E-14
1600	2.4378979283133573E-14
1601	2.4324912809948063E-14
1602	2.4167348788420803E-14
1603	2.405514332302667E-14
1604	2.3965750013334573E-14
1605	2.3776703206211776E-14
1606	2.3556670200446728E-14
1607	2.297572780423755E-14
1608	2.2751497586719343E-14
1609	2.245596975503946E-14
1610	2.2185991842141234E-14
1611	2.1817181453820545E-14
1612	2.1441660970580675E-14
1613	2.0866587156316672E-14
1614	2.0076468953924423E-14
1615	1.9483094787751777E-14
1616	1.9218331291170245E-14
1617	1.879609298479104E-14
1618	1.839858107402601E-14
1619	1.784547329507749E-14
1620	1.7336358559332647E-14
1621	1.654037793262265E-14
1622	1.571253732814866E-14
1623	1.4491118629714883E-14
1624	1.409081949297384E-14
1625	1.3160438898706483E-14
1626	1.2321898385302608E-14
1627	1.1152468692598248E-14
1628	9.968969423194387E-15
1629	9.595992461983299E-15
1630	9.557265780846963E-15
1631	9.540544934896038E-15
1632	9.489207706266193E-15
1633	9.46504578629243E-15
1634	9.401497699323818E-15
1635	9.34983949343055E-15
1636	9.304164853634372E-15
1637	9.207005716613779E-15
1638	9.150514994538515E-15
1639	9.10210868134421E-15
1640	9.07797345630046E-15
1641	8.976255756620505E-15
1642	8.837452290591672E-15
1643	8.760923936073222E-15
1644	8.718955775962758E-15
1645	8.657052499053214E-15
1646	8.639816405342922E-15
1647	8.618887042203365E-15
1648	8.550988270183247E-15
1649	8.511292194373973E-15
1650	8.43019542223242E-15
1651	8.369231778626965E-15
1652	8.283614861478833E-15
1653	8.200314602953813E-15
1654	8.184093938154062E-15
1655	8.147317924794795E-15
1656	8.143250837155202E-15
1657	8.127201949761114E-15
1658	8.111401379122089E-15
1659	8.07346923555503E-15
1660	8.05768426539409E-15
1661	8.030926107310611E-15
1662	8.014790371362973E-15
1663	7.999439906612157E-15
1664	7.98185010441044E-15
1665	7.964601858992826E-15
1666	7.944023894802529E-15
1667	7.917588071963552E-15
1668	7.891916907866815E-15
1669	7.878428281439965E-15
1670	7.858778897515468E-15
1671	7.844848939563437E-15
1672	7.816859716551549E-15
1673	7.807926229499401E-15
1674	7.786301316856057E-15
1675	7.774735810921764E-15
1676	7.75346879981402E-15
1677	7.74079085784E-15
1678	7.728676992023954E-15
1679	7.709648083813544E-15
1680	7.691278171864261E-15
1681	7.669358635778953E-15
1682	7.654732021602797E-15
1683	7.591504624120671E-15
1684	7.557397677924467E-15
1685	7.540652446297099E-15
1686	7.519323129005703E-15
1687	7.496484235326914E-15
1688	7.467270489242275E-15
1689	7.42499706229467E-15
1690	7.417868111606197E-15
1691	7.413720213499271E-15
1692	7.398524318657065E-15
1693	7.386431055566838E-15
1694	7.378152951045623E-15
1695	7.366357262435762E-15
1696	7.35524462640394E-15
1697	7.335001746580421E-15
1698	7.324206710619496E-15
1699	7.318559544717471E-15
1700	7.308808527432128E-15
1701	7.297093834395212E-15
1702	7.291024607893176E-15
1703	7.277574789396974E-15
1704	7.25995008487084E-15
1705	7.233270154085092E-15
1706	7.203316980595482E-15
1707	7.170803801031912E-15
1708	7.124193412763029E-15
1709	7.109836508577895E-15
1710	7.099883701058039E-15
1711	7.090149324181444E-15
1712	7.08398675723754E-15
1713	7.0797522925914904E-15
1714	7.0725569759775584E-15
1715	7.067021242578913E-15
1716	7.059122657911136E-15
1717	7.055609124829401E-15
1718	7.0443251403600155E-15
1719	7.037420038750456E-15
1720	7.028682609025204E-15
1721	7.0234074692825404E-15
1722	7.011502608705315E-15
1723	7.0017743607358725E-15
1724	6.9965479903208416E-15
1725	6.9907730185377935E-15
1726	6.979633727719122E-15
1727	6.9727476803626125E-15
1728	6.963649401667833E-15
1729	6.960468084819597E-15
1730	6.944123989734236E-15
1731	6.935751080881098E-15
1732	6.92304098014631E-15
1733	6.917336715347131E-15
1734	6.895301330977888E-15
1735	6.884683030222855E-15
1736	6.8729213139837896E-15
1737	6.86081049170241E-15
1738	6.8479748559839894E-15
1739	6.836156923618586E-15
1740	6.823612408993287E-15
1741	6.80525693904814E-15
1742	6.780596422544617E-15
1743	6.740942505203037E-15
1744	6.709649658083668E-15
1745	6.650493521303374E-15
1746	6.586727115237119E-15
1747	6.515074105423555E-15
1748	6.409549719339368E-15
1749	6.385950252565165E-15
1750	6.3820963279007125E-15
1751	6.380241869739064E-15
1752	6.376051875481377E-15
1753	6.373037720675041E-15
1754	6.369774204798712E-15
1755	6.36862586685044E-15
1756	6.364040167423435E-15
1757	6.360476102895038E-15
1758	6.35896375026611E-15
1759	6.356382963495781E-15
1760	6.353301291327008E-15
1761	6.3498510223186975E-15
1762	6.347820588590324E-15
1763	6.345935151926422E-15
1764	6.341347729005358E-15
1765	6.339802735880315E-15
1766	6.33444805696701E-15
1767	6.331628308706818E-15
1768	6.327457131913749E-15
1769	6.323197161312812E-15
1770	6.320484614382345E-15
1771	6.315276417452208E-15
1772	6.306992459764845E-15
1773	6.303751720718546E-15
1774	6.3016754008708775E-15
1775	6.29807956525698E-15
1776	6.29652508417538E-15
1777	6.2951430443104135E-15
1778	6.293303782636945E-15
1779	6.291162746627586E-15
1780	6.2894093301630125E-15
1781	6.2862702360153045E-15
1782	6.282354246440331E-15
1783	6.2787352696880844E-15
1784	6.275112837923987E-15
1785	6.272687023782564E-15
1786	6.26998208391034E-15
1787	6.26585252973194E-15
1788	6.262385615211722E-15
1789	6.259124963944467E-15
1790	6.2550277195316476E-15
1791	6.248600702721797E-15
1792	6.241660328569692E-15
1793	6.232465511798898E-15
1794	6.220030910588688E-15
1795	6.2079148137921974E-15
1796	6.19822455349766E-15
1797	6.179505334947107E-15
1798	6.15110536568401E-15
1799	6.115494678415019E-15
1800	6.071572124417439E-15
1801	6.008028227622307E-15
1802	5.905443490506103E-15
1803	5.788110351868937E-15
1804	5.640227821504525E-15
1805	5.503267077979676E-15
1806	5.319426786228118E-15
1807	5.078085181392681E-15
1808	4.7477164288354634E-15
1809	4.425186720579336E-15
1810	3.7530980353835976E-15
1811	3.1477405404743046E-15
1812	2.2934017475119227E-15
1813	1.547793923658343E-15
1814	1.434698938100587E-15
1815	1.3074739874186264E-15
1816	1.139339294360205E-15
1817	9.137084781904287E-16
1818	6.449000022997437E-16
1819	1.6582831863338233E-16
1820	1.6499898476382996E-16
1821	1.5136557815839536E-16
1822	1.502608372299999E-16
1823	1.4231805132416522E-16
1824	1.4039138963961318E-16
1825	1.3658211534099904E-16
1826	1.2771999965064645E-16
1827	1.2039141191707058E-16
1828	1.193531919910525E-16
1829	1.1405552467263235E-16
1830	1.0914307726435387E-16
1831	1.086009031529811E-16
1832	1.039988589105621E-16
1833	9.956224771579756E-17
1834	9.916178110465041E-17
1835	9.77459777720363E-17
1836	9.753715180865326E-17
1837	9.276135221341056E-17
1838	9.195435455681396E-17
1839	8.919405667638945E-17
1840	8.833486387120024E-17
1841	8.44576472484891E-17
1842	8.314114067283279E-17
1843	7.711482815427393E-17
1844	7.436237146129619E-17
1845	7.238442888973276E-17
1846	7.042712160313407E-17
1847	6.975423071801624E-17
1848	6.92937991337171E-17
1849	6.824174787695178E-17
1850	6.681819276323437E-17
1851	6.667974553944203E-17
1852	6.643646598744681E-17
1853	6.535913049340269E-17
1854	6.515207145719822E-17
1855	6.500803180243172E-17
1856	6.471301865373654E-17
1857	6.443184438498861E-17
1858	6.408807014445573E-17
1859	6.331139147730142E-17
1860	6.307175068769424E-17
1861	6.298812632856289E-17
1862	6.269042556987741E-17
1863	6.234173731442179E-17
1864	6.207537360762415E-17
1865	6.120857986596815E-17
1866	6.101730846796012E-17
1867	6.070477808863655E-17
1868	6.056412194496724E-17
1869	6.030098874715354E-17
1870	5.9784601295358E-17
1871	5.940018555694245E-17
1872	5.922525664316264E-17
1873	5.900517892473449E-17
1874	5.86318073190017E-17
1875	5.805730969122621E-17
1876	5.773475389341002E-17
1877	5.739509913858536E-17
1878	5.667043283759194E-17
1879	5.639907379109021E-17
1880	5.62409142945753E-17
1881	5.591952231144074E-17
1882	5.575370546514231E-17
1883	5.553195258402747E-17
1884	5.5072421667400605E-17
1885	5.440378973042363E-17
1886	5.411387028577558E-17
1887	5.370803508433335E-17
1888	5.301590444379266E-17
1889	5.2722374497409637E-17
1890	5.2223883923003777E-17
1891	5.1740293342238556E-17
1892	5.107651456611386E-17
1893	5.0686082069379876E-17
1894	5.0370289783160733E-17
1895	5.028777577422532E-17
1896	5.0189157527016026E-17
1897	4.996424472698712E-17
1898	4.978170747164273E-17
1899	4.962460457715032E-17
1900	4.9406480278733934E-17
1901	4.936254190316503E-17
1902	4.912734748352337E-17
1903	4.9038995470609586E-17
1904	4.8955563446938026E-17
1905	4.8844946404970263E-17
1906	4.8717251609229613E-17
1907	4.857760618449895E-17
1908	4.845368487106311E-17
1909	4.83851391067696E-17
1910	4.83297890230385E-17
1911	4.809630661144058E-17
1912	4.7976461259777414E-17
1913	4.7814741875434506E-17
1914	4.7761154297586504E-17
1915	4.7622995926550396E-17
1916	4.7582619696705074E-17
1917	4.750518584892118E-17
1918	4.7413392696680837E-17
1919	4.731547662515415E-17
1920	4.72409599437297E-17
1921	4.7033347317902656E-17
1922	4.695362321497504E-17
1923	4.6782858793298383E-17
1924	4.6562711193355735E-17
1925	4.6325355637661264E-17
1926	4.599962672380918E-17
1927	4.560235280515235E-17
1928	4.510097818661816E-17
1929	4.451168731338122E-17
1930	4.386300265383941E-17
1931	4.2991789029318065E-17
1932	4.1933226866842996E-17
1933	4.023983920760083E-17
1934	3.81552944250646E-17
1935	3.4564584130497956E-17
1936	3.149973005184097E-17
1937	2.7910624498232786E-17
1938	2.787531130896845E-17
1939	2.781526225177428E-17
1940	2.7729564608764527E-17
1941	2.7668760624075584E-17
1942	2.7536633043359638E-17
1943	2.7500662063103613E-17
1944	2.7446265526343587E-17
1945	2.7378654305031455E-17
1946	2.733500815160145E-17
1947	2.7293020422738523E-17
1948	2.7242155423956355E-17
1949	2.715899965487405E-17
1950	2.7100740304151382E-17
1951	2.7021905798918745E-17
1952	2.6934475016168677E-17
1953	2.688065761511541E-17
1954	2.6793679791219728E-17
1955	2.6698673881857416E-17
1956	2.6660600423812743E-17
1957	2.6623413765192013E-17
1958	2.6582238162335933E-17
1959	2.652831489069251E-17
1960	2.6498637795428077E-17
1961	2.646823214262822E-17
1962	2.6437087885389517E-17
1963	2.6386640819839075E-17
1964	2.6367200093249503E-17
1965	2.6344702741408697E-17
1966	2.6336513477108434E-17
1967	2.632493141519913E-17
1968	2.630655903561097E-17
1969	2.6265950573393488E-17
1970	2.620936695767997E-17
1971	2.616680671773379E-17
1972	2.6149728433276232E-17
1973	2.6066788572485188E-17
1974	2.6035322589101218E-17
1975	2.598917099773329E-17
1976	2.595344236828328E-17
1977	2.5913495057711767E-17
1978	2.5897176516365888E-17
1979	2.588779021054473E-17
1980	2.5873524705147073E-17
1981	2.5862983244392377E-17
1982	2.5849421518677615E-17
1983	2.5822862175349424E-17
1984	2.580198919431317E-17
1985	2.5794025552460433E-17
1986	2.5768860546719064E-17
1987	2.5751780957706998E-17
1988	2.5733435156043773E-17
1989	2.572776085819487E-17
1990	2.5721821915554628E-17
1991	2.571581265002388E-17
1992	2.56995594304373E-17
1993	2.5692683252930592E-17
1994	2.5667350860085153E-17
1995	2.5658258531396705E-17
1996	2.5639224968817672E-17
1997	2.5612237402823605E-17
1998	2.5589672384381366E-17
1999	2.5573768606089937E-17
2000	2.5550019783443192E-17
2001	2.5534028249938025E-17
2002	2.5530706798912666E-17
2003	2.5520564827153386E-17
2004	2.5512532998047558E-17
2005	2.5501625602743693E-17
2006	2.5496073890599052E-17
2007	2.548423480617999E-17
2008	2.5467523261806212E-17
2009	2.5461448247395627E-17
2010	2.5455754518390688E-17
2011	2.5444931967390098E-17
2012	2.5440476888676852E-17
2013	2.5438463717989743E-17
2014	2.542898214065823E-17
2015	2.5418214588140408E-17
2016	2.5410706859881483E-17
2017	2.540571322121577E-17
2018	2.5396841892544457E-17
2019	2.5389120651703246E-17
2020	2.5377448990883203E-17
2021	2.5369465358593217E-17
2022	2.536186747168327E-17
2023	2.5350135962732584E-17
2024	2.5339688264872902E-17
2025	2.532120037257758E-17
2026	2.530338577296511E-17
2027	2.527520327539615E-17
2028	2.5246445531378178E-17
2029	2.5203903886218176E-17
2030	2.5161484026051353E-17
2031	2.5143201750320944E-17
2032	2.5138027360536505E-17
2033	2.5135009276870664E-17
2034	2.513070631845091E-17
2035	2.511994147033306E-17
2036	2.5115640709734497E-17
2037	2.5110440301159447E-17
2038	2.51072139638882E-17
2039	2.5102356495723524E-17
2040	2.509837155225275E-17
2041	2.5091787373646297E-17
2042	2.5084962722994707E-17
2043	2.5079426562323345E-17
2044	2.507273607816796E-17
2045	2.5064646851663216E-17
2046	2.5058059966114728E-17
2047	2.504737812147984E-17
2048	2.503280491209324E-17
2049	2.5013618774940997E-17
2050	2.4990674629192153E-17
2051	2.4959769429007428E-17
2052	2.4916193995907695E-17
2053	2.4867081777771352E-17
2054	2.480273587253397E-17
2055	2.472261824144645E-17
2056	2.458501591845445E-17
2057	2.4423808741894802E-17
2058	2.4218101157638565E-17
2059	2.385908620959495E-17
2060	2.3508455516924786E-17
2061	2.321526955143068E-17
2062	2.308110986342682E-17
2063	2.2886160498563117E-17
2064	2.2655074978416063E-17
2065	2.2347351282236402E-17
2066	2.2028866436854076E-17
2067	2.1754167408329883E-17
2068	2.1226863786107476E-17
2069	2.051549014249082E-17
2070	1.9455558652513587E-17
2071	1.7611854339526675E-17
2072	1.6157675018767065E-17
2073	1.6150890013647535E-17
2074	1.6131963467087548E-17
2075	1.6068405232005443E-17
2076	1.6040970646479467E-17
2077	1.6032114684213202E-17
2078	1.600818700468761E-17
2079	1.599118169247176E-17
2080	1.596596331174713E-17
2081	1.5939787735593924E-17
2082	1.5908862338542792E-17
2083	1.5857335907913666E-17
2084	1.579168178810062E-17
2085	1.5711536265109177E-17
2086	1.5612664432523633E-17
2087	1.548736116363427E-17
2088	1.531864597762916E-17
2089	1.5087645337948493E-17
2090	1.4731169845608547E-17
2091	1.4361563069743593E-17
2092	1.3794056600478574E-17
2093	1.3504620596693773E-17
2094	1.3493086558576186E-17
2095	1.3461898391056083E-17
2096	1.3448526473972162E-17
2097	1.34384580382993E-17
2098	1.3417768279306044E-17
2099	1.3394647501918908E-17
2100	1.3367940038695234E-17
2101	1.333448047244215E-17
2102	1.329219336859538E-17
2103	1.3237688073533375E-17
2104	1.3173599270136374E-17
2105	1.3084533822480161E-17
2106	1.2934050132814406E-17
2107	1.2884470219219244E-17
2108	1.2878353609828198E-17
2109	1.2872180826979766E-17
2110	1.28636019167752E-17
2111	1.285367377248077E-17
2112	1.2837190834307959E-17
2113	1.282499168863073E-17
2114	1.2800791760623156E-17
2115	1.2773201155844356E-17
2116	1.2741830602696818E-17
2117	1.2706750896402016E-17
2118	1.2704037329764836E-17
2119	1.2701632865824534E-17
2120	1.270012521163744E-17
2121	1.2698601770716413E-17
2122	1.2698075314303299E-17
2123	1.269655577060334E-17
2124	1.2695728916871894E-17
2125	1.269463729751545E-17
2126	1.2693652935418659E-17
2127	1.2692687317841191E-17
2128	1.2692069108450775E-17
2129	1.2691291777611266E-17
2130	1.2690831479860388E-17
2131	1.2690056794173168E-17
2132	1.2688946853404184E-17
2133	1.2687843942788544E-17
2134	1.2687242995004802E-17
2135	1.2686555487075436E-17
2136	1.2685977151463829E-17
2137	1.2684602557935717E-17
2138	1.2683883579166922E-17
2139	1.2682781224312304E-17
2140	1.2682304041028143E-17
2141	1.2681724146636281E-17
2142	1.2681187758336225E-17
2143	1.2680459505212835E-17
2144	1.2679879484041522E-17
2145	1.2679172972904707E-17
2146	1.2678017170786353E-17
2147	1.2677685359286499E-17
2148	1.26771373852361E-17
2149	1.2676678714386482E-17
2150	1.2675926419679558E-17
2151	1.26752121904962E-17
2152	1.2674544758810434E-17
2153	1.2673753276918017E-17
2154	1.267298996593574E-17
2155	1.2672646170153954E-17
2156	1.267240078171159E-17
2157	1.267195035962657E-17
2158	1.2671219044022593E-17
2159	1.2670663215311921E-17
2160	1.2670374463773008E-17
2161	1.2669997334215858E-17
2162	1.2668912242331395E-17
2163	1.2667883728022531E-17
2164	1.2667135120674699E-17
2165	1.2664910474541885E-17
2166	1.2662466853494062E-17
2167	1.2659442080598304E-17
2168	1.2658397600212286E-17
2169	1.2657697727148176E-17
2170	1.265760509078626E-17
2171	1.2657490282274179E-17
2172	1.2657100371599914E-17
2173	1.2656812827426531E-17
2174	1.2656600767717024E-17
2175	1.2656381449141699E-17
2176	1.2656199940577058E-17
2177	1.2656097674956094E-17
2178	1.2655965099059339E-17
2179	1.265573029247744E-17
2180	1.2655577955760908E-17
2181	1.2655379016590123E-17
2182	1.2655244435800725E-17
2183	1.2654925616699378E-17
2184	1.2654688010478785E-17
2185	1.2654537399921145E-17
2186	1.2654272726041299E-17
2187	1.2654102209592967E-17
2188	1.2653773433045406E-17
2189	1.2653475937586688E-17
2190	1.2653276737945842E-17
2191	1.2652982387986243E-17
2192	1.2652701252700077E-17
2193	1.2652413995367578E-17
2194	1.2652062932835733E-17
2195	1.2651801213783954E-17
2196	1.2651490823838624E-17
2197	1.2650943634015173E-17
2198	1.2650302964553268E-17
2199	1.2649461180214942E-17
2200	1.2648740587639768E-17
2201	1.2648090341293653E-17
2202	1.2647716589578491E-17
2203	1.2647559763301011E-17
2204	1.2647473700651398E-17
2205	1.264725892109323E-17
2206	1.2646923563704389E-17
2207	1.2646612105329152E-17
2208	1.2646232985614718E-17
2209	1.2645899184666789E-17
2210	1.2645433428045629E-17
2211	1.2644659483918267E-17
2212	1.2643676364724778E-17
2213	1.2642402488704044E-17
2214	1.2640631443997379E-17
2215	1.2638734606014311E-17
2216	1.2636251462289468E-17
2217	1.2633099386054663E-17
2218	1.2628635573260005E-17
2219	1.2628424969268558E-17
2220	1.2628344778551513E-17
2221	1.2628274225720025E-17
2222	1.2628137687024284E-17
2223	1.262806711999451E-17
2224	1.2627974469430552E-17
2225	1.262792570778029E-17
2226	1.2627830291027139E-17
2227	1.262777373613154E-17
2228	1.2627681641262972E-17
2229	1.2627588292642339E-17
2230	1.2627506277259835E-17
2231	1.2627401186902686E-17
2232	1.262734261795586E-17
2233	1.2627275875149559E-17
2234	1.2627196253911275E-17
2235	1.2627072860454842E-17
2236	1.2626949588606214E-17
2237	1.2626817935577625E-17
2238	1.2626695605113236E-17
2239	1.2626588277065949E-17
2240	1.2626435446212408E-17
2241	1.2626304499147122E-17
2242	1.2626138705032146E-17
2243	1.2625921940134186E-17
2244	1.2625763357180099E-17
2245	1.262571588485661E-17
2246	1.2625603392010531E-17
2247	1.2625519714913486E-17
2248	1.2625460987101941E-17
2249	1.2625246679949174E-17
2250	1.262515275227826E-17
2251	1.2624908742775513E-17
2252	1.262465739547091E-17
2253	1.262438229086684E-17
2254	1.2624034939759614E-17
2255	1.2623592302483066E-17
2256	1.2622849653521626E-17
2257	1.2622095075912614E-17
2258	1.2621084603872571E-17
2259	1.2620684327028124E-17
2260	1.2620638261085734E-17
2261	1.2620608916905135E-17
2262	1.2620555827407388E-17
2263	1.262052767089194E-17
2264	1.262046092429149E-17
2265	1.2620423756495323E-17
2266	1.262037491574075E-17
2267	1.2620282098285532E-17
2268	1.262020395250332E-17
2269	1.2620113032883592E-17
2270	1.2620001016824282E-17
2271	1.2619850560151096E-17
2272	1.2619649496126374E-17
2273	1.2619465269347179E-17
2274	1.2619120406530219E-17
2275	1.2618765982026437E-17
2276	1.2618373551011312E-17
2277	1.2617490787142672E-17
2278	1.2616928516479932E-17
2279	1.2616066592023988E-17
2280	1.261601595516217E-17
2281	1.2615933787462206E-17
2282	1.2615875847986257E-17
2283	1.2615750604666904E-17
2284	1.261559201982193E-17
2285	1.2615365762566811E-17
2286	1.2615071787993262E-17
2287	1.2614758069486137E-17
2288	1.2614257574039704E-17
2289	1.261368437671987E-17
2290	1.2612838244814441E-17
2291	1.2611828365088441E-17
2292	1.2610181066875766E-17
2293	1.2608272932550431E-17
2294	1.2606571842781749E-17
2295	1.2603119926455316E-17
2296	1.259864831903615E-17
2297	1.2591410668427668E-17
2298	1.2580640188933146E-17
2299	1.2569917003319119E-17
2300	1.2556862325743334E-17
2301	1.2541939586973406E-17
2302	1.2516365036535279E-17
2303	1.2488299994060665E-17
2304	1.2440642029706068E-17
2305	1.2383427362020892E-17
2306	1.2294852750009266E-17
2307	1.221043886202858E-17
2308	1.2092835749727359E-17
2309	1.1896556952969367E-17
2310	1.1695922110356425E-17
2311	1.1367426015853978E-17
2312	1.0833092805896104E-17
2313	1.0298976463565199E-17
2314	9.638854346792886E-18
2315	8.940884934674527E-18
2316	7.783308022723973E-18
2317	6.87095310996499E-18
2318	4.986479500761488E-18
2319	2.786760686108336E-18
2320	6.975534230141751E-21
2321	6.968954282570095E-21
2322	6.96467004088086E-21
2323	6.955599804243223E-21
2324	6.946404306015072E-21
2325	6.931979280245675E-21
2326	6.92341590985898E-21
2327	6.919652039152785E-21
2328	6.917708361324757E-21
2329	4.096077067350717E-21
2330	4.087156504760259E-21
2331	4.060061719433474E-21
2332	4.056401709931073E-21
2333	4.055142204326395E-21
2334	4.050462255047051E-21
2335	4.046102302254255E-21
2336	4.042935525291604E-21
2337	4.039472792032895E-21
2338	4.033761737548038E-21
2339	3.939903751525083E-21
2340	3.9381257854971875E-21
2341	3.932250739711382E-21
2342	3.922276487226792E-21
2343	3.9183236827846735E-21
2344	3.913764067172425E-21
2345	3.909023392977233E-21
2346	3.9041555775915834E-21
2347	3.899374915936093E-21
2348	3.875224258504898E-21
2349	3.6707304016897074E-21
2350	3.665455055526341E-21
2351	3.607061207941431E-21
2352	3.535702881083903E-21
2353	3.528900521914123E-21
2354	3.505213734968557E-21
2355	3.5008809378538796E-21
2356	3.444782993441565E-21
2357	3.442899105291543E-21
2358	3.423751347144173E-21
2359	3.39979756297119E-21
2360	3.3982436292823615E-21
2361	3.2796070678383413E-21
2362	3.2765032065263684E-21
2363	3.188806554706769E-21
2364	3.120505979963215E-21
2365	2.9182838841831962E-21
2366	2.7151115886077906E-21
2367	2.712658901503243E-21
2368	2.7089000397767584E-21
2369	2.6995509087396114E-21
2370	2.695658345248753E-21
2371	2.67352126002098E-21
2372	2.6444435264246126E-21
2373	2.625544425335413E-21
2374	2.569293925265511E-21
2375	2.5188456433984443E-21
2376	2.4637101271552427E-21
2377	2.4206789451911413E-21
2378	2.347752188347024E-21
2379	2.2788421018506367E-21
2380	2.1777113158353182E-21
2381	2.0982393809582246E-21
2382	1.9065030863047783E-21
2383	1.7872762611540806E-21
2384	1.7858792657622472E-21
2385	1.7841130643892855E-21
2386	1.781375430174358E-21
2387	1.7682865179116047E-21
2388	1.765764043628482E-21
2389	1.753723226829139E-21
2390	1.7370704135802548E-21
2391	1.7230216688778052E-21
2392	1.7185062959755603E-21
2393	1.7058525702791723E-21
2394	1.6894465431174071E-21
2395	1.6741943932712574E-21
2396	1.6497813583980566E-21
2397	1.63211852146259E-21
2398	1.6079917491900763E-21
2399	1.566665851146661E-21
2400	1.5431230620565341E-21
2401	1.529486159076837E-21
2402	1.504307905236216E-21
2403	1.4825777786163606E-21
2404	1.4614860104172215E-21
2405	1.423112056660352E-21
2406	1.3960381825369087E-21
2407	1.3836786293546012E-21
2408	1.3778967653209728E-21
2409	1.3770919853462858E-21
2410	1.3736437993936504E-21
2411	1.3689865253112945E-21
2412	1.3576645630364026E-21
2413	1.3429949695293436E-21
2414	1.3414684209676216E-21
2415	1.3372457609541647E-21
2416	1.3320245102449601E-21
2417	1.3287482591278796E-21
2418	1.3233424530684234E-21
2419	1.3194496041968534E-21
2420	1.313676207809381E-21
2421	1.3058921560394833E-21
2422	1.2955151062874094E-21
2423	1.2863917516711222E-21
2424	1.2699818097800958E-21
2425	1.2443577784299494E-21
2426	1.2109799499651483E-21
2427	1.1577247533313897E-21
2428	1.0908537384005011E-21
2429	1.0785774827364108E-21
2430	1.0740624406989488E-21
2431	1.0652296986169563E-21
2432	1.0596106102967052E-21
2433	1.0513000912790833E-21
2434	1.0349351979776985E-21
2435	1.0253778708915224E-21
2436	1.0081078675863497E-21
2437	9.847170811039578E-22
2438	9.533719633779944E-22
2439	9.112900289725727E-22
2440	8.533373755182864E-22
2441	7.7103555291986145E-22
2442	6.931293476422806E-22
2443	6.544494922451002E-22
2444	6.41052196449331E-22
2445	6.403284459734219E-22
2446	6.402256065285251E-22
2447	6.400793145088885E-22
2448	6.395015321757013E-22
2449	6.294168729524323E-22
2450	6.277340262696107E-22
2451	6.274989592079792E-22
2452	6.272089531373166E-22
2453	6.270146692630896E-22
2454	6.260331475634533E-22
2455	6.2564748645350885E-22
2456	6.250446030520597E-22
2457	6.237594394029695E-22
2458	6.209028340861847E-22
2459	6.206664918945872E-22
2460	6.203792650197411E-22
2461	6.200481224831414E-22
2462	6.186073259498535E-22
2463	6.180400627279761E-22
2464	6.169316489794807E-22
2465	6.158813340132741E-22
2466	6.136139132599984E-22
2467	6.128505455926767E-22
2468	6.124921599402631E-22
2469	6.121532232557854E-22
2470	6.11653819447581E-22
2471	6.103693951978287E-22
2472	6.092921904857407E-22
2473	6.073799891163991E-22
2474	6.071158623080727E-22
2475	6.062562479509017E-22
2476	6.061017965192082E-22
2477	6.058875610221475E-22
2478	6.0529362048990375E-22
2479	6.044269576790294E-22
2480	6.037096015114859E-22
2481	6.033068790607887E-22
2482	6.025747329568747E-22
2483	6.020259256912559E-22
2484	6.016322644056384E-22
2485	6.004419697293612E-22
2486	6.00022200139658E-22
2487	5.998950817136486E-22
2488	5.997720200592043E-22
2489	5.995677870286011E-22
2490	5.989166355700117E-22
2491	5.976916000327376E-22
2492	5.973518868162564E-22
2493	5.967793455335376E-22
2494	5.965602522333765E-22
2495	5.963051766072607E-22
2496	5.959816433245459E-22
2497	5.956476093792193E-22
2498	5.953027514035318E-22
2499	5.951982357185588E-22
2500	5.947153173111394E-22
2501	5.945057546533806E-22
2502	5.943998286582361E-22
2503	5.94294095153398E-22
2504	5.935959406034515E-22
2505	5.930320808576055E-22
2506	5.928427435575216E-22
2507	5.926734603738062E-22
2508	5.924309614364321E-22
2509	5.919815922326961E-22
2510	5.918345246747877E-22
2511	5.916000991251841E-22
2512	5.91369355380002E-22
2513	5.91180171761872E-22
2514	5.910486292371652E-22
2515	5.907412936509467E-22
2516	5.902958989251518E-22
2517	5.899864628285872E-22
2518	5.898188263875554E-22
2519	5.896266189882775E-22
2520	5.894791598551083E-22
2521	5.892817082931918E-22
2522	5.891946819399786E-22
2523	5.889061245297428E-22
2524	5.886107538360807E-22
2525	5.885566118836374E-22
2526	5.884793998702537E-22
2527	5.88333984099679E-22
2528	5.880815341758827E-22
2529	5.87927104253417E-22
2530	5.875723714389182E-22
2531	5.872107702746043E-22
2532	5.869344655203984E-22
2533	5.868091922064826E-22
2534	5.867201790919043E-22
2535	5.86560326413286E-22
2536	5.865098076429051E-22
2537	5.864527092719855E-22
2538	5.863544259551363E-22
2539	5.863132538448366E-22
2540	5.861706238872016E-22
2541	5.861350595552922E-22
2542	5.860556579798665E-22
2543	5.858451515082935E-22
2544	5.857587342324511E-22
2545	5.857118395828309E-22
2546	5.856290979858606E-22
2547	5.855801149228733E-22
2548	5.855410857610331E-22
2549	5.854828121897101E-22
2550	5.854361788397386E-22
2551	5.853164216924025E-22
2552	5.8525619509053825E-22
2553	5.85201900184264E-22
2554	5.850315989127216E-22
2555	5.848881591916726E-22
2556	5.848303716172658E-22
2557	5.846625354355745E-22
2558	5.845082286585665E-22
2559	5.8434984457661205E-22
2560	5.842591446481387E-22
2561	5.839566064672124E-22
2562	5.837955359080991E-22
2563	5.835117049405469E-22
2564	5.831784046769972E-22
2565	5.828755513527365E-22
2566	5.8210084477383425E-22
2567	5.8133890434813865E-22
2568	5.802708659130769E-22
2569	5.78950129003963E-22
2570	5.787228461984531E-22
2571	5.786508454095172E-22
2572	5.786116789929833E-22
2573	5.785679878478207E-22
2574	5.785175216849359E-22
2575	5.784724733418001E-22
2576	5.784197064140097E-22
2577	5.783091373725958E-22
2578	5.7819078872892475E-22
2579	5.78021559712721E-22
2580	5.778773599603387E-22
2581	5.778307600491346E-22
2582	5.777902387026333E-22
2583	5.7775060907049415E-22
2584	5.776933264513357E-22
2585	5.776397828451857E-22
2586	5.775947168499251E-22
2587	5.775672493100599E-22
2588	5.775035904481822E-22
2589	5.774391302216641E-22
2590	5.773669393534058E-22
2591	5.772007125100961E-22
2592	5.771430982442451E-22
2593	5.771063671017753E-22
2594	5.770693884924195E-22
2595	5.770318778203026E-22
2596	5.769787396280678E-22
2597	5.769377973910001E-22
2598	5.769202281916552E-22
2599	5.768824035032963E-22
2600	5.768199840988569E-22
2601	5.767699114803114E-22
2602	5.767195629044736E-22
2603	5.76599550855314E-22
2604	5.765241933393468E-22
2605	5.7635054645441295E-22
2606	5.761180018476105E-22
2607	5.758027613486658E-22
2608	5.7547594747392925E-22
2609	5.749239366948247E-22
2610	5.744609769805915E-22
2611	5.734345583855208E-22
2612	5.722751261134226E-22
2613	5.722052530066329E-22
2614	5.721818586680178E-22
2615	5.720952739767573E-22
2616	5.720707672278877E-22
2617	5.719870041199873E-22
2618	5.719466179953021E-22
2619	5.719216061593709E-22
2620	5.718854969894394E-22
2621	5.718364986608303E-22
2622	5.71816444855548E-22
2623	5.718034860016034E-22
2624	5.717912682471341E-22
2625	5.717722363559454E-22
2626	5.717591507539043E-22
2627	5.717481176141496E-22
2628	5.717286944830581E-22
2629	5.717033210920823E-22
2630	5.716899215847617E-22
2631	5.716759257775326E-22
2632	5.716634779540182E-22
2633	5.716534554731806E-22
2634	5.716407214472945E-22
2635	5.716227418586803E-22
2636	5.716024231402173E-22
2637	5.715663598181414E-22
2638	5.715505800461718E-22
2639	5.714954088130272E-22
2640	5.714621095241855E-22
2641	5.713910717779379E-22
2642	5.713451762650969E-22
2643	5.7123222449563215E-22
2644	5.711460573330042E-22
2645	5.709922823065121E-22
2646	5.708175936703254E-22
2647	5.706762138867856E-22
2648	5.7043710040208545E-22
2649	5.701560178297941E-22
2650	5.697760684619062E-22
2651	5.692210855027809E-22
2652	5.684895178062953E-22
2653	5.675728621391621E-22
2654	5.659615184944227E-22
2655	5.64835926117843E-22
2656	5.632737194242E-22
2657	5.605874965546831E-22
2658	5.564003319865564E-22
2659	5.497661208103668E-22
2660	5.436839929324345E-22
2661	5.353867361133725E-22
2662	5.231777871297073E-22
2663	5.020678296112374E-22
2664	4.847957049172383E-22
2665	4.493276446613086E-22
2666	4.0390908696486685E-22
2667	3.5118861357664716E-22
2668	2.669325299593853E-22
2669	1.355941011594742E-22
2670	5.514207045314247E-24
2671	5.5076362091585536E-24
2672	2.4321947128638557E-24
2673	2.420128150001306E-24
2674	2.4171874861121736E-24
2675	2.4082450063126645E-24
2676	2.4065977582753148E-24
2677	2.4031157243183736E-24
2678	2.401225642326418E-24
2679	1.9830692211143624E-24
2680	1.980310553063355E-24
2681	1.9780455703634184E-24
2682	1.97549628589684E-24
2683	1.972729675208312E-24
2684	1.845784380079673E-24
2685	1.842452820453827E-24
2686	1.5415480424694832E-24
2687	1.5392634581323455E-24
2688	1.4932040629554284E-24
2689	1.3293846253756121E-24
2690	9.951710974568914E-25
2691	9.900508554905236E-25
2692	8.335902334608145E-25
2693	7.404313278911847E-25
2694	7.306069115377126E-25
2695	6.029138545471472E-25
2696	5.447506445179336E-25
2697	5.4187113421875E-25
2698	5.377986730019549E-25
2699	5.270269224366976E-25
2700	4.922061500879771E-25
2701	4.619561243953407E-25
2702	4.1497721893347305E-25
2703	4.128648531132748E-25
2704	4.117704477496431E-25
2705	4.104515003413419E-25
2706	3.7677586761878415E-25
2707	3.7428053887113604E-25
2708	3.7196854676194857E-25
2709	3.6563654143740064E-25
2710	3.5687694494550574E-25
2711	3.4029583449386485E-25
2712	3.3690295050908895E-25
2713	3.3513682856818597E-25
2714	3.3305059375227346E-25
2715	3.316118505171506E-25
2716	3.179239311768706E-25
2717	3.176098803518513E-25
2718	3.1373189688795107E-25
2719	3.1246234737659794E-25
2720	3.1126464020982173E-25
2721	3.0553418898775474E-25
2722	3.0521651446023345E-25
2723	2.9818831962994663E-25
2724	2.976531275241254E-25
2725	2.959491094532861E-25
2726	2.9405350296445806E-25
2727	2.8990254893266195E-25
2728	2.85385285224832E-25
2729	2.8124790310106976E-25
2730	2.8060894945557426E-25
2731	2.7687425333290837E-25
2732	2.727288608161533E-25
2733	2.721074736880313E-25
2734	2.7114113596886915E-25
2735	2.697273254109846E-25
2736	2.652429048662054E-25
2737	2.638669906050497E-25
2738	2.5991995266878E-25
2739	2.5902110960136705E-25
2740	2.5742963462381766E-25
2741	2.5548823800227814E-25
2742	2.541069801199259E-25
2743	2.5195665025101506E-25
2744	2.5060461320468988E-25
2745	2.469722445204139E-25
2746	2.462598903396397E-25
2747	2.4562066293148226E-25
2748	2.448215627757939E-25
2749	2.4320295373922523E-25
2750	2.406085873141449E-25
2751	2.395073699570156E-25
2752	2.3839014239778155E-25
2753	2.3698317902152197E-25
2754	2.3470545988314703E-25
2755	2.314681340833848E-25
2756	2.282127237073486E-25
2757	2.257941046477247E-25
2758	2.1947298214017718E-25
2759	2.136530745320208E-25
2760	2.0502076718458485E-25
2761	1.907212388175067E-25
2762	1.6955804187168013E-25
2763	1.441295128805266E-25
2764	1.3290834625316875E-25
2765	1.3198281820578747E-25
2766	1.31016461551833E-25
2767	1.3030412257631863E-25
2768	1.2966123355275997E-25
2769	1.2879024990797405E-25
2770	1.277392092032648E-25
2771	1.2733486778148191E-25
2772	1.2679662276817036E-25
2773	1.259617110885543E-25
2774	1.2556013745177486E-25
2775	1.2441099268626877E-25
2776	1.236914188604739E-25
2777	1.2306900992112735E-25
2778	1.2245119508552758E-25
2779	1.2134140136016698E-25
2780	1.2080715492717296E-25
2781	1.203799620247844E-25
2782	1.1956237993934386E-25
2783	1.194472529051695E-25
2784	1.1888329845450789E-25
2785	1.1856311302503816E-25
2786	1.1826894530958716E-25
2787	1.1735803256716052E-25
2788	1.1649245967871486E-25
2789	1.1615708376228927E-25
2790	1.1502735132349921E-25
2791	1.144206386116327E-25
2792	1.1363429562467747E-25
2793	1.125008974048721E-25
2794	1.1051710428699238E-25
2795	1.0819015106754874E-25
2796	1.065993818065693E-25
2797	1.0465892911256891E-25
2798	1.0191588991907789E-25
2799	9.959774049459972E-26
2800	9.7372720674349E-26
2801	9.58706910633102E-26
2802	9.526948075658586E-26
2803	9.429740553581784E-26
2804	9.277203658464737E-26
2805	9.154883191643852E-26
2806	9.113566008914731E-26
2807	9.061029712162571E-26
2808	9.039441356342625E-26
2809	8.99750317753499E-26
2810	8.97989003053643E-26
2811	8.966274632518413E-26
2812	8.937547163581561E-26
2813	8.865677118736766E-26
2814	8.84668520329082E-26
2815	8.815694604896548E-26
2816	8.78376249401383E-26
2817	8.76680172636169E-26
2818	8.751802295779949E-26
2819	8.708087913111567E-26
2820	8.694323897498315E-26
2821	8.667811019167933E-26
2822	8.639872416945919E-26
2823	8.611817331395662E-26
2824	8.586800605920484E-26
2825	8.566805880683199E-26
2826	8.555555297767863E-26
2827	8.531582799627435E-26
2828	8.492411641761269E-26
2829	8.472452336343517E-26
2830	8.449876421856596E-26
2831	8.427234451435769E-26
2832	8.376305162646275E-26
2833	8.337677355795766E-26
2834	8.271505856899537E-26
2835	8.227582990824173E-26
2836	8.18630983176052E-26
2837	8.142482916398468E-26
2838	8.070330050960146E-26
2839	8.026821504689898E-26
2840	7.929562461564357E-26
2841	7.855763524264075E-26
2842	7.695252446762547E-26
2843	7.47793690771592E-26
2844	7.134000676727932E-26
2845	6.681441784863367E-26
2846	6.290168112426106E-26
2847	5.534734191072198E-26
2848	4.3887441925605887E-26
2849	3.187657362351537E-26
2850	1.77568797610811E-26
2851	8.447432676622564E-27
2852	7.660626207725785E-27
2853	7.567515352419164E-27
2854	7.477896321115888E-27
2855	7.301910461037483E-27
2856	7.219653022577957E-27
2857	7.10297750945612E-27
2858	7.068385518126109E-27
2859	6.666987268033608E-27
2860	6.60289201061212E-27
2861	6.465219196465104E-27
2862	6.364727654299341E-27
2863	6.1664271483844286E-27
2864	6.1285081076662346E-27
2865	6.056859896469225E-27
2866	5.92063258332813E-27
2867	5.8672575567921E-27
2868	5.75118907947439E-27
2869	5.254556296000024E-27
2870	5.210112650603756E-27
2871	5.190435265331771E-27
2872	5.1793940814761244E-27
2873	5.120302658773415E-27
2874	5.01699181379364E-27
2875	4.974167274380021E-27
2876	4.855812223623438E-27
2877	4.700449073564111E-27
2878	4.655049058358698E-27
2879	4.599791274069595E-27
2880	4.535861979636332E-27
2881	4.490443480128767E-27
2882	4.424695379674991E-27
2883	4.405636295552784E-27
2884	4.3150757176629915E-27
2885	4.28740333666619E-27
2886	4.278089790776007E-27
2887	4.210710303256246E-27
2888	4.172320647149015E-27
2889	4.137778314374371E-27
2890	4.1244600101390866E-27
2891	4.080124815712597E-27
2892	4.0491389052105935E-27
2893	4.0217946282221656E-27
2894	4.009419801194085E-27
2895	3.942010056830377E-27
2896	3.9148279871781564E-27
2897	3.858582902749641E-27
2898	3.827153494916529E-27
2899	3.7857210025982986E-27
2900	3.731480799480834E-27
2901	3.716170610363514E-27
2902	3.660390539777171E-27
2903	3.64647325195816E-27
2904	3.6219134104055086E-27
2905	3.61757700022296E-27
2906	3.583953084786417E-27
2907	3.576677215900726E-27
2908	3.567066172666045E-27
2909	3.555451111114645E-27
2910	3.548250616042159E-27
2911	3.530456246523466E-27
2912	3.5209222387249686E-27
2913	3.5001009260949665E-27
2914	3.487119022332062E-27
2915	3.457471831890683E-27
2916	3.449532727030944E-27
2917	3.4199684980759365E-27
2918	3.402116009156443E-27
2919	3.3777205958818844E-27
2920	3.353941829458062E-27
2921	3.3275837750777685E-27
2922	3.29629850546332E-27
2923	3.2482127943593534E-27
2924	3.2029049433450395E-27
2925	3.13934617099663E-27
2926	3.0355053755806606E-27
2927	2.902124572655137E-27
2928	2.791606987000573E-27
2929	2.597719657741408E-27
2930	2.3841807309084568E-27
2931	2.0492102271592208E-27
2932	1.9607854559723486E-27
2933	1.9537645631547717E-27
2934	1.9498114790077713E-27
2935	1.9349324432231146E-27
2936	1.9184685407027644E-27
2937	1.9147809377214235E-27
2938	1.9085974741413822E-27
2939	1.9023955999948888E-27
2940	1.89155488565403E-27
2941	1.87196483696701E-27
2942	1.8569732468443453E-27
2943	1.849122266608863E-27
2944	1.835734585839644E-27
2945	1.8176296277082475E-27
2946	1.8074529040882443E-27
2947	1.7854790630337464E-27
2948	1.762522123925191E-27
2949	1.7395299314365775E-27
2950	1.7103545520539152E-27
2951	1.6597129930660247E-27
2952	1.6159036625634044E-27
2953	1.5602804218354393E-27
2954	1.4828316271958402E-27
2955	1.3773523806533899E-27
2956	1.2808512339676535E-27
2957	1.2278744606837087E-27
2958	1.2014413905443037E-27
2959	1.1955019457090045E-27
2960	1.1896006984500093E-27
2961	1.1833548057785413E-27
2962	1.1754671834078938E-27
2963	1.165924784909002E-27
2964	1.1447040134448932E-27
2965	1.142755638152895E-27
2966	1.1353458519913499E-27
2967	1.126730156427085E-27
2968	1.1213493456934216E-27
2969	1.120349178798859E-27
2970	1.1174739008595346E-27
2971	1.1124152022387694E-27
2972	1.1077533858566521E-27
2973	1.1015118818489386E-27
2974	1.097497004797971E-27
2975	1.095443114149042E-27
2976	1.0916065012704972E-27
2977	1.0895623989732052E-27
2978	1.0861243017221736E-27
2979	1.0848043000260475E-27
2980	1.0789872975056299E-27
2981	1.0734996719114837E-27
2982	1.0650723101861047E-27
2983	1.0592310348069905E-27
2984	1.0522016220232908E-27
2985	1.0425243093326342E-27
2986	1.0346437458979807E-27
2987	1.0221801725252706E-27
2988	1.0101726702926797E-27
2989	9.894574243276058E-28
2990	9.604440740735416E-28
2991	9.299668044406575E-28
2992	8.88014536101907E-28
2993	8.3729177482641E-28
2994	7.761246808873726E-28
2995	7.220596245972268E-28
2996	6.187378324874899E-28
2997	5.347662049481517E-28
2998	5.300880680604876E-28
2999	5.263681603768585E-28
3000	5.253032381186835E-28
