1	55523.9
2	50995.26666666667
3	46022.46666666667
4	41310.63333333333
5	37845.63333333333
6	34875.0
7	32434.766666666666
8	29972.066666666666
9	27365.566666666666
10	25746.2
11	24034.633333333335
12	22474.7
13	20819.433333333334
14	18852.533333333333
15	18031.333333333332
16	16661.733333333334
17	15642.033333333333
18	14979.966666666667
19	13612.666666666666
20	12895.3
21	11794.933333333332
22	11084.7
23	10507.966666666667
24	9808.433333333332
25	9434.866666666667
26	8589.433333333332
27	8087.066666666667
28	7562.833333333333
29	7250.6
30	6731.333333333333
31	6072.6
32	5811.433333333333
33	5431.866666666667
34	5084.866666666667
35	4919.3
36	4680.833333333333
37	4285.2
38	4001.5333333333333
39	3782.6666666666665
40	3545.3333333333335
41	3422.0333333333333
42	3182.0333333333333
43	3078.266666666667
44	2925.733333333333
45	2826.9666666666667
46	2672.4
47	2481.0666666666666
48	2373.8333333333335
49	2245.5
50	2103.866666666667
51	2032.3
52	1918.3
53	1800.3
54	1678.3666666666666
55	1597.9
56	1482.7333333333333
57	1425.3333333333333
58	1329.1666666666667
59	1234.6
60	1184.8333333333333
61	1132.2
62	1047.1333333333334
63	991.0666666666667
64	934.7333333333333
65	892.7
66	834.6666666666666
67	799.4
68	744.2666666666667
69	707.1666666666666
70	672.1666666666666
71	621.2333333333333
72	600.8333333333334
73	584.5
74	557.1
75	520.7333333333333
76	507.4
77	485.73333333333335
78	458.8
79	444.6333333333333
80	416.56666666666666
81	389.93333333333334
82	367.3666666666667
83	347.1
84	320.0
85	297.6333333333333
86	286.3666666666667
87	267.93333333333334
88	249.46666666666667
89	239.23333333333332
90	226.43333333333334
91	215.83333333333334
92	203.1
93	193.26666666666668
94	184.36666666666667
95	173.26666666666668
96	161.96666666666667
97	155.06666666666666
98	145.23333333333332
99	139.53333333333333
100	134.46666666666667
101	127.9
102	123.63333333333334
103	118.96666666666667
104	115.1
105	108.6
106	104.96666666666667
107	99.43333333333334
108	95.56666666666666
109	90.46666666666667
110	84.73333333333333
111	80.23333333333333
112	76.56666666666666
113	73.1
114	69.1
115	67.33333333333333
116	65.63333333333334
117	62.36666666666667
118	59.166666666666664
119	56.43333333333333
120	53.56666666666667
121	51.86666666666667
122	49.7
123	48.0
124	45.4
125	43.166666666666664
126	41.666666666666664
127	40.56666666666667
128	39.1
129	37.1
130	35.63333333333333
131	34.8
132	32.86666666666667
133	31.433333333333334
134	29.933333333333334
135	28.633333333333333
136	27.6
137	26.5
138	25.4
139	23.866666666666667
140	23.2
141	22.366666666666667
142	21.5
143	20.466666666666665
144	19.8
145	19.033333333333335
146	18.466666666666665
147	17.966666666666665
148	17.7
149	16.8
150	16.433333333333334
151	16.0
152	15.766666666666667
153	15.4
154	14.666666666666666
155	14.3
156	13.733333333333333
157	13.433333333333334
158	13.0
159	12.733333333333333
160	12.3
161	11.6
162	11.033333333333333
163	10.6
164	10.3
165	9.8
166	9.433333333333334
167	9.233333333333333
168	8.966666666666667
169	8.733333333333333
170	8.566666666666666
171	8.2
172	7.933333333333334
173	7.633333333333334
174	7.433333333333334
175	7.133333333333334
176	6.9
177	6.8
178	6.433333333333334
179	6.2
180	6.033333333333333
181	5.9
182	5.633333333333334
183	5.5
184	5.3
185	5.033333333333333
186	4.8
187	4.666666666666667
188	4.466666666666667
189	4.366666666666666
190	4.266666666666667
191	4.133333333333334
192	4.033333333333333
193	3.9
194	3.7333333333333334
195	3.566666666666667
196	3.533333333333333
197	3.466666666666667
198	3.466666666666667
199	3.4
200	3.3333333333333335
201	3.3
202	3.2
203	3.1666666666666665
204	3.066666666666667
205	3.066666666666667
206	3.0
207	3.0
208	3.0
209	3.0
210	2.933333333333333
211	2.933333333333333
212	2.9
213	2.8333333333333335
214	2.7666666666666666
215	2.7333333333333334
216	2.6
217	2.566666666666667
218	2.533333333333333
219	2.5
220	2.5
221	2.5
222	2.5
223	2.5
224	2.466666666666667
225	2.433333333333333
226	2.4
227	2.4
228	2.3666666666666667
229	2.3666666666666667
230	2.3666666666666667
231	2.3666666666666667
232	2.3666666666666667
233	2.3333333333333335
234	2.3
235	2.2333333333333334
236	2.2333333333333334
237	2.2333333333333334
238	2.2333333333333334
239	2.2
240	2.2
241	2.1666666666666665
242	2.1666666666666665
243	2.1666666666666665
244	2.1666666666666665
245	2.1666666666666665
246	2.1333333333333333
247	2.066666666666667
248	2.066666666666667
249	2.066666666666667
250	2.066666666666667
251	2.066666666666667
252	2.066666666666667
253	2.066666666666667
254	2.066666666666667
255	2.066666666666667
256	2.066666666666667
257	2.066666666666667
258	2.066666666666667
259	2.066666666666667
260	2.066666666666667
261	2.066666666666667
262	2.066666666666667
263	2.066666666666667
264	2.033333333333333
265	1.9666666666666666
266	1.9333333333333333
267	1.9333333333333333
268	1.9333333333333333
269	1.9333333333333333
270	1.8666666666666667
271	1.8666666666666667
272	1.8666666666666667
273	1.8666666666666667
274	1.8666666666666667
275	1.8666666666666667
276	1.8666666666666667
277	1.8666666666666667
278	1.8666666666666667
279	1.8666666666666667
280	1.8666666666666667
281	1.8666666666666667
282	1.8666666666666667
283	1.8666666666666667
284	1.8666666666666667
285	1.8666666666666667
286	1.8666666666666667
287	1.8666666666666667
288	1.8666666666666667
289	1.8666666666666667
290	1.8666666666666667
291	1.8666666666666667
292	1.8666666666666667
293	1.8666666666666667
294	1.8666666666666667
295	1.8666666666666667
296	1.8666666666666667
297	1.8666666666666667
298	1.8666666666666667
299	1.8666666666666667
300	1.8666666666666667
301	1.8666666666666667
302	1.8666666666666667
303	1.8666666666666667
304	1.8666666666666667
305	1.8666666666666667
306	1.8666666666666667
307	1.8666666666666667
308	1.8666666666666667
309	1.8666666666666667
310	1.8666666666666667
311	1.8666666666666667
312	1.8666666666666667
313	1.8666666666666667
314	1.8666666666666667
315	1.8666666666666667
316	1.8666666666666667
317	1.8666666666666667
318	1.8666666666666667
319	1.8666666666666667
320	1.8666666666666667
321	1.8666666666666667
322	1.8666666666666667
323	1.8666666666666667
324	1.8666666666666667
325	1.8666666666666667
326	1.8666666666666667
327	1.8666666666666667
328	1.8666666666666667
329	1.8666666666666667
330	1.8666666666666667
331	1.8666666666666667
332	1.8666666666666667
333	1.8666666666666667
334	1.8333333333333333
335	1.8333333333333333
336	1.8333333333333333
337	1.8333333333333333
338	1.8333333333333333
339	1.8333333333333333
340	1.8333333333333333
341	1.8333333333333333
342	1.8333333333333333
343	1.8333333333333333
344	1.8333333333333333
345	1.8333333333333333
346	1.8333333333333333
347	1.8333333333333333
348	1.8333333333333333
349	1.8333333333333333
350	1.8333333333333333
351	1.8333333333333333
352	1.8333333333333333
353	1.8333333333333333
354	1.8333333333333333
355	1.8333333333333333
356	1.8333333333333333
357	1.8333333333333333
358	1.8333333333333333
359	1.8333333333333333
360	1.8333333333333333
361	1.8333333333333333
362	1.8333333333333333
363	1.8333333333333333
364	1.8333333333333333
365	1.8333333333333333
366	1.8333333333333333
367	1.8333333333333333
368	1.8333333333333333
369	1.8333333333333333
370	1.8333333333333333
371	1.8333333333333333
372	1.8333333333333333
373	1.8333333333333333
374	1.8333333333333333
375	1.8333333333333333
376	1.8333333333333333
377	1.8333333333333333
378	1.8333333333333333
379	1.8333333333333333
380	1.8333333333333333
381	1.8333333333333333
382	1.8333333333333333
383	1.8333333333333333
384	1.8333333333333333
385	1.8333333333333333
386	1.8333333333333333
387	1.8333333333333333
388	1.8333333333333333
389	1.8333333333333333
390	1.8333333333333333
391	1.8333333333333333
392	1.8333333333333333
393	1.8333333333333333
394	1.8333333333333333
395	1.8333333333333333
396	1.8333333333333333
397	1.8333333333333333
398	1.8333333333333333
399	1.8333333333333333
400	1.8333333333333333
401	1.8333333333333333
402	1.8333333333333333
403	1.8333333333333333
404	1.8333333333333333
405	1.8333333333333333
406	1.8333333333333333
407	1.8333333333333333
408	1.8333333333333333
409	1.8333333333333333
410	1.8333333333333333
411	1.8333333333333333
412	1.8333333333333333
413	1.8333333333333333
414	1.8333333333333333
415	1.8333333333333333
416	1.8333333333333333
417	1.8333333333333333
418	1.8333333333333333
419	1.8
420	1.8
421	1.8
422	1.8
423	1.8
424	1.7666666666666666
425	1.7666666666666666
426	1.7666666666666666
427	1.7666666666666666
428	1.7666666666666666
429	1.7666666666666666
430	1.7666666666666666
431	1.7666666666666666
432	1.7666666666666666
433	1.7666666666666666
434	1.7666666666666666
435	1.7666666666666666
436	1.7666666666666666
437	1.7666666666666666
438	1.7666666666666666
439	1.7666666666666666
440	1.7666666666666666
441	1.7666666666666666
442	1.7666666666666666
443	1.7666666666666666
444	1.7666666666666666
445	1.7666666666666666
446	1.7666666666666666
447	1.7666666666666666
448	1.7666666666666666
449	1.7666666666666666
450	1.7666666666666666
451	1.7666666666666666
452	1.7666666666666666
453	1.7666666666666666
454	1.7666666666666666
455	1.7666666666666666
456	1.7666666666666666
457	1.7666666666666666
458	1.7666666666666666
459	1.7666666666666666
460	1.7666666666666666
461	1.7666666666666666
462	1.7666666666666666
463	1.7666666666666666
464	1.7666666666666666
465	1.7666666666666666
466	1.7666666666666666
467	1.7666666666666666
468	1.7666666666666666
469	1.7666666666666666
470	1.7333333333333334
471	1.7333333333333334
472	1.7333333333333334
473	1.7333333333333334
474	1.7333333333333334
475	1.7333333333333334
476	1.7333333333333334
477	1.7333333333333334
478	1.7333333333333334
479	1.7333333333333334
480	1.7333333333333334
481	1.7333333333333334
482	1.7333333333333334
483	1.7333333333333334
484	1.7333333333333334
485	1.7333333333333334
486	1.7333333333333334
487	1.7333333333333334
488	1.7333333333333334
489	1.7333333333333334
490	1.7333333333333334
491	1.7333333333333334
492	1.7333333333333334
493	1.7333333333333334
494	1.7333333333333334
495	1.7333333333333334
496	1.7333333333333334
497	1.7333333333333334
498	1.7333333333333334
499	1.7333333333333334
500	1.7333333333333334
501	1.7333333333333334
502	1.7333333333333334
503	1.7333333333333334
504	1.7333333333333334
505	1.7333333333333334
506	1.7333333333333334
507	1.7333333333333334
508	1.7333333333333334
509	1.7333333333333334
510	1.7333333333333334
511	1.7333333333333334
512	1.7333333333333334
513	1.7333333333333334
514	1.7333333333333334
515	1.7333333333333334
516	1.7333333333333334
517	1.7333333333333334
518	1.7333333333333334
519	1.7333333333333334
520	1.7333333333333334
521	1.7333333333333334
522	1.7333333333333334
523	1.7333333333333334
524	1.7333333333333334
525	1.7333333333333334
526	1.7333333333333334
527	1.7333333333333334
528	1.7333333333333334
529	1.7333333333333334
530	1.7333333333333334
531	1.7333333333333334
532	1.7333333333333334
533	1.7333333333333334
534	1.7333333333333334
535	1.7333333333333334
536	1.7333333333333334
537	1.7333333333333334
538	1.7333333333333334
539	1.7333333333333334
540	1.7333333333333334
541	1.7333333333333334
542	1.7333333333333334
543	1.7333333333333334
544	1.7333333333333334
545	1.7333333333333334
546	1.7333333333333334
547	1.7333333333333334
548	1.7333333333333334
549	1.7333333333333334
550	1.7333333333333334
551	1.7333333333333334
552	1.7333333333333334
553	1.7333333333333334
554	1.7333333333333334
555	1.7333333333333334
556	1.7333333333333334
557	1.7333333333333334
558	1.7333333333333334
559	1.7333333333333334
560	1.7333333333333334
561	1.7333333333333334
562	1.7333333333333334
563	1.7333333333333334
564	1.7333333333333334
565	1.7333333333333334
566	1.7333333333333334
567	1.7333333333333334
568	1.7333333333333334
569	1.7333333333333334
570	1.7333333333333334
571	1.7333333333333334
572	1.7333333333333334
573	1.7333333333333334
574	1.7333333333333334
575	1.7333333333333334
576	1.7333333333333334
577	1.7333333333333334
578	1.7333333333333334
579	1.7333333333333334
580	1.7333333333333334
581	1.7333333333333334
582	1.7333333333333334
583	1.7333333333333334
584	1.7333333333333334
585	1.7333333333333334
586	1.7333333333333334
587	1.7333333333333334
588	1.7333333333333334
589	1.7333333333333334
590	1.7333333333333334
591	1.7333333333333334
592	1.7333333333333334
593	1.7333333333333334
594	1.7333333333333334
595	1.7333333333333334
596	1.7333333333333334
597	1.7333333333333334
598	1.7333333333333334
599	1.7333333333333334
600	1.7333333333333334
601	1.7333333333333334
602	1.7333333333333334
603	1.7333333333333334
604	1.7333333333333334
605	1.7333333333333334
606	1.7333333333333334
607	1.7333333333333334
608	1.7333333333333334
609	1.7333333333333334
610	1.7333333333333334
611	1.7333333333333334
612	1.7333333333333334
613	1.7333333333333334
614	1.7333333333333334
615	1.7333333333333334
616	1.7333333333333334
617	1.7333333333333334
618	1.7333333333333334
619	1.7333333333333334
620	1.7333333333333334
621	1.7333333333333334
622	1.7333333333333334
623	1.7333333333333334
624	1.7333333333333334
625	1.7333333333333334
626	1.7333333333333334
627	1.7333333333333334
628	1.7333333333333334
629	1.7333333333333334
630	1.7333333333333334
631	1.7333333333333334
632	1.7333333333333334
633	1.7333333333333334
634	1.7333333333333334
635	1.7333333333333334
636	1.7333333333333334
637	1.7333333333333334
638	1.7333333333333334
639	1.7333333333333334
640	1.7333333333333334
641	1.7333333333333334
642	1.7333333333333334
643	1.7333333333333334
644	1.7333333333333334
645	1.7333333333333334
646	1.7333333333333334
647	1.7333333333333334
648	1.7333333333333334
649	1.7333333333333334
650	1.7333333333333334
651	1.7333333333333334
652	1.7333333333333334
653	1.7333333333333334
654	1.7333333333333334
655	1.7333333333333334
656	1.7333333333333334
657	1.7333333333333334
658	1.7333333333333334
659	1.7333333333333334
660	1.7333333333333334
661	1.7333333333333334
662	1.7333333333333334
663	1.7333333333333334
664	1.7333333333333334
665	1.7333333333333334
666	1.7333333333333334
667	1.7333333333333334
668	1.7333333333333334
669	1.7333333333333334
670	1.7333333333333334
671	1.7333333333333334
672	1.7333333333333334
673	1.7333333333333334
674	1.7333333333333334
675	1.7333333333333334
676	1.7333333333333334
677	1.7333333333333334
678	1.7333333333333334
679	1.7333333333333334
680	1.7333333333333334
681	1.7333333333333334
682	1.7333333333333334
683	1.7333333333333334
684	1.7333333333333334
685	1.7333333333333334
686	1.7333333333333334
687	1.7333333333333334
688	1.7333333333333334
689	1.7333333333333334
690	1.7333333333333334
691	1.7333333333333334
692	1.7333333333333334
693	1.7333333333333334
694	1.7333333333333334
695	1.7333333333333334
696	1.7333333333333334
697	1.7333333333333334
698	1.7333333333333334
699	1.7333333333333334
700	1.7333333333333334
701	1.7333333333333334
702	1.7333333333333334
703	1.7333333333333334
704	1.7333333333333334
705	1.7333333333333334
706	1.7333333333333334
707	1.7333333333333334
708	1.7333333333333334
709	1.7333333333333334
710	1.7333333333333334
711	1.7333333333333334
712	1.7333333333333334
713	1.7333333333333334
714	1.7333333333333334
715	1.7333333333333334
716	1.7333333333333334
717	1.7333333333333334
718	1.7333333333333334
719	1.7333333333333334
720	1.7333333333333334
721	1.7333333333333334
722	1.7333333333333334
723	1.7333333333333334
724	1.7333333333333334
725	1.7333333333333334
726	1.7333333333333334
727	1.7333333333333334
728	1.7333333333333334
729	1.7333333333333334
730	1.7333333333333334
731	1.7333333333333334
732	1.7333333333333334
733	1.7333333333333334
734	1.7333333333333334
735	1.7333333333333334
736	1.7333333333333334
737	1.7333333333333334
738	1.7333333333333334
739	1.7333333333333334
740	1.7333333333333334
741	1.7333333333333334
742	1.7333333333333334
743	1.7333333333333334
744	1.7333333333333334
745	1.7333333333333334
746	1.7333333333333334
747	1.7333333333333334
748	1.7333333333333334
749	1.7333333333333334
750	1.7333333333333334
751	1.7333333333333334
752	1.7333333333333334
753	1.7333333333333334
754	1.7333333333333334
755	1.7333333333333334
756	1.7333333333333334
757	1.7333333333333334
758	1.7333333333333334
759	1.7333333333333334
760	1.7333333333333334
761	1.7333333333333334
762	1.7333333333333334
763	1.7333333333333334
764	1.7333333333333334
765	1.7333333333333334
766	1.7333333333333334
767	1.7333333333333334
768	1.7333333333333334
769	1.7333333333333334
770	1.7333333333333334
771	1.7333333333333334
772	1.7333333333333334
773	1.7333333333333334
774	1.7333333333333334
775	1.7333333333333334
776	1.7333333333333334
777	1.7333333333333334
778	1.7333333333333334
779	1.7333333333333334
780	1.7333333333333334
781	1.7333333333333334
782	1.7333333333333334
783	1.7333333333333334
784	1.7333333333333334
785	1.7333333333333334
786	1.7333333333333334
787	1.7333333333333334
788	1.7333333333333334
789	1.7333333333333334
790	1.7333333333333334
791	1.7333333333333334
792	1.7333333333333334
793	1.7333333333333334
794	1.7333333333333334
795	1.7333333333333334
796	1.7333333333333334
797	1.7333333333333334
798	1.7333333333333334
799	1.7333333333333334
800	1.7333333333333334
801	1.7333333333333334
802	1.7333333333333334
803	1.7333333333333334
804	1.7333333333333334
805	1.7333333333333334
806	1.7333333333333334
807	1.7333333333333334
808	1.7333333333333334
809	1.7333333333333334
810	1.7333333333333334
811	1.7333333333333334
812	1.7333333333333334
813	1.7333333333333334
814	1.7333333333333334
815	1.7333333333333334
816	1.7333333333333334
817	1.7333333333333334
818	1.7333333333333334
819	1.7333333333333334
820	1.7333333333333334
821	1.7333333333333334
822	1.7333333333333334
823	1.7333333333333334
824	1.7333333333333334
825	1.7333333333333334
826	1.7333333333333334
827	1.7333333333333334
828	1.7333333333333334
829	1.7333333333333334
830	1.7333333333333334
831	1.7333333333333334
832	1.7333333333333334
833	1.7333333333333334
834	1.7333333333333334
835	1.7333333333333334
836	1.7333333333333334
837	1.7333333333333334
838	1.7333333333333334
839	1.7333333333333334
840	1.7333333333333334
841	1.7333333333333334
842	1.7333333333333334
843	1.7333333333333334
844	1.7333333333333334
845	1.7333333333333334
846	1.7333333333333334
847	1.7333333333333334
848	1.7333333333333334
849	1.7333333333333334
850	1.7333333333333334
851	1.7333333333333334
852	1.7333333333333334
853	1.7333333333333334
854	1.7333333333333334
855	1.7333333333333334
856	1.7333333333333334
857	1.7333333333333334
858	1.7333333333333334
859	1.7333333333333334
860	1.7333333333333334
861	1.7333333333333334
862	1.7333333333333334
863	1.7333333333333334
864	1.7333333333333334
865	1.7333333333333334
866	1.7333333333333334
867	1.7333333333333334
868	1.7333333333333334
869	1.7333333333333334
870	1.7333333333333334
871	1.7333333333333334
872	1.7333333333333334
873	1.7333333333333334
874	1.7333333333333334
875	1.7333333333333334
876	1.7333333333333334
877	1.7333333333333334
878	1.7333333333333334
879	1.7333333333333334
880	1.7333333333333334
881	1.7333333333333334
882	1.7333333333333334
883	1.7333333333333334
884	1.7333333333333334
885	1.7333333333333334
886	1.7333333333333334
887	1.7333333333333334
888	1.7333333333333334
889	1.7333333333333334
890	1.7333333333333334
891	1.7333333333333334
892	1.7333333333333334
893	1.7333333333333334
894	1.7333333333333334
895	1.7333333333333334
896	1.7333333333333334
897	1.7333333333333334
898	1.7333333333333334
899	1.7333333333333334
900	1.7333333333333334
901	1.7333333333333334
902	1.7333333333333334
903	1.7333333333333334
904	1.7333333333333334
905	1.7333333333333334
906	1.7333333333333334
907	1.7333333333333334
908	1.7333333333333334
909	1.7333333333333334
910	1.7333333333333334
911	1.7333333333333334
912	1.7333333333333334
913	1.7333333333333334
914	1.7333333333333334
915	1.7333333333333334
916	1.7333333333333334
917	1.7333333333333334
918	1.7333333333333334
919	1.7333333333333334
920	1.7333333333333334
921	1.7333333333333334
922	1.7333333333333334
923	1.7333333333333334
924	1.7333333333333334
925	1.7333333333333334
926	1.7333333333333334
927	1.7333333333333334
928	1.7333333333333334
929	1.7333333333333334
930	1.7333333333333334
931	1.7333333333333334
932	1.7333333333333334
933	1.7333333333333334
934	1.7333333333333334
935	1.7333333333333334
936	1.7333333333333334
937	1.7333333333333334
938	1.7333333333333334
939	1.7333333333333334
940	1.7333333333333334
941	1.7333333333333334
942	1.7333333333333334
943	1.7333333333333334
944	1.7333333333333334
945	1.7333333333333334
946	1.7333333333333334
947	1.7333333333333334
948	1.7333333333333334
949	1.7333333333333334
950	1.7333333333333334
951	1.7333333333333334
952	1.7333333333333334
953	1.7333333333333334
954	1.7333333333333334
955	1.7333333333333334
956	1.7333333333333334
957	1.7333333333333334
958	1.7333333333333334
959	1.7333333333333334
960	1.7333333333333334
961	1.7333333333333334
962	1.7333333333333334
963	1.7333333333333334
964	1.7333333333333334
965	1.7333333333333334
966	1.7333333333333334
967	1.7333333333333334
968	1.7333333333333334
969	1.7333333333333334
970	1.7333333333333334
971	1.7333333333333334
972	1.7333333333333334
973	1.7333333333333334
974	1.7333333333333334
975	1.7333333333333334
976	1.7333333333333334
977	1.7333333333333334
978	1.7333333333333334
979	1.7333333333333334
980	1.7333333333333334
981	1.7333333333333334
982	1.7333333333333334
983	1.7333333333333334
984	1.7333333333333334
985	1.7333333333333334
986	1.7333333333333334
987	1.7333333333333334
988	1.7333333333333334
989	1.7333333333333334
990	1.7333333333333334
991	1.7333333333333334
992	1.7333333333333334
993	1.7333333333333334
994	1.7333333333333334
995	1.7333333333333334
996	1.7333333333333334
997	1.7333333333333334
998	1.7333333333333334
999	1.7333333333333334
1000	1.7333333333333334
1001	1.7333333333333334
1002	1.7333333333333334
1003	1.7333333333333334
1004	1.7333333333333334
1005	1.7333333333333334
1006	1.7333333333333334
1007	1.7333333333333334
1008	1.7333333333333334
1009	1.7333333333333334
1010	1.7333333333333334
1011	1.7333333333333334
1012	1.7333333333333334
1013	1.7333333333333334
1014	1.7333333333333334
1015	1.7333333333333334
1016	1.7333333333333334
1017	1.7333333333333334
1018	1.7333333333333334
1019	1.7333333333333334
1020	1.7333333333333334
1021	1.7333333333333334
1022	1.7333333333333334
1023	1.7333333333333334
1024	1.7333333333333334
1025	1.7333333333333334
1026	1.7333333333333334
1027	1.7333333333333334
1028	1.7333333333333334
1029	1.7333333333333334
1030	1.7333333333333334
1031	1.7333333333333334
1032	1.7333333333333334
1033	1.7333333333333334
1034	1.7333333333333334
1035	1.7333333333333334
1036	1.7333333333333334
1037	1.7333333333333334
1038	1.7333333333333334
1039	1.7333333333333334
1040	1.7333333333333334
1041	1.7333333333333334
1042	1.7333333333333334
1043	1.7333333333333334
1044	1.7333333333333334
1045	1.7333333333333334
1046	1.7333333333333334
1047	1.7333333333333334
1048	1.7333333333333334
1049	1.7333333333333334
1050	1.7333333333333334
1051	1.7333333333333334
1052	1.7333333333333334
1053	1.7333333333333334
1054	1.7333333333333334
1055	1.7333333333333334
1056	1.7333333333333334
1057	1.7333333333333334
1058	1.7333333333333334
1059	1.7333333333333334
1060	1.7333333333333334
1061	1.7333333333333334
1062	1.7333333333333334
1063	1.7333333333333334
1064	1.7333333333333334
1065	1.7333333333333334
1066	1.7333333333333334
1067	1.7333333333333334
1068	1.7333333333333334
1069	1.7333333333333334
1070	1.7333333333333334
1071	1.7333333333333334
1072	1.7333333333333334
1073	1.7333333333333334
1074	1.7333333333333334
1075	1.7333333333333334
1076	1.7333333333333334
1077	1.7333333333333334
1078	1.7333333333333334
1079	1.7333333333333334
1080	1.7333333333333334
1081	1.7333333333333334
1082	1.7333333333333334
1083	1.7333333333333334
1084	1.7333333333333334
1085	1.7333333333333334
1086	1.7333333333333334
1087	1.7333333333333334
1088	1.7333333333333334
1089	1.7333333333333334
1090	1.7333333333333334
1091	1.7333333333333334
1092	1.7333333333333334
1093	1.7333333333333334
1094	1.7333333333333334
1095	1.7333333333333334
1096	1.7333333333333334
1097	1.7333333333333334
1098	1.7333333333333334
1099	1.7333333333333334
1100	1.7333333333333334
1101	1.7333333333333334
1102	1.7333333333333334
1103	1.7333333333333334
1104	1.7333333333333334
1105	1.7333333333333334
1106	1.7333333333333334
1107	1.7333333333333334
1108	1.7333333333333334
1109	1.7333333333333334
1110	1.7333333333333334
1111	1.7333333333333334
1112	1.7333333333333334
1113	1.7333333333333334
1114	1.7333333333333334
1115	1.7333333333333334
1116	1.7333333333333334
1117	1.7333333333333334
1118	1.7333333333333334
1119	1.7333333333333334
1120	1.7333333333333334
1121	1.7333333333333334
1122	1.7333333333333334
1123	1.7333333333333334
1124	1.7333333333333334
1125	1.7333333333333334
1126	1.7333333333333334
1127	1.7333333333333334
1128	1.7333333333333334
1129	1.7333333333333334
1130	1.7333333333333334
1131	1.7333333333333334
1132	1.7333333333333334
1133	1.7333333333333334
1134	1.7333333333333334
1135	1.7333333333333334
1136	1.7333333333333334
1137	1.7333333333333334
1138	1.7333333333333334
1139	1.7333333333333334
1140	1.7333333333333334
1141	1.7333333333333334
1142	1.7333333333333334
1143	1.7333333333333334
1144	1.7333333333333334
1145	1.7333333333333334
1146	1.7333333333333334
1147	1.7333333333333334
1148	1.7333333333333334
1149	1.7333333333333334
1150	1.7333333333333334
1151	1.7333333333333334
1152	1.7333333333333334
1153	1.7333333333333334
1154	1.7333333333333334
1155	1.7333333333333334
1156	1.7333333333333334
1157	1.7333333333333334
1158	1.7333333333333334
1159	1.7333333333333334
1160	1.7333333333333334
1161	1.7333333333333334
1162	1.7333333333333334
1163	1.7333333333333334
1164	1.7333333333333334
1165	1.7333333333333334
1166	1.7333333333333334
1167	1.7333333333333334
1168	1.7333333333333334
1169	1.7333333333333334
1170	1.7333333333333334
1171	1.7333333333333334
1172	1.7333333333333334
1173	1.7333333333333334
1174	1.7333333333333334
1175	1.7333333333333334
1176	1.7333333333333334
1177	1.7333333333333334
1178	1.7333333333333334
1179	1.7333333333333334
1180	1.7333333333333334
1181	1.7333333333333334
1182	1.7333333333333334
1183	1.7333333333333334
1184	1.7333333333333334
1185	1.7333333333333334
1186	1.7333333333333334
1187	1.7333333333333334
1188	1.7333333333333334
1189	1.7333333333333334
1190	1.7333333333333334
1191	1.7333333333333334
1192	1.7333333333333334
1193	1.7333333333333334
1194	1.7333333333333334
1195	1.7333333333333334
1196	1.7333333333333334
1197	1.7333333333333334
1198	1.7333333333333334
1199	1.7333333333333334
1200	1.7333333333333334
1201	1.7333333333333334
1202	1.7333333333333334
1203	1.7333333333333334
1204	1.7333333333333334
1205	1.7333333333333334
1206	1.7333333333333334
1207	1.7333333333333334
1208	1.7333333333333334
1209	1.7333333333333334
1210	1.7333333333333334
1211	1.7333333333333334
1212	1.7333333333333334
1213	1.7333333333333334
1214	1.7333333333333334
1215	1.7333333333333334
1216	1.7333333333333334
1217	1.7333333333333334
1218	1.7333333333333334
1219	1.7333333333333334
1220	1.7333333333333334
1221	1.7333333333333334
1222	1.7333333333333334
1223	1.7333333333333334
1224	1.7333333333333334
1225	1.7333333333333334
1226	1.7333333333333334
1227	1.7333333333333334
1228	1.7333333333333334
1229	1.7333333333333334
1230	1.7333333333333334
1231	1.7333333333333334
1232	1.7333333333333334
1233	1.7333333333333334
1234	1.7333333333333334
1235	1.7333333333333334
1236	1.7333333333333334
1237	1.7333333333333334
1238	1.7333333333333334
1239	1.7333333333333334
1240	1.7333333333333334
1241	1.7333333333333334
1242	1.7333333333333334
1243	1.7333333333333334
1244	1.7333333333333334
1245	1.7333333333333334
1246	1.7333333333333334
1247	1.7333333333333334
1248	1.7333333333333334
1249	1.7333333333333334
1250	1.7333333333333334
1251	1.7333333333333334
1252	1.7333333333333334
1253	1.7333333333333334
1254	1.7333333333333334
1255	1.7333333333333334
1256	1.7333333333333334
1257	1.7333333333333334
1258	1.7333333333333334
1259	1.7333333333333334
1260	1.7333333333333334
1261	1.7333333333333334
1262	1.7333333333333334
1263	1.7333333333333334
1264	1.7333333333333334
1265	1.7333333333333334
1266	1.7333333333333334
1267	1.7333333333333334
1268	1.7333333333333334
1269	1.7333333333333334
1270	1.7333333333333334
1271	1.7333333333333334
1272	1.7333333333333334
1273	1.7333333333333334
1274	1.7333333333333334
1275	1.7333333333333334
1276	1.7333333333333334
1277	1.7333333333333334
1278	1.7333333333333334
1279	1.7333333333333334
1280	1.7333333333333334
1281	1.7333333333333334
1282	1.7333333333333334
1283	1.7333333333333334
1284	1.7333333333333334
1285	1.7333333333333334
1286	1.7333333333333334
1287	1.7333333333333334
1288	1.7333333333333334
1289	1.7333333333333334
1290	1.7333333333333334
1291	1.7333333333333334
1292	1.7333333333333334
1293	1.7333333333333334
1294	1.7333333333333334
1295	1.7333333333333334
1296	1.7333333333333334
1297	1.7333333333333334
1298	1.7333333333333334
1299	1.7333333333333334
1300	1.7333333333333334
1301	1.7333333333333334
1302	1.7333333333333334
1303	1.7333333333333334
1304	1.7333333333333334
1305	1.7333333333333334
1306	1.7333333333333334
1307	1.7333333333333334
1308	1.7333333333333334
1309	1.7333333333333334
1310	1.7333333333333334
1311	1.7333333333333334
1312	1.7333333333333334
1313	1.7333333333333334
1314	1.7333333333333334
1315	1.7333333333333334
1316	1.7333333333333334
1317	1.7333333333333334
1318	1.7333333333333334
1319	1.7333333333333334
1320	1.7333333333333334
1321	1.7333333333333334
1322	1.7333333333333334
1323	1.7333333333333334
1324	1.7333333333333334
1325	1.7333333333333334
1326	1.7333333333333334
1327	1.7333333333333334
1328	1.7333333333333334
1329	1.7333333333333334
1330	1.7333333333333334
1331	1.7333333333333334
1332	1.7333333333333334
1333	1.7333333333333334
1334	1.7333333333333334
1335	1.7333333333333334
1336	1.7333333333333334
1337	1.7333333333333334
1338	1.7333333333333334
1339	1.7333333333333334
1340	1.7333333333333334
1341	1.7333333333333334
1342	1.7333333333333334
1343	1.7333333333333334
1344	1.7333333333333334
1345	1.7333333333333334
1346	1.7333333333333334
1347	1.7333333333333334
1348	1.7333333333333334
1349	1.7333333333333334
1350	1.7333333333333334
1351	1.7333333333333334
1352	1.7333333333333334
1353	1.7333333333333334
1354	1.7333333333333334
1355	1.7333333333333334
1356	1.7333333333333334
1357	1.7333333333333334
1358	1.7333333333333334
1359	1.7333333333333334
1360	1.7333333333333334
1361	1.7333333333333334
1362	1.7333333333333334
1363	1.7333333333333334
1364	1.7333333333333334
1365	1.7333333333333334
1366	1.7333333333333334
1367	1.7333333333333334
1368	1.7333333333333334
1369	1.7333333333333334
1370	1.7333333333333334
1371	1.7333333333333334
1372	1.7333333333333334
1373	1.7333333333333334
1374	1.7333333333333334
1375	1.7333333333333334
1376	1.7333333333333334
1377	1.7333333333333334
1378	1.7333333333333334
1379	1.7333333333333334
1380	1.7333333333333334
1381	1.7333333333333334
1382	1.7333333333333334
1383	1.7333333333333334
1384	1.7333333333333334
1385	1.7333333333333334
1386	1.7333333333333334
1387	1.7333333333333334
1388	1.7333333333333334
1389	1.7333333333333334
1390	1.7333333333333334
1391	1.7333333333333334
1392	1.7333333333333334
1393	1.7333333333333334
1394	1.7333333333333334
1395	1.7333333333333334
1396	1.7333333333333334
1397	1.7333333333333334
1398	1.7333333333333334
1399	1.7333333333333334
1400	1.7333333333333334
1401	1.7333333333333334
1402	1.7333333333333334
1403	1.7333333333333334
1404	1.7333333333333334
1405	1.7333333333333334
1406	1.7333333333333334
1407	1.7333333333333334
1408	1.7333333333333334
1409	1.7333333333333334
1410	1.7333333333333334
1411	1.7333333333333334
1412	1.7333333333333334
1413	1.7333333333333334
1414	1.7333333333333334
1415	1.7333333333333334
1416	1.7333333333333334
1417	1.7333333333333334
1418	1.7333333333333334
1419	1.7333333333333334
1420	1.7333333333333334
1421	1.7333333333333334
1422	1.7333333333333334
1423	1.7333333333333334
1424	1.7333333333333334
1425	1.7333333333333334
1426	1.7333333333333334
1427	1.7333333333333334
1428	1.7333333333333334
1429	1.7333333333333334
1430	1.7333333333333334
1431	1.7333333333333334
1432	1.7333333333333334
1433	1.7333333333333334
1434	1.7333333333333334
1435	1.7333333333333334
1436	1.7333333333333334
1437	1.7333333333333334
1438	1.7333333333333334
1439	1.7333333333333334
1440	1.7333333333333334
1441	1.7333333333333334
1442	1.7333333333333334
1443	1.7333333333333334
1444	1.7333333333333334
1445	1.7333333333333334
1446	1.7333333333333334
1447	1.7333333333333334
1448	1.7333333333333334
1449	1.7333333333333334
1450	1.7333333333333334
1451	1.7333333333333334
1452	1.7333333333333334
1453	1.7333333333333334
1454	1.7333333333333334
1455	1.7333333333333334
1456	1.7333333333333334
1457	1.7333333333333334
1458	1.7333333333333334
1459	1.7333333333333334
1460	1.7333333333333334
1461	1.7333333333333334
1462	1.7333333333333334
1463	1.7333333333333334
1464	1.7333333333333334
1465	1.7333333333333334
1466	1.7333333333333334
1467	1.7333333333333334
1468	1.7333333333333334
1469	1.7333333333333334
1470	1.7333333333333334
1471	1.7333333333333334
1472	1.7333333333333334
1473	1.7333333333333334
1474	1.7333333333333334
1475	1.7333333333333334
1476	1.7333333333333334
1477	1.7333333333333334
1478	1.7333333333333334
1479	1.7333333333333334
1480	1.7333333333333334
1481	1.7333333333333334
1482	1.7333333333333334
1483	1.7333333333333334
1484	1.7333333333333334
1485	1.7333333333333334
1486	1.7333333333333334
1487	1.7333333333333334
1488	1.7333333333333334
1489	1.7333333333333334
1490	1.7333333333333334
1491	1.7333333333333334
1492	1.7333333333333334
1493	1.7333333333333334
1494	1.7333333333333334
1495	1.7333333333333334
1496	1.7333333333333334
1497	1.7333333333333334
1498	1.7333333333333334
1499	1.7333333333333334
1500	1.7333333333333334
1501	1.7333333333333334
1502	1.7333333333333334
1503	1.7333333333333334
1504	1.7333333333333334
1505	1.7333333333333334
1506	1.7333333333333334
1507	1.7333333333333334
1508	1.7333333333333334
1509	1.7333333333333334
1510	1.7333333333333334
1511	1.7333333333333334
1512	1.7333333333333334
1513	1.7333333333333334
1514	1.7333333333333334
1515	1.7333333333333334
1516	1.7333333333333334
1517	1.7333333333333334
1518	1.7333333333333334
1519	1.7333333333333334
1520	1.7333333333333334
1521	1.7333333333333334
1522	1.7333333333333334
1523	1.7333333333333334
1524	1.7333333333333334
1525	1.7333333333333334
1526	1.7333333333333334
1527	1.7333333333333334
1528	1.7333333333333334
1529	1.7333333333333334
1530	1.7333333333333334
1531	1.7333333333333334
1532	1.7333333333333334
1533	1.7333333333333334
1534	1.7333333333333334
1535	1.7333333333333334
1536	1.7333333333333334
1537	1.7333333333333334
1538	1.7333333333333334
1539	1.7333333333333334
1540	1.7333333333333334
1541	1.7333333333333334
1542	1.7333333333333334
1543	1.7333333333333334
1544	1.7333333333333334
1545	1.7333333333333334
1546	1.7333333333333334
1547	1.7333333333333334
1548	1.7333333333333334
1549	1.7333333333333334
1550	1.7333333333333334
1551	1.7333333333333334
1552	1.7333333333333334
1553	1.7333333333333334
1554	1.7333333333333334
1555	1.7333333333333334
1556	1.7333333333333334
1557	1.7333333333333334
1558	1.7333333333333334
1559	1.7333333333333334
1560	1.7333333333333334
1561	1.7333333333333334
1562	1.7333333333333334
1563	1.7333333333333334
1564	1.7333333333333334
1565	1.7333333333333334
1566	1.7333333333333334
1567	1.7333333333333334
1568	1.7333333333333334
1569	1.7333333333333334
1570	1.7333333333333334
1571	1.7333333333333334
1572	1.7333333333333334
1573	1.7333333333333334
1574	1.7333333333333334
1575	1.7333333333333334
1576	1.7333333333333334
1577	1.7333333333333334
1578	1.7333333333333334
1579	1.7333333333333334
1580	1.7333333333333334
1581	1.7333333333333334
1582	1.7333333333333334
1583	1.7333333333333334
1584	1.7333333333333334
1585	1.7333333333333334
1586	1.7333333333333334
1587	1.7333333333333334
1588	1.7333333333333334
1589	1.7333333333333334
1590	1.7333333333333334
1591	1.7333333333333334
1592	1.7333333333333334
1593	1.7333333333333334
1594	1.7333333333333334
1595	1.7333333333333334
1596	1.7333333333333334
1597	1.7333333333333334
1598	1.7333333333333334
1599	1.7333333333333334
1600	1.7333333333333334
1601	1.7333333333333334
1602	1.7333333333333334
1603	1.7333333333333334
1604	1.7333333333333334
1605	1.7333333333333334
1606	1.7333333333333334
1607	1.7333333333333334
1608	1.7333333333333334
1609	1.7333333333333334
1610	1.7333333333333334
1611	1.7333333333333334
1612	1.7333333333333334
1613	1.7333333333333334
1614	1.7333333333333334
1615	1.7333333333333334
1616	1.7333333333333334
1617	1.7333333333333334
1618	1.7333333333333334
1619	1.7333333333333334
1620	1.7333333333333334
1621	1.7333333333333334
1622	1.7333333333333334
1623	1.7333333333333334
1624	1.7333333333333334
1625	1.7333333333333334
1626	1.7333333333333334
1627	1.7333333333333334
1628	1.7333333333333334
1629	1.7333333333333334
1630	1.7333333333333334
1631	1.7333333333333334
1632	1.7333333333333334
1633	1.7333333333333334
1634	1.7333333333333334
1635	1.7333333333333334
1636	1.7333333333333334
1637	1.7333333333333334
1638	1.7333333333333334
1639	1.7333333333333334
1640	1.7333333333333334
1641	1.7333333333333334
1642	1.7333333333333334
1643	1.7333333333333334
1644	1.7333333333333334
1645	1.7333333333333334
1646	1.7333333333333334
1647	1.7333333333333334
1648	1.7333333333333334
1649	1.7333333333333334
1650	1.7333333333333334
1651	1.7333333333333334
1652	1.7333333333333334
1653	1.7333333333333334
1654	1.7333333333333334
1655	1.7333333333333334
1656	1.7333333333333334
1657	1.7333333333333334
1658	1.7333333333333334
1659	1.7333333333333334
1660	1.7333333333333334
1661	1.7333333333333334
1662	1.7333333333333334
1663	1.7333333333333334
1664	1.7333333333333334
1665	1.7333333333333334
1666	1.7333333333333334
1667	1.7333333333333334
1668	1.7333333333333334
1669	1.7333333333333334
1670	1.7333333333333334
1671	1.7333333333333334
1672	1.7333333333333334
1673	1.7333333333333334
1674	1.7333333333333334
1675	1.7333333333333334
1676	1.7333333333333334
1677	1.7333333333333334
1678	1.7333333333333334
1679	1.7333333333333334
1680	1.7333333333333334
1681	1.7333333333333334
1682	1.7333333333333334
1683	1.7333333333333334
1684	1.7333333333333334
1685	1.7333333333333334
1686	1.7333333333333334
1687	1.7333333333333334
1688	1.7333333333333334
1689	1.7333333333333334
1690	1.7333333333333334
1691	1.7333333333333334
1692	1.7333333333333334
1693	1.7333333333333334
1694	1.7333333333333334
1695	1.7333333333333334
1696	1.7333333333333334
1697	1.7333333333333334
1698	1.7333333333333334
1699	1.7333333333333334
1700	1.7333333333333334
1701	1.7333333333333334
1702	1.7333333333333334
1703	1.7333333333333334
1704	1.7333333333333334
1705	1.7333333333333334
1706	1.7333333333333334
1707	1.7333333333333334
1708	1.7333333333333334
1709	1.7333333333333334
1710	1.7333333333333334
1711	1.7333333333333334
1712	1.7333333333333334
1713	1.7333333333333334
1714	1.7333333333333334
1715	1.7333333333333334
1716	1.7333333333333334
1717	1.7333333333333334
1718	1.7333333333333334
1719	1.7333333333333334
1720	1.7333333333333334
1721	1.7333333333333334
1722	1.7333333333333334
1723	1.7333333333333334
1724	1.7333333333333334
1725	1.7333333333333334
1726	1.7333333333333334
1727	1.7333333333333334
1728	1.7333333333333334
1729	1.7333333333333334
1730	1.7333333333333334
1731	1.7333333333333334
1732	1.7333333333333334
1733	1.7333333333333334
1734	1.7333333333333334
1735	1.7333333333333334
1736	1.7333333333333334
1737	1.7333333333333334
1738	1.7333333333333334
1739	1.7333333333333334
1740	1.7333333333333334
1741	1.7333333333333334
1742	1.7333333333333334
1743	1.7333333333333334
1744	1.7333333333333334
1745	1.7333333333333334
1746	1.7333333333333334
1747	1.7333333333333334
1748	1.7333333333333334
1749	1.7333333333333334
1750	1.7333333333333334
1751	1.7333333333333334
1752	1.7333333333333334
1753	1.7333333333333334
1754	1.7333333333333334
1755	1.7333333333333334
1756	1.7333333333333334
1757	1.7333333333333334
1758	1.7333333333333334
1759	1.7333333333333334
1760	1.7333333333333334
1761	1.7333333333333334
1762	1.7333333333333334
1763	1.7333333333333334
1764	1.7333333333333334
1765	1.7333333333333334
1766	1.7333333333333334
1767	1.7333333333333334
1768	1.7333333333333334
1769	1.7333333333333334
1770	1.7333333333333334
1771	1.7333333333333334
1772	1.7333333333333334
1773	1.7333333333333334
1774	1.7333333333333334
1775	1.7333333333333334
1776	1.7333333333333334
1777	1.7333333333333334
1778	1.7333333333333334
1779	1.7333333333333334
1780	1.7333333333333334
1781	1.7333333333333334
1782	1.7333333333333334
1783	1.7333333333333334
1784	1.7333333333333334
1785	1.7333333333333334
1786	1.7333333333333334
1787	1.7333333333333334
1788	1.7333333333333334
1789	1.7333333333333334
1790	1.7333333333333334
1791	1.7333333333333334
1792	1.7333333333333334
1793	1.7333333333333334
1794	1.7333333333333334
1795	1.7333333333333334
1796	1.7333333333333334
1797	1.7333333333333334
1798	1.7333333333333334
1799	1.7333333333333334
1800	1.7333333333333334
1801	1.7333333333333334
1802	1.7333333333333334
1803	1.7333333333333334
1804	1.7333333333333334
1805	1.7333333333333334
1806	1.7333333333333334
1807	1.7333333333333334
1808	1.7333333333333334
1809	1.7333333333333334
1810	1.7333333333333334
1811	1.7333333333333334
1812	1.7333333333333334
1813	1.7333333333333334
1814	1.7333333333333334
1815	1.7333333333333334
1816	1.7333333333333334
1817	1.7333333333333334
1818	1.7333333333333334
1819	1.7333333333333334
1820	1.7333333333333334
1821	1.7333333333333334
1822	1.7333333333333334
1823	1.7333333333333334
1824	1.7333333333333334
1825	1.7333333333333334
1826	1.7333333333333334
1827	1.7333333333333334
1828	1.7333333333333334
1829	1.7333333333333334
1830	1.7333333333333334
1831	1.7333333333333334
1832	1.7333333333333334
1833	1.7333333333333334
1834	1.7333333333333334
1835	1.7333333333333334
1836	1.7333333333333334
1837	1.7333333333333334
1838	1.7333333333333334
1839	1.7333333333333334
1840	1.7333333333333334
1841	1.7333333333333334
1842	1.7333333333333334
1843	1.7333333333333334
1844	1.7333333333333334
1845	1.7333333333333334
1846	1.7333333333333334
1847	1.7333333333333334
1848	1.7333333333333334
1849	1.7333333333333334
1850	1.7333333333333334
1851	1.7333333333333334
1852	1.7333333333333334
1853	1.7333333333333334
1854	1.7333333333333334
1855	1.7333333333333334
1856	1.7333333333333334
1857	1.7333333333333334
1858	1.7333333333333334
1859	1.7333333333333334
1860	1.7333333333333334
1861	1.7333333333333334
1862	1.7333333333333334
1863	1.7333333333333334
1864	1.7333333333333334
1865	1.7333333333333334
1866	1.7333333333333334
1867	1.7333333333333334
1868	1.7333333333333334
1869	1.7333333333333334
1870	1.7333333333333334
1871	1.7333333333333334
1872	1.7333333333333334
1873	1.7333333333333334
1874	1.7333333333333334
1875	1.7333333333333334
1876	1.7333333333333334
1877	1.7333333333333334
1878	1.7333333333333334
1879	1.7333333333333334
1880	1.7333333333333334
1881	1.7333333333333334
1882	1.7333333333333334
1883	1.7333333333333334
1884	1.7333333333333334
1885	1.7333333333333334
1886	1.7333333333333334
1887	1.7333333333333334
1888	1.7333333333333334
1889	1.7333333333333334
1890	1.7333333333333334
1891	1.7333333333333334
1892	1.7333333333333334
1893	1.7333333333333334
1894	1.7333333333333334
1895	1.7333333333333334
1896	1.7333333333333334
1897	1.7333333333333334
1898	1.7333333333333334
1899	1.7333333333333334
1900	1.7333333333333334
1901	1.7333333333333334
1902	1.7333333333333334
1903	1.7333333333333334
1904	1.7333333333333334
1905	1.7333333333333334
1906	1.7333333333333334
1907	1.7333333333333334
1908	1.7333333333333334
1909	1.7333333333333334
1910	1.7333333333333334
1911	1.7333333333333334
1912	1.7333333333333334
1913	1.7333333333333334
1914	1.7333333333333334
1915	1.7333333333333334
1916	1.7333333333333334
1917	1.7333333333333334
1918	1.7333333333333334
1919	1.7333333333333334
1920	1.7333333333333334
1921	1.7333333333333334
1922	1.7333333333333334
1923	1.7333333333333334
1924	1.7333333333333334
1925	1.7333333333333334
1926	1.7333333333333334
1927	1.7333333333333334
1928	1.7333333333333334
1929	1.7333333333333334
1930	1.7333333333333334
1931	1.7333333333333334
1932	1.7333333333333334
1933	1.7333333333333334
1934	1.7333333333333334
1935	1.7333333333333334
1936	1.7333333333333334
1937	1.7333333333333334
1938	1.7333333333333334
1939	1.7333333333333334
1940	1.7333333333333334
1941	1.7333333333333334
1942	1.7333333333333334
1943	1.7333333333333334
1944	1.7333333333333334
1945	1.7333333333333334
1946	1.7333333333333334
1947	1.7333333333333334
1948	1.7333333333333334
1949	1.7333333333333334
1950	1.7333333333333334
1951	1.7333333333333334
1952	1.7333333333333334
1953	1.7333333333333334
1954	1.7333333333333334
1955	1.7333333333333334
1956	1.7333333333333334
1957	1.7333333333333334
1958	1.7333333333333334
1959	1.7333333333333334
1960	1.7333333333333334
1961	1.7333333333333334
1962	1.7333333333333334
1963	1.7333333333333334
1964	1.7333333333333334
1965	1.7333333333333334
1966	1.7333333333333334
1967	1.7333333333333334
1968	1.7333333333333334
1969	1.7333333333333334
1970	1.7333333333333334
1971	1.7333333333333334
1972	1.7333333333333334
1973	1.7333333333333334
1974	1.7333333333333334
1975	1.7333333333333334
1976	1.7333333333333334
1977	1.7333333333333334
1978	1.7333333333333334
1979	1.7333333333333334
1980	1.7333333333333334
1981	1.7333333333333334
1982	1.7333333333333334
1983	1.7333333333333334
1984	1.7333333333333334
1985	1.7333333333333334
1986	1.7333333333333334
1987	1.7333333333333334
1988	1.7333333333333334
1989	1.7333333333333334
1990	1.7333333333333334
1991	1.7333333333333334
1992	1.7333333333333334
1993	1.7333333333333334
1994	1.7333333333333334
1995	1.7333333333333334
1996	1.7333333333333334
1997	1.7333333333333334
1998	1.7333333333333334
1999	1.7333333333333334
2000	1.7333333333333334
2001	1.7333333333333334
2002	1.7333333333333334
2003	1.7333333333333334
2004	1.7333333333333334
2005	1.7333333333333334
2006	1.7333333333333334
2007	1.7333333333333334
2008	1.7333333333333334
2009	1.7333333333333334
2010	1.7333333333333334
2011	1.7333333333333334
2012	1.7333333333333334
2013	1.7333333333333334
2014	1.7333333333333334
2015	1.7333333333333334
2016	1.7333333333333334
2017	1.7333333333333334
2018	1.7333333333333334
2019	1.7333333333333334
2020	1.7333333333333334
2021	1.7333333333333334
2022	1.7333333333333334
2023	1.7333333333333334
2024	1.7333333333333334
2025	1.7333333333333334
2026	1.7333333333333334
2027	1.7333333333333334
2028	1.7333333333333334
2029	1.7333333333333334
2030	1.7333333333333334
2031	1.7333333333333334
2032	1.7333333333333334
2033	1.7333333333333334
2034	1.7333333333333334
2035	1.7333333333333334
2036	1.7333333333333334
2037	1.7333333333333334
2038	1.7333333333333334
2039	1.7333333333333334
2040	1.7333333333333334
2041	1.7333333333333334
2042	1.7333333333333334
2043	1.7333333333333334
2044	1.7333333333333334
2045	1.7333333333333334
2046	1.7333333333333334
2047	1.7333333333333334
2048	1.7333333333333334
2049	1.7333333333333334
2050	1.7333333333333334
2051	1.7333333333333334
2052	1.7333333333333334
2053	1.7333333333333334
2054	1.7333333333333334
2055	1.7333333333333334
2056	1.7333333333333334
2057	1.7333333333333334
2058	1.7333333333333334
2059	1.7333333333333334
2060	1.7333333333333334
2061	1.7333333333333334
2062	1.7333333333333334
2063	1.7333333333333334
2064	1.7333333333333334
2065	1.7333333333333334
2066	1.7333333333333334
2067	1.7333333333333334
2068	1.7333333333333334
2069	1.7333333333333334
2070	1.7333333333333334
2071	1.7333333333333334
2072	1.7333333333333334
2073	1.7333333333333334
2074	1.7333333333333334
2075	1.7333333333333334
2076	1.7333333333333334
2077	1.7333333333333334
2078	1.7333333333333334
2079	1.7333333333333334
2080	1.7333333333333334
2081	1.7333333333333334
2082	1.7333333333333334
2083	1.7333333333333334
2084	1.7333333333333334
2085	1.7333333333333334
2086	1.7333333333333334
2087	1.7333333333333334
2088	1.7333333333333334
2089	1.7333333333333334
2090	1.7333333333333334
2091	1.7333333333333334
2092	1.7333333333333334
2093	1.7333333333333334
2094	1.7333333333333334
2095	1.7333333333333334
2096	1.7333333333333334
2097	1.7333333333333334
2098	1.7333333333333334
2099	1.7333333333333334
2100	1.7333333333333334
2101	1.7333333333333334
2102	1.7333333333333334
2103	1.7333333333333334
2104	1.7333333333333334
2105	1.7333333333333334
2106	1.7333333333333334
2107	1.7333333333333334
2108	1.7333333333333334
2109	1.7333333333333334
2110	1.7333333333333334
2111	1.7333333333333334
2112	1.7333333333333334
2113	1.7333333333333334
2114	1.7333333333333334
2115	1.7333333333333334
2116	1.7333333333333334
2117	1.7333333333333334
2118	1.7333333333333334
2119	1.7333333333333334
2120	1.7333333333333334
2121	1.7333333333333334
2122	1.7333333333333334
2123	1.7333333333333334
2124	1.7333333333333334
2125	1.7333333333333334
2126	1.7333333333333334
2127	1.7333333333333334
2128	1.7333333333333334
2129	1.7333333333333334
2130	1.7333333333333334
2131	1.7333333333333334
2132	1.7333333333333334
2133	1.7333333333333334
2134	1.7333333333333334
2135	1.7333333333333334
2136	1.7333333333333334
2137	1.7333333333333334
2138	1.7333333333333334
2139	1.7333333333333334
2140	1.7333333333333334
2141	1.7333333333333334
2142	1.7333333333333334
2143	1.7333333333333334
2144	1.7333333333333334
2145	1.7333333333333334
2146	1.7333333333333334
2147	1.7333333333333334
2148	1.7333333333333334
2149	1.7333333333333334
2150	1.7333333333333334
2151	1.7333333333333334
2152	1.7333333333333334
2153	1.7333333333333334
2154	1.7333333333333334
2155	1.7333333333333334
2156	1.7333333333333334
2157	1.7333333333333334
2158	1.7333333333333334
2159	1.7333333333333334
2160	1.7333333333333334
2161	1.7333333333333334
2162	1.7333333333333334
2163	1.7333333333333334
2164	1.7333333333333334
2165	1.7333333333333334
2166	1.7333333333333334
2167	1.7333333333333334
2168	1.7333333333333334
2169	1.7333333333333334
2170	1.7333333333333334
2171	1.7333333333333334
2172	1.7333333333333334
2173	1.7333333333333334
2174	1.7333333333333334
2175	1.7333333333333334
2176	1.7333333333333334
2177	1.7333333333333334
2178	1.7333333333333334
2179	1.7333333333333334
2180	1.7333333333333334
2181	1.7333333333333334
2182	1.7333333333333334
2183	1.7333333333333334
2184	1.7333333333333334
2185	1.7333333333333334
2186	1.7333333333333334
2187	1.7333333333333334
2188	1.7333333333333334
2189	1.7333333333333334
2190	1.7333333333333334
2191	1.7333333333333334
2192	1.7333333333333334
2193	1.7333333333333334
2194	1.7333333333333334
2195	1.7333333333333334
2196	1.7333333333333334
2197	1.7333333333333334
2198	1.7333333333333334
2199	1.7333333333333334
2200	1.7333333333333334
2201	1.7333333333333334
2202	1.7333333333333334
2203	1.7333333333333334
2204	1.7333333333333334
2205	1.7333333333333334
2206	1.7333333333333334
2207	1.7333333333333334
2208	1.7333333333333334
2209	1.7333333333333334
2210	1.7333333333333334
2211	1.7333333333333334
2212	1.7333333333333334
2213	1.7333333333333334
2214	1.7333333333333334
2215	1.7333333333333334
2216	1.7333333333333334
2217	1.7333333333333334
2218	1.7333333333333334
2219	1.7333333333333334
2220	1.7333333333333334
2221	1.7333333333333334
2222	1.7333333333333334
2223	1.7333333333333334
2224	1.7333333333333334
2225	1.7333333333333334
2226	1.7333333333333334
2227	1.7333333333333334
2228	1.7333333333333334
2229	1.7333333333333334
2230	1.7333333333333334
2231	1.7333333333333334
2232	1.7333333333333334
2233	1.7333333333333334
2234	1.7333333333333334
2235	1.7333333333333334
2236	1.7333333333333334
2237	1.7333333333333334
2238	1.7333333333333334
2239	1.7333333333333334
2240	1.7333333333333334
2241	1.7333333333333334
2242	1.7333333333333334
2243	1.7333333333333334
2244	1.7333333333333334
2245	1.7333333333333334
2246	1.7333333333333334
2247	1.7333333333333334
2248	1.7333333333333334
2249	1.7333333333333334
2250	1.7333333333333334
2251	1.7333333333333334
2252	1.7333333333333334
2253	1.7333333333333334
2254	1.7333333333333334
2255	1.7333333333333334
2256	1.7333333333333334
2257	1.7333333333333334
2258	1.7333333333333334
2259	1.7333333333333334
2260	1.7333333333333334
2261	1.7333333333333334
2262	1.7333333333333334
2263	1.7333333333333334
2264	1.7333333333333334
2265	1.7333333333333334
2266	1.7333333333333334
2267	1.7333333333333334
2268	1.7333333333333334
2269	1.7333333333333334
2270	1.7333333333333334
2271	1.7333333333333334
2272	1.7333333333333334
2273	1.7333333333333334
2274	1.7333333333333334
2275	1.7333333333333334
2276	1.7333333333333334
2277	1.7333333333333334
2278	1.7333333333333334
2279	1.7333333333333334
2280	1.7333333333333334
2281	1.7333333333333334
2282	1.7333333333333334
2283	1.7333333333333334
2284	1.7333333333333334
2285	1.7333333333333334
2286	1.7333333333333334
2287	1.7333333333333334
2288	1.7333333333333334
2289	1.7333333333333334
2290	1.7333333333333334
2291	1.7333333333333334
2292	1.7333333333333334
2293	1.7333333333333334
2294	1.7333333333333334
2295	1.7333333333333334
2296	1.7333333333333334
2297	1.7333333333333334
2298	1.7333333333333334
2299	1.7333333333333334
2300	1.7333333333333334
2301	1.7333333333333334
2302	1.7333333333333334
2303	1.7333333333333334
2304	1.7333333333333334
2305	1.7333333333333334
2306	1.7333333333333334
2307	1.7333333333333334
2308	1.7333333333333334
2309	1.7333333333333334
2310	1.7333333333333334
2311	1.7333333333333334
2312	1.7333333333333334
2313	1.7333333333333334
2314	1.7333333333333334
2315	1.7333333333333334
2316	1.7333333333333334
2317	1.7333333333333334
2318	1.7333333333333334
2319	1.7333333333333334
2320	1.7333333333333334
2321	1.7333333333333334
2322	1.7333333333333334
2323	1.7333333333333334
2324	1.7333333333333334
2325	1.7333333333333334
2326	1.7333333333333334
2327	1.7333333333333334
2328	1.7333333333333334
2329	1.7333333333333334
2330	1.7333333333333334
2331	1.7333333333333334
2332	1.7333333333333334
2333	1.7333333333333334
2334	1.7333333333333334
2335	1.7333333333333334
2336	1.7333333333333334
2337	1.7333333333333334
2338	1.7333333333333334
2339	1.7333333333333334
2340	1.7333333333333334
2341	1.7333333333333334
2342	1.7333333333333334
2343	1.7333333333333334
2344	1.7333333333333334
2345	1.7333333333333334
2346	1.7333333333333334
2347	1.7333333333333334
2348	1.7333333333333334
2349	1.7333333333333334
2350	1.7333333333333334
2351	1.7333333333333334
2352	1.7333333333333334
2353	1.7333333333333334
2354	1.7333333333333334
2355	1.7333333333333334
2356	1.7333333333333334
2357	1.7333333333333334
2358	1.7333333333333334
2359	1.7333333333333334
2360	1.7333333333333334
2361	1.7333333333333334
2362	1.7333333333333334
2363	1.7333333333333334
2364	1.7333333333333334
2365	1.7333333333333334
2366	1.7333333333333334
2367	1.7333333333333334
2368	1.7333333333333334
2369	1.7333333333333334
2370	1.7333333333333334
2371	1.7333333333333334
2372	1.7333333333333334
2373	1.7333333333333334
2374	1.7333333333333334
2375	1.7333333333333334
2376	1.7333333333333334
2377	1.7333333333333334
2378	1.7333333333333334
2379	1.7333333333333334
2380	1.7333333333333334
2381	1.7333333333333334
2382	1.7333333333333334
2383	1.7333333333333334
2384	1.7333333333333334
2385	1.7333333333333334
2386	1.7333333333333334
2387	1.7333333333333334
2388	1.7333333333333334
2389	1.7333333333333334
2390	1.7333333333333334
2391	1.7333333333333334
2392	1.7333333333333334
2393	1.7333333333333334
2394	1.7333333333333334
2395	1.7333333333333334
2396	1.7333333333333334
2397	1.7333333333333334
2398	1.7333333333333334
2399	1.7333333333333334
2400	1.7333333333333334
2401	1.7333333333333334
2402	1.7333333333333334
2403	1.7333333333333334
2404	1.7333333333333334
2405	1.7333333333333334
2406	1.7333333333333334
2407	1.7333333333333334
2408	1.7333333333333334
2409	1.7333333333333334
2410	1.7333333333333334
2411	1.7333333333333334
2412	1.7333333333333334
2413	1.7333333333333334
2414	1.7333333333333334
2415	1.7333333333333334
2416	1.7333333333333334
2417	1.7333333333333334
2418	1.7333333333333334
2419	1.7333333333333334
2420	1.7333333333333334
2421	1.7333333333333334
2422	1.7333333333333334
2423	1.7333333333333334
2424	1.7333333333333334
2425	1.7333333333333334
2426	1.7333333333333334
2427	1.7333333333333334
2428	1.7333333333333334
2429	1.7333333333333334
2430	1.7333333333333334
2431	1.7333333333333334
2432	1.7333333333333334
2433	1.7333333333333334
2434	1.7333333333333334
2435	1.7333333333333334
2436	1.7333333333333334
2437	1.7333333333333334
2438	1.7333333333333334
2439	1.7333333333333334
2440	1.7333333333333334
2441	1.7333333333333334
2442	1.7333333333333334
2443	1.7333333333333334
2444	1.7333333333333334
2445	1.7333333333333334
2446	1.7333333333333334
2447	1.7333333333333334
2448	1.7333333333333334
2449	1.7333333333333334
2450	1.7333333333333334
2451	1.7333333333333334
2452	1.7333333333333334
2453	1.7333333333333334
2454	1.7333333333333334
2455	1.7333333333333334
2456	1.7333333333333334
2457	1.7333333333333334
2458	1.7333333333333334
2459	1.7333333333333334
2460	1.7333333333333334
2461	1.7333333333333334
2462	1.7333333333333334
2463	1.7333333333333334
2464	1.7333333333333334
2465	1.7333333333333334
2466	1.7333333333333334
2467	1.7333333333333334
2468	1.7333333333333334
2469	1.7333333333333334
2470	1.7333333333333334
2471	1.7333333333333334
2472	1.7333333333333334
2473	1.7333333333333334
2474	1.7333333333333334
2475	1.7333333333333334
2476	1.7333333333333334
2477	1.7333333333333334
2478	1.7333333333333334
2479	1.7333333333333334
2480	1.7333333333333334
2481	1.7333333333333334
2482	1.7333333333333334
2483	1.7333333333333334
2484	1.7333333333333334
2485	1.7333333333333334
2486	1.7333333333333334
2487	1.7333333333333334
2488	1.7333333333333334
2489	1.7333333333333334
2490	1.7333333333333334
2491	1.7333333333333334
2492	1.7333333333333334
2493	1.7333333333333334
2494	1.7333333333333334
2495	1.7333333333333334
2496	1.7333333333333334
2497	1.7333333333333334
2498	1.7333333333333334
2499	1.7333333333333334
2500	1.7333333333333334
2501	1.7333333333333334
2502	1.7333333333333334
2503	1.7333333333333334
2504	1.7333333333333334
2505	1.7333333333333334
2506	1.7333333333333334
2507	1.7333333333333334
2508	1.7333333333333334
2509	1.7333333333333334
2510	1.7333333333333334
2511	1.7333333333333334
2512	1.7333333333333334
2513	1.7333333333333334
2514	1.7333333333333334
2515	1.7333333333333334
2516	1.7333333333333334
2517	1.7333333333333334
2518	1.7333333333333334
2519	1.7333333333333334
2520	1.7333333333333334
2521	1.7333333333333334
2522	1.7333333333333334
2523	1.7333333333333334
2524	1.7333333333333334
2525	1.7333333333333334
2526	1.7333333333333334
2527	1.7333333333333334
2528	1.7333333333333334
2529	1.7333333333333334
2530	1.7333333333333334
2531	1.7333333333333334
2532	1.7333333333333334
2533	1.7333333333333334
2534	1.7333333333333334
2535	1.7333333333333334
2536	1.7333333333333334
2537	1.7333333333333334
2538	1.7333333333333334
2539	1.7333333333333334
2540	1.7333333333333334
2541	1.7333333333333334
2542	1.7333333333333334
2543	1.7333333333333334
2544	1.7333333333333334
2545	1.7333333333333334
2546	1.7333333333333334
2547	1.7333333333333334
2548	1.7333333333333334
2549	1.7333333333333334
2550	1.7333333333333334
2551	1.7333333333333334
2552	1.7333333333333334
2553	1.7333333333333334
2554	1.7333333333333334
2555	1.7333333333333334
2556	1.7333333333333334
2557	1.7333333333333334
2558	1.7333333333333334
2559	1.7333333333333334
2560	1.7333333333333334
2561	1.7333333333333334
2562	1.7333333333333334
2563	1.7333333333333334
2564	1.7333333333333334
2565	1.7333333333333334
2566	1.7333333333333334
2567	1.7333333333333334
2568	1.7333333333333334
2569	1.7333333333333334
2570	1.7333333333333334
2571	1.7333333333333334
2572	1.7333333333333334
2573	1.7333333333333334
2574	1.7333333333333334
2575	1.7333333333333334
2576	1.7333333333333334
2577	1.7333333333333334
2578	1.7333333333333334
2579	1.7333333333333334
2580	1.7333333333333334
2581	1.7333333333333334
2582	1.7333333333333334
2583	1.7333333333333334
2584	1.7333333333333334
2585	1.7333333333333334
2586	1.7333333333333334
2587	1.7333333333333334
2588	1.7333333333333334
2589	1.7333333333333334
2590	1.7333333333333334
2591	1.7333333333333334
2592	1.7333333333333334
2593	1.7333333333333334
2594	1.7333333333333334
2595	1.7333333333333334
2596	1.7333333333333334
2597	1.7333333333333334
2598	1.7333333333333334
2599	1.7333333333333334
2600	1.7333333333333334
2601	1.7333333333333334
2602	1.7333333333333334
2603	1.7333333333333334
2604	1.7333333333333334
2605	1.7333333333333334
2606	1.7333333333333334
2607	1.7333333333333334
2608	1.7333333333333334
2609	1.7333333333333334
2610	1.7333333333333334
2611	1.7333333333333334
2612	1.7333333333333334
2613	1.7333333333333334
2614	1.7333333333333334
2615	1.7333333333333334
2616	1.7333333333333334
2617	1.7333333333333334
2618	1.7333333333333334
2619	1.7333333333333334
2620	1.7333333333333334
2621	1.7333333333333334
2622	1.7333333333333334
2623	1.7333333333333334
2624	1.7333333333333334
2625	1.7333333333333334
2626	1.7333333333333334
2627	1.7333333333333334
2628	1.7333333333333334
2629	1.7333333333333334
2630	1.7333333333333334
2631	1.7333333333333334
2632	1.7333333333333334
2633	1.7333333333333334
2634	1.7333333333333334
2635	1.7333333333333334
2636	1.7333333333333334
2637	1.7333333333333334
2638	1.7333333333333334
2639	1.7333333333333334
2640	1.7333333333333334
2641	1.7333333333333334
2642	1.7333333333333334
2643	1.7333333333333334
2644	1.7333333333333334
2645	1.7333333333333334
2646	1.7333333333333334
2647	1.7333333333333334
2648	1.7333333333333334
2649	1.7333333333333334
2650	1.7333333333333334
2651	1.7333333333333334
2652	1.7333333333333334
2653	1.7333333333333334
2654	1.7333333333333334
2655	1.7333333333333334
2656	1.7333333333333334
2657	1.7333333333333334
2658	1.7333333333333334
2659	1.7333333333333334
2660	1.7333333333333334
2661	1.7333333333333334
2662	1.7333333333333334
2663	1.7333333333333334
2664	1.7333333333333334
2665	1.7333333333333334
2666	1.7333333333333334
2667	1.7333333333333334
2668	1.7333333333333334
2669	1.7333333333333334
2670	1.7333333333333334
2671	1.7333333333333334
2672	1.7333333333333334
2673	1.7333333333333334
2674	1.7333333333333334
2675	1.7333333333333334
2676	1.7333333333333334
2677	1.7333333333333334
2678	1.7333333333333334
2679	1.7333333333333334
2680	1.7333333333333334
2681	1.7333333333333334
2682	1.7333333333333334
2683	1.7333333333333334
2684	1.7333333333333334
2685	1.7333333333333334
2686	1.7333333333333334
2687	1.7333333333333334
2688	1.7333333333333334
2689	1.7333333333333334
2690	1.7333333333333334
2691	1.7333333333333334
2692	1.7333333333333334
2693	1.7333333333333334
2694	1.7333333333333334
2695	1.7333333333333334
2696	1.7333333333333334
2697	1.7333333333333334
2698	1.7333333333333334
2699	1.7333333333333334
2700	1.7333333333333334
2701	1.7333333333333334
2702	1.7333333333333334
2703	1.7333333333333334
2704	1.7333333333333334
2705	1.7333333333333334
2706	1.7333333333333334
2707	1.7333333333333334
2708	1.7333333333333334
2709	1.7333333333333334
2710	1.7333333333333334
2711	1.7333333333333334
2712	1.7333333333333334
2713	1.7333333333333334
2714	1.7333333333333334
2715	1.7333333333333334
2716	1.7333333333333334
2717	1.7333333333333334
2718	1.7333333333333334
2719	1.7333333333333334
2720	1.7333333333333334
2721	1.7333333333333334
2722	1.7333333333333334
2723	1.7333333333333334
2724	1.7333333333333334
2725	1.7333333333333334
2726	1.7333333333333334
2727	1.7333333333333334
2728	1.7333333333333334
2729	1.7333333333333334
2730	1.7333333333333334
2731	1.7333333333333334
2732	1.7333333333333334
2733	1.7333333333333334
2734	1.7333333333333334
2735	1.7333333333333334
2736	1.7333333333333334
2737	1.7333333333333334
2738	1.7333333333333334
2739	1.7333333333333334
2740	1.7333333333333334
2741	1.7333333333333334
2742	1.7333333333333334
2743	1.7333333333333334
2744	1.7333333333333334
2745	1.7333333333333334
2746	1.7333333333333334
2747	1.7333333333333334
2748	1.7333333333333334
2749	1.7333333333333334
2750	1.7333333333333334
2751	1.7333333333333334
2752	1.7333333333333334
2753	1.7333333333333334
2754	1.7333333333333334
2755	1.7333333333333334
2756	1.7333333333333334
2757	1.7333333333333334
2758	1.7333333333333334
2759	1.7333333333333334
2760	1.7333333333333334
2761	1.7333333333333334
2762	1.7333333333333334
2763	1.7333333333333334
2764	1.7333333333333334
2765	1.7333333333333334
2766	1.7333333333333334
2767	1.7333333333333334
2768	1.7333333333333334
2769	1.7333333333333334
2770	1.7333333333333334
2771	1.7333333333333334
2772	1.7333333333333334
2773	1.7333333333333334
2774	1.7333333333333334
2775	1.7333333333333334
2776	1.7333333333333334
2777	1.7333333333333334
2778	1.7333333333333334
2779	1.7333333333333334
2780	1.7333333333333334
2781	1.7333333333333334
2782	1.7333333333333334
2783	1.7333333333333334
2784	1.7333333333333334
2785	1.7333333333333334
2786	1.7333333333333334
2787	1.7333333333333334
2788	1.7333333333333334
2789	1.7333333333333334
2790	1.7333333333333334
2791	1.7333333333333334
2792	1.7333333333333334
2793	1.7333333333333334
2794	1.7333333333333334
2795	1.7333333333333334
2796	1.7333333333333334
2797	1.7333333333333334
2798	1.7333333333333334
2799	1.7333333333333334
2800	1.7333333333333334
2801	1.7333333333333334
2802	1.7333333333333334
2803	1.7333333333333334
2804	1.7333333333333334
2805	1.7333333333333334
2806	1.7333333333333334
2807	1.7333333333333334
2808	1.7333333333333334
2809	1.7333333333333334
2810	1.7333333333333334
2811	1.7333333333333334
2812	1.7333333333333334
2813	1.7333333333333334
2814	1.7333333333333334
2815	1.7333333333333334
2816	1.7333333333333334
2817	1.7333333333333334
2818	1.7333333333333334
2819	1.7333333333333334
2820	1.7333333333333334
2821	1.7333333333333334
2822	1.7333333333333334
2823	1.7333333333333334
2824	1.7333333333333334
2825	1.7333333333333334
2826	1.7333333333333334
2827	1.7333333333333334
2828	1.7333333333333334
2829	1.7333333333333334
2830	1.7333333333333334
2831	1.7333333333333334
2832	1.7333333333333334
2833	1.7333333333333334
2834	1.7333333333333334
2835	1.7333333333333334
2836	1.7333333333333334
2837	1.7333333333333334
2838	1.7333333333333334
2839	1.7333333333333334
2840	1.7333333333333334
2841	1.7333333333333334
2842	1.7333333333333334
2843	1.7333333333333334
2844	1.7333333333333334
2845	1.7333333333333334
2846	1.7333333333333334
2847	1.7333333333333334
2848	1.7333333333333334
2849	1.7333333333333334
2850	1.7333333333333334
2851	1.7333333333333334
2852	1.7333333333333334
2853	1.7333333333333334
2854	1.7333333333333334
2855	1.7333333333333334
2856	1.7333333333333334
2857	1.7333333333333334
2858	1.7333333333333334
2859	1.7333333333333334
2860	1.7333333333333334
2861	1.7333333333333334
2862	1.7333333333333334
2863	1.7333333333333334
2864	1.7333333333333334
2865	1.7333333333333334
2866	1.7333333333333334
2867	1.7333333333333334
2868	1.7333333333333334
2869	1.7333333333333334
2870	1.7333333333333334
2871	1.7333333333333334
2872	1.7333333333333334
2873	1.7333333333333334
2874	1.7333333333333334
2875	1.7333333333333334
2876	1.7333333333333334
2877	1.7333333333333334
2878	1.7333333333333334
2879	1.7333333333333334
2880	1.7333333333333334
2881	1.7333333333333334
2882	1.7333333333333334
2883	1.7333333333333334
2884	1.7333333333333334
2885	1.7333333333333334
2886	1.7333333333333334
2887	1.7333333333333334
2888	1.7333333333333334
2889	1.7333333333333334
2890	1.7333333333333334
2891	1.7333333333333334
2892	1.7333333333333334
2893	1.7333333333333334
2894	1.7333333333333334
2895	1.7333333333333334
2896	1.7333333333333334
2897	1.7333333333333334
2898	1.7333333333333334
2899	1.7333333333333334
2900	1.7333333333333334
2901	1.7333333333333334
2902	1.7333333333333334
2903	1.7333333333333334
2904	1.7333333333333334
2905	1.7333333333333334
2906	1.7333333333333334
2907	1.7333333333333334
2908	1.7333333333333334
2909	1.7333333333333334
2910	1.7333333333333334
2911	1.7333333333333334
2912	1.7333333333333334
2913	1.7333333333333334
2914	1.7333333333333334
2915	1.7333333333333334
2916	1.7333333333333334
2917	1.7333333333333334
2918	1.7333333333333334
2919	1.7333333333333334
2920	1.7333333333333334
2921	1.7333333333333334
2922	1.7333333333333334
2923	1.7333333333333334
2924	1.7333333333333334
2925	1.7333333333333334
2926	1.7333333333333334
2927	1.7333333333333334
2928	1.7333333333333334
2929	1.7333333333333334
2930	1.7333333333333334
2931	1.7333333333333334
2932	1.7333333333333334
2933	1.7333333333333334
2934	1.7333333333333334
2935	1.7333333333333334
2936	1.7333333333333334
2937	1.7333333333333334
2938	1.7333333333333334
2939	1.7333333333333334
2940	1.7333333333333334
2941	1.7333333333333334
2942	1.7333333333333334
2943	1.7333333333333334
2944	1.7333333333333334
2945	1.7333333333333334
2946	1.7333333333333334
2947	1.7333333333333334
2948	1.7333333333333334
2949	1.7333333333333334
2950	1.7333333333333334
2951	1.7333333333333334
2952	1.7333333333333334
2953	1.7333333333333334
2954	1.7333333333333334
2955	1.7333333333333334
2956	1.7333333333333334
2957	1.7333333333333334
2958	1.7333333333333334
2959	1.7333333333333334
2960	1.7333333333333334
2961	1.7333333333333334
2962	1.7333333333333334
2963	1.7333333333333334
2964	1.7333333333333334
2965	1.7333333333333334
2966	1.7333333333333334
2967	1.7333333333333334
2968	1.7333333333333334
2969	1.7333333333333334
2970	1.7333333333333334
2971	1.7333333333333334
2972	1.7333333333333334
2973	1.7333333333333334
2974	1.7333333333333334
2975	1.7333333333333334
2976	1.7333333333333334
2977	1.7333333333333334
2978	1.7333333333333334
2979	1.7333333333333334
2980	1.7333333333333334
2981	1.7333333333333334
2982	1.7333333333333334
2983	1.7333333333333334
2984	1.7333333333333334
2985	1.7333333333333334
2986	1.7333333333333334
2987	1.7333333333333334
2988	1.7333333333333334
2989	1.7333333333333334
2990	1.7333333333333334
2991	1.7333333333333334
2992	1.7333333333333334
2993	1.7333333333333334
2994	1.7333333333333334
2995	1.7333333333333334
2996	1.7333333333333334
2997	1.7333333333333334
2998	1.7333333333333334
2999	1.7333333333333334
3000	1.7333333333333334
