1	78.10209024720795
2	62.38509219761133
3	52.77701602075724
4	45.797092056950504
5	40.154870934730106
6	33.70301462840137
7	28.743323175595755
8	24.18470655789254
9	20.02930285876147
10	17.900832343223495
11	16.281517665633277
12	13.901773441261062
13	12.434078319447943
14	11.006707066698434
15	9.47370821844304
16	8.524508947392635
17	7.837103546882615
18	7.539509205693052
19	6.5082528996826206
20	5.530290361937725
21	4.929344977972527
22	4.517829242356112
23	4.252914251246184
24	3.8486699858773052
25	3.559181754352511
26	3.1822485344460665
27	3.071085388300306
28	2.729728195060359
29	2.6754018681961624
30	2.4650079900304727
31	2.283512040973532
32	2.228807440757565
33	1.9951334449942306
34	1.7992789204348123
35	1.8138748935817868
36	1.7123161232878563
37	1.684954905443038
38	1.614003495633289
39	1.601502093305344
40	1.483568829961506
41	1.445090498459632
42	1.3562896582046682
43	1.3133541592657894
44	1.1994056762319534
45	1.208252324592189
46	1.1644260926819887
47	1.2654431136277156
48	1.232403544739976
49	1.1756548835436502
50	1.158464518708237
51	1.1435867256127945
52	1.20007234846474
53	1.092233000113607
54	1.1649836889586558
55	1.031420077382079
56	1.020729471881103
57	1.0429228394044667
58	0.981161754133897
59	0.9707786243358317
60	1.003442899639341
61	1.006306511359026
62	0.902952520888108
63	0.9559356583694635
64	0.9275646246014361
65	0.8559023232046363
66	0.8858944908243228
67	0.9452277180557043
68	0.8963733694632824
69	0.9318336315914808
70	0.9560337951458309
71	0.9243147847475287
72	0.9268008293638637
73	0.9657449824207661
74	0.9004976806472201
75	0.8895126422132755
76	0.9066880542450881
77	0.8857047550730328
78	0.8637611773833505
79	0.8430784395894287
80	0.8495484546068484
81	0.887370664703382
82	0.8883698470656838
83	0.8144594388069323
84	0.8763246875412296
85	0.8527255473503035
86	0.8971229475544735
87	0.8407406659388903
88	0.886729520699443
89	0.8821693456946346
90	0.8238755092049304
91	0.9131010081023132
92	0.8490157838967742
93	0.8182999246744377
94	0.8295709036686209
95	0.8502054881572458
96	0.8087595353668409
97	0.7945197810356761
98	0.8983161403875743
99	0.8192386382873348
100	0.8539296432941772
101	0.9397033300233385
102	0.8639807367122222
103	0.7796437219835864
104	0.7641095690486536
105	0.8186589273867045
106	0.8648791147246321
107	0.8601458262724828
108	0.8531670160117841
109	0.8001598685447201
110	0.8144096799286781
111	0.8130376611866904
112	0.8260925902193443
113	0.7582914876071211
114	0.7882663900203126
115	0.7695302466944725
116	0.8143498603067202
117	0.77215049692542
118	0.8330488772096695
119	0.8837839405971548
120	0.7340117575648887
121	0.763020957332443
122	0.7905503779499544
123	0.7453020738871167
124	0.8077246999272069
125	0.7236187163165582
126	0.8472502525357225
127	0.7879180856806798
128	0.8088482254992093
129	0.837890597484485
130	0.6982490710120355
131	0.7678441114193613
132	0.7980947038574546
133	0.7458394865337931
134	0.7392448042944175
135	0.7698550393483807
136	0.7761220007911523
137	0.7289609052995824
138	0.7609104093374701
139	0.700731657694391
140	0.7847609680113906
141	0.8160345004519376
142	0.718431240361666
143	0.75650328375202
144	0.7660807933333035
145	0.8074386839561171
146	0.8235952449439039
147	0.8171528485905563
148	0.7591671340052409
149	0.8344845155892637
150	0.835827927942113
151	0.7835191829182881
152	0.7437584015269658
153	0.776648202164553
154	0.7883282425067597
155	0.7817747624360148
156	0.7846402628822126
157	0.764917837891644
158	0.8071510102790064
159	0.7760630626303793
160	0.769625734904965
161	0.8496924029462433
162	0.7763501413758286
163	0.7006906506956461
164	0.8374136085884714
165	0.7697223566323087
166	0.7838922671200005
167	0.786749532580395
168	0.777277571135022
169	0.7595795730533693
170	0.7914960283832425
171	0.7524086134841798
172	0.6991760148526206
173	0.7538628504138621
174	0.7229588155504719
175	0.764545720102603
176	0.6687088994755094
177	0.671577462045936
178	0.7741359705030672
179	0.7658268991361956
180	0.7669585710638306
181	0.7560097079651066
182	0.7661536211479464
183	0.6933466152355225
184	0.8317032901405919
185	0.7108007842586991
186	0.8326745117862584
187	0.7504412386570587
188	0.7811883364937203
189	0.7712955824331119
190	0.820095746770859
191	0.8609096355019813
192	0.7293197392551323
193	0.7791115845277543
194	0.812339721022324
195	0.7750020990335134
196	0.7680295052156654
197	0.8009527881030902
198	0.7826284674221055
199	0.7786278874504299
200	0.8125568853602263
201	0.7210216333100159
202	0.7423055610530133
203	0.742662785514418
204	0.8180488659684887
205	0.735257862053326
206	0.79682675321307
207	0.6919037607329022
208	0.8250729459718494
209	0.8006912749267091
210	0.7260774275240021
211	0.6704270489357735
212	0.7620249183547044
213	0.8012048405723926
214	0.7515449868352622
215	0.7479763114741751
216	0.729908624424972
217	0.732085314902178
218	0.7744173698681612
219	0.8233494298228466
220	0.8293487808249894
221	0.7592512134494283
222	0.7612474138062439
223	0.7950318657468112
224	0.8425533878259214
225	0.7532609511514013
226	0.8289167063242757
227	0.7391502799807107
228	0.769220307117543
229	0.7295363227544446
230	0.7955856343524256
231	0.7790631286567754
232	0.7454194051342741
233	0.76362917672437
234	0.7929644576371887
235	0.6874537053553097
236	0.7537768032041872
237	0.8193384810176724
238	0.7853587398284947
239	0.7189797505009531
240	0.7201424099672704
241	0.6944877382881492
242	0.7284196091375461
243	0.702779959573694
244	0.789016303556529
245	0.7219087377823759
246	0.8219803912330116
247	0.7634362053319762
248	0.7689503001362604
249	0.7904409115669235
250	0.7844042430528514
251	0.8125872731130573
252	0.6684368468134927
253	0.7463742654790332
254	0.7884793056783213
255	0.7462581963188138
256	0.7774465331498102
257	0.781201058015571
258	0.8097547773278986
259	0.7576096575726589
260	0.7710830045898424
261	0.7910221824020329
262	0.7765851274353174
263	0.7049757875828256
264	0.7307070131551149
265	0.7178346289240406
266	0.6798197257050262
267	0.7663915639041424
268	0.8044189958612884
269	0.8172603315616822
270	0.7905067577219796
271	0.7233285159351291
272	0.7027303147568956
273	0.7896282883916559
274	0.7586414748933189
275	0.8077087938677053
276	0.8282277283833859
277	0.732536761986008
278	0.7981134260700383
279	0.7627753988821907
280	0.7018963584120654
281	0.7286126666837179
282	0.7458596874859972
283	0.8052574695769462
284	0.8322005337873447
285	0.7428326148647469
286	0.7063747383133101
287	0.7665113564008211
288	0.7380699206403183
289	0.7800594145423906
290	0.7575245419923028
291	0.745013324580229
292	0.770540242315569
293	0.8372877787314885
294	0.8745532366341575
295	0.7653400706357197
296	0.7655200693132185
297	0.7612087434919894
298	0.7223754492238221
299	0.6857538960231492
300	0.7600878739574424
301	0.7837799496620014
302	0.669006226361433
303	0.7589943949779691
304	0.7534469916539664
305	0.7518609626072561
306	0.7269320867285127
307	0.7153016611744829
308	0.7338364858315799
309	0.8343414668703607
310	0.7592492619556501
311	0.7812863069212365
312	0.7525257789619739
313	0.7020729335455875
314	0.7430485707969717
315	0.7299025506926579
316	0.8367565007488889
317	0.6826346410253324
318	0.6867073842032867
319	0.7673914226634273
320	0.8097393174357013
321	0.6690128922161126
322	0.7336850938166588
323	0.8190974226372914
324	0.7741723937488658
325	0.7144679728897263
326	0.7434253474619616
327	0.7539938264396124
328	0.7804490780214057
329	0.7645670364127836
330	0.7549003737575367
331	0.8117419323899884
332	0.764498669407643
333	0.8080672154673445
334	0.7550374765357074
335	0.7985245471238117
336	0.6830989844107023
337	0.7718873350074007
338	0.7620488282234493
339	0.7868090511905144
340	0.686848516477314
341	0.7646222360109524
342	0.6769369366473368
343	0.7937537155594181
344	0.7830166397382302
345	0.7786586236860583
346	0.6738330323876958
347	0.7480749103423349
348	0.7206495514243326
349	0.7021952456081537
350	0.7873467675422317
351	0.7990722999827674
352	0.7962628163832169
353	0.8024191721023668
354	0.8259012483947019
355	0.7560955476717663
356	0.7966771187884698
357	0.8105244672063333
358	0.7491417450507721
359	0.7337238864357225
360	0.7297418622916372
361	0.7422521784393149
362	0.7008796528473503
363	0.7858426482931464
364	0.6939901736527466
365	0.6700368607469187
366	0.7105734449394986
367	0.7768479131781938
368	0.7973886309563835
369	0.664279943053048
370	0.735988431589943
371	0.6826551127375449
372	0.716835574943085
373	0.7556525776223698
374	0.8148766695417984
375	0.692523316279425
376	0.7760224160051921
377	0.7115103250509509
378	0.7305196105283412
379	0.7566611935529421
380	0.7232363316695121
381	0.7494082310273822
382	0.7350019737797007
383	0.749191994943843
384	0.7773979700569271
385	0.7453148937088555
386	0.7109620740643553
387	0.7249176868697543
388	0.7757257221615053
389	0.7634552768467794
390	0.7761866071847968
391	0.7836683989880917
392	0.7360099299165099
393	0.8480890205484829
394	0.812985420683643
395	0.7977705052094958
396	0.7134886581307278
397	0.7346667990794394
398	0.6760951593481265
399	0.676077162464235
400	0.8256937434828443
401	0.771144067003904
402	0.8344696591863303
403	0.7944782303874208
404	0.7148122524763296
405	0.7302371131673071
406	0.771087025957709
407	0.7722558648714948
408	0.7302610848729002
409	0.7202292759292941
410	0.7781977623740465
411	0.7439534708288793
412	0.6928100978308411
413	0.7210390679059893
414	0.7073153104752533
415	0.7489781620174266
416	0.6572854651350438
417	0.7257177419479959
418	0.7026408024802616
419	0.7410608756344857
420	0.710159018197253
421	0.6404805516445523
422	0.7951782510315086
423	0.7330237716759965
424	0.7613647209669252
425	0.8273485449942335
426	0.7590054822059137
427	0.6585555511623102
428	0.6698087504717232
429	0.753046799478318
430	0.7774487778427069
431	0.813936296917371
432	0.836391152700258
433	0.7619060679699579
434	0.7563926636869713
435	0.7150986506533169
436	0.8016878073199792
437	0.7320758021528617
438	0.7660784592862943
439	0.7128703323687391
440	0.7714280458755138
441	0.818263795050728
442	0.7931285596508821
443	0.776070891298047
444	0.8041331621139866
445	0.7223250358113571
446	0.7108774709470473
447	0.7805134693926116
448	0.7504561706997616
449	0.7690132991015297
450	0.822046036748167
451	0.769601352219197
452	0.7209892372897012
453	0.7691856665245397
454	0.8113418320900597
455	0.8065373830336087
456	0.8223528525343973
457	0.7961225862199538
458	0.7121572107575818
459	0.7677443420444569
460	0.7615981800207222
461	0.6934761056006487
462	0.7326138878186715
463	0.7560599182212216
464	0.78684883284689
465	0.7551824754239972
466	0.7197950463898982
467	0.7635786871109789
468	0.7420341794668847
469	0.734290432717534
470	0.6899768624605481
471	0.7600439972276141
472	0.8882999122259593
473	0.7815420833632367
474	0.7516354829680838
475	0.7472760742873679
476	0.8207043470640055
477	0.7300361639550643
478	0.8097839233000583
479	0.836811929833705
480	0.752796695192241
481	0.7803357736738623
482	0.7546460077875634
483	0.7451702290233567
484	0.8333920842471532
485	0.829353057537475
486	0.7888712422121124
487	0.7499265234313363
488	0.7897505744690405
489	0.7250701056659236
490	0.7784185213155989
491	0.778320934261086
492	0.6988996880435827
493	0.7495736023116848
494	0.7735322921847342
495	0.7506433079658409
496	0.7591356036989637
497	0.7155409415161033
498	0.6218955918505991
499	0.7358206197380749
500	0.6199064316964213
501	0.7290326149530398
502	0.7736576977318721
503	0.7327586634370912
504	0.7537882754107851
505	0.809472855485698
506	0.8555131777902109
507	0.7387041386433905
508	0.7616659073619183
509	0.8060158050807774
510	0.7741929394091216
511	0.7768838922041972
512	0.8035685856161953
513	0.6941056162481447
514	0.7249479674220364
515	0.7067113197105656
516	0.7301793494609304
517	0.8122990065275332
518	0.7595380276734187
519	0.7596783787205066
520	0.721282537496719
521	0.6932175294553505
522	0.7052729214588596
523	0.8109751139452986
524	0.7557108346766768
525	0.7007805000079795
526	0.735900629442247
527	0.8330508012207929
528	0.7672586826011113
529	0.7906668391945428
530	0.7468974796621697
531	0.7123119811957042
532	0.7616379042607357
533	0.7580613601242178
534	0.7825272292157238
535	0.7674757164236292
536	0.7934403300319667
537	0.7768643749297147
538	0.7527799867910565
539	0.7656644849372978
540	0.6890600308413135
541	0.7921932841009659
542	0.7232717545626121
543	0.7852636648112409
544	0.7717799842192059
545	0.7699901435427591
546	0.841216198774377
547	0.7230036433620202
548	0.7243500328977331
549	0.7970374654187378
550	0.7739153988785485
551	0.7851417437469707
552	0.7996505038657684
553	0.7705901242122314
554	0.7734043529734638
555	0.7171019006984629
556	0.7843322650658308
557	0.7554355257742409
558	0.7606490482336437
559	0.7183963676311595
560	0.6481578923179474
561	0.803339017437894
562	0.8103508212969824
563	0.7713565098049048
564	0.752384693628168
565	0.7775807970426724
566	0.7720506793577911
567	0.6545722322647476
568	0.7675920066693716
569	0.7494781020566187
570	0.7426173207303882
571	0.7539996034757885
572	0.690700321439211
573	0.7695762739592057
574	0.7740779436001863
575	0.8136079736628159
576	0.8083680191441379
577	0.7312837014398853
578	0.6910489528825167
579	0.8158375684769467
580	0.7801657130861241
581	0.7529589535563584
582	0.74764042824528
583	0.7181800748080002
584	0.7194799818918972
585	0.743473398975193
586	0.7566783032956548
587	0.7735380465410479
588	0.7626987000986649
589	0.7289742793053016
590	0.738155034993211
591	0.7382503689437229
592	0.7927943378832225
593	0.7465475261213526
594	0.7456681228120083
595	0.7628166536431572
596	0.6799651592467242
597	0.6913433906876857
598	0.6917278921603639
599	0.7102602676640613
600	0.7731648315343382
601	0.7916506797700594
602	0.7740465509862585
603	0.7598358042829622
604	0.6768627969235934
605	0.6568758848481776
606	0.7452641791628242
607	0.7211786663336703
608	0.6717247750045321
609	0.7250706019753409
610	0.7232930909232563
611	0.7255728166995642
612	0.7933951875356207
613	0.7627350941624589
614	0.7593901687391258
615	0.7260461886357743
616	0.6909382068916702
617	0.7585051367035461
618	0.7696185587903448
619	0.7600679913841489
620	0.8268685552540068
621	0.7834409605790431
622	0.7773580111005427
623	0.7258449692251353
624	0.7996292807194862
625	0.8176679431366979
626	0.7661729984861458
627	0.7888560220113043
628	0.7232611945083325
629	0.7540242521397326
630	0.7053493534483003
631	0.8370314616817098
632	0.7509300937141858
633	0.7563289008470494
634	0.7974605684453969
635	0.7722824956399219
636	0.7361009407642386
637	0.8276667896624719
638	0.7021338676059699
639	0.7626047774454291
640	0.7546737861698515
641	0.8202304772319119
642	0.7608475241822619
643	0.691821033463189
644	0.7598977897709294
645	0.7843247180612581
646	0.8052409512410047
647	0.7778372677428214
648	0.8183205563025406
649	0.8047043842623395
650	0.7502135108814271
651	0.7385248487448245
652	0.7975698611204275
653	0.7638225553018017
654	0.7455954158218208
655	0.8076254582277642
656	0.6870575610207242
657	0.6897407277285829
658	0.7823237937226466
659	0.720516750640795
660	0.7240815375085535
661	0.8070172704415216
662	0.7254481188734238
663	0.8185737668106238
664	0.7140861702568944
665	0.7378882168377469
666	0.7203555936634463
667	0.7292647213555636
668	0.7144018030930852
669	0.6998001217615241
670	0.7220612523728396
671	0.6981730727342553
672	0.8314807586399049
673	0.7137977296599671
674	0.7948329000040119
675	0.7540058447170975
676	0.7099339286099067
677	0.7497661266455901
678	0.7693901807357769
679	0.7400222716212033
680	0.7876252072222785
681	0.7363085526243099
682	0.8157347550026292
683	0.7521865452122517
684	0.7562800980836963
685	0.7526013716417743
686	0.8265446904666481
687	0.6876492431726913
688	0.7241985612528884
689	0.7448015862646872
690	0.7084273911728635
691	0.7751097648906792
692	0.750349122672082
693	0.6660426736922926
694	0.7707102114999985
695	0.6855449747290315
696	0.7532855507215971
697	0.7820956688073639
698	0.7361347681090201
699	0.7631019479596772
700	0.7830814776467011
701	0.7663089502988696
702	0.7551165063064781
703	0.8533898774781358
704	0.7857228475695721
705	0.773843029665951
706	0.7187114729573916
707	0.7086978732604667
708	0.8274275471118919
709	0.7449501428560416
710	0.7602655420568932
711	0.7699669696321675
712	0.7136217820193674
713	0.7689872603017835
714	0.7356546990063605
715	0.7955069849828081
716	0.7384202727878105
717	0.7278449064677897
718	0.7750467446358671
719	0.6880239497921286
720	0.7672368677606011
721	0.760333519463431
722	0.7303703313783809
723	0.7574116634504862
724	0.7959785493592426
725	0.7503367884574335
726	0.7530011252055172
727	0.7493104730374293
728	0.7514859068931323
729	0.6941268538969165
730	0.7308412233647217
731	0.7490033788850494
732	0.7567421663874399
733	0.704876245703164
734	0.7821870645980652
735	0.7798400658744763
736	0.7839528038824972
737	0.7480749347155567
738	0.7661820776390257
739	0.8181573458641375
740	0.7754634878755546
741	0.7621862902757888
742	0.794223469679261
743	0.7019703166494868
744	0.7334131658522163
745	0.730590427456138
746	0.7074510550923178
747	0.7562477442724949
748	0.7413402341653383
749	0.7872945765285142
750	0.8020681547144738
751	0.7459856275930762
752	0.709637884323557
753	0.7745522675357639
754	0.7668648224173632
755	0.733639808916685
756	0.818856551262835
757	0.7413798482216176
758	0.6851158236473736
759	0.725288991032577
760	0.7549697943970907
761	0.7001842498843769
762	0.8026186538979679
763	0.7774645108053415
764	0.8217133855952418
765	0.7367765403197052
766	0.6970099289293687
767	0.7987002532657227
768	0.7837258893827104
769	0.7046724770106891
770	0.7358974357169848
771	0.7619560323806548
772	0.7190370765134989
773	0.7572197997234844
774	0.7472899873493294
775	0.7849291591132439
776	0.694635741511597
777	0.8086722757651355
778	0.810435981411971
779	0.7197928181909337
780	0.7406047239934218
781	0.7839847064961252
782	0.7719308901759926
783	0.7208140981769834
784	0.7365102081590784
785	0.7853282111715725
786	0.7538247774348774
787	0.7398451424133135
788	0.6403076595997618
789	0.7550541406840214
790	0.7528576863558926
791	0.621946471034649
792	0.7883095021331327
793	0.7964733663682602
794	0.7323473715783236
795	0.8026746572552756
796	0.7327106036865059
797	0.6684994030293611
798	0.725960070254249
799	0.8112351652792822
800	0.7580357180202361
801	0.7543632602901302
802	0.7835566912964315
803	0.8062215969482094
804	0.7259750338056966
805	0.735590216388919
806	0.7490680332500053
807	0.7317742247365029
808	0.7222436577280218
809	0.7545070878539339
810	0.7174137536710059
811	0.7651045886198344
812	0.7179051607674146
813	0.7623963831631471
814	0.7079922027427028
815	0.7300111692576442
816	0.8106455844742617
817	0.720093369620006
818	0.7499201557968047
819	0.7579467786225201
820	0.7970088119870784
821	0.8208912976704331
822	0.7634649091758106
823	0.7475607713969418
824	0.7953991938459972
825	0.7279407666557098
826	0.7983690880389444
827	0.7591349446553987
828	0.761025863717823
829	0.8459531513813893
830	0.8069828186568571
831	0.8356551208340747
832	0.7324899132522379
833	0.7442492024818961
834	0.8057543216854501
835	0.7805468718794011
836	0.7398536380163581
837	0.7781032153278272
838	0.7657294261843812
839	0.8430698486785386
840	0.709596799192042
841	0.7261354965367303
842	0.7629850700489289
843	0.7787938977646282
844	0.7922142732870122
845	0.7488730096786
846	0.7195598508834649
847	0.7239812584999313
848	0.7693910419204495
849	0.7191130519114294
850	0.7626135940757603
851	0.8122415917224889
852	0.7830147414631391
853	0.7364439023546171
854	0.743773973441827
855	0.783502195461181
856	0.76256657711766
857	0.7077247069129431
858	0.7283803260070186
859	0.718885329990164
860	0.7131713909692678
861	0.7156982392862721
862	0.807997940978782
863	0.8627006518664935
864	0.7456422371807161
865	0.7408140754527702
866	0.7189705687876959
867	0.8252624550770802
868	0.7728431212749659
869	0.6870005083384364
870	0.718159861776164
871	0.7674636042481761
872	0.7610989234880935
873	0.7402698287619605
874	0.7658435271604616
875	0.7809496798834307
876	0.7519270795331615
877	0.7676097451641801
878	0.7674147331463015
879	0.7141931732227769
880	0.722916788257191
881	0.8118215647608565
882	0.7857932022055752
883	0.7559691484751292
884	0.7803058053324158
885	0.7531806694894634
886	0.7747219429905634
887	0.8076564626580307
888	0.7473068837016932
889	0.7282664112921927
890	0.7347572696495341
891	0.7801370620543504
892	0.8022350562507309
893	0.8029851788687606
894	0.7126787401147109
895	0.6900229392782915
896	0.7347118293847872
897	0.7237096314336514
898	0.7110999110588989
899	0.7469170516066
900	0.810488154278111
901	0.8530805903938066
902	0.7456574962181503
903	0.7442452526242821
904	0.6995443136916958
905	0.770432238575362
906	0.7915599999064031
907	0.7370028331184941
908	0.7798501177455214
909	0.7720375839644142
910	0.7266438219112391
911	0.795959350636002
912	0.7312394518819529
913	0.7594703101424568
914	0.711579880914283
915	0.8196205010048504
916	0.7378360734813627
917	0.8131114839176582
918	0.7743368537133198
919	0.7878853867599988
920	0.8660708912772949
921	0.7454153665047999
922	0.7980954895500666
923	0.808876157694113
924	0.8047678165366843
925	0.7312507469045516
926	0.666747148208276
927	0.8139147167055668
928	0.720543787742795
929	0.7729202391904345
930	0.7345444681445726
931	0.8056136638034636
932	0.703858871879328
933	0.7704788112882202
934	0.8414885839865957
935	0.7589850069438407
936	0.7975376953863951
937	0.7349773047488657
938	0.6263154668852858
939	0.7610467708975943
940	0.7268563295711651
941	0.8638017438734297
942	0.785120864790788
943	0.7248765783354013
944	0.7354639694546544
945	0.7558405635285566
946	0.7689917085390977
947	0.7993947884193601
948	0.6652063647612615
949	0.7674837347666588
950	0.8430798660690738
951	0.7288551313511743
952	0.7610469443060707
953	0.7820204410577608
954	0.7639573376703639
955	0.7206135831948944
956	0.6678996083758306
957	0.7490991761565124
958	0.7409104689661794
959	0.7912146106322474
960	0.7432995932071154
961	0.7828007158253882
962	0.7611220299935676
963	0.7302604525996084
964	0.8335597820272669
965	0.7476389773153898
966	0.7510884317997601
967	0.7420483870720472
968	0.6428632080841097
969	0.7742665032822121
970	0.7155347818438049
971	0.7343394937708079
972	0.7586444056605136
973	0.7471209392531727
974	0.6879751499194704
975	0.7160365619799192
976	0.7038182254844443
977	0.7569531095631906
978	0.768918586561042
979	0.7299218508351764
980	0.7650678420890866
981	0.7920381742711524
982	0.7815085362919801
983	0.7758517967334647
984	0.823850157192878
985	0.7288118316345333
986	0.7523106383757673
987	0.7877128497992077
988	0.7958657249497132
989	0.7769821395731945
990	0.7581433294054675
991	0.750603056792196
992	0.7433116142991004
993	0.8044176700155378
994	0.6875063722594744
995	0.7466824713505446
996	0.8184882836200419
997	0.7317469337360515
998	0.7684141520136648
999	0.772171383885864
1000	0.8094303533418
1001	0.7239806294566742
1002	0.7752519783136046
1003	0.7673566800252687
1004	0.8139027905658935
1005	0.7145407491538145
1006	0.722583265297416
1007	0.8468943693184402
1008	0.787882456570219
1009	0.7717778772726634
1010	0.7238499926036867
1011	0.761339645200612
1012	0.825095120097271
1013	0.7420245266266179
1014	0.733026543550062
1015	0.7862616347552257
1016	0.7233956938077213
1017	0.8159290146760596
1018	0.7748938628512679
1019	0.7754183001595032
1020	0.7294662205400029
1021	0.7805847252986384
1022	0.8292277657710938
1023	0.771575039957268
1024	0.8017222791152483
1025	0.7439272181709422
1026	0.8099642305274409
1027	0.770443500256027
1028	0.721235756689477
1029	0.813065992285744
1030	0.7292008930361734
1031	0.8572589541914157
1032	0.7640942615920729
1033	0.7582792304178839
1034	0.7368018440091948
1035	0.6972188511788538
1036	0.7697097303915055
1037	0.7494610392723967
1038	0.7336161319622744
1039	0.6879657451589996
1040	0.7916015940245421
1041	0.7417561282768037
1042	0.7271001643096946
1043	0.7943384062926188
1044	0.7505217570474242
1045	0.7299626175407482
1046	0.8329396598313233
1047	0.8170528210323981
1048	0.7489482433104236
1049	0.7320091677034685
1050	0.6967157048918441
1051	0.7652530571304518
1052	0.7921753114898563
1053	0.784903398415227
1054	0.8214536665416927
1055	0.772772066956764
1056	0.7322566208809268
1057	0.7766626814908454
1058	0.7234816357913819
1059	0.688228212626112
1060	0.7497226609185638
1061	0.7741138622918137
1062	0.7348524287435949
1063	0.7199858081693765
1064	0.7906469505192534
1065	0.7572429788469525
1066	0.7283302756568886
1067	0.7570745286967885
1068	0.7540541114374212
1069	0.7406264891311385
1070	0.7152947560005866
1071	0.7704979097644405
1072	0.7479610024575373
1073	0.7637015470637464
1074	0.7585647184821042
1075	0.7215713643265478
1076	0.8024284022908093
1077	0.7206277019777108
1078	0.8150542813175075
1079	0.7126989596846738
1080	0.7629341570822228
1081	0.7403010905008008
1082	0.7824909438213357
1083	0.7984483438322125
1084	0.7774263880789598
1085	0.7604349253185227
1086	0.8284055915571806
1087	0.7840626051546608
1088	0.8143200887591436
1089	0.7690097218791409
1090	0.7944091217472093
1091	0.7233607898218926
1092	0.7827182183134668
1093	0.7988891496454689
1094	0.7705445898889317
1095	0.709886171043286
1096	0.7198812747022681
1097	0.7982778839874443
1098	0.7413956966902139
1099	0.7698516154214589
1100	0.798052867488487
1101	0.7439558422802662
1102	0.7609577534432943
1103	0.7665072515601675
1104	0.7714817400501313
1105	0.7768981336159797
1106	0.7716226945536525
1107	0.8156680264344537
1108	0.8418422532059233
1109	0.6795428125649333
1110	0.8047039990308508
1111	0.8061332504807243
1112	0.7920231731332439
1113	0.7501225246494958
1114	0.715602072547711
1115	0.7249817869506134
1116	0.7790520734252918
1117	0.7270055140045032
1118	0.7964621903310518
1119	0.7397641257289956
1120	0.7201465213358521
1121	0.7245036618978112
1122	0.7600619251916407
1123	0.7018218676846807
1124	0.773322758703597
1125	0.7767882448468417
1126	0.7111765418209328
1127	0.7551248051276843
1128	0.6834320825679899
1129	0.7847344989573145
1130	0.6313202330293936
1131	0.7834316997968813
1132	0.7466220868146853
1133	0.7271237789403293
1134	0.7369968696499664
1135	0.7262968385145899
1136	0.8090061648067971
1137	0.7508226216302987
1138	0.7443286500598318
1139	0.715514965133011
1140	0.8245383861351582
1141	0.7862075687206111
1142	0.6922316473410343
1143	0.8371942198107623
1144	0.7896483691110375
1145	0.6990925739197339
1146	0.7625758989025434
1147	0.8308376309781029
1148	0.8117531673421798
1149	0.6821807980746786
1150	0.753894980498359
1151	0.7691453857047957
1152	0.7745915094229161
1153	0.7987507619810634
1154	0.698323234854447
1155	0.7227117747971026
1156	0.7492059821602445
1157	0.7068260226283041
1158	0.7812922170409338
1159	0.6883660963945224
1160	0.741924189235624
1161	0.7230289640860786
1162	0.8207526800347789
1163	0.7703352392962297
1164	0.8095120939844302
1165	0.7382829307740238
1166	0.744630156400973
1167	0.7219582950996536
1168	0.8131912697387799
1169	0.7128378778745718
1170	0.7379987453600442
1171	0.6995838203039196
1172	0.7923481190848806
1173	0.8559984484397939
1174	0.7829288492894445
1175	0.7728364712469489
1176	0.7510894987006547
1177	0.7668108213811083
1178	0.7501263380459114
1179	0.7637490611125486
1180	0.7852353603795824
1181	0.705898700396641
1182	0.7170265836295856
1183	0.8455468818619745
1184	0.8556770566061922
1185	0.7835644101350904
1186	0.7721207916230792
1187	0.7193111922117015
1188	0.8158864948181705
1189	0.7445265290453122
1190	0.7979923100309807
1191	0.7509097989160055
1192	0.7425685887003098
1193	0.7536521066411265
1194	0.7458975954804585
1195	0.8127377623135087
1196	0.7140645449984085
1197	0.8577127179123427
1198	0.7580768649104048
1199	0.7252876101612183
1200	0.7962832887817569
1201	0.7536468581856471
1202	0.757711108276934
1203	0.742312968180181
1204	0.8157429904334349
1205	0.7814405283625978
1206	0.8034247990322433
1207	0.6388246206804863
1208	0.7758339769715619
1209	0.8022792405754401
1210	0.8158346558082604
1211	0.7848946422299451
1212	0.7385977698787767
1213	0.736724430496563
1214	0.790044105386017
1215	0.7986451201794937
1216	0.7891088993537466
1217	0.8271448368598828
1218	0.7961356307895129
1219	0.7936967684620954
1220	0.8044104171649217
1221	0.8383126022221943
1222	0.7525004693751518
1223	0.7871337042943009
1224	0.7348290622429708
1225	0.7660451859614538
1226	0.784772291819501
1227	0.7742049723080814
1228	0.792285279757752
1229	0.7843144236845905
1230	0.8267960053541982
1231	0.8148294145050627
1232	0.7994365085720353
1233	0.7094693208796733
1234	0.7847072476709697
1235	0.7150544766444623
1236	0.7476147071393168
1237	0.7218011492120479
1238	0.7256360311903735
1239	0.7579484205320348
1240	0.7365740282719224
1241	0.6859732853615305
1242	0.7800826494674842
1243	0.7949674368041459
1244	0.6988807887567099
1245	0.7897164709493418
1246	0.690834934303271
1247	0.7672561778303124
1248	0.7265917541336175
1249	0.7443645520886508
1250	0.7822861429195943
1251	0.7418001216970339
1252	0.7480414977177485
1253	0.7393909023119828
1254	0.7722145773954927
1255	0.7343459526589183
1256	0.7698634959458699
1257	0.6945915604499173
1258	0.7073410063258835
1259	0.751187938441891
1260	0.7126439549982825
1261	0.7446126917687776
1262	0.7485356139020192
1263	0.7547095532916294
1264	0.7331285697777588
1265	0.764655522991574
1266	0.7694689600187331
1267	0.7321401931183064
1268	0.7595216301423297
1269	0.7031702177108626
1270	0.7547928990674717
1271	0.7137872550933358
1272	0.7775801076340072
1273	0.6342055318043152
1274	0.7382115225481968
1275	0.74985559430559
1276	0.7388897742628544
1277	0.7804330258833888
1278	0.7520578490717237
1279	0.7918039202926371
1280	0.7446106287894716
1281	0.8063822879089589
1282	0.7649266102905371
1283	0.6543712151040083
1284	0.81040557289994
1285	0.770526675817664
1286	0.7601709030298367
1287	0.7105644725126751
1288	0.7634617408503052
1289	0.6894546883691791
1290	0.743549791687736
1291	0.7360756706455777
1292	0.7850544691604139
1293	0.7174975565278033
1294	0.7606790107469018
1295	0.7977851522651095
1296	0.7414121717228429
1297	0.7468625631435043
1298	0.759779496058774
1299	0.7441671167103202
1300	0.7938392546479567
1301	0.7771284542301248
1302	0.7606527059168986
1303	0.8177024548657787
1304	0.7264095643163974
1305	0.7819356289540768
1306	0.8016473426452964
1307	0.73289498605506
1308	0.780070408115463
1309	0.7503558878275618
1310	0.7728439959080806
1311	0.8463216625911693
1312	0.7384602020078261
1313	0.8360103161521627
1314	0.78513227303299
1315	0.755189097571024
1316	0.7013620437358977
1317	0.6848315921013417
1318	0.6783763300164904
1319	0.8061977527233979
1320	0.771403205312338
1321	0.7278754528870196
1322	0.7399328440262688
1323	0.7852185826632009
1324	0.6676622748407843
1325	0.8133601779899968
1326	0.8299925698561413
1327	0.7203825966737404
1328	0.7760905710255748
1329	0.7496091041563623
1330	0.7738307995125984
1331	0.7046491739379964
1332	0.7615105978030741
1333	0.7258836260564582
1334	0.7480091367465342
1335	0.8099251070146765
1336	0.7743758271538047
1337	0.7936830510833014
1338	0.7529054454708111
1339	0.7224429222648394
1340	0.7626483640116548
1341	0.8366630485629033
1342	0.7138558932813598
1343	0.7847986320211816
1344	0.7754415991915007
1345	0.788752879898945
1346	0.7764614973772118
1347	0.6618204853016255
1348	0.7611757969293045
1349	0.7987891025680778
1350	0.7651533880895306
1351	0.7260243210132681
1352	0.7680627590087608
1353	0.800562455469474
1354	0.7665921293205069
1355	0.7527238004344239
1356	0.7975689797111151
1357	0.7926265363693807
1358	0.6910961148030433
1359	0.7744385656343751
1360	0.7328245611794199
1361	0.7540722773602881
1362	0.7458066955418443
1363	0.7348258351913096
1364	0.8137872129253665
1365	0.7431676989002146
1366	0.7401856212120218
1367	0.8063406108019381
1368	0.7237917811961715
1369	0.6424646408426649
1370	0.7178046736225248
1371	0.7453769704966927
1372	0.7816814869796107
1373	0.6845354563378242
1374	0.7356715385051512
1375	0.7442257839063926
1376	0.726604604656225
1377	0.7376896921783145
1378	0.727442999493271
1379	0.7234210056384128
1380	0.7368476443672537
1381	0.7946807248183637
1382	0.7658716123701598
1383	0.7504753517863
1384	0.6875397460421736
1385	0.7467794456670327
1386	0.7922945980813746
1387	0.7709100465439335
1388	0.7107042991234711
1389	0.7839834538664159
1390	0.6765870222433507
1391	0.7886539047975243
1392	0.7313065261669809
1393	0.7358525818776168
1394	0.7874384227618519
1395	0.7785133450511873
1396	0.8095612785299843
1397	0.7997511113297625
1398	0.7415394922496106
1399	0.7993468527232511
1400	0.7857327712577171
1401	0.7607993408705619
1402	0.8006853953203011
1403	0.7300330011975833
1404	0.7783990894253857
1405	0.7435584786138807
1406	0.7743050657073989
1407	0.7422571567910227
1408	0.7458301349609538
1409	0.7416474699169744
1410	0.7299940868932635
1411	0.8278408360504267
1412	0.785185540178949
1413	0.7681468105092139
1414	0.7618185231837133
1415	0.7793873578092555
1416	0.7455651926321335
1417	0.7404905225457501
1418	0.7151173078537713
1419	0.6811103937873012
1420	0.7570756589484934
1421	0.7582679814884803
1422	0.6965781583132373
1423	0.7670501177991154
1424	0.7284904909226262
1425	0.7773494100640457
1426	0.7677565318621872
1427	0.8103110493638825
1428	0.7746955145818345
1429	0.7826123998741951
1430	0.7548899044493115
1431	0.7532191957920558
1432	0.8337092896532953
1433	0.7500725592777354
1434	0.7267932084436647
1435	0.8123434643378471
1436	0.736550543236936
1437	0.6435190734835561
1438	0.8079789513596781
1439	0.7453948727899967
1440	0.7427907793980683
1441	0.7862483119774576
1442	0.6924380810811536
1443	0.7531543211875619
1444	0.76563418879491
1445	0.792773853511557
1446	0.7138746472803104
1447	0.7668059699693408
1448	0.8000226327641197
1449	0.7650545772591928
1450	0.7327460118452618
1451	0.6849013935605671
1452	0.7460251169458583
1453	0.7144064762336775
1454	0.8094837699771139
1455	0.7937880681486252
1456	0.8328194705474311
1457	0.7327213426252821
1458	0.7802933601746204
1459	0.8470034226789276
1460	0.801995394394644
1461	0.7692527876093008
1462	0.738766786011144
1463	0.7670515179968114
1464	0.711486627355826
1465	0.7894136937469075
1466	0.6633910440979184
1467	0.7022730129331032
1468	0.8096731896279913
1469	0.7805546523173734
1470	0.7789053627453414
1471	0.6837233236515146
1472	0.757492737817842
1473	0.7649651687152217
1474	0.6618734029397715
1475	0.6727233301281
1476	0.7708572727287883
1477	0.7731183225211886
1478	0.7078649640249484
1479	0.7452424671507518
1480	0.8154234798551373
1481	0.7592296112150979
1482	0.6889481429589301
1483	0.6888311190705197
1484	0.7245614714340569
1485	0.7696114217585165
1486	0.7924833423840167
1487	0.7819277879085231
1488	0.803886989818614
1489	0.709266177507075
1490	0.827235067395638
1491	0.8137073405405182
1492	0.7339470438846681
1493	0.7071863980721594
1494	0.7820611923997846
1495	0.7350620315603092
1496	0.7776445688221225
1497	0.8291790255738215
1498	0.6678169392112415
1499	0.7912336590354434
1500	0.750406738038906
1501	0.6910749472283509
1502	0.7682763319772434
1503	0.713754204515266
1504	0.745353382372325
1505	0.7243848045474077
1506	0.7015352230494954
1507	0.709920777066883
1508	0.740115340834846
1509	0.7566636093820522
1510	0.7729385699056999
1511	0.7755334441538689
1512	0.7225313384495295
1513	0.7284363835083523
1514	0.6690240512669354
1515	0.7286406588980024
1516	0.7080550018581165
1517	0.7445751389111719
1518	0.7896670612278799
1519	0.7732054357125017
1520	0.8376233085178526
1521	0.8250064697700068
1522	0.7482139440278319
1523	0.718172234358184
1524	0.743488755347125
1525	0.7385905213434304
1526	0.806195042242852
1527	0.7422603405879242
1528	0.7738622844727001
1529	0.7191102084412976
1530	0.7802556309801786
1531	0.7739055445189432
1532	0.7940116543917887
1533	0.7620950988374074
1534	0.8292401844195549
1535	0.7960136222634245
1536	0.7629301946799206
1537	0.7544740033984918
1538	0.809602814753063
1539	0.791024242084476
1540	0.740907582466567
1541	0.7143272378091345
1542	0.7990566086421641
1543	0.7347775037705053
1544	0.7090641166230955
1545	0.7890525325897797
1546	0.7634633304680377
1547	0.8131537005573619
1548	0.7583312068245611
1549	0.7796778310097554
1550	0.7421271158936721
1551	0.6970356854752645
1552	0.7969111965351902
1553	0.7037413526431415
1554	0.7582721705543866
1555	0.7314566977902562
1556	0.7030873732580837
1557	0.683445240778529
1558	0.7655116187306057
1559	0.7839238646851702
1560	0.7840997733185382
1561	0.7160572166564141
1562	0.807591551062099
1563	0.7857598720679745
1564	0.7211418273705706
1565	0.7180856390567406
1566	0.7860081185203999
1567	0.7823447926088052
1568	0.7673236445599535
1569	0.6848422449997874
1570	0.7336029296342125
1571	0.7438028341872106
1572	0.7604356012859008
1573	0.7040232864680949
1574	0.6610706499195486
1575	0.7638839784162071
1576	0.7852850092858941
1577	0.7497877191962171
1578	0.746531487609704
1579	0.7200743043182594
1580	0.7878052114088673
1581	0.8074131767975065
1582	0.7450285098367442
1583	0.7515947095256436
1584	0.6867245963416801
1585	0.726318624486311
1586	0.8125380112763695
1587	0.6684677447573951
1588	0.7880988093451419
1589	0.7440137935253813
1590	0.7478368735257168
1591	0.6844646796644029
1592	0.707024767405978
1593	0.6865575160625743
1594	0.7856206562409375
1595	0.7452279642736543
1596	0.7212877131189217
1597	0.7190756691535315
1598	0.7323578770619984
1599	0.7474458867857352
1600	0.739752752474351
1601	0.7952652028371248
1602	0.7148061420804005
1603	0.7394469664786646
1604	0.7660289434644685
1605	0.6937322222223395
1606	0.7160482646600677
1607	0.7803040615193162
1608	0.7890920433140652
1609	0.7940903959801957
1610	0.7179947783288476
1611	0.7148150865253216
1612	0.7097057387112103
1613	0.8368382177419403
1614	0.7611991458457432
1615	0.7903840165540629
1616	0.708101779663519
1617	0.7518682012118365
1618	0.7613541243280497
1619	0.7839237270409015
1620	0.7087264695240499
1621	0.7370834548987324
1622	0.7019538341004716
1623	0.7470908934212547
1624	0.819302514797076
1625	0.8315312620163574
1626	0.7301560864881291
1627	0.7971303198324666
1628	0.7757995869388964
1629	0.6642188514937092
1630	0.7769543812743926
1631	0.7167442817903382
1632	0.7800471627432303
1633	0.7336547516469373
1634	0.7556152546681559
1635	0.7801104962320852
1636	0.7283772262611438
1637	0.7740280405565708
1638	0.7728534666661436
1639	0.8473638618029119
1640	0.7787340294170517
1641	0.7515528312228006
1642	0.7268113562776078
1643	0.7487340250877271
1644	0.7329207844742043
1645	0.7063122135323471
1646	0.808635684920088
1647	0.7759578283260172
1648	0.7780455237405416
1649	0.7218051266190925
1650	0.8234988517792441
1651	0.7580918252733183
1652	0.7422246598828579
1653	0.7250173835174105
1654	0.7714972782767714
1655	0.7113053359031155
1656	0.8150897306336223
1657	0.7920961859754553
1658	0.8013091037775202
1659	0.7219572545302618
1660	0.7564842610574245
1661	0.7818823998245629
1662	0.725602762332915
1663	0.6941348529366163
1664	0.7607316024175288
1665	0.8321033901117431
1666	0.7965805067631102
1667	0.6770853058200114
1668	0.792860386553357
1669	0.795227364804798
1670	0.7308871568597812
1671	0.6952929561246513
1672	0.7214364214279229
1673	0.7883039064819803
1674	0.7305715427886549
1675	0.7567605227641441
1676	0.7269903520767964
1677	0.7539932404252724
1678	0.7777116247684861
1679	0.7494161885072542
1680	0.7333107356381038
1681	0.6940567409971822
1682	0.7331727881321903
1683	0.7336127439078265
1684	0.7870228230041979
1685	0.7665590299276391
1686	0.7158077880827025
1687	0.7349247225196485
1688	0.8655878271825302
1689	0.6997364711032621
1690	0.7638868066923058
1691	0.7614101507366734
1692	0.7568659160337713
1693	0.7074795503496305
1694	0.6992836422181805
1695	0.7930958051480403
1696	0.7981191447222096
1697	0.7289598893871979
1698	0.7154163476176342
1699	0.7736050543025237
1700	0.7561795503420282
1701	0.8155963953211007
1702	0.8439963950350144
1703	0.706276325473133
1704	0.7636978241009256
1705	0.714070063079671
1706	0.7187690756440227
1707	0.7446833625213666
1708	0.7341318094368251
1709	0.7272159813446462
1710	0.7163625113731268
1711	0.6847327133259022
1712	0.800048050259123
1713	0.7945838018177382
1714	0.771543103327415
1715	0.7914051249660334
1716	0.7274885650432927
1717	0.7852134179456722
1718	0.6844394301866921
1719	0.6802768670250927
1720	0.8014396954644555
1721	0.7946779177535325
1722	0.7766274441211163
1723	0.7481951965169947
1724	0.7449924282759401
1725	0.7223470933336936
1726	0.7188602271834212
1727	0.7893834344245639
1728	0.652474523489777
1729	0.7744774146668315
1730	0.7907251169396843
1731	0.7871467829460161
1732	0.7788996183348584
1733	0.8303559895890122
1734	0.7411465519648619
1735	0.6873504797606548
1736	0.7499392940430121
1737	0.733238791847468
1738	0.7060673347430705
1739	0.7828613162290499
1740	0.8267650195779764
1741	0.7043097590670038
1742	0.7538773856739135
1743	0.8208889154941763
1744	0.786950692507093
1745	0.8167515172521292
1746	0.7323539677411136
1747	0.7594357300919354
1748	0.8020133719100578
1749	0.7127610914858019
1750	0.7186731070068728
1751	0.790532941354625
1752	0.7731639707143024
1753	0.7334840459330484
1754	0.7443685049086315
1755	0.6897469325754327
1756	0.7665051434230451
1757	0.8038928030423099
1758	0.7365171998079745
1759	0.7870586299362916
1760	0.7710063077108471
1761	0.7482413002724049
1762	0.7702747175817741
1763	0.7287955441397801
1764	0.7385096588963281
1765	0.6984338946020255
1766	0.7368741036974407
1767	0.8079138805072344
1768	0.7932516620225382
1769	0.6830474010843003
1770	0.7184245663498338
1771	0.6279248542916961
1772	0.7676740028581176
1773	0.8250905545376345
1774	0.7580536995818925
1775	0.8125806394449395
1776	0.6959138527044988
1777	0.8148472710641949
1778	0.7558640137076094
1779	0.7221563297817687
1780	0.6804217835648388
1781	0.776158767335778
1782	0.7020349216564713
1783	0.7577804413633162
1784	0.7398238714783835
1785	0.6679708849410587
1786	0.7226864610463775
1787	0.7811253926116817
1788	0.7781471332467639
1789	0.828717632973402
1790	0.8423191211653129
1791	0.7378011057152762
1792	0.7944494248394149
1793	0.736096022693116
1794	0.7788393079268915
1795	0.7907543050442316
1796	0.7724073477643045
1797	0.7289824039158953
1798	0.7930737367831175
1799	0.7800813720823893
1800	0.7842802858956449
1801	0.764543777081528
1802	0.7726395096032257
1803	0.7887450541240778
1804	0.7048920931213554
1805	0.8314098143882446
1806	0.7827562087163736
1807	0.8173357171260388
1808	0.6971670667053634
1809	0.6425330986606126
1810	0.6802968661489637
1811	0.7348061737453048
1812	0.7351011262089773
1813	0.7252991446074055
1814	0.7576404193485548
1815	0.811735855151834
1816	0.8395359053819607
1817	0.7239878723392985
1818	0.7544598620368997
1819	0.808121058512767
1820	0.686925730423933
1821	0.7983907663548726
1822	0.7495262807803748
1823	0.8028388164275222
1824	0.7428494220801005
1825	0.7775602135860252
1826	0.8477124055225246
1827	0.7589179309150607
1828	0.7576434835885503
1829	0.6488161267438044
1830	0.7000878215252885
1831	0.7543227591892315
1832	0.8324424376363482
1833	0.8107022060702481
1834	0.8016838124408754
1835	0.7975190340782697
1836	0.7332324228067366
1837	0.758858944164585
1838	0.7127193857633085
1839	0.813931546550317
1840	0.7355496701969559
1841	0.7611438244225247
1842	0.7505991042939436
1843	0.829902918415364
1844	0.6762699690047344
1845	0.7625591437111457
1846	0.7235915330685752
1847	0.8008373870483941
1848	0.7629925457308964
1849	0.8098460514286858
1850	0.7671823116384439
1851	0.6875272773754045
1852	0.7026971461519341
1853	0.7693863728682313
1854	0.7777796433655728
1855	0.7267088239791574
1856	0.7536319484085473
1857	0.8344166293509041
1858	0.8290682075033536
1859	0.757899220873735
1860	0.8227250357023165
1861	0.7538560218803065
1862	0.7789273002709706
1863	0.7555283789381984
1864	0.7412739334180141
1865	0.805421608251845
1866	0.7375477485391945
1867	0.7634079063773724
1868	0.8067039016724754
1869	0.8235466066061624
1870	0.7883860078245116
1871	0.8136074514024035
1872	0.6256336955819586
1873	0.7311670002448525
1874	0.7631872684564006
1875	0.7251730711751461
1876	0.7640087333590723
1877	0.7148851507857584
1878	0.7401849659483984
1879	0.7816800040550279
1880	0.69595755840737
1881	0.7980864210477201
1882	0.7065963666278102
1883	0.7861402194366618
1884	0.7037858187736558
1885	0.8167750471248347
1886	0.6954868532555817
1887	0.7663345766526322
1888	0.8110721587094417
1889	0.7793243385780492
1890	0.7804105958830797
1891	0.776849707314233
1892	0.8372577054153889
1893	0.759409895325383
1894	0.7789747387965323
1895	0.7399750960859498
1896	0.707150924570819
1897	0.6819423661003324
1898	0.7479365648596069
1899	0.7775161433644256
1900	0.7634143966881732
1901	0.7625348527600089
1902	0.7681173593563713
1903	0.753824327711288
1904	0.7160383557658434
1905	0.7840793018580613
1906	0.8004977322069184
1907	0.739414017015212
1908	0.7672601601286606
1909	0.7512893712965981
1910	0.7679115348722699
1911	0.7649211622342857
1912	0.7526278502435015
1913	0.780258862309609
1914	0.7693768696533039
1915	0.7374762660617461
1916	0.7987119928618892
1917	0.6779094968244345
1918	0.8402162699672961
1919	0.7919976943522864
1920	0.8082706436187832
1921	0.8288765469033749
1922	0.7292164459974345
1923	0.7503743975257181
1924	0.7456759345585037
1925	0.7096595009587283
1926	0.8297539747926072
1927	0.6932403600704696
1928	0.8186916233455132
1929	0.7323236255339984
1930	0.7956803486119104
1931	0.7662703331270464
1932	0.7319003810459047
1933	0.7364310097722383
1934	0.7348916069171751
1935	0.7153981900381741
1936	0.7437778361246967
1937	0.7265741851979354
1938	0.8042484355816379
1939	0.7114597695277958
1940	0.8215662098797956
1941	0.7089437039256734
1942	0.727276870151955
1943	0.6777076157200591
1944	0.7476496647292198
1945	0.7196984077658004
1946	0.8582069990343377
1947	0.7950287702770091
1948	0.7668011743675489
1949	0.8051748717189432
1950	0.7475402667198245
1951	0.7757971646065612
1952	0.7855616962856129
1953	0.7159732112338537
1954	0.7201037809950387
1955	0.7549291160640244
1956	0.6929942006733594
1957	0.8126103888001173
1958	0.7429932912846758
1959	0.7486060103179013
1960	0.8100433918940886
1961	0.7117292415167109
1962	0.7154800054982504
1963	0.7407701503673645
1964	0.7535148002226021
1965	0.7581111957868224
1966	0.7208548228454997
1967	0.6953573579397467
1968	0.7946030990428443
1969	0.6941511850801815
1970	0.7765498829206023
1971	0.7334988259292866
1972	0.6791079422174444
1973	0.7336015028485378
1974	0.8277066270950262
1975	0.7728907841296383
1976	0.7047499096564737
1977	0.6775500083586813
1978	0.7957074599743952
1979	0.8250431093472521
1980	0.749567625514154
1981	0.6476593538044405
1982	0.7461014342634714
1983	0.7981309440833897
1984	0.810374801196139
1985	0.7926161229659082
1986	0.7117690455773201
1987	0.7795697242202835
1988	0.7179931075988343
1989	0.748424990432498
1990	0.7572698597135706
1991	0.788312795868369
1992	0.8060452356996411
1993	0.7321263567440384
1994	0.6966866836002716
1995	0.6533725753522576
1996	0.722736195448692
1997	0.8019360137231869
1998	0.8752510553324845
1999	0.7972651665721904
2000	0.7979994361756886
2001	0.7427064171925161
2002	0.8012546022982487
2003	0.8065389950003271
2004	0.7549520948798154
2005	0.6761694799398175
2006	0.7433557795283953
2007	0.7985278665992805
2008	0.738887008765405
2009	0.7576077941161974
2010	0.7349945675688144
2011	0.6956822723606251
2012	0.8091779673132415
2013	0.7938128801444434
2014	0.7557209373207928
2015	0.7926379995749583
2016	0.6885906026678111
2017	0.7539693295352424
2018	0.8133079981610355
2019	0.6794791638670594
2020	0.7167388345010156
2021	0.8025753908181381
2022	0.7070771340429539
2023	0.8012375258406652
2024	0.7389706418874232
2025	0.707026639067291
2026	0.7234851927044303
2027	0.7279614544734074
2028	0.7331521484896268
2029	0.7557099868438679
2030	0.7948498912776707
2031	0.7330401458159256
2032	0.7649274995187697
2033	0.8433540371860928
2034	0.6760243258933064
2035	0.7498001709387395
2036	0.7274884303733055
2037	0.7456139227576539
2038	0.7830099282758117
2039	0.8419665511103814
2040	0.7831083349411726
2041	0.7412398202491238
2042	0.7715419513431497
2043	0.709874466986919
2044	0.7292344007453319
2045	0.8217615564900659
2046	0.7446032920131878
2047	0.749314517890974
2048	0.7098474507236283
2049	0.8491946725029196
2050	0.7321268375078553
2051	0.6936566046766381
2052	0.7354597171009695
2053	0.8181720394457851
2054	0.8023902633160891
2055	0.803136127544975
2056	0.7294747675741013
2057	0.7155976729034175
2058	0.6925174193971916
2059	0.7672703940489068
2060	0.6897823953683118
2061	0.7162953942050827
2062	0.7977928577180842
2063	0.7851576333522402
2064	0.7448475837225441
2065	0.7071481194945896
2066	0.7027705329606336
2067	0.7133671341957384
2068	0.7462879336347302
2069	0.8110362886859949
2070	0.6813620480966264
2071	0.7763284553747142
2072	0.7707705683425224
2073	0.6680345132115234
2074	0.7292936203905214
2075	0.7157630807715477
2076	0.6981005226072362
2077	0.7112359550598045
2078	0.7074994037992791
2079	0.7228360714680933
2080	0.8049684855967404
2081	0.827605569359646
2082	0.7429956209748706
2083	0.7257381953900098
2084	0.6839432842589424
2085	0.7932495158475681
2086	0.7032178163787162
2087	0.7952513353026138
2088	0.757610763250029
2089	0.7115201969608929
2090	0.7247016103866923
2091	0.7965508557252705
2092	0.836644811593072
2093	0.7484194032584414
2094	0.7612297237176837
2095	0.7869263545939383
2096	0.6962593067673365
2097	0.8369820615050821
2098	0.8028898072019064
2099	0.7614448276265967
2100	0.7146979318987466
2101	0.6922986361816101
2102	0.7062131306926767
2103	0.7109229410265364
2104	0.801074276374741
2105	0.655593401229292
2106	0.6869224787358558
2107	0.7752888358906674
2108	0.753167750701148
2109	0.7654311591324241
2110	0.7290307123664428
2111	0.8027169373688852
2112	0.7073171080974134
2113	0.6807902011992287
2114	0.795486603487226
2115	0.7632279138604853
2116	0.806161433781514
2117	0.8364803586054079
2118	0.7413849547265224
2119	0.8091662146727375
2120	0.7992638240093987
2121	0.7427630300980936
2122	0.7730486811859355
2123	0.7483298164072653
2124	0.7412897314210696
2125	0.7164473714987272
2126	0.7365069405389532
2127	0.7565376507522966
2128	0.7863060318790371
2129	0.7768232763890895
2130	0.7384465200350618
2131	0.7873381564809346
2132	0.7096872562781198
2133	0.7503588592163342
2134	0.7371880895218017
2135	0.7508367845089444
2136	0.7910829730257839
2137	0.7244304516859028
2138	0.6835885722581327
2139	0.7407425151606619
2140	0.7665272359255652
2141	0.7829106287603297
2142	0.6659883402245985
2143	0.7409279551526511
2144	0.6934192172992801
2145	0.7574009134674715
2146	0.7607126493334097
2147	0.7031360613193793
2148	0.7642718193647269
2149	0.6765751780440401
2150	0.7582347352962945
2151	0.8141828835810528
2152	0.7347919354278251
2153	0.7369587352004704
2154	0.7967140923911874
2155	0.7478683309209373
2156	0.8103551381188719
2157	0.7576810105702021
2158	0.8258903944812368
2159	0.7456437973675262
2160	0.8285064819917733
2161	0.7651362745801069
2162	0.759370864984082
2163	0.7070576604071096
2164	0.7599751098144046
2165	0.7247684674475843
2166	0.6856776298657584
2167	0.7473429902076937
2168	0.734345365631732
2169	0.6773587464802787
2170	0.7505647469291816
2171	0.7354778569037266
2172	0.7239148351460415
2173	0.6738601870911732
2174	0.7946628908498371
2175	0.7386014104962989
2176	0.7053235595651662
2177	0.7074283814391823
2178	0.6775050148870624
2179	0.7027388179685113
2180	0.7036191739363992
2181	0.7225497459055717
2182	0.7982049780665257
2183	0.7298172799831447
2184	0.7271411515191857
2185	0.6842191381293556
2186	0.8008516116876906
2187	0.8095392243211028
2188	0.6999729866462603
2189	0.7642854844360125
2190	0.6939625519962295
2191	0.7790072317887898
2192	0.7560179682825415
2193	0.683476212769604
2194	0.6561395640762906
2195	0.7495688013416881
2196	0.7655059974770156
2197	0.7059117208705772
2198	0.6933483546680914
2199	0.7750306915233142
2200	0.6880750121102016
2201	0.6972423150583732
2202	0.7665020529355148
2203	0.815052485900537
2204	0.6547217231979304
2205	0.7199638384105942
2206	0.7653525956180403
2207	0.7383452884627277
2208	0.7860674996656284
2209	0.7036507493201777
2210	0.7009472002482874
2211	0.7177942849871098
2212	0.738327431323538
2213	0.8349945143050526
2214	0.684532538689113
2215	0.7369224560953287
2216	0.7661729587784399
2217	0.7187460843943616
2218	0.8148612916269999
2219	0.7278933314859054
2220	0.7524226639240763
2221	0.7723080427890342
2222	0.7429900176248267
2223	0.6785265005829612
2224	0.7701813864614989
2225	0.7554710813452561
2226	0.7540136970618697
2227	0.7159026262350754
2228	0.7588078828422172
2229	0.771687660422096
2230	0.7013373174629078
2231	0.766681139464845
2232	0.7747529592703145
2233	0.7600166900210144
2234	0.7761194466853492
2235	0.8180816411149477
2236	0.8109254820060191
2237	0.7901127457135247
2238	0.7755136548874384
2239	0.754699459741333
2240	0.7828376744871347
2241	0.7655414788758769
2242	0.7242114277920175
2243	0.8031573027535844
2244	0.8216744126391191
2245	0.7462339593950545
2246	0.7582596927074106
2247	0.7074143504386253
2248	0.7760108908766498
2249	0.755882286262174
2250	0.7334144783461478
2251	0.7780743851543188
2252	0.8328714646328048
2253	0.683478905777392
2254	0.7687274040564867
2255	0.8002138299071052
2256	0.7837596071107596
2257	0.7359274122532883
2258	0.7909660667522671
2259	0.7180165676171261
2260	0.6885763085540672
2261	0.7354583962567268
2262	0.6883115302573743
2263	0.7408759187095274
2264	0.7177033452792947
2265	0.8368189150279175
2266	0.788366193311628
2267	0.7294243265522802
2268	0.8377863128197226
2269	0.7838832555071037
2270	0.7253115286156124
2271	0.7355537000454855
2272	0.7104600739390826
2273	0.7554455586616705
2274	0.7422497543064642
2275	0.727690631345802
2276	0.6787780015511429
2277	0.78826897197978
2278	0.8164633594313933
2279	0.7637514449568894
2280	0.7621714200349943
2281	0.7606036692161111
2282	0.7930437827445361
2283	0.7703756507304595
2284	0.7418985766738654
2285	0.8026585976618832
2286	0.7279887379587558
2287	0.7527172979071184
2288	0.7601737850293243
2289	0.7726420889166851
2290	0.7272943018565439
2291	0.7812068125855693
2292	0.7494710239073848
2293	0.8006920150627365
2294	0.7505845930236466
2295	0.8203411054650548
2296	0.7646192128656525
2297	0.7095474224997086
2298	0.6971992410475691
2299	0.8194875618990093
2300	0.7650851232918457
2301	0.7257887789965413
2302	0.7064245253919945
2303	0.792723119178668
2304	0.7829206609919441
2305	0.7779496338927212
2306	0.7394195990070993
2307	0.7348623107450656
2308	0.6824978340747705
2309	0.7007776972562424
2310	0.7243622736464967
2311	0.7082412552267476
2312	0.8058749909678706
2313	0.7581306266328014
2314	0.7009064828235153
2315	0.740116411977848
2316	0.7246334574519648
2317	0.7689256818110523
2318	0.6861972391150492
2319	0.8132639876236534
2320	0.7134893729624602
2321	0.8114208401339074
2322	0.7985141716610387
2323	0.68832459213659
2324	0.8380934608039659
2325	0.7237779384780956
2326	0.7961173810736317
2327	0.7071664255962384
2328	0.7494347309439036
2329	0.7890884550930684
2330	0.7786149277555661
2331	0.793169005937623
2332	0.7254444737440366
2333	0.7706170772994144
2334	0.7417858095399333
2335	0.748760501386758
2336	0.7366713988980326
2337	0.7360675006437795
2338	0.7875984744483949
2339	0.6192199822645554
2340	0.6773795528555717
2341	0.7916354317800086
2342	0.7983346544408356
2343	0.7021701229640346
2344	0.8013000248549478
2345	0.7072950034641388
2346	0.7436832993635246
2347	0.6810828657730593
2348	0.8171158711280682
2349	0.7229441774263244
2350	0.7319859399748232
2351	0.7638006939700627
2352	0.7728326334807778
2353	0.791850435594837
2354	0.7240704915765961
2355	0.8076605765669737
2356	0.7649900460043042
2357	0.7232023425301891
2358	0.7598846367898577
2359	0.6859912661009748
2360	0.7289333451124297
2361	0.7627977675118857
2362	0.8283487100443263
2363	0.7552836464620819
2364	0.7675604510713853
2365	0.7464488649298043
2366	0.7456824938890421
2367	0.8423567006083587
2368	0.7655582634932939
2369	0.7534708252526267
2370	0.6692663110782191
2371	0.7439492333377974
2372	0.6450406056177077
2373	0.6655396062650171
2374	0.7402844738526989
2375	0.6783533822148193
2376	0.7626118157636231
2377	0.8369567702133085
2378	0.8022486499174449
2379	0.7976653700756395
2380	0.7534136438053751
2381	0.7999686632680565
2382	0.7499763782807403
2383	0.7215759851891491
2384	0.753040472978963
2385	0.820476783171265
2386	0.7974371124234174
2387	0.7623205720738313
2388	0.7515066411402365
2389	0.690790184564907
2390	0.7559472819401308
2391	0.798832185801296
2392	0.7547824750106271
2393	0.8177710706584999
2394	0.7267415383778189
2395	0.7900514025463561
2396	0.7761162380521053
2397	0.8098732889614657
2398	0.7255237293363285
2399	0.7318596042791516
2400	0.8054745680341129
2401	0.7928251746496007
2402	0.8064705605239244
2403	0.7316583931680983
2404	0.7429354382625325
2405	0.7202555171929842
2406	0.6948614956536387
2407	0.7129545520339686
2408	0.8034142009739011
2409	0.7800795745871686
2410	0.7735351814849872
2411	0.8135357626468676
2412	0.7618024270366764
2413	0.7192217161170902
2414	0.7396486087364672
2415	0.7707835916040715
2416	0.7352597310402552
2417	0.746011164974223
2418	0.7258273851064847
2419	0.7824577928920212
2420	0.754374732925061
2421	0.7593723535365614
2422	0.7829611712001713
2423	0.6970609663783638
2424	0.755692081313494
2425	0.7305824680102678
2426	0.7681166660033617
2427	0.6856241568310646
2428	0.6764995672359687
2429	0.7554863534714326
2430	0.6854937817026892
2431	0.7509291259780962
2432	0.8156206193193635
2433	0.8168956059487614
2434	0.705570998611314
2435	0.7525506415672041
2436	0.8061765322311396
2437	0.7326517647411421
2438	0.7469982353496547
2439	0.7779529768765282
2440	0.8117857918085247
2441	0.772426837771673
2442	0.7330339545323147
2443	0.7895367055325572
2444	0.7980955364416776
2445	0.7281573918717933
2446	0.781084373220402
2447	0.7934332350346905
2448	0.791734940780252
2449	0.7624653737359688
2450	0.7683276231495569
2451	0.784373790786514
2452	0.800988286779388
2453	0.7895556281389986
2454	0.8162586588262262
2455	0.6915304868572817
2456	0.7259707660672539
2457	0.7048122127250536
2458	0.7837281202842415
2459	0.7418062819336774
2460	0.6867663722781843
2461	0.7166856083100716
2462	0.7419343706453226
2463	0.7374653350616605
2464	0.7162001878493397
2465	0.7737701510881674
2466	0.7893249700608111
2467	0.8251195990242358
2468	0.7033303686130876
2469	0.778423182564057
2470	0.804081616407003
2471	0.7552084786220735
2472	0.8306592481378179
2473	0.7356346308825756
2474	0.791391177854089
2475	0.8195358652800014
2476	0.7567455811444321
2477	0.6723960449781151
2478	0.758905763217897
2479	0.7067975753815773
2480	0.7404111656665185
2481	0.7358041548544444
2482	0.8233795158307161
2483	0.7095059035322048
2484	0.8310774633644985
2485	0.7832584021958078
2486	0.7316842446538951
2487	0.646729397250928
2488	0.7056687278741646
2489	0.7667840711311567
2490	0.7731352258627794
2491	0.7606557840775474
2492	0.7326050034487055
2493	0.7167572493666181
2494	0.7366295935684378
2495	0.7905391678204466
2496	0.824549490890144
2497	0.7284150027228462
2498	0.7366634987240737
2499	0.7422595829716866
2500	0.726162653262324
2501	0.7643325741698201
2502	0.6956791790636454
2503	0.8033369192200271
2504	0.7273812983541542
2505	0.8081317035420185
2506	0.6524792732165773
2507	0.7355737257867808
2508	0.817459510169451
2509	0.7310775726209439
2510	0.7647155429701887
2511	0.7993809786530274
2512	0.7349867770566465
2513	0.7592531856288031
2514	0.7015797548103044
2515	0.7521421360942065
2516	0.7430583211359878
2517	0.767605476882596
2518	0.6543884568232705
2519	0.7240604754337413
2520	0.7582278871968234
2521	0.7486562073383903
2522	0.7362819902830786
2523	0.7526320129688444
2524	0.8123064338105813
2525	0.8022227855556027
2526	0.7525972880240496
2527	0.7509722675817146
2528	0.6768935338154907
2529	0.6997746472907607
2530	0.7163139953950299
2531	0.736665717221285
2532	0.7539828364092691
2533	0.79664943612442
2534	0.7461272022129671
2535	0.7658606911575137
2536	0.7000800069234249
2537	0.8397898756446066
2538	0.7718738344066741
2539	0.821885584459066
2540	0.6959410717939526
2541	0.8051106037806793
2542	0.8180384573248152
2543	0.8708976337702469
2544	0.780285191300447
2545	0.7100221122294362
2546	0.7371825983935038
2547	0.7534525714940803
2548	0.7311934785819366
2549	0.7633304686674108
2550	0.7619113503679932
2551	0.7216220737515644
2552	0.8000800439729038
2553	0.7660225299001251
2554	0.7329374580663475
2555	0.8027431320067332
2556	0.7932876735497865
2557	0.7689938055124336
2558	0.7749022596682607
2559	0.7767354649467813
2560	0.7228638928210384
2561	0.777632997899706
2562	0.7686588154448605
2563	0.7160872298094809
2564	0.8235099800021934
2565	0.7037988792743979
2566	0.7527174102235539
2567	0.7043235041307285
2568	0.7601810782728701
2569	0.7501229293591715
2570	0.7684191077022953
2571	0.8149531332888356
2572	0.733230789230318
2573	0.7763757947373672
2574	0.6881684239859519
2575	0.8335169165944147
2576	0.7275477261917029
2577	0.7711684893132678
2578	0.7499950242448267
2579	0.7741113016206882
2580	0.7761869503364278
2581	0.7656338228404713
2582	0.7953430239484056
2583	0.6885253122034077
2584	0.7143506643371235
2585	0.7415807598259687
2586	0.7497095802376047
2587	0.7490095670332475
2588	0.7616504407623901
2589	0.7536026652212559
2590	0.674319971287743
2591	0.7283107909604372
2592	0.7963951484369407
2593	0.69220565044806
2594	0.803723521288513
2595	0.6876842334584503
2596	0.735529738229808
2597	0.7975418435518106
2598	0.7716565899960213
2599	0.7347185718694007
2600	0.6774751774133771
2601	0.7286179834697006
2602	0.7803528268155514
2603	0.7881655707390244
2604	0.6966783846089669
2605	0.705892577529328
2606	0.7601787473596513
2607	0.7772150963156629
2608	0.8118026964014393
2609	0.7943502519959804
2610	0.8196784366850579
2611	0.7415712436961294
2612	0.7742429322941485
2613	0.7292667413475519
2614	0.7804888135727456
2615	0.7804554295441306
2616	0.8011542291507809
2617	0.7640618971375799
2618	0.7413785757469475
2619	0.7969794347512457
2620	0.7812283344263934
2621	0.7419071388667661
2622	0.7513609393539491
2623	0.8134114845648927
2624	0.7336064383053513
2625	0.7543740119837082
2626	0.7803002040223477
2627	0.8571926649087349
2628	0.7518874133842934
2629	0.6853923401854428
2630	0.8109133481447717
2631	0.74126593561107
2632	0.7568396337617337
2633	0.6972826677369778
2634	0.7023557857654612
2635	0.7389560359023355
2636	0.7465563355545648
2637	0.689998079719034
2638	0.7833065783435387
2639	0.7371178435227553
2640	0.7896493806807879
2641	0.7867681303727204
2642	0.6881059833565835
2643	0.7915966415518322
2644	0.849331982818844
2645	0.7007933824436048
2646	0.7623200886730308
2647	0.7460950412188398
2648	0.80708245159273
2649	0.6909857791843378
2650	0.810601566510766
2651	0.7064128768389425
2652	0.7927006465396652
2653	0.733289867180511
2654	0.7207268553233575
2655	0.7450402251788133
2656	0.8030083526264759
2657	0.7231364408943352
2658	0.7737513817938182
2659	0.7102278576577702
2660	0.755466994583318
2661	0.8303187965087476
2662	0.708155016664693
2663	0.7467543828601857
2664	0.7166342240965842
2665	0.725161572018411
2666	0.8416038665180988
2667	0.6240316181400398
2668	0.6980210571380778
2669	0.7119811553318092
2670	0.7502071730869603
2671	0.7806597819090638
2672	0.7835802431337628
2673	0.7393676711016904
2674	0.8450071619179486
2675	0.7460225731445481
2676	0.7820627119583003
2677	0.82274934511039
2678	0.7532465346981189
2679	0.8021281060032166
2680	0.8201994619252593
2681	0.7662847228337099
2682	0.7329456481261768
2683	0.7444172703638501
2684	0.7112774098689175
2685	0.7716667700437341
2686	0.7123538737143987
2687	0.7180939161346431
2688	0.7289681453615117
2689	0.7356696930962774
2690	0.7433725308852985
2691	0.7401321499494669
2692	0.6933482448900563
2693	0.6503367403619918
2694	0.6965582698901369
2695	0.7150147139120812
2696	0.7170304658143062
2697	0.7172656512475643
2698	0.7334215891165349
2699	0.7138210293964586
2700	0.7958778973278581
2701	0.6876602789360915
2702	0.7246567088346
2703	0.7999882700871065
2704	0.7490356311390559
2705	0.6981981028069293
2706	0.6493370053810319
2707	0.7396018626582872
2708	0.7646907546176251
2709	0.7456055059351653
2710	0.7969826590403194
2711	0.733415990791576
2712	0.7708273437106938
2713	0.7264366808640796
2714	0.7697101472487812
2715	0.8404974210585217
2716	0.8239877709240153
2717	0.7451491048016426
2718	0.7653303467199047
2719	0.7457805412658958
2720	0.7890098338019339
2721	0.7144074723222901
2722	0.7739465226238457
2723	0.7372810676480313
2724	0.7154561803666349
2725	0.8071188034456905
2726	0.7174444018687374
2727	0.823662617259481
2728	0.7407672155322551
2729	0.733914947705417
2730	0.7741376041129534
2731	0.74629336708011
2732	0.7578775162848935
2733	0.7895191494787166
2734	0.6828170948176072
2735	0.7623202105068297
2736	0.7286159813292913
2737	0.7619885891726267
2738	0.7665011115515236
2739	0.7869643304484715
2740	0.7062311288910441
2741	0.7589623853576702
2742	0.8136274260564194
2743	0.746898039780307
2744	0.7491358178024284
2745	0.7221967837229177
2746	0.7377316253247702
2747	0.7741539224849567
2748	0.7244201758070432
2749	0.7176967471587542
2750	0.7433601658172417
2751	0.7872760413377644
2752	0.7576270516660848
2753	0.7156158113946383
2754	0.7621164810398189
2755	0.7428625277578313
2756	0.7554747008158713
2757	0.678718580956735
2758	0.7429155896920324
2759	0.8026611093660164
2760	0.7510724437368719
2761	0.774966300399093
2762	0.785283847953309
2763	0.7579669004737142
2764	0.8274732187446262
2765	0.714388119844204
2766	0.6941867719598708
2767	0.7521773582355066
2768	0.7484685820882022
2769	0.8152726335497112
2770	0.7464959479149446
2771	0.7545687529623698
2772	0.7802853407260429
2773	0.8024083802069677
2774	0.8364412781465816
2775	0.7877419110614594
2776	0.7747803288206428
2777	0.7723741461352165
2778	0.7944740115698339
2779	0.8198100968392102
2780	0.7392592439774944
2781	0.7129590974103669
2782	0.8041215474400217
2783	0.7521310067613894
2784	0.696397409948894
2785	0.7113301188915429
2786	0.6907243365877082
2787	0.7980281634867786
2788	0.7597271406570966
2789	0.7354064354471785
2790	0.8430401237033606
2791	0.7829047821375802
2792	0.786913493705399
2793	0.7744744406968572
2794	0.7643086542317952
2795	0.7361284002305379
2796	0.7321243507172999
2797	0.787525461671203
2798	0.7822147186870214
2799	0.773162505773265
2800	0.7630754566253927
2801	0.8178455454497915
2802	0.6912256078141612
2803	0.7785785712570198
2804	0.7806132934971199
2805	0.7793149971656937
2806	0.8397712261040124
2807	0.6885712037694426
2808	0.7413995605966544
2809	0.8177533027004339
2810	0.7673171798332965
2811	0.7758383830090949
2812	0.6809693971850752
2813	0.8328213680379035
2814	0.731802872665192
2815	0.7569931486095804
2816	0.7682523078928826
2817	0.7877832623277017
2818	0.7226483814301928
2819	0.7700912270620555
2820	0.8476850856512946
2821	0.7042841503548712
2822	0.7912404057991377
2823	0.7651227478525214
2824	0.7503063375062529
2825	0.7932075046693352
2826	0.7952387759894683
2827	0.7372092239956678
2828	0.8026325202495631
2829	0.7388903886442327
2830	0.7288092861129744
2831	0.8003413240511417
2832	0.7263916791110506
2833	0.7573136660894737
2834	0.7305911993324412
2835	0.7251360540352562
2836	0.7640615687941618
2837	0.7135681994766572
2838	0.7692136379280844
2839	0.7136899390313
2840	0.7675323934992799
2841	0.7246145506541145
2842	0.7697896856628735
2843	0.7395669505905454
2844	0.8072574625795021
2845	0.810893784343682
2846	0.7191649875789614
2847	0.722346835153486
2848	0.7441991471364666
2849	0.7348234733731112
2850	0.7175402358470929
2851	0.726079898240587
2852	0.8251847467245674
2853	0.7668326836344072
2854	0.7284513472675748
2855	0.7523780306218132
2856	0.7797163078807705
2857	0.7306947289629026
2858	0.7900190078013931
2859	0.8132832230415933
2860	0.7248614437642318
2861	0.7378058440959891
2862	0.764436689797633
2863	0.7567910437543035
2864	0.7654514103739876
2865	0.7290736439328952
2866	0.7537855078888657
2867	0.7284404792276263
2868	0.778979705790332
2869	0.8015159580786302
2870	0.7734734934503898
2871	0.7025165284955429
2872	0.6487495854260932
2873	0.7686106889504752
2874	0.7586567899920376
2875	0.7613187528835856
2876	0.7416131955293868
2877	0.7585774087774623
2878	0.7843999637478408
2879	0.6953638041054968
2880	0.7569367240525028
2881	0.7677092136159198
2882	0.7214844975378376
2883	0.8501714043543379
2884	0.7842716456358629
2885	0.7753345264806839
2886	0.7119236796513206
2887	0.8395696632875147
2888	0.7154356879182255
2889	0.7236900335518606
2890	0.6787023142009989
2891	0.7826702434353955
2892	0.7172080346596963
2893	0.7371192271308247
2894	0.7635081677046841
2895	0.7296700235512252
2896	0.7560127878059995
2897	0.8235556177338206
2898	0.7492143107429834
2899	0.7332852315429972
2900	0.6867980924943226
2901	0.7958110675399579
2902	0.729687670123838
2903	0.7194389713494689
2904	0.7332385403481801
2905	0.7892219475564197
2906	0.7444459421918589
2907	0.8007066289309465
2908	0.7405761346822909
2909	0.7943134478915909
2910	0.7185979489823417
2911	0.7248002959818772
2912	0.7088205914923772
2913	0.7734079893835221
2914	0.7595852064433968
2915	0.8096955961785477
2916	0.7329752219589036
2917	0.777525673284693
2918	0.7688899184220285
2919	0.7366340532654294
2920	0.7435687887528187
2921	0.7821652492830338
2922	0.6897621510758537
2923	0.7149435599075
2924	0.7204766053557313
2925	0.7862323067814553
2926	0.8064606926638543
2927	0.751581153195604
2928	0.7183714080121206
2929	0.6951932318079417
2930	0.7746698298434467
2931	0.7289381983957629
2932	0.7167704984520387
2933	0.727835037919307
2934	0.7976039987849969
2935	0.7559847234456719
2936	0.8502127730818985
2937	0.7078547678629179
2938	0.7594788272694973
2939	0.7623680119512238
2940	0.6905620755873092
2941	0.7873160697907282
2942	0.7367464113615542
2943	0.7312053955389199
2944	0.710661472333232
2945	0.7735288427659105
2946	0.7231604009820097
2947	0.6409474514710127
2948	0.6940297006584477
2949	0.6895992070147285
2950	0.7401437627228548
2951	0.6958698674933702
2952	0.7437837152622511
2953	0.7284142079368088
2954	0.7106310132102697
2955	0.7678705189259198
2956	0.6386098143565581
2957	0.7135078205974634
2958	0.6889599385266244
2959	0.8031313634704188
2960	0.7589544842985346
2961	0.756744493991821
2962	0.7545669429088473
2963	0.7794067286267177
2964	0.7696839168118742
2965	0.7335328247666689
2966	0.7667764605254282
2967	0.7135478342353705
2968	0.6676672532802815
2969	0.7905552083419298
2970	0.7309148165893994
2971	0.7461204222483868
2972	0.764860810060311
2973	0.8167236713968513
2974	0.8289525058591117
2975	0.7120118920326904
2976	0.7405284147384399
2977	0.7702196176079298
2978	0.7167871553803499
2979	0.7589707452645984
2980	0.7039227039945591
2981	0.7103711861362233
2982	0.6878263321366743
2983	0.7772368720340298
2984	0.6607128674349577
2985	0.706792478229031
2986	0.7519488531213364
2987	0.7232570115225315
2988	0.7648367735950005
2989	0.7979464878503045
2990	0.8082289390260355
2991	0.7004295936779567
2992	0.7679221834982191
2993	0.7944044997270491
2994	0.8178404911804926
2995	0.7482333126454677
2996	0.7134140965811413
2997	0.6995712650769108
2998	0.6020018351355497
2999	0.5519970106951687
3000	0.09196157347441519
