1	39987.97012879474
2	28540.959031953775
3	21957.983259310608
4	16385.006371452928
5	13381.16709124843
6	10663.323935238726
7	8499.19576068525
8	7095.3010768545355
9	5990.420106970607
10	4948.580455792369
11	4026.5438904005973
12	3381.0702851094075
13	2781.66652177608
14	2432.9892879811814
15	2058.646678140316
16	1718.3872133955438
17	1492.3127602368954
18	1298.5641802904488
19	1127.4649672382004
20	983.871595135158
21	848.9737659343045
22	769.5015065510754
23	684.6396360025299
24	606.746433681251
25	551.5353586919458
26	500.8718194977287
27	456.7947080694741
28	415.32996326289486
29	389.86164466505295
30	358.1022521038123
31	331.09446914288384
32	310.9090181016576
33	293.9567309476978
34	278.2793842878596
35	264.10814757162
36	252.04717240220214
37	241.709047881598
38	233.68876991770813
39	225.02084772741682
40	218.09186349332316
41	211.92513432051723
42	205.96814503868515
43	201.2211247794376
44	196.68354576150745
45	193.1431384183969
46	190.0833306247259
47	187.24613037861943
48	184.21581239552026
49	181.14716139692817
50	179.13401767992815
51	177.20629351048692
52	175.36583787278067
53	173.72694718476663
54	172.07305214053565
55	170.6451705196278
56	169.5250959331374
57	168.37277675683262
58	167.3380033140515
59	166.36530748156503
60	165.43736675783157
61	164.66774033900944
62	163.9561274401469
63	163.2926993440197
64	162.70438016634577
65	162.05963591566595
66	161.61161308566957
67	161.13470691249591
68	160.78658210778121
69	160.44578237125057
70	160.11411058695575
71	159.81455699127963
72	159.54113331509703
73	159.27297596377977
74	159.07623082837338
75	158.87826008196853
76	158.69164166315883
77	158.548734442154
78	158.37663694259953
79	158.2595376166181
80	158.12315029431417
81	158.0224003539756
82	157.91063111165016
83	157.80799661542864
84	157.72060198299678
85	157.64976784215307
86	157.57387221213887
87	157.51144950631272
88	157.4486946795558
89	157.39890136017502
90	157.35206030246724
91	157.3080021072811
92	157.2679041395956
93	157.22704922482504
94	157.1968805202063
95	157.161992990918
96	157.13261650845908
97	157.1080377220843
98	157.083998579976
99	157.06159367124846
100	157.0445478142953
101	157.0255760371733
102	157.01011791979346
103	156.99483513787587
104	156.97976655189606
105	156.9655328201324
106	156.95364951736423
107	156.9447461362218
108	156.93484616948706
109	156.92661818590162
110	156.91911550129655
111	156.91196453261063
112	156.90599136420025
113	156.89989722427748
114	156.89374427789872
115	156.88911577311868
116	156.88446447957799
117	156.8803350183782
118	156.87624969966092
119	156.87288467579944
120	156.8698605870782
121	156.86693876747677
122	156.86431213068064
123	156.86222326303235
124	156.85979787725498
125	156.85798217208227
126	156.8561191017223
127	156.8546874940356
128	156.85325174583423
129	156.85190998831948
130	156.85084999647566
131	156.84966964732206
132	156.8486897721549
133	156.84776718405448
134	156.84701893191647
135	156.84622190991925
136	156.84544901069245
137	156.84485674091476
138	156.84419608470535
139	156.84367243421022
140	156.84311255568
141	156.84266764343255
142	156.84229703051045
143	156.84188098584323
144	156.84156934133196
145	156.8412882221036
146	156.84102374416307
147	156.84077117242396
148	156.84055606922618
149	156.84032519621647
150	156.84013717002142
151	156.8399527578801
152	156.83978317847735
153	156.83964413828602
154	156.83949751777305
155	156.83936263959504
156	156.83925192224982
157	156.8391510480906
158	156.8390434377968
159	156.83895799989654
160	156.83886910001112
161	156.83878523517495
162	156.83872121406915
163	156.83865009320505
164	156.83858746194386
165	156.83853229478038
166	156.8384792914361
167	156.83843978984422
168	156.83838740423417
169	156.83834677419424
170	156.83831115614367
171	156.83827766828207
172	156.8382456119308
173	156.83821502334843
174	156.83818665913583
175	156.83816621633784
176	156.83813881164002
177	156.8381201412912
178	156.83810119750726
179	156.83808276619325
180	156.8380672877512
181	156.8380512233101
182	156.83803586820608
183	156.83801921335163
184	156.83800783148777
185	156.83799442567351
186	156.83798577171555
187	156.83797594893178
188	156.83796749839814
189	156.83795840248814
190	156.83794845264902
191	156.83794215206993
192	156.83793500283278
193	156.83792716996047
194	156.83792138356463
195	156.83791607679066
196	156.8379111530836
197	156.8379048248172
198	156.83789967553548
199	156.8378974965059
200	156.83789311490196
201	156.83788948377858
202	156.8378858079769
203	156.8378821881929
204	156.8378794256987
205	156.83787635640098
206	156.8378743007726
207	156.83787157095952
208	156.8378698709277
209	156.83786752574449
210	156.83786551220678
211	156.8378633616626
212	156.83786114165738
213	156.83786029243367
214	156.83785877368226
215	156.8378572742836
216	156.8378560644145
217	156.8378550061998
218	156.83785408598754
219	156.83785325137825
220	156.83785267573185
221	156.83785187191472
222	156.8378511845558
223	156.83785057814796
224	156.8378497054079
225	156.83784918642095
226	156.83784874670553
227	156.83784821561983
228	156.83784775148888
229	156.83784722857789
230	156.83784673964513
231	156.83784640185573
232	156.8378460386377
233	156.8378456455859
234	156.83784527426764
235	156.83784503999263
236	156.83784472972383
237	156.83784441711748
238	156.8378442191624
239	156.83784400244335
240	156.8378438383621
241	156.837843644304
242	156.83784353648338
243	156.83784336652448
244	156.8378432251937
245	156.83784311766033
246	156.8378429735963
247	156.83784289202654
248	156.83784278386605
249	156.83784269350338
250	156.83784261867268
251	156.83784253799467
252	156.83784246617685
253	156.8378424078943
254	156.83784235106347
255	156.83784228818314
256	156.8378422138339
257	156.83784215617743
258	156.8378421218548
259	156.8378420658683
260	156.8378420191966
261	156.83784199125992
262	156.83784194242222
263	156.83784191936468
264	156.83784187548994
265	156.83784184643028
266	156.83784182949714
267	156.83784181154223
268	156.83784178431304
269	156.83784176765877
270	156.8378417449471
271	156.83784172867638
272	156.83784171103844
273	156.8378416989036
274	156.83784168777566
275	156.83784167642713
276	156.83784166281686
277	156.83784165007708
278	156.83784164338388
279	156.83784162686848
280	156.8378416152318
281	156.8378416083423
282	156.8378416023355
283	156.8378415918886
284	156.83784158708156
285	156.83784158101778
286	156.83784157545037
287	156.83784157103958
288	156.83784156697072
289	156.83784156159066
290	156.83784155679703
291	156.8378415529159
292	156.837841549594
293	156.83784154582918
294	156.8378415424015
295	156.8378415394739
296	156.83784153646602
297	156.8378415348901
298	156.8378415326262
299	156.8378415309698
300	156.8378415294588
301	156.83784152780328
302	156.83784152641275
303	156.8378415250501
304	156.8378415236399
305	156.83784152247816
306	156.83784152161454
307	156.83784152045777
308	156.8378415195743
309	156.8378415189698
310	156.83784151808473
311	156.83784151752812
312	156.83784151677753
313	156.83784151631284
314	156.83784151585272
315	156.83784151514863
316	156.83784151474825
317	156.8378415142403
318	156.83784151393954
319	156.83784151357392
320	156.83784151323667
321	156.8378415129511
322	156.83784151267264
323	156.83784151241247
324	156.83784151209727
325	156.83784151192305
326	156.83784151167364
327	156.8378415114228
328	156.83784151127637
329	156.83784151102392
330	156.8378415108809
331	156.837841510676
332	156.83784151052075
333	156.8378415103644
334	156.83784151024284
335	156.8378415100957
336	156.83784150994737
337	156.83784150983985
338	156.83784150975004
339	156.8378415096677
340	156.8378415095559
341	156.83784150947994
342	156.83784150942282
343	156.83784150936265
344	156.83784150930325
345	156.83784150925473
346	156.83784150917535
347	156.8378415091405
348	156.8378415091104
349	156.8378415090637
350	156.8378415090242
351	156.83784150898876
352	156.83784150896201
353	156.8378415089188
354	156.8378415089022
355	156.83784150888343
356	156.83784150885495
357	156.83784150882747
358	156.83784150881303
359	156.83784150878847
360	156.83784150877287
361	156.83784150876036
362	156.83784150874823
363	156.83784150873197
364	156.83784150871892
365	156.83784150871168
366	156.83784150870005
367	156.83784150868212
368	156.83784150867524
369	156.83784150866495
370	156.83784150865603
371	156.83784150864318
372	156.83784150863588
373	156.83784150862758
374	156.8378415086211
375	156.83784150861462
376	156.8378415086048
377	156.837841508598
378	156.8378415085899
379	156.8378415085855
380	156.83784150857966
381	156.83784150857375
382	156.8378415085667
383	156.83784150856303
384	156.8378415085596
385	156.83784150855686
386	156.83784150854808
387	156.83784150854453
388	156.83784150854075
389	156.83784150853901
390	156.83784150853563
391	156.8378415085328
392	156.8378415085305
393	156.83784150852665
394	156.83784150852588
395	156.83784150852404
396	156.8378415085227
397	156.8378415085215
398	156.83784150852009
399	156.83784150851898
400	156.83784150851778
401	156.8378415085164
402	156.83784150851545
403	156.83784150851463
404	156.83784150851352
405	156.83784150851275
406	156.837841508512
407	156.83784150851136
408	156.83784150851045
409	156.83784150851005
410	156.8378415085094
411	156.83784150850894
412	156.8378415085085
413	156.83784150850792
414	156.8378415085072
415	156.83784150850704
416	156.83784150850656
417	156.8378415085061
418	156.83784150850576
419	156.83784150850522
420	156.83784150850494
421	156.83784150850457
422	156.83784150850403
423	156.83784150850363
424	156.83784150850335
425	156.8378415085029
426	156.83784150850275
427	156.83784150850235
428	156.8378415085022
429	156.837841508502
430	156.8378415085017
431	156.83784150850144
432	156.83784150850133
433	156.83784150850116
434	156.83784150850084
435	156.83784150850076
436	156.83784150850062
437	156.83784150850042
438	156.8378415085003
439	156.83784150850008
440	156.83784150849996
441	156.83784150849985
442	156.83784150849976
443	156.8378415084997
444	156.83784150849957
445	156.83784150849937
446	156.83784150849928
447	156.83784150849917
448	156.83784150849908
449	156.83784150849903
450	156.8378415084989
451	156.83784150849883
452	156.8378415084988
453	156.83784150849863
454	156.83784150849857
455	156.8378415084985
456	156.83784150849849
457	156.83784150849843
458	156.83784150849837
459	156.83784150849834
460	156.83784150849826
461	156.8378415084982
462	156.83784150849817
463	156.83784150849812
464	156.8378415084981
465	156.83784150849806
466	156.837841508498
467	156.83784150849797
468	156.83784150849795
469	156.83784150849792
470	156.8378415084979
471	156.8378415084978
472	156.8378415084978
473	156.83784150849777
474	156.83784150849777
475	156.83784150849775
476	156.83784150849775
477	156.83784150849772
478	156.8378415084977
479	156.8378415084977
480	156.83784150849763
481	156.83784150849763
482	156.83784150849758
483	156.83784150849755
484	156.83784150849755
485	156.83784150849755
486	156.83784150849755
487	156.8378415084975
488	156.8378415084975
489	156.83784150849743
490	156.83784150849743
491	156.8378415084974
492	156.8378415084974
493	156.83784150849735
494	156.83784150849735
495	156.83784150849732
496	156.8378415084973
497	156.8378415084973
498	156.8378415084973
499	156.83784150849726
500	156.83784150849726
501	156.83784150849726
502	156.83784150849723
503	156.83784150849723
504	156.83784150849723
505	156.8378415084972
506	156.8378415084972
507	156.83784150849718
508	156.83784150849718
509	156.83784150849715
510	156.83784150849712
511	156.8378415084971
512	156.83784150849706
513	156.83784150849704
514	156.83784150849704
515	156.83784150849704
516	156.837841508497
517	156.83784150849698
518	156.83784150849698
519	156.83784150849698
520	156.83784150849695
521	156.83784150849695
522	156.8378415084969
523	156.8378415084969
524	156.8378415084969
525	156.83784150849684
526	156.83784150849684
527	156.8378415084968
528	156.8378415084968
529	156.83784150849678
530	156.83784150849675
531	156.83784150849675
532	156.83784150849675
533	156.83784150849672
534	156.83784150849672
535	156.83784150849672
536	156.83784150849667
537	156.83784150849667
538	156.83784150849667
539	156.83784150849664
540	156.83784150849664
541	156.8378415084966
542	156.83784150849658
543	156.83784150849658
544	156.83784150849658
545	156.83784150849652
546	156.83784150849652
547	156.8378415084965
548	156.8378415084965
549	156.8378415084965
550	156.8378415084965
551	156.83784150849644
552	156.83784150849644
553	156.8378415084964
554	156.83784150849638
555	156.83784150849638
556	156.83784150849638
557	156.83784150849635
558	156.83784150849635
559	156.83784150849633
560	156.8378415084963
561	156.83784150849627
562	156.83784150849627
563	156.83784150849627
564	156.83784150849624
565	156.83784150849624
566	156.83784150849624
567	156.8378415084962
568	156.83784150849618
569	156.83784150849615
570	156.83784150849615
571	156.83784150849615
572	156.83784150849615
573	156.83784150849613
574	156.8378415084961
575	156.8378415084961
576	156.83784150849607
577	156.83784150849607
578	156.83784150849604
579	156.83784150849604
580	156.83784150849598
581	156.83784150849596
582	156.83784150849596
583	156.83784150849593
584	156.83784150849593
585	156.8378415084959
586	156.8378415084959
587	156.83784150849587
588	156.83784150849587
589	156.83784150849587
590	156.83784150849584
591	156.83784150849584
592	156.8378415084958
593	156.8378415084958
594	156.8378415084958
595	156.8378415084958
596	156.83784150849579
597	156.83784150849576
598	156.8378415084957
599	156.8378415084957
600	156.8378415084957
601	156.8378415084957
602	156.83784150849567
603	156.83784150849567
604	156.83784150849564
605	156.83784150849564
606	156.83784150849561
607	156.83784150849561
608	156.83784150849561
609	156.8378415084956
610	156.8378415084956
611	156.83784150849553
612	156.83784150849553
613	156.83784150849553
614	156.8378415084955
615	156.83784150849547
616	156.83784150849547
617	156.83784150849542
618	156.83784150849542
619	156.83784150849542
620	156.8378415084954
621	156.83784150849536
622	156.83784150849536
623	156.83784150849533
624	156.83784150849533
625	156.83784150849533
626	156.83784150849533
627	156.8378415084953
628	156.8378415084953
629	156.83784150849527
630	156.83784150849525
631	156.83784150849525
632	156.83784150849525
633	156.83784150849522
634	156.83784150849522
635	156.83784150849522
636	156.83784150849522
637	156.8378415084952
638	156.8378415084952
639	156.83784150849516
640	156.83784150849516
641	156.83784150849516
642	156.83784150849513
643	156.83784150849513
644	156.83784150849513
645	156.83784150849507
646	156.83784150849507
647	156.83784150849507
648	156.83784150849505
649	156.83784150849505
650	156.83784150849505
651	156.83784150849505
652	156.83784150849502
653	156.83784150849502
654	156.83784150849502
655	156.837841508495
656	156.83784150849496
657	156.83784150849493
658	156.83784150849493
659	156.83784150849493
660	156.83784150849493
661	156.83784150849493
662	156.83784150849493
663	156.8378415084949
664	156.8378415084949
665	156.8378415084949
666	156.83784150849488
667	156.83784150849488
668	156.83784150849485
669	156.83784150849485
670	156.83784150849485
671	156.83784150849485
672	156.83784150849482
673	156.83784150849476
674	156.83784150849476
675	156.83784150849476
676	156.83784150849473
677	156.8378415084947
678	156.8378415084947
679	156.8378415084947
680	156.83784150849468
681	156.83784150849468
682	156.83784150849462
683	156.8378415084946
684	156.8378415084946
685	156.8378415084946
686	156.83784150849456
687	156.83784150849456
688	156.83784150849456
689	156.83784150849453
690	156.83784150849453
691	156.83784150849453
692	156.83784150849453
693	156.83784150849453
694	156.83784150849453
695	156.83784150849453
696	156.8378415084945
697	156.8378415084945
698	156.8378415084945
699	156.83784150849448
700	156.83784150849448
701	156.83784150849445
702	156.83784150849445
703	156.83784150849445
704	156.83784150849445
705	156.83784150849442
706	156.83784150849442
707	156.83784150849442
708	156.8378415084944
709	156.8378415084944
710	156.83784150849436
711	156.83784150849434
712	156.83784150849434
713	156.83784150849434
714	156.8378415084943
715	156.8378415084943
716	156.8378415084943
717	156.83784150849428
718	156.83784150849428
719	156.83784150849428
720	156.83784150849428
721	156.83784150849425
722	156.83784150849425
723	156.83784150849425
724	156.83784150849425
725	156.83784150849425
726	156.83784150849422
727	156.83784150849422
728	156.83784150849417
729	156.83784150849414
730	156.83784150849414
731	156.83784150849414
732	156.83784150849414
733	156.83784150849414
734	156.8378415084941
735	156.8378415084941
736	156.83784150849408
737	156.83784150849408
738	156.83784150849405
739	156.83784150849405
740	156.83784150849402
741	156.83784150849402
742	156.837841508494
743	156.837841508494
744	156.837841508494
745	156.837841508494
746	156.83784150849397
747	156.83784150849397
748	156.83784150849397
749	156.83784150849394
750	156.83784150849394
751	156.83784150849394
752	156.83784150849394
753	156.83784150849394
754	156.8378415084939
755	156.83784150849388
756	156.83784150849388
757	156.83784150849388
758	156.83784150849388
759	156.83784150849388
760	156.83784150849385
761	156.83784150849382
762	156.83784150849382
763	156.83784150849382
764	156.83784150849382
765	156.83784150849382
766	156.83784150849382
767	156.83784150849382
768	156.83784150849382
769	156.8378415084938
770	156.8378415084938
771	156.8378415084938
772	156.8378415084938
773	156.83784150849377
774	156.8378415084937
775	156.8378415084937
776	156.8378415084937
777	156.8378415084937
778	156.8378415084937
779	156.83784150849365
780	156.83784150849363
781	156.83784150849363
782	156.83784150849363
783	156.8378415084936
784	156.8378415084936
785	156.8378415084936
786	156.8378415084936
787	156.83784150849357
788	156.83784150849357
789	156.83784150849357
790	156.83784150849354
791	156.83784150849354
792	156.83784150849354
793	156.83784150849354
794	156.8378415084935
795	156.8378415084935
796	156.8378415084935
797	156.8378415084935
798	156.8378415084935
799	156.8378415084935
800	156.83784150849348
801	156.83784150849348
802	156.83784150849345
803	156.83784150849343
804	156.83784150849343
805	156.83784150849343
806	156.83784150849343
807	156.83784150849343
808	156.83784150849343
809	156.83784150849343
810	156.8378415084934
811	156.8378415084934
812	156.83784150849337
813	156.83784150849334
814	156.83784150849334
815	156.83784150849334
816	156.83784150849334
817	156.83784150849334
818	156.83784150849334
819	156.83784150849334
820	156.83784150849334
821	156.83784150849334
822	156.8378415084933
823	156.8378415084933
824	156.8378415084933
825	156.83784150849326
826	156.83784150849326
827	156.83784150849326
828	156.83784150849323
829	156.83784150849323
830	156.83784150849323
831	156.83784150849323
832	156.8378415084932
833	156.8378415084932
834	156.8378415084932
835	156.83784150849317
836	156.83784150849314
837	156.8378415084931
838	156.8378415084931
839	156.8378415084931
840	156.8378415084931
841	156.8378415084931
842	156.83784150849309
843	156.83784150849309
844	156.83784150849309
845	156.83784150849309
846	156.83784150849309
847	156.83784150849306
848	156.83784150849306
849	156.83784150849306
850	156.83784150849303
851	156.83784150849303
852	156.83784150849303
853	156.83784150849303
854	156.83784150849303
855	156.83784150849303
856	156.83784150849303
857	156.83784150849303
858	156.83784150849297
859	156.83784150849297
860	156.83784150849297
861	156.83784150849297
862	156.83784150849297
863	156.83784150849294
864	156.83784150849294
865	156.83784150849294
866	156.83784150849291
867	156.83784150849291
868	156.83784150849291
869	156.8378415084929
870	156.8378415084929
871	156.8378415084929
872	156.8378415084929
873	156.8378415084929
874	156.8378415084929
875	156.83784150849286
876	156.83784150849286
877	156.8378415084928
878	156.8378415084928
879	156.8378415084928
880	156.8378415084928
881	156.83784150849277
882	156.83784150849277
883	156.83784150849274
884	156.83784150849274
885	156.83784150849274
886	156.83784150849274
887	156.8378415084927
888	156.8378415084927
889	156.8378415084927
890	156.83784150849266
891	156.83784150849266
892	156.83784150849266
893	156.83784150849266
894	156.83784150849266
895	156.83784150849263
896	156.8378415084926
897	156.8378415084926
898	156.8378415084926
899	156.83784150849257
900	156.83784150849257
901	156.83784150849257
902	156.83784150849257
903	156.83784150849257
904	156.83784150849257
905	156.83784150849257
906	156.83784150849255
907	156.83784150849255
908	156.83784150849255
909	156.83784150849255
910	156.83784150849252
911	156.83784150849252
912	156.8378415084925
913	156.8378415084925
914	156.8378415084925
915	156.8378415084925
916	156.8378415084925
917	156.83784150849246
918	156.83784150849243
919	156.83784150849243
920	156.83784150849243
921	156.8378415084924
922	156.8378415084924
923	156.8378415084924
924	156.83784150849235
925	156.83784150849235
926	156.83784150849235
927	156.83784150849235
928	156.83784150849232
929	156.83784150849232
930	156.83784150849232
931	156.83784150849232
932	156.83784150849232
933	156.8378415084923
934	156.8378415084923
935	156.8378415084923
936	156.8378415084923
937	156.8378415084923
938	156.8378415084923
939	156.8378415084923
940	156.83784150849226
941	156.83784150849226
942	156.83784150849226
943	156.83784150849226
944	156.83784150849223
945	156.83784150849223
946	156.83784150849223
947	156.8378415084922
948	156.8378415084922
949	156.8378415084922
950	156.83784150849218
951	156.83784150849218
952	156.83784150849218
953	156.83784150849215
954	156.83784150849215
955	156.83784150849212
956	156.83784150849212
957	156.83784150849212
958	156.83784150849212
959	156.83784150849212
960	156.83784150849212
961	156.83784150849212
962	156.83784150849212
963	156.8378415084921
964	156.8378415084921
965	156.8378415084921
966	156.83784150849206
967	156.83784150849206
968	156.83784150849203
969	156.83784150849203
970	156.83784150849203
971	156.83784150849203
972	156.837841508492
973	156.837841508492
974	156.837841508492
975	156.837841508492
976	156.83784150849198
977	156.83784150849198
978	156.83784150849198
979	156.83784150849198
980	156.83784150849195
981	156.83784150849195
982	156.83784150849195
983	156.83784150849195
984	156.8378415084919
985	156.8378415084919
986	156.8378415084919
987	156.8378415084919
988	156.8378415084919
989	156.83784150849186
990	156.83784150849183
991	156.83784150849183
992	156.83784150849183
993	156.83784150849183
994	156.83784150849183
995	156.83784150849183
996	156.8378415084918
997	156.8378415084918
998	156.83784150849178
999	156.83784150849178
1000	156.83784150849178
1001	156.83784150849178
1002	156.83784150849178
1003	156.83784150849175
1004	156.83784150849175
1005	156.83784150849175
1006	156.83784150849172
1007	156.83784150849172
1008	156.83784150849172
1009	156.83784150849172
1010	156.83784150849172
1011	156.83784150849172
1012	156.83784150849172
1013	156.83784150849172
1014	156.8378415084917
1015	156.83784150849166
1016	156.83784150849166
1017	156.83784150849166
1018	156.83784150849166
1019	156.83784150849166
1020	156.83784150849166
1021	156.83784150849164
1022	156.83784150849164
1023	156.83784150849164
1024	156.83784150849164
1025	156.83784150849164
1026	156.8378415084916
1027	156.8378415084916
1028	156.8378415084916
1029	156.8378415084916
1030	156.8378415084916
1031	156.8378415084916
1032	156.83784150849158
1033	156.83784150849155
1034	156.83784150849155
1035	156.83784150849155
1036	156.83784150849155
1037	156.83784150849155
1038	156.83784150849155
1039	156.83784150849152
1040	156.83784150849152
1041	156.83784150849152
1042	156.8378415084915
1043	156.8378415084915
1044	156.8378415084915
1045	156.8378415084915
1046	156.8378415084915
1047	156.8378415084915
1048	156.8378415084915
1049	156.83784150849144
1050	156.83784150849144
1051	156.83784150849144
1052	156.8378415084914
1053	156.8378415084914
1054	156.8378415084914
1055	156.8378415084914
1056	156.8378415084914
1057	156.83784150849138
1058	156.83784150849138
1059	156.83784150849138
1060	156.83784150849138
1061	156.83784150849138
1062	156.83784150849138
1063	156.83784150849138
1064	156.83784150849138
1065	156.83784150849138
1066	156.83784150849135
1067	156.83784150849135
1068	156.83784150849135
1069	156.83784150849135
1070	156.83784150849135
1071	156.83784150849135
1072	156.83784150849135
1073	156.83784150849132
1074	156.83784150849132
1075	156.83784150849132
1076	156.83784150849132
1077	156.8378415084913
1078	156.8378415084913
1079	156.83784150849127
1080	156.83784150849127
1081	156.83784150849127
1082	156.83784150849127
1083	156.83784150849127
1084	156.83784150849127
1085	156.83784150849127
1086	156.83784150849127
1087	156.83784150849127
1088	156.83784150849124
1089	156.83784150849124
1090	156.83784150849124
1091	156.83784150849124
1092	156.83784150849124
1093	156.83784150849124
1094	156.8378415084912
1095	156.8378415084912
1096	156.8378415084912
1097	156.8378415084912
1098	156.8378415084912
1099	156.8378415084912
1100	156.8378415084912
1101	156.83784150849118
1102	156.83784150849118
1103	156.83784150849118
1104	156.83784150849118
1105	156.83784150849118
1106	156.83784150849115
1107	156.83784150849115
1108	156.83784150849115
1109	156.83784150849112
1110	156.83784150849112
1111	156.83784150849112
1112	156.83784150849112
1113	156.83784150849112
1114	156.83784150849112
1115	156.8378415084911
1116	156.8378415084911
1117	156.8378415084911
1118	156.8378415084911
1119	156.8378415084911
1120	156.83784150849107
1121	156.83784150849107
1122	156.83784150849107
1123	156.83784150849107
1124	156.83784150849107
1125	156.83784150849107
1126	156.83784150849107
1127	156.83784150849104
1128	156.83784150849104
1129	156.83784150849104
1130	156.83784150849104
1131	156.83784150849098
1132	156.83784150849098
1133	156.83784150849098
1134	156.83784150849098
1135	156.83784150849098
1136	156.83784150849098
1137	156.83784150849098
1138	156.83784150849095
1139	156.83784150849095
1140	156.83784150849095
1141	156.83784150849095
1142	156.83784150849092
1143	156.83784150849092
1144	156.83784150849092
1145	156.83784150849092
1146	156.83784150849092
1147	156.83784150849092
1148	156.8378415084909
1149	156.8378415084909
1150	156.83784150849087
1151	156.83784150849087
1152	156.83784150849087
1153	156.83784150849087
1154	156.83784150849087
1155	156.83784150849087
1156	156.83784150849087
1157	156.83784150849087
1158	156.83784150849087
1159	156.83784150849087
1160	156.83784150849087
1161	156.83784150849087
1162	156.83784150849087
1163	156.83784150849087
1164	156.83784150849084
1165	156.83784150849084
1166	156.83784150849084
1167	156.83784150849084
1168	156.83784150849084
1169	156.83784150849084
1170	156.83784150849084
1171	156.83784150849084
1172	156.8378415084908
1173	156.8378415084908
1174	156.8378415084908
1175	156.83784150849078
1176	156.83784150849078
1177	156.83784150849078
1178	156.83784150849078
1179	156.83784150849078
1180	156.83784150849078
1181	156.83784150849078
1182	156.83784150849078
1183	156.83784150849078
1184	156.83784150849075
1185	156.83784150849075
1186	156.83784150849075
1187	156.83784150849075
1188	156.83784150849075
1189	156.83784150849075
1190	156.83784150849073
1191	156.83784150849073
1192	156.83784150849073
1193	156.83784150849073
1194	156.83784150849073
1195	156.83784150849073
1196	156.8378415084907
1197	156.8378415084907
1198	156.8378415084907
1199	156.8378415084907
1200	156.8378415084907
1201	156.8378415084907
1202	156.83784150849067
1203	156.83784150849067
1204	156.83784150849067
1205	156.83784150849067
1206	156.83784150849067
1207	156.83784150849067
1208	156.83784150849067
1209	156.83784150849064
1210	156.83784150849064
1211	156.83784150849064
1212	156.83784150849064
1213	156.83784150849064
1214	156.8378415084906
1215	156.8378415084906
1216	156.8378415084906
1217	156.8378415084906
1218	156.8378415084906
1219	156.8378415084906
1220	156.83784150849058
1221	156.83784150849058
1222	156.83784150849058
1223	156.83784150849058
1224	156.83784150849058
1225	156.83784150849058
1226	156.83784150849058
1227	156.83784150849058
1228	156.83784150849053
1229	156.83784150849053
1230	156.83784150849053
1231	156.83784150849053
1232	156.83784150849053
1233	156.83784150849053
1234	156.8378415084905
1235	156.8378415084905
1236	156.8378415084905
1237	156.8378415084905
1238	156.8378415084905
1239	156.8378415084905
1240	156.8378415084905
1241	156.83784150849047
1242	156.83784150849047
1243	156.83784150849047
1244	156.83784150849047
1245	156.83784150849047
1246	156.83784150849044
1247	156.83784150849044
1248	156.83784150849044
1249	156.83784150849044
1250	156.83784150849044
1251	156.8378415084904
1252	156.8378415084904
1253	156.8378415084904
1254	156.8378415084904
1255	156.8378415084904
1256	156.8378415084904
1257	156.8378415084904
1258	156.8378415084904
1259	156.8378415084904
1260	156.8378415084904
1261	156.83784150849038
1262	156.83784150849038
1263	156.83784150849038
1264	156.83784150849038
1265	156.83784150849038
1266	156.83784150849038
1267	156.83784150849036
1268	156.83784150849036
1269	156.83784150849036
1270	156.83784150849036
1271	156.83784150849036
1272	156.83784150849036
1273	156.83784150849036
1274	156.83784150849036
1275	156.83784150849033
1276	156.83784150849033
1277	156.83784150849033
1278	156.8378415084903
1279	156.8378415084903
1280	156.8378415084903
1281	156.8378415084903
1282	156.8378415084903
1283	156.8378415084903
1284	156.8378415084903
1285	156.8378415084903
1286	156.8378415084903
1287	156.8378415084903
1288	156.8378415084903
1289	156.83784150849027
1290	156.83784150849027
1291	156.83784150849027
1292	156.83784150849027
1293	156.83784150849027
1294	156.83784150849027
1295	156.83784150849027
1296	156.83784150849027
1297	156.83784150849024
1298	156.83784150849024
1299	156.83784150849024
1300	156.83784150849024
1301	156.83784150849024
1302	156.83784150849024
1303	156.83784150849024
1304	156.83784150849024
1305	156.83784150849024
1306	156.83784150849024
1307	156.83784150849021
1308	156.83784150849021
1309	156.83784150849021
1310	156.83784150849021
1311	156.83784150849021
1312	156.83784150849021
1313	156.83784150849021
1314	156.83784150849021
1315	156.83784150849021
1316	156.83784150849021
1317	156.8378415084902
1318	156.8378415084902
1319	156.8378415084902
1320	156.8378415084902
1321	156.8378415084902
1322	156.8378415084902
1323	156.8378415084902
1324	156.8378415084902
1325	156.8378415084902
1326	156.8378415084902
1327	156.8378415084902
1328	156.8378415084902
1329	156.8378415084902
1330	156.83784150849016
1331	156.83784150849016
1332	156.83784150849016
1333	156.83784150849016
1334	156.83784150849016
1335	156.83784150849016
1336	156.83784150849016
1337	156.83784150849016
1338	156.83784150849016
1339	156.83784150849016
1340	156.83784150849013
1341	156.83784150849013
1342	156.83784150849013
1343	156.83784150849013
1344	156.83784150849013
1345	156.83784150849013
1346	156.83784150849013
1347	156.83784150849013
1348	156.83784150849013
1349	156.83784150849013
1350	156.83784150849013
1351	156.83784150849013
1352	156.83784150849013
1353	156.83784150849013
1354	156.83784150849013
1355	156.83784150849013
1356	156.83784150849013
1357	156.83784150849013
1358	156.83784150849007
1359	156.83784150849007
1360	156.83784150849007
1361	156.83784150849007
1362	156.83784150849007
1363	156.83784150849007
1364	156.83784150849007
1365	156.83784150849007
1366	156.83784150849007
1367	156.83784150849007
1368	156.83784150849007
1369	156.83784150849007
1370	156.83784150849007
1371	156.83784150849007
1372	156.83784150849007
1373	156.83784150849007
1374	156.83784150849004
1375	156.83784150849004
1376	156.83784150849004
1377	156.83784150849004
1378	156.83784150849004
1379	156.83784150849004
1380	156.83784150849004
1381	156.83784150849004
1382	156.83784150849004
1383	156.83784150849004
1384	156.83784150849004
1385	156.83784150849004
1386	156.83784150849004
1387	156.83784150849004
1388	156.83784150849004
1389	156.83784150849002
1390	156.83784150849002
1391	156.83784150849002
1392	156.83784150849002
1393	156.83784150849002
1394	156.83784150849002
1395	156.83784150849002
1396	156.83784150849002
1397	156.83784150849002
1398	156.83784150849002
1399	156.83784150849002
1400	156.83784150849002
1401	156.83784150849002
1402	156.83784150849002
1403	156.83784150849002
1404	156.83784150849002
1405	156.83784150849002
1406	156.83784150849002
1407	156.83784150849002
1408	156.83784150849002
1409	156.83784150849002
1410	156.83784150849002
1411	156.83784150849002
1412	156.83784150849002
1413	156.83784150849002
1414	156.83784150849002
1415	156.83784150849002
1416	156.83784150849002
1417	156.83784150849002
1418	156.83784150849002
1419	156.83784150849002
1420	156.83784150849002
1421	156.83784150849
1422	156.83784150849
1423	156.83784150849
1424	156.83784150849
1425	156.83784150849
1426	156.83784150849
1427	156.83784150849
1428	156.83784150849
1429	156.83784150849
1430	156.83784150849
1431	156.83784150849
1432	156.83784150849
1433	156.83784150849
1434	156.83784150849
1435	156.83784150849
1436	156.83784150849
1437	156.83784150849
1438	156.83784150849
1439	156.83784150849
1440	156.83784150849
1441	156.83784150849
1442	156.83784150849
1443	156.83784150849
1444	156.83784150849
1445	156.83784150849
1446	156.83784150849
1447	156.83784150849
1448	156.83784150849
1449	156.83784150849
1450	156.83784150849
1451	156.83784150849
1452	156.83784150849
1453	156.83784150849
1454	156.83784150848996
1455	156.83784150848996
1456	156.83784150848996
1457	156.83784150848996
1458	156.83784150848996
1459	156.83784150848996
1460	156.83784150848996
1461	156.83784150848996
1462	156.83784150848996
1463	156.83784150848996
1464	156.83784150848996
1465	156.83784150848996
1466	156.83784150848996
1467	156.83784150848996
1468	156.83784150848996
1469	156.83784150848996
1470	156.83784150848996
1471	156.83784150848996
1472	156.83784150848996
1473	156.83784150848996
1474	156.83784150848996
1475	156.83784150848996
1476	156.83784150848996
1477	156.83784150848996
1478	156.83784150848996
1479	156.83784150848996
1480	156.83784150848996
1481	156.83784150848996
1482	156.83784150848996
1483	156.83784150848996
1484	156.83784150848996
1485	156.83784150848996
1486	156.83784150848996
1487	156.83784150848993
1488	156.83784150848993
1489	156.83784150848993
1490	156.83784150848993
1491	156.83784150848993
1492	156.83784150848993
1493	156.83784150848993
1494	156.83784150848993
1495	156.83784150848993
1496	156.83784150848993
1497	156.83784150848993
1498	156.83784150848993
1499	156.83784150848993
1500	156.83784150848993
1501	156.83784150848993
1502	156.83784150848993
1503	156.83784150848993
1504	156.83784150848993
1505	156.83784150848993
1506	156.83784150848993
1507	156.83784150848993
1508	156.83784150848993
1509	156.83784150848993
1510	156.83784150848993
1511	156.8378415084899
1512	156.8378415084899
1513	156.8378415084899
1514	156.8378415084899
1515	156.8378415084899
1516	156.8378415084899
1517	156.8378415084899
1518	156.8378415084899
1519	156.8378415084899
1520	156.8378415084899
1521	156.8378415084899
1522	156.8378415084899
1523	156.8378415084899
1524	156.8378415084899
1525	156.8378415084899
1526	156.8378415084899
1527	156.83784150848987
1528	156.83784150848987
1529	156.83784150848987
1530	156.83784150848987
1531	156.83784150848987
1532	156.83784150848987
1533	156.83784150848987
1534	156.83784150848987
1535	156.83784150848987
1536	156.83784150848987
1537	156.83784150848987
1538	156.83784150848987
1539	156.83784150848987
1540	156.83784150848987
1541	156.83784150848987
1542	156.83784150848987
1543	156.83784150848987
1544	156.83784150848987
1545	156.83784150848987
1546	156.83784150848987
1547	156.83784150848987
1548	156.83784150848987
1549	156.83784150848987
1550	156.83784150848987
1551	156.83784150848987
1552	156.83784150848987
1553	156.83784150848984
1554	156.83784150848984
1555	156.83784150848984
1556	156.83784150848984
1557	156.83784150848984
1558	156.83784150848984
1559	156.83784150848984
1560	156.83784150848984
1561	156.83784150848984
1562	156.83784150848984
1563	156.83784150848984
1564	156.83784150848984
1565	156.83784150848984
1566	156.83784150848984
1567	156.83784150848984
1568	156.83784150848984
1569	156.83784150848984
1570	156.83784150848984
1571	156.83784150848984
1572	156.83784150848984
1573	156.83784150848984
1574	156.83784150848984
1575	156.83784150848984
1576	156.83784150848984
1577	156.83784150848984
1578	156.83784150848984
1579	156.83784150848984
1580	156.83784150848984
1581	156.83784150848984
1582	156.83784150848984
1583	156.83784150848984
1584	156.83784150848984
1585	156.83784150848984
1586	156.83784150848984
1587	156.83784150848984
1588	156.83784150848984
1589	156.83784150848984
1590	156.83784150848984
1591	156.83784150848984
1592	156.83784150848984
1593	156.83784150848984
1594	156.83784150848984
1595	156.83784150848982
1596	156.83784150848982
1597	156.83784150848982
1598	156.83784150848982
1599	156.83784150848982
1600	156.83784150848982
1601	156.83784150848982
1602	156.83784150848982
1603	156.83784150848982
1604	156.83784150848982
1605	156.83784150848982
1606	156.83784150848982
1607	156.83784150848982
1608	156.83784150848982
1609	156.83784150848982
1610	156.83784150848982
1611	156.83784150848982
1612	156.83784150848982
1613	156.83784150848982
1614	156.83784150848982
1615	156.83784150848982
1616	156.83784150848982
1617	156.83784150848982
1618	156.83784150848982
1619	156.83784150848982
1620	156.83784150848982
1621	156.83784150848982
1622	156.83784150848982
1623	156.8378415084898
1624	156.8378415084898
1625	156.8378415084898
1626	156.8378415084898
1627	156.8378415084898
1628	156.8378415084898
1629	156.8378415084898
1630	156.8378415084898
1631	156.8378415084898
1632	156.8378415084898
1633	156.8378415084898
1634	156.8378415084898
1635	156.8378415084898
1636	156.8378415084898
1637	156.8378415084898
1638	156.8378415084898
1639	156.8378415084898
1640	156.8378415084898
1641	156.8378415084898
1642	156.8378415084898
1643	156.83784150848976
1644	156.83784150848976
1645	156.83784150848976
1646	156.83784150848976
1647	156.83784150848976
1648	156.83784150848976
1649	156.83784150848976
1650	156.83784150848976
1651	156.83784150848976
1652	156.83784150848976
1653	156.83784150848976
1654	156.83784150848976
1655	156.83784150848976
1656	156.83784150848976
1657	156.83784150848976
1658	156.83784150848976
1659	156.83784150848976
1660	156.83784150848976
1661	156.83784150848976
1662	156.83784150848976
1663	156.83784150848976
1664	156.83784150848976
1665	156.83784150848973
1666	156.83784150848973
1667	156.83784150848973
1668	156.83784150848973
1669	156.83784150848973
1670	156.83784150848973
1671	156.83784150848973
1672	156.83784150848973
1673	156.83784150848973
1674	156.83784150848973
1675	156.83784150848973
1676	156.83784150848973
1677	156.83784150848973
1678	156.83784150848973
1679	156.83784150848973
1680	156.83784150848973
1681	156.83784150848973
1682	156.83784150848973
1683	156.83784150848973
1684	156.83784150848973
1685	156.83784150848973
1686	156.83784150848973
1687	156.83784150848973
1688	156.83784150848973
1689	156.83784150848973
1690	156.83784150848973
1691	156.83784150848973
1692	156.8378415084897
1693	156.8378415084897
1694	156.8378415084897
1695	156.8378415084897
1696	156.8378415084897
1697	156.8378415084897
1698	156.8378415084897
1699	156.8378415084897
1700	156.8378415084897
1701	156.8378415084897
1702	156.8378415084897
1703	156.8378415084897
1704	156.8378415084897
1705	156.8378415084897
1706	156.8378415084897
1707	156.8378415084897
1708	156.8378415084897
1709	156.8378415084897
1710	156.8378415084897
1711	156.8378415084897
1712	156.8378415084897
1713	156.8378415084897
1714	156.83784150848967
1715	156.83784150848967
1716	156.83784150848967
1717	156.83784150848967
1718	156.83784150848967
1719	156.83784150848967
1720	156.83784150848967
1721	156.83784150848967
1722	156.83784150848967
1723	156.83784150848967
1724	156.83784150848967
1725	156.83784150848967
1726	156.83784150848967
1727	156.83784150848967
1728	156.83784150848967
1729	156.83784150848967
1730	156.83784150848967
1731	156.83784150848967
1732	156.83784150848967
1733	156.83784150848967
1734	156.83784150848967
1735	156.83784150848967
1736	156.83784150848967
1737	156.83784150848967
1738	156.83784150848967
1739	156.83784150848962
1740	156.83784150848962
1741	156.83784150848962
1742	156.83784150848962
1743	156.83784150848962
1744	156.83784150848962
1745	156.83784150848962
1746	156.83784150848962
1747	156.83784150848962
1748	156.83784150848962
1749	156.83784150848962
1750	156.83784150848962
1751	156.83784150848962
1752	156.83784150848962
1753	156.83784150848962
1754	156.83784150848962
1755	156.83784150848962
1756	156.83784150848962
1757	156.83784150848962
1758	156.83784150848962
1759	156.83784150848962
1760	156.83784150848962
1761	156.83784150848962
1762	156.8378415084896
1763	156.8378415084896
1764	156.8378415084896
1765	156.8378415084896
1766	156.8378415084896
1767	156.8378415084896
1768	156.8378415084896
1769	156.8378415084896
1770	156.8378415084896
1771	156.8378415084896
1772	156.8378415084896
1773	156.8378415084896
1774	156.8378415084896
1775	156.8378415084896
1776	156.8378415084896
1777	156.8378415084896
1778	156.8378415084896
1779	156.8378415084896
1780	156.8378415084896
1781	156.8378415084896
1782	156.8378415084896
1783	156.8378415084896
1784	156.8378415084896
1785	156.8378415084896
1786	156.8378415084896
1787	156.8378415084896
1788	156.8378415084896
1789	156.8378415084896
1790	156.8378415084896
1791	156.8378415084896
1792	156.8378415084896
1793	156.83784150848956
1794	156.83784150848956
1795	156.83784150848956
1796	156.83784150848956
1797	156.83784150848956
1798	156.83784150848956
1799	156.83784150848956
1800	156.83784150848956
1801	156.83784150848956
1802	156.83784150848956
1803	156.83784150848956
1804	156.83784150848956
1805	156.83784150848956
1806	156.83784150848956
1807	156.83784150848956
1808	156.83784150848956
1809	156.83784150848956
1810	156.83784150848956
1811	156.83784150848956
1812	156.83784150848956
1813	156.83784150848956
1814	156.83784150848956
1815	156.83784150848956
1816	156.83784150848956
1817	156.83784150848953
1818	156.83784150848953
1819	156.83784150848953
1820	156.83784150848953
1821	156.83784150848953
1822	156.83784150848953
1823	156.83784150848953
1824	156.83784150848953
1825	156.83784150848953
1826	156.83784150848953
1827	156.83784150848953
1828	156.83784150848953
1829	156.8378415084895
1830	156.8378415084895
1831	156.8378415084895
1832	156.8378415084895
1833	156.8378415084895
1834	156.8378415084895
1835	156.8378415084895
1836	156.8378415084895
1837	156.8378415084895
1838	156.8378415084895
1839	156.8378415084895
1840	156.8378415084895
1841	156.8378415084895
1842	156.8378415084895
1843	156.8378415084895
1844	156.8378415084895
1845	156.8378415084895
1846	156.8378415084895
1847	156.8378415084895
1848	156.8378415084895
1849	156.8378415084895
1850	156.8378415084895
1851	156.8378415084895
1852	156.8378415084895
1853	156.8378415084895
1854	156.8378415084895
1855	156.83784150848948
1856	156.83784150848948
1857	156.83784150848945
1858	156.83784150848945
1859	156.83784150848945
1860	156.83784150848945
1861	156.83784150848945
1862	156.83784150848945
1863	156.83784150848945
1864	156.83784150848945
1865	156.83784150848945
1866	156.83784150848945
1867	156.83784150848945
1868	156.83784150848945
1869	156.83784150848945
1870	156.83784150848945
1871	156.83784150848945
1872	156.83784150848945
1873	156.83784150848945
1874	156.83784150848945
1875	156.83784150848945
1876	156.83784150848945
1877	156.83784150848945
1878	156.83784150848945
1879	156.83784150848945
1880	156.83784150848945
1881	156.83784150848945
1882	156.83784150848945
1883	156.83784150848945
1884	156.83784150848945
1885	156.83784150848942
1886	156.83784150848942
1887	156.83784150848942
1888	156.83784150848942
1889	156.83784150848942
1890	156.83784150848942
1891	156.83784150848942
1892	156.83784150848942
1893	156.83784150848942
1894	156.83784150848942
1895	156.83784150848942
1896	156.83784150848942
1897	156.83784150848942
1898	156.83784150848942
1899	156.83784150848942
1900	156.83784150848942
1901	156.83784150848942
1902	156.83784150848942
1903	156.83784150848942
1904	156.83784150848942
1905	156.83784150848942
1906	156.83784150848942
1907	156.83784150848942
1908	156.83784150848942
1909	156.83784150848942
1910	156.83784150848942
1911	156.8378415084894
1912	156.8378415084894
1913	156.8378415084894
1914	156.8378415084894
1915	156.83784150848936
1916	156.83784150848936
1917	156.83784150848936
1918	156.83784150848936
1919	156.83784150848936
1920	156.83784150848936
1921	156.83784150848936
1922	156.83784150848936
1923	156.83784150848936
1924	156.83784150848936
1925	156.83784150848936
1926	156.83784150848936
1927	156.83784150848936
1928	156.83784150848936
1929	156.83784150848936
1930	156.83784150848936
1931	156.83784150848936
1932	156.83784150848936
1933	156.83784150848936
1934	156.83784150848936
1935	156.83784150848936
1936	156.83784150848936
1937	156.83784150848936
1938	156.83784150848936
1939	156.83784150848936
1940	156.83784150848936
1941	156.83784150848936
1942	156.83784150848936
1943	156.83784150848936
1944	156.83784150848936
1945	156.83784150848936
1946	156.83784150848936
1947	156.83784150848936
1948	156.83784150848936
1949	156.83784150848936
1950	156.83784150848936
1951	156.83784150848936
1952	156.83784150848933
1953	156.83784150848933
1954	156.83784150848933
1955	156.83784150848933
1956	156.83784150848933
1957	156.83784150848933
1958	156.83784150848933
1959	156.83784150848933
1960	156.8378415084893
1961	156.8378415084893
1962	156.8378415084893
1963	156.8378415084893
1964	156.8378415084893
1965	156.8378415084893
1966	156.8378415084893
1967	156.8378415084893
1968	156.8378415084893
1969	156.83784150848928
1970	156.83784150848928
1971	156.83784150848928
1972	156.83784150848928
1973	156.83784150848928
1974	156.83784150848928
1975	156.83784150848928
1976	156.83784150848928
1977	156.83784150848928
1978	156.83784150848928
1979	156.83784150848928
1980	156.83784150848928
1981	156.83784150848928
1982	156.83784150848928
1983	156.83784150848928
1984	156.83784150848928
1985	156.83784150848928
1986	156.83784150848928
1987	156.83784150848928
1988	156.83784150848928
1989	156.83784150848928
1990	156.83784150848928
1991	156.83784150848928
1992	156.83784150848928
1993	156.83784150848928
1994	156.83784150848928
1995	156.83784150848928
1996	156.83784150848925
1997	156.83784150848925
1998	156.83784150848925
1999	156.83784150848925
2000	156.83784150848925
2001	156.83784150848925
2002	156.83784150848925
2003	156.83784150848925
2004	156.83784150848925
2005	156.83784150848925
2006	156.83784150848925
2007	156.83784150848925
2008	156.83784150848925
2009	156.83784150848925
2010	156.83784150848925
2011	156.83784150848925
2012	156.83784150848925
2013	156.83784150848925
2014	156.83784150848922
2015	156.83784150848922
2016	156.83784150848922
2017	156.83784150848922
2018	156.83784150848922
2019	156.83784150848922
2020	156.83784150848922
2021	156.83784150848922
2022	156.83784150848922
2023	156.83784150848922
2024	156.83784150848922
2025	156.83784150848922
2026	156.83784150848922
2027	156.83784150848922
2028	156.83784150848922
2029	156.83784150848922
2030	156.83784150848922
2031	156.83784150848922
2032	156.83784150848922
2033	156.83784150848922
2034	156.83784150848922
2035	156.83784150848922
2036	156.83784150848922
2037	156.83784150848922
2038	156.83784150848922
2039	156.83784150848922
2040	156.83784150848922
2041	156.83784150848922
2042	156.83784150848922
2043	156.83784150848916
2044	156.83784150848916
2045	156.83784150848916
2046	156.83784150848916
2047	156.83784150848916
2048	156.83784150848916
2049	156.83784150848916
2050	156.83784150848916
2051	156.83784150848916
2052	156.83784150848916
2053	156.83784150848916
2054	156.83784150848916
2055	156.83784150848916
2056	156.83784150848916
2057	156.83784150848916
2058	156.83784150848916
2059	156.83784150848916
2060	156.83784150848916
2061	156.83784150848916
2062	156.83784150848916
2063	156.83784150848916
2064	156.83784150848916
2065	156.83784150848916
2066	156.83784150848916
2067	156.83784150848913
2068	156.83784150848913
2069	156.83784150848913
2070	156.83784150848913
2071	156.83784150848913
2072	156.83784150848913
2073	156.83784150848913
2074	156.83784150848913
2075	156.83784150848913
2076	156.83784150848913
2077	156.83784150848913
2078	156.83784150848913
2079	156.83784150848913
2080	156.83784150848913
2081	156.83784150848913
2082	156.83784150848913
2083	156.83784150848913
2084	156.83784150848913
2085	156.83784150848913
2086	156.83784150848913
2087	156.83784150848913
2088	156.83784150848913
2089	156.83784150848913
2090	156.83784150848913
2091	156.83784150848913
2092	156.83784150848913
2093	156.83784150848913
2094	156.83784150848913
2095	156.83784150848913
2096	156.83784150848913
2097	156.83784150848913
2098	156.83784150848913
2099	156.83784150848913
2100	156.8378415084891
2101	156.8378415084891
2102	156.8378415084891
2103	156.8378415084891
2104	156.8378415084891
2105	156.8378415084891
2106	156.8378415084891
2107	156.8378415084891
2108	156.8378415084891
2109	156.8378415084891
2110	156.8378415084891
2111	156.8378415084891
2112	156.8378415084891
2113	156.8378415084891
2114	156.8378415084891
2115	156.8378415084891
2116	156.8378415084891
2117	156.8378415084891
2118	156.83784150848908
2119	156.83784150848908
2120	156.83784150848908
2121	156.83784150848908
2122	156.83784150848908
2123	156.83784150848908
2124	156.83784150848908
2125	156.83784150848908
2126	156.83784150848908
2127	156.83784150848908
2128	156.83784150848908
2129	156.83784150848908
2130	156.83784150848908
2131	156.83784150848908
2132	156.83784150848908
2133	156.83784150848908
2134	156.83784150848908
2135	156.83784150848908
2136	156.83784150848908
2137	156.83784150848908
2138	156.83784150848908
2139	156.83784150848908
2140	156.83784150848908
2141	156.83784150848908
2142	156.83784150848908
2143	156.83784150848905
2144	156.83784150848905
2145	156.83784150848905
2146	156.83784150848905
2147	156.83784150848905
2148	156.83784150848905
2149	156.83784150848905
2150	156.83784150848905
2151	156.83784150848905
2152	156.83784150848905
2153	156.83784150848905
2154	156.83784150848905
2155	156.83784150848905
2156	156.83784150848905
2157	156.83784150848905
2158	156.83784150848905
2159	156.83784150848902
2160	156.83784150848902
2161	156.83784150848902
2162	156.83784150848902
2163	156.83784150848902
2164	156.83784150848902
2165	156.83784150848902
2166	156.83784150848902
2167	156.83784150848902
2168	156.83784150848902
2169	156.83784150848902
2170	156.83784150848902
2171	156.83784150848902
2172	156.83784150848902
2173	156.83784150848902
2174	156.83784150848902
2175	156.83784150848902
2176	156.83784150848902
2177	156.83784150848902
2178	156.83784150848902
2179	156.83784150848902
2180	156.83784150848902
2181	156.83784150848902
2182	156.83784150848902
2183	156.83784150848902
2184	156.83784150848902
2185	156.83784150848902
2186	156.83784150848902
2187	156.83784150848902
2188	156.83784150848902
2189	156.83784150848902
2190	156.83784150848902
2191	156.83784150848902
2192	156.83784150848902
2193	156.83784150848902
2194	156.83784150848902
2195	156.837841508489
2196	156.837841508489
2197	156.837841508489
2198	156.837841508489
2199	156.837841508489
2200	156.837841508489
2201	156.837841508489
2202	156.837841508489
2203	156.837841508489
2204	156.83784150848896
2205	156.83784150848896
2206	156.83784150848896
2207	156.83784150848896
2208	156.83784150848896
2209	156.83784150848896
2210	156.83784150848896
2211	156.83784150848896
2212	156.83784150848896
2213	156.83784150848896
2214	156.83784150848896
2215	156.83784150848896
2216	156.83784150848896
2217	156.83784150848896
2218	156.83784150848896
2219	156.83784150848896
2220	156.83784150848896
2221	156.83784150848896
2222	156.83784150848896
2223	156.83784150848896
2224	156.83784150848896
2225	156.83784150848896
2226	156.83784150848896
2227	156.83784150848896
2228	156.83784150848896
2229	156.83784150848896
2230	156.83784150848896
2231	156.83784150848896
2232	156.83784150848896
2233	156.83784150848896
2234	156.83784150848896
2235	156.83784150848896
2236	156.83784150848894
2237	156.83784150848894
2238	156.83784150848894
2239	156.83784150848894
2240	156.83784150848894
2241	156.83784150848894
2242	156.83784150848894
2243	156.83784150848894
2244	156.83784150848894
2245	156.83784150848894
2246	156.83784150848894
2247	156.83784150848894
2248	156.83784150848894
2249	156.83784150848894
2250	156.83784150848894
2251	156.8378415084889
2252	156.8378415084889
2253	156.8378415084889
2254	156.8378415084889
2255	156.8378415084889
2256	156.8378415084889
2257	156.8378415084889
2258	156.8378415084889
2259	156.8378415084889
2260	156.8378415084889
2261	156.8378415084889
2262	156.8378415084889
2263	156.8378415084889
2264	156.8378415084889
2265	156.8378415084889
2266	156.8378415084889
2267	156.8378415084889
2268	156.8378415084889
2269	156.8378415084889
2270	156.8378415084889
2271	156.8378415084889
2272	156.8378415084889
2273	156.8378415084889
2274	156.8378415084889
2275	156.8378415084889
2276	156.8378415084889
2277	156.8378415084889
2278	156.8378415084889
2279	156.8378415084889
2280	156.8378415084889
2281	156.8378415084889
2282	156.8378415084889
2283	156.8378415084889
2284	156.8378415084889
2285	156.8378415084889
2286	156.8378415084889
2287	156.8378415084889
2288	156.8378415084889
2289	156.8378415084889
2290	156.83784150848888
2291	156.83784150848888
2292	156.83784150848888
2293	156.83784150848888
2294	156.83784150848888
2295	156.83784150848888
2296	156.83784150848888
2297	156.83784150848888
2298	156.83784150848888
2299	156.83784150848888
2300	156.83784150848888
2301	156.83784150848888
2302	156.83784150848888
2303	156.83784150848885
2304	156.83784150848885
2305	156.83784150848885
2306	156.83784150848885
2307	156.83784150848885
2308	156.83784150848885
2309	156.83784150848885
2310	156.83784150848885
2311	156.83784150848885
2312	156.83784150848885
2313	156.83784150848885
2314	156.83784150848885
2315	156.83784150848885
2316	156.83784150848885
2317	156.83784150848885
2318	156.83784150848885
2319	156.83784150848885
2320	156.83784150848885
2321	156.83784150848885
2322	156.83784150848885
2323	156.83784150848885
2324	156.83784150848885
2325	156.83784150848885
2326	156.83784150848885
2327	156.83784150848885
2328	156.83784150848885
2329	156.83784150848885
2330	156.83784150848885
2331	156.83784150848885
2332	156.83784150848882
2333	156.83784150848882
2334	156.83784150848882
2335	156.83784150848882
2336	156.83784150848882
2337	156.83784150848882
2338	156.83784150848882
2339	156.83784150848882
2340	156.83784150848882
2341	156.83784150848882
2342	156.83784150848882
2343	156.83784150848882
2344	156.83784150848882
2345	156.83784150848882
2346	156.83784150848882
2347	156.83784150848882
2348	156.8378415084888
2349	156.8378415084888
2350	156.8378415084888
2351	156.8378415084888
2352	156.8378415084888
2353	156.8378415084888
2354	156.8378415084888
2355	156.8378415084888
2356	156.8378415084888
2357	156.8378415084888
2358	156.8378415084888
2359	156.8378415084888
2360	156.8378415084888
2361	156.8378415084888
2362	156.8378415084888
2363	156.8378415084888
2364	156.8378415084888
2365	156.8378415084888
2366	156.8378415084888
2367	156.8378415084888
2368	156.8378415084888
2369	156.8378415084888
2370	156.8378415084888
2371	156.8378415084888
2372	156.8378415084888
2373	156.8378415084888
2374	156.8378415084888
2375	156.83784150848876
2376	156.83784150848876
2377	156.83784150848876
2378	156.83784150848876
2379	156.83784150848876
2380	156.83784150848876
2381	156.83784150848876
2382	156.83784150848876
2383	156.83784150848876
2384	156.83784150848876
2385	156.83784150848876
2386	156.83784150848876
2387	156.83784150848876
2388	156.83784150848876
2389	156.83784150848876
2390	156.83784150848876
2391	156.83784150848876
2392	156.83784150848876
2393	156.83784150848876
2394	156.83784150848876
2395	156.83784150848876
2396	156.83784150848876
2397	156.83784150848876
2398	156.83784150848876
2399	156.83784150848876
2400	156.83784150848876
2401	156.83784150848876
2402	156.83784150848876
2403	156.83784150848876
2404	156.8378415084887
2405	156.8378415084887
2406	156.8378415084887
2407	156.8378415084887
2408	156.8378415084887
2409	156.8378415084887
2410	156.8378415084887
2411	156.8378415084887
2412	156.8378415084887
2413	156.8378415084887
2414	156.8378415084887
2415	156.8378415084887
2416	156.8378415084887
2417	156.8378415084887
2418	156.8378415084887
2419	156.8378415084887
2420	156.83784150848868
2421	156.83784150848868
2422	156.83784150848868
2423	156.83784150848868
2424	156.83784150848868
2425	156.83784150848868
2426	156.83784150848868
2427	156.83784150848868
2428	156.83784150848868
2429	156.83784150848868
2430	156.83784150848868
2431	156.83784150848868
2432	156.83784150848868
2433	156.83784150848868
2434	156.83784150848868
2435	156.83784150848868
2436	156.83784150848868
2437	156.83784150848868
2438	156.83784150848868
2439	156.83784150848868
2440	156.83784150848868
2441	156.83784150848868
2442	156.83784150848868
2443	156.83784150848868
2444	156.83784150848868
2445	156.83784150848868
2446	156.83784150848868
2447	156.83784150848868
2448	156.83784150848868
2449	156.83784150848868
2450	156.83784150848868
2451	156.83784150848868
2452	156.83784150848868
2453	156.83784150848865
2454	156.83784150848865
2455	156.83784150848862
2456	156.83784150848862
2457	156.83784150848862
2458	156.83784150848862
2459	156.83784150848862
2460	156.83784150848862
2461	156.83784150848862
2462	156.83784150848862
2463	156.83784150848862
2464	156.83784150848862
2465	156.83784150848862
2466	156.83784150848862
2467	156.83784150848862
2468	156.83784150848862
2469	156.83784150848862
2470	156.83784150848862
2471	156.83784150848862
2472	156.83784150848862
2473	156.83784150848862
2474	156.83784150848862
2475	156.83784150848862
2476	156.83784150848862
2477	156.83784150848862
2478	156.83784150848862
2479	156.83784150848862
2480	156.83784150848862
2481	156.83784150848862
2482	156.83784150848862
2483	156.83784150848862
2484	156.83784150848862
2485	156.83784150848862
2486	156.83784150848862
2487	156.83784150848862
2488	156.83784150848862
2489	156.83784150848862
2490	156.83784150848862
2491	156.83784150848862
2492	156.83784150848862
2493	156.83784150848862
2494	156.83784150848862
2495	156.83784150848862
2496	156.83784150848862
2497	156.83784150848862
2498	156.83784150848862
2499	156.83784150848862
2500	156.8378415084886
2501	156.8378415084886
2502	156.8378415084886
2503	156.8378415084886
2504	156.83784150848857
2505	156.83784150848857
2506	156.83784150848857
2507	156.83784150848857
2508	156.83784150848857
2509	156.83784150848857
2510	156.83784150848857
2511	156.83784150848857
2512	156.83784150848857
2513	156.83784150848857
2514	156.83784150848857
2515	156.83784150848857
2516	156.83784150848857
2517	156.83784150848857
2518	156.83784150848857
2519	156.83784150848857
2520	156.83784150848857
2521	156.83784150848857
2522	156.83784150848857
2523	156.83784150848857
2524	156.83784150848857
2525	156.83784150848857
2526	156.83784150848857
2527	156.83784150848857
2528	156.83784150848857
2529	156.83784150848857
2530	156.83784150848857
2531	156.83784150848857
2532	156.83784150848857
2533	156.83784150848857
2534	156.83784150848857
2535	156.83784150848857
2536	156.83784150848857
2537	156.83784150848857
2538	156.83784150848857
2539	156.83784150848857
2540	156.83784150848857
2541	156.83784150848857
2542	156.83784150848857
2543	156.83784150848857
2544	156.83784150848857
2545	156.83784150848857
2546	156.83784150848857
2547	156.83784150848857
2548	156.83784150848857
2549	156.83784150848857
2550	156.83784150848857
2551	156.83784150848857
2552	156.83784150848854
2553	156.8378415084885
2554	156.8378415084885
2555	156.8378415084885
2556	156.8378415084885
2557	156.8378415084885
2558	156.8378415084885
2559	156.8378415084885
2560	156.8378415084885
2561	156.8378415084885
2562	156.8378415084885
2563	156.8378415084885
2564	156.8378415084885
2565	156.8378415084885
2566	156.8378415084885
2567	156.8378415084885
2568	156.8378415084885
2569	156.8378415084885
2570	156.8378415084885
2571	156.8378415084885
2572	156.8378415084885
2573	156.8378415084885
2574	156.8378415084885
2575	156.8378415084885
2576	156.8378415084885
2577	156.8378415084885
2578	156.8378415084885
2579	156.8378415084885
2580	156.8378415084885
2581	156.8378415084885
2582	156.8378415084885
2583	156.8378415084885
2584	156.8378415084885
2585	156.8378415084885
2586	156.8378415084885
2587	156.8378415084885
2588	156.8378415084885
2589	156.8378415084885
2590	156.8378415084885
2591	156.8378415084885
2592	156.8378415084885
2593	156.8378415084885
2594	156.8378415084885
2595	156.8378415084885
2596	156.8378415084885
2597	156.8378415084885
2598	156.8378415084885
2599	156.83784150848848
2600	156.83784150848848
2601	156.83784150848848
2602	156.83784150848848
2603	156.83784150848848
2604	156.83784150848848
2605	156.83784150848848
2606	156.83784150848848
2607	156.83784150848845
2608	156.83784150848845
2609	156.83784150848845
2610	156.83784150848845
2611	156.83784150848845
2612	156.83784150848845
2613	156.83784150848845
2614	156.83784150848845
2615	156.83784150848845
2616	156.83784150848845
2617	156.83784150848845
2618	156.83784150848845
2619	156.83784150848845
2620	156.83784150848845
2621	156.83784150848845
2622	156.83784150848845
2623	156.83784150848845
2624	156.83784150848845
2625	156.83784150848845
2626	156.83784150848845
2627	156.83784150848845
2628	156.83784150848845
2629	156.83784150848845
2630	156.83784150848845
2631	156.83784150848845
2632	156.83784150848845
2633	156.83784150848845
2634	156.83784150848845
2635	156.83784150848845
2636	156.83784150848845
2637	156.83784150848845
2638	156.83784150848845
2639	156.83784150848845
2640	156.83784150848845
2641	156.83784150848842
2642	156.83784150848842
2643	156.83784150848842
2644	156.83784150848842
2645	156.83784150848842
2646	156.83784150848842
2647	156.83784150848842
2648	156.83784150848842
2649	156.83784150848842
2650	156.83784150848842
2651	156.83784150848842
2652	156.83784150848842
2653	156.83784150848842
2654	156.83784150848842
2655	156.8378415084884
2656	156.8378415084884
2657	156.8378415084884
2658	156.8378415084884
2659	156.8378415084884
2660	156.8378415084884
2661	156.8378415084884
2662	156.8378415084884
2663	156.8378415084884
2664	156.8378415084884
2665	156.8378415084884
2666	156.8378415084884
2667	156.8378415084884
2668	156.8378415084884
2669	156.8378415084884
2670	156.8378415084884
2671	156.8378415084884
2672	156.8378415084884
2673	156.8378415084884
2674	156.8378415084884
2675	156.8378415084884
2676	156.8378415084884
2677	156.8378415084884
2678	156.8378415084884
2679	156.8378415084884
2680	156.8378415084884
2681	156.8378415084884
2682	156.8378415084884
2683	156.8378415084884
2684	156.8378415084884
2685	156.8378415084884
2686	156.8378415084884
2687	156.83784150848837
2688	156.83784150848837
2689	156.83784150848837
2690	156.83784150848837
2691	156.83784150848837
2692	156.83784150848837
2693	156.83784150848837
2694	156.83784150848837
2695	156.83784150848837
2696	156.83784150848837
2697	156.83784150848837
2698	156.83784150848837
2699	156.83784150848837
2700	156.83784150848837
2701	156.83784150848837
2702	156.83784150848837
2703	156.83784150848837
2704	156.83784150848837
2705	156.83784150848837
2706	156.83784150848837
2707	156.83784150848837
2708	156.83784150848834
2709	156.83784150848834
2710	156.83784150848834
2711	156.83784150848834
2712	156.83784150848834
2713	156.83784150848834
2714	156.83784150848834
2715	156.83784150848834
2716	156.83784150848834
2717	156.83784150848834
2718	156.83784150848834
2719	156.83784150848834
2720	156.83784150848834
2721	156.83784150848834
2722	156.83784150848834
2723	156.83784150848834
2724	156.83784150848834
2725	156.83784150848834
2726	156.83784150848834
2727	156.83784150848834
2728	156.83784150848834
2729	156.83784150848834
2730	156.83784150848834
2731	156.83784150848834
2732	156.83784150848834
2733	156.83784150848834
2734	156.83784150848834
2735	156.83784150848834
2736	156.83784150848834
2737	156.83784150848834
2738	156.83784150848834
2739	156.83784150848834
2740	156.83784150848834
2741	156.8378415084883
2742	156.8378415084883
2743	156.8378415084883
2744	156.8378415084883
2745	156.8378415084883
2746	156.8378415084883
2747	156.8378415084883
2748	156.8378415084883
2749	156.8378415084883
2750	156.8378415084883
2751	156.8378415084883
2752	156.8378415084883
2753	156.8378415084883
2754	156.8378415084883
2755	156.8378415084883
2756	156.83784150848825
2757	156.83784150848825
2758	156.83784150848825
2759	156.83784150848825
2760	156.83784150848825
2761	156.83784150848825
2762	156.83784150848825
2763	156.83784150848825
2764	156.83784150848825
2765	156.83784150848825
2766	156.83784150848825
2767	156.83784150848825
2768	156.83784150848825
2769	156.83784150848825
2770	156.83784150848825
2771	156.83784150848825
2772	156.83784150848825
2773	156.83784150848825
2774	156.83784150848825
2775	156.83784150848825
2776	156.83784150848825
2777	156.83784150848825
2778	156.83784150848825
2779	156.83784150848825
2780	156.83784150848825
2781	156.83784150848825
2782	156.83784150848825
2783	156.83784150848825
2784	156.83784150848822
2785	156.83784150848822
2786	156.83784150848822
2787	156.83784150848822
2788	156.83784150848822
2789	156.83784150848822
2790	156.83784150848822
2791	156.83784150848822
2792	156.83784150848822
2793	156.83784150848822
2794	156.83784150848822
2795	156.83784150848822
2796	156.83784150848822
2797	156.83784150848822
2798	156.83784150848822
2799	156.83784150848822
2800	156.83784150848822
2801	156.83784150848822
2802	156.83784150848822
2803	156.83784150848822
2804	156.83784150848822
2805	156.83784150848822
2806	156.8378415084882
2807	156.8378415084882
2808	156.8378415084882
2809	156.8378415084882
2810	156.8378415084882
2811	156.8378415084882
2812	156.8378415084882
2813	156.8378415084882
2814	156.8378415084882
2815	156.8378415084882
2816	156.8378415084882
2817	156.8378415084882
2818	156.8378415084882
2819	156.8378415084882
2820	156.8378415084882
2821	156.8378415084882
2822	156.8378415084882
2823	156.8378415084882
2824	156.8378415084882
2825	156.8378415084882
2826	156.8378415084882
2827	156.8378415084882
2828	156.8378415084882
2829	156.8378415084882
2830	156.8378415084882
2831	156.8378415084882
2832	156.8378415084882
2833	156.8378415084882
2834	156.8378415084882
2835	156.83784150848817
2836	156.83784150848817
2837	156.83784150848817
2838	156.83784150848817
2839	156.83784150848817
2840	156.83784150848817
2841	156.83784150848817
2842	156.83784150848817
2843	156.83784150848817
2844	156.83784150848817
2845	156.83784150848817
2846	156.83784150848817
2847	156.83784150848817
2848	156.83784150848817
2849	156.83784150848817
2850	156.83784150848817
2851	156.83784150848817
2852	156.83784150848817
2853	156.83784150848814
2854	156.83784150848814
2855	156.83784150848814
2856	156.83784150848814
2857	156.83784150848814
2858	156.83784150848814
2859	156.83784150848814
2860	156.83784150848814
2861	156.83784150848814
2862	156.83784150848814
2863	156.83784150848814
2864	156.83784150848814
2865	156.83784150848814
2866	156.83784150848814
2867	156.83784150848814
2868	156.83784150848814
2869	156.83784150848814
2870	156.83784150848814
2871	156.83784150848814
2872	156.83784150848814
2873	156.83784150848814
2874	156.83784150848814
2875	156.83784150848814
2876	156.83784150848814
2877	156.83784150848814
2878	156.83784150848814
2879	156.83784150848814
2880	156.83784150848814
2881	156.83784150848814
2882	156.83784150848814
2883	156.83784150848814
2884	156.8378415084881
2885	156.8378415084881
2886	156.8378415084881
2887	156.8378415084881
2888	156.8378415084881
2889	156.8378415084881
2890	156.8378415084881
2891	156.8378415084881
2892	156.8378415084881
2893	156.8378415084881
2894	156.8378415084881
2895	156.8378415084881
2896	156.8378415084881
2897	156.8378415084881
2898	156.8378415084881
2899	156.8378415084881
2900	156.8378415084881
2901	156.8378415084881
2902	156.8378415084881
2903	156.8378415084881
2904	156.8378415084881
2905	156.8378415084881
2906	156.8378415084881
2907	156.8378415084881
2908	156.8378415084881
2909	156.8378415084881
2910	156.8378415084881
2911	156.8378415084881
2912	156.8378415084881
2913	156.8378415084881
2914	156.8378415084881
2915	156.83784150848808
2916	156.83784150848808
2917	156.83784150848808
2918	156.83784150848808
2919	156.83784150848808
2920	156.83784150848808
2921	156.83784150848808
2922	156.83784150848808
2923	156.83784150848808
2924	156.83784150848808
2925	156.83784150848808
2926	156.83784150848808
2927	156.83784150848808
2928	156.83784150848808
2929	156.83784150848808
2930	156.83784150848808
2931	156.83784150848808
2932	156.83784150848808
2933	156.83784150848808
2934	156.83784150848808
2935	156.83784150848808
2936	156.83784150848808
2937	156.83784150848808
2938	156.83784150848808
2939	156.83784150848808
2940	156.83784150848808
2941	156.83784150848808
2942	156.83784150848808
2943	156.83784150848808
2944	156.83784150848808
2945	156.83784150848808
2946	156.83784150848808
2947	156.83784150848805
2948	156.83784150848805
2949	156.83784150848805
2950	156.83784150848805
2951	156.83784150848805
2952	156.83784150848805
2953	156.83784150848805
2954	156.83784150848805
2955	156.83784150848805
2956	156.83784150848805
2957	156.83784150848805
2958	156.83784150848805
2959	156.83784150848805
2960	156.83784150848805
2961	156.83784150848805
2962	156.83784150848805
2963	156.83784150848803
2964	156.83784150848803
2965	156.83784150848803
2966	156.83784150848803
2967	156.83784150848803
2968	156.83784150848803
2969	156.83784150848803
2970	156.83784150848803
2971	156.83784150848803
2972	156.83784150848803
2973	156.83784150848803
2974	156.83784150848803
2975	156.83784150848803
2976	156.83784150848803
2977	156.83784150848803
2978	156.83784150848803
2979	156.83784150848803
2980	156.83784150848803
2981	156.83784150848803
2982	156.83784150848803
2983	156.83784150848803
2984	156.83784150848803
2985	156.83784150848803
2986	156.83784150848803
2987	156.83784150848803
2988	156.83784150848803
2989	156.83784150848803
2990	156.83784150848803
2991	156.83784150848803
2992	156.83784150848803
2993	156.83784150848803
2994	156.83784150848803
2995	156.83784150848803
2996	156.83784150848803
2997	156.83784150848803
2998	156.83784150848803
2999	156.83784150848803
3000	156.83784150848803
