1	1.3364799643611461E8
2	4.8497320231732056E7
3	2.2400880863202535E7
4	1.0290713493428387E7
5	5463606.360644383
6	2528338.2742806193
7	1019992.262646893
8	586261.260326832
9	273477.63294173894
10	101835.94942219953
11	42328.393470761665
12	15218.047194097267
13	4530.331506822119
14	2192.2440326854257
15	827.4269731822907
16	603.795070377355
17	299.849409752901
18	91.89584554437582
19	25.56916439464915
20	23.042183603490017
21	21.062759263288548
22	19.624120558122947
23	18.012101641565753
24	17.082438424334594
25	16.170242171454596
26	15.873049549447654
27	15.14946790804003
28	14.272032091632708
29	13.617677538781908
30	13.157423185656853
31	12.46244309827897
32	11.83484871033561
33	11.420116290963161
34	11.03892293804895
35	10.53081759913442
36	10.163338125049645
37	9.819094341493885
38	9.305847110009823
39	9.132629755180796
40	8.676798815825538
41	8.227339270029294
42	7.943302644674431
43	7.714092095833675
44	7.454866568406654
45	7.247954015113774
46	7.027558745960233
47	6.717609189027
48	6.550160368080039
49	6.363440782182638
50	6.105798624769636
51	5.933539281655664
52	5.804371865621813
53	5.657707928508071
54	5.556829128139845
55	5.416862392240039
56	5.311321302070796
57	5.221447025115612
58	5.154806467802043
59	5.093420801336711
60	5.025573107955785
61	4.96955044716805
62	4.921900477728731
63	4.879558081060872
64	4.8442765518308635
65	4.8068246283138825
66	4.77425275504542
67	4.743820071476375
68	4.717288506272416
69	4.696396572150789
70	4.679795627583442
71	4.654670640453419
72	4.633613381833151
73	4.614303936057578
74	4.59842994285079
75	4.583539801064259
76	4.570404753296954
77	4.558988435880661
78	4.547272758554773
79	4.538215866189519
80	4.530046308745381
81	4.520271250319026
82	4.514158794997721
83	4.505349325956511
84	4.4995285608053495
85	4.493224143497889
86	4.488697301646087
87	4.479700429797761
88	4.476581470278327
89	4.471660388120948
90	4.464763910829463
91	4.460925385143595
92	4.457161698859408
93	4.453156115796689
94	4.4494984498255965
95	4.44546663797246
96	4.4429991548890655
97	4.440155700019829
98	4.436623677364169
99	4.434747457453795
100	4.432095236719033
101	4.429500933050397
102	4.425605196569334
103	4.424086749119736
104	4.421644481026849
105	4.415242051752265
106	4.412818829341933
107	4.410098589021688
108	4.4063984903328866
109	4.404013419337177
110	4.401783344263596
111	4.399194759095466
112	4.397427640551552
113	4.396236451576846
114	4.392855156159966
115	4.389541140502449
116	4.3877884535152
117	4.385406462763573
118	4.382840495773395
119	4.381809759307307
120	4.38014603574396
121	4.378543663317156
122	4.374519909759414
123	4.373309526041143
124	4.371791908618773
125	4.369370304291621
126	4.368060489481708
127	4.367141577679151
128	4.365277331166971
129	4.3636043659897386
130	4.359971616248317
131	4.358713478281937
132	4.357474021919869
133	4.356023042909467
134	4.353337665218102
135	4.352250425138751
136	4.3510383903191725
137	4.349357585470701
138	4.3482600929436
139	4.3470101425462815
140	4.34607080290681
141	4.345045941730934
142	4.343978517260191
143	4.342842724384893
144	4.342028368600683
145	4.341094558832836
146	4.340560974138515
147	4.3398058859830195
148	4.338806086783151
149	4.337709423900875
150	4.337210862865247
151	4.336595394197724
152	4.335836910586971
153	4.335429434394342
154	4.335088613786711
155	4.3345444733849945
156	4.3340126936953345
157	4.333699953922391
158	4.333251220649832
159	4.332857764987984
160	4.332592767169873
161	4.331574030370373
162	4.331008959071297
163	4.3306110499078
164	4.330229965779046
165	4.3299272053654505
166	4.329290980311699
167	4.328303329077093
168	4.327811971683583
169	4.3272405113840815
170	4.326775808119668
171	4.326470371812687
172	4.326105912597043
173	4.325437855545538
174	4.325139855468368
175	4.324889161821096
176	4.3245248354843095
177	4.324348220762656
178	4.324013616460935
179	4.323792303716183
180	4.323604737561802
181	4.323430352010855
182	4.323225550107747
183	4.3227368960766785
184	4.322598722421203
185	4.322345769775628
186	4.321928849338778
187	4.32170146320727
188	4.32127086484948
189	4.321124858547696
190	4.320899407852294
191	4.320708129326061
192	4.320503019034715
193	4.320376021632031
194	4.319908426592578
195	4.31974241126599
196	4.319596463537176
197	4.319430298441804
198	4.319269031074271
199	4.319119720467773
200	4.318741656284317
201	4.3185960578772535
202	4.318492101450789
203	4.318334852989628
204	4.318193357975752
205	4.318078620854269
206	4.317940878455076
207	4.3178726402815375
208	4.316299715062046
209	4.316168453921618
210	4.3155635490143025
211	4.315253917687584
212	4.314797844805964
213	4.314664654291392
214	4.314250747478287
215	4.314132694491653
216	4.313916230542369
217	4.313702037311988
218	4.313597396407848
219	4.313474724702104
220	4.313104688698033
221	4.313019939684092
222	4.3129155026343975
223	4.31278221573368
224	4.312622688579034
225	4.312550864148393
226	4.312448532286944
227	4.312249287685277
228	4.312178595681672
229	4.31207684480336
230	4.311984786884266
231	4.311904975443858
232	4.311519937440204
233	4.3114652446251664
234	4.3113884630023716
235	4.311245819970734
236	4.311113912140576
237	4.310951431164095
238	4.310594891552708
239	4.31048206001696
240	4.310410730241933
241	4.310231100118757
242	4.310165141102642
243	4.310062869096527
244	4.309974305897411
245	4.309885907808332
246	4.30983127375619
247	4.309745627635944
248	4.309662660776217
249	4.309604163594057
250	4.3095342266542325
251	4.308268006737824
252	4.3082545599626325
253	4.308212250722073
254	4.308000064934954
255	4.3078510754043
256	4.307708513218976
257	4.307560896838109
258	4.307400090867148
259	4.307273775034511
260	4.307189157726757
261	4.307090757446175
262	4.306993446146525
263	4.306884506661294
264	4.3068053594330085
265	4.306733815019999
266	4.306662408915462
267	4.306608058895991
268	4.306541708245882
269	4.306493151106616
270	4.306444080999839
271	4.306387980866573
272	4.306356648175993
273	4.3063190715288995
274	4.306299571777094
275	4.306258602076259
276	4.306230874308085
277	4.3061994352919575
278	4.306177992920894
279	4.306143008215882
280	4.30612615235987
281	4.3061144369270155
282	4.306095115062122
283	4.306080347839979
284	4.306063084360553
285	4.306050518320031
286	4.306038798844548
287	4.306019367604869
288	4.306009638407915
289	4.3059969207372975
290	4.3059876266272505
291	4.3059758373084
292	4.305966846126895
293	4.305957668418045
294	4.3059504845062815
295	4.305942898652513
296	4.305935204076785
297	4.3059283318406
298	4.305924558757216
299	4.30591904729737
300	4.305914076961424
301	4.305910794341811
302	4.305906455622087
303	4.305903179898646
304	4.305898662278897
305	4.3058957041867165
306	4.305892467458151
307	4.305891133416387
308	4.305887946102525
309	4.305886020963383
310	4.305883443021097
311	4.3058825114001715
312	4.305881029692701
313	4.3058789921266785
314	4.305877765202029
315	4.305876684537508
316	4.305875362482571
317	4.3058741195266155
318	4.3058730506646326
319	4.305871309785664
320	4.305870240086946
321	4.305869541067934
322	4.305869011628749
323	4.305868064494894
324	4.305867357388469
325	4.305867049056084
326	4.305787754588179
327	4.305787555170127
328	4.305762018609002
329	4.3057582438981585
330	4.305751114868375
331	4.305740502018036
332	4.305736708224166
333	4.305731175625739
334	4.305726957091882
335	4.30571845672736
336	4.305699020707381
337	4.305687643061371
338	4.305678127508113
339	4.3056724837846
340	4.30566683772214
341	4.3056654713622775
342	4.305662227372516
343	4.305657840787325
344	4.305654978201654
345	4.305651212739101
346	4.305648365844172
347	4.305646145142938
348	4.305644894442788
349	4.305642524026177
350	4.305640414303381
351	4.305637464848913
352	4.305636389004911
353	4.305633872617774
354	4.305632344556187
355	4.30563126005857
356	4.305630414063576
357	4.305629274441293
358	4.305628257991558
359	4.305627111867959
360	4.305622788160166
361	4.305622407895787
362	4.305621444683303
363	4.305620287069486
364	4.305619398814515
365	4.305618359536008
366	4.305617652222595
367	4.305616556629805
368	4.30561570838987
369	4.305614953949677
370	4.3056142332278124
371	4.305613428100061
372	4.3056114363826286
373	4.305611350711085
374	4.305608347693735
375	4.305607787064038
376	4.305607074787559
377	4.305603541251573
378	4.305603437257981
379	4.305602592996489
380	4.305602032879491
381	4.305601521472914
382	4.305594702473583
383	4.30559448507195
384	4.3055940010541605
385	4.305592603835835
386	4.305592121597622
387	4.305590750731588
388	4.305589919802616
389	4.305587957106965
390	4.305586269769121
391	4.30558291183536
392	4.3055825349481385
393	4.305581102142392
394	4.305580323707494
395	4.305579446565978
396	4.305578544188338
397	4.305577939042399
398	4.305576901835699
399	4.30557583034357
400	4.305574978518745
401	4.305574313292686
402	4.3055736302406835
403	4.305572633637072
404	4.305571778373248
405	4.305570883840406
406	4.305570060129838
407	4.305569667023886
408	4.305568896909403
409	4.305568378188231
410	4.305568127131452
411	4.305567551709825
412	4.305567127280867
413	4.30556675239494
414	4.305566336261421
415	4.305565908872134
416	4.305565639499807
417	4.305565187806644
418	4.305565107442575
419	4.305564862726372
420	4.3055645311360475
421	4.305564393330603
422	4.3055642949688275
423	4.305564113067432
424	4.305563960375636
425	4.305563912349069
426	4.3055638018206155
427	4.305563734188065
428	4.305563576593802
429	4.3055634580589555
430	4.305563423539934
431	4.305563316885438
432	4.305563268249789
433	4.305563221518907
434	4.30556313048489
435	4.30556307673721
436	4.305563034225158
437	4.305562972811544
438	4.305562920747158
439	4.30556290099779
440	4.305562853156664
441	4.305562795059263
442	4.305562767954894
443	4.3055627560918435
444	4.305562695043613
445	4.305562687504224
446	4.305562660788975
447	4.305562637810031
448	4.305562607597105
449	4.305562595604079
450	4.30556258612554
451	4.305562568444387
452	4.305562553060294
453	4.30556253751136
454	4.305562527520768
455	4.305562519539655
456	4.305562509640921
457	4.30556249817089
458	4.305562492139226
459	4.305562485985234
460	4.305562478750598
461	4.305562473836093
462	4.305562466040045
463	4.305562461073305
464	4.30556245703496
465	4.305562453394174
466	4.305562448565918
467	4.305562444290424
468	4.305562441470653
469	4.305562436849837
470	4.305562431649666
471	4.305562430613316
472	4.305562428899832
473	4.305562423793164
474	4.30556242334861
475	4.305562420456828
476	4.305562418540554
477	4.305562417161281
478	4.305562416045461
479	4.305562414504311
480	4.305562413944151
481	4.305562412148162
482	4.305562412045954
483	4.305562411114374
484	4.305562410479501
485	4.305562409750798
486	4.305562409367511
487	4.30556240855957
488	4.305562407520265
489	4.3055624070336584
490	4.305562406310014
491	4.305562406100166
492	4.305562405863373
493	4.305562405524365
494	4.305562405151919
495	4.305562404510414
496	4.305562404336228
497	4.30556240406212
498	4.30556240346772
499	4.305562403145261
500	4.3055624031153235
501	4.305562402847134
502	4.305562402722297
503	4.3055624025854735
504	4.305562402447748
505	4.3055624022677375
506	4.305562402119946
507	4.305562402047628
508	4.305562401953113
509	4.305562401843889
510	4.305562401754543
511	4.305562401685822
512	4.305562401631303
513	4.305562401572002
514	4.3055624015168945
515	4.305562401487024
516	4.305562401438865
517	4.3055624013975935
518	4.305562401350357
519	4.305562401321889
520	4.305562401259958
521	4.3055624012323985
522	4.3055624011941385
523	4.305562401127839
524	4.305562401104684
525	4.305562401066834
526	4.305562401035473
527	4.3055624010193005
528	4.305562400966989
529	4.305562400947584
530	4.305562400915108
531	4.305562400885251
532	4.3055624008664495
533	4.305562400840861
534	4.30556240083532
535	4.30556240081384
536	4.305562400799055
537	4.305562400788952
538	4.3055624007771
539	4.30556240076282
540	4.30556240075237
541	4.305562400741901
542	4.305562400730142
543	4.305562400719018
544	4.305562400714944
545	4.305562400710164
546	4.305562400701572
547	4.305562400695697
548	4.305562400691426
549	4.30556240068732
550	4.305562400680812
551	4.30556240067294
552	4.305562400668888
553	4.305562400660788
554	4.305562400654569
555	4.305562400651167
556	4.305562400648172
557	4.305562400642903
558	4.305562400638318
559	4.305562400636182
560	4.305562400631897
561	4.305562400629472
562	4.305562400626343
563	4.305562400622551
564	4.305562400620585
565	4.3055624006176645
566	4.305562400614806
567	4.305562400613762
568	4.3055624006104445
569	4.305562400609809
570	4.305562400608363
571	4.305562400607006
572	4.305562400605757
573	4.305562400603862
574	4.305562400602499
575	4.305562400601763
576	4.305562400601013
577	4.30556240060038
578	4.305562400599558
579	4.305562400599
580	4.305562400598213
581	4.305562400597468
582	4.305562400597276
583	4.305562400596744
584	4.305562400596219
585	4.305562400595838
586	4.305562400595603
587	4.305562400595403
588	4.305562400595149
589	4.305562400594993
590	4.305562400594776
591	4.305562400594639
592	4.305562400594374
593	4.305562400594221
594	4.3055624005939155
595	4.3055624005938125
596	4.30556240059364
597	4.305562400593607
598	4.30556240059347
599	4.305562400593303
600	4.305562400593179
601	4.305562400593035
602	4.305562400592956
603	4.305562400592877
604	4.30556240059279
605	4.305562400592654
606	4.305562400592606
607	4.305562400592502
608	4.305562400592446
609	4.305562400592421
610	4.305562400592304
611	4.30556240059227
612	4.305562400592251
613	4.305562400592213
614	4.305562400592147
615	4.3055624005921125
616	4.305562400592093
617	4.305562400592072
618	4.305562400592042
619	4.305562400592016
620	4.305562400591967
621	4.305562400591951
622	4.305562400591922
623	4.3055624005918816
624	4.305562400591855
625	4.305562400591837
626	4.305562400591817
627	4.30556240059179
628	4.305562400591756
629	4.305562400591745
630	4.30556240059173
631	4.305562400591716
632	4.305562400591701
633	4.3055624005916915
634	4.305562400591663
635	4.30556240059166
636	4.305562400591649
637	4.3055624005916435
638	4.30556240059163
639	4.305562400591625
640	4.305562400591613
641	4.305562400591611
642	4.305562400591603
643	4.305562400591593
644	4.305562400591587
645	4.305562400591586
646	4.305562400591583
647	4.305562400591581
648	4.305562400591575
649	4.305562400591573
650	4.30556240059157
651	4.305562400591565
652	4.3055624005915645
653	4.30556240059156
654	4.305562400591558
655	4.3055624005915565
656	4.305562400591555
657	4.305562400591553
658	4.305562400591551
659	4.30556240059155
660	4.305562400591549
661	4.3055624005915485
662	4.305562400591546
663	4.305562400591545
664	4.305562400591544
665	4.305562400591543
666	4.305562400591541
667	4.305562400591541
668	4.30556240059154
669	4.30556240059154
670	4.305562400591539
671	4.305562400591538
672	4.305562400591537
673	4.305562400591536
674	4.305562400591536
675	4.305562400591535
676	4.305562400591535
677	4.305562400591534
678	4.3055624005915325
679	4.3055624005915325
680	4.3055624005915325
681	4.305562400591532
682	4.305562400591531
683	4.305562400591531
684	4.305562400591531
685	4.305562400591531
686	4.30556240059153
687	4.30556240059153
688	4.305562400591529
689	4.305562400591529
690	4.305562400591529
691	4.305562400591529
692	4.305562400591529
693	4.305562400591529
694	4.305562400591529
695	4.305562400591529
696	4.305562400591529
697	4.305562400591528
698	4.305562400591528
699	4.305562400591528
700	4.305562400591528
701	4.305562400591528
702	4.305562400591528
703	4.305562400591528
704	4.305562400591528
705	4.305562400591528
706	4.305562400591528
707	4.305562400591527
708	4.305562400591526
709	4.305562400591526
710	4.305562400591526
711	4.305562400591526
712	4.305562400591526
713	4.305562400591526
714	4.305562400591526
715	4.305562400591526
716	4.305562400591526
717	4.305562400591526
718	4.305562400591526
719	4.305562400591526
720	4.305562400591526
721	4.305562400591526
722	4.305562400591526
723	4.305562400591526
724	4.305562400591526
725	4.305562400591526
726	4.305562400591526
727	4.305562400591526
728	4.305562400591526
729	4.305562400591526
730	4.305562400591526
731	4.305562400591526
732	4.305562400591526
733	4.305562400591526
734	4.305562400591526
735	4.305562400591526
736	4.305562400591526
737	4.305562400591526
738	4.305562400591526
739	4.305562400591526
740	4.305562400591526
741	4.305562400591526
742	4.305562400591526
743	4.305562400591526
744	4.305562400591526
745	4.305562400591526
746	4.305562400591525
747	4.305562400591525
748	4.305562400591525
749	4.305562400591525
750	4.305562400591525
751	4.305562400591525
752	4.305562400591525
753	4.305562400591525
754	4.305562400591525
755	4.305562400591525
756	4.305562400591525
757	4.305562400591525
758	4.305562400591525
759	4.305562400591525
760	4.305562400591525
761	4.305562400591525
762	4.305562400591525
763	4.305562400591525
764	4.305562400591525
765	4.305562400591525
766	4.305562400591525
767	4.305562400591525
768	4.305562400591525
769	4.305562400591525
770	4.305562400591524
771	4.305562400591524
772	4.305562400591524
773	4.305562400591524
774	4.305562400591524
775	4.305562400591524
776	4.305562400591524
777	4.305562400591524
778	4.305562400591524
779	4.305562400591524
780	4.305562400591524
781	4.305562400591524
782	4.305562400591524
783	4.305562400591524
784	4.305562400591524
785	4.305562400591524
786	4.305562400591524
787	4.305562400591524
788	4.305562400591524
789	4.305562400591524
790	4.305562400591524
791	4.305562400591524
792	4.305562400591524
793	4.305562400591524
794	4.305562400591524
795	4.305562400591524
796	4.305562400591524
797	4.305562400591524
798	4.305562400591524
799	4.305562400591524
800	4.305562400591524
801	4.305562400591524
802	4.305562400591524
803	4.305562400591524
804	4.305562400591524
805	4.305562400591524
806	4.305562400591524
807	4.305562400591524
808	4.305562400591524
809	4.305562400591524
810	4.305562400591524
811	4.305562400591524
812	4.305562400591524
813	4.305562400591524
814	4.305562400591524
815	4.305562400591524
816	4.305562400591524
817	4.305562400591524
818	4.305562400591524
819	4.305562400591524
820	4.305562400591524
821	4.305562400591524
822	4.305562400591524
823	4.305562400591524
824	4.305562400591524
825	4.305562400591524
826	4.305562400591524
827	4.305562400591524
828	4.305562400591524
829	4.305562400591524
830	4.305562400591524
831	4.305562400591524
832	4.305562400591524
833	4.305562400591524
834	4.305562400591524
835	4.305562400591524
836	4.305562400591524
837	4.305562400591524
838	4.305562400591524
839	4.305562400591524
840	4.305562400591524
841	4.305562400591524
842	4.305562400591524
843	4.305562400591524
844	4.305562400591524
845	4.305562400591524
846	4.305562400591524
847	4.305562400591524
848	4.305562400591524
849	4.305562400591524
850	4.305562400591524
851	4.305562400591524
852	4.305562400591524
853	4.305562400591524
854	4.305562400591524
855	4.305562400591524
856	4.305562400591524
857	4.305562400591524
858	4.305562400591524
859	4.305562400591524
860	4.305562400591524
861	4.305562400591524
862	4.305562400591524
863	4.305562400591524
864	4.305562400591524
865	4.305562400591524
866	4.305562400591524
867	4.305562400591524
868	4.305562400591524
869	4.305562400591524
870	4.305562400591524
871	4.305562400591524
872	4.305562400591524
873	4.305562400591524
874	4.305562400591524
875	4.305562400591524
876	4.305562400591524
877	4.305562400591524
878	4.305562400591524
879	4.305562400591524
880	4.305562400591524
881	4.305562400591524
882	4.305562400591524
883	4.305562400591524
884	4.305562400591524
885	4.305562400591524
886	4.305562400591524
887	4.305562400591524
888	4.305562400591524
889	4.305562400591524
890	4.305562400591524
891	4.305562400591524
892	4.305562400591523
893	4.305562400591523
894	4.305562400591523
895	4.305562400591523
896	4.305562400591523
897	4.305562400591523
898	4.305562400591523
899	4.305562400591523
900	4.305562400591523
901	4.305562400591523
902	4.305562400591523
903	4.305562400591523
904	4.305562400591523
905	4.305562400591523
906	4.305562400591523
907	4.305562400591523
908	4.305562400591523
909	4.305562400591523
910	4.305562400591523
911	4.305562400591523
912	4.305562400591523
913	4.305562400591523
914	4.305562400591523
915	4.305562400591523
916	4.305562400591523
917	4.305562400591523
918	4.305562400591523
919	4.305562400591523
920	4.305562400591523
921	4.305562400591523
922	4.305562400591523
923	4.305562400591523
924	4.305562400591523
925	4.305562400591523
926	4.305562400591523
927	4.305562400591523
928	4.305562400591523
929	4.305562400591523
930	4.305562400591523
931	4.305562400591523
932	4.305562400591523
933	4.305562400591523
934	4.305562400591523
935	4.305562400591523
936	4.305562400591523
937	4.305562400591523
938	4.305562400591523
939	4.305562400591523
940	4.305562400591523
941	4.305562400591523
942	4.305562400591523
943	4.305562400591523
944	4.305562400591523
945	4.305562400591523
946	4.305562400591523
947	4.305562400591523
948	4.305562400591523
949	4.305562400591523
950	4.305562400591523
951	4.305562400591523
952	4.305562400591523
953	4.305562400591523
954	4.305562400591523
955	4.305562400591523
956	4.305562400591523
957	4.305562400591523
958	4.305562400591523
959	4.305562400591523
960	4.305562400591523
961	4.305562400591523
962	4.305562400591523
963	4.305562400591523
964	4.305562400591523
965	4.305562400591523
966	4.305562400591523
967	4.305562400591523
968	4.305562400591523
969	4.305562400591523
970	4.305562400591523
971	4.305562400591523
972	4.305562400591523
973	4.305562400591523
974	4.305562400591523
975	4.305562400591523
976	4.305562400591523
977	4.305562400591523
978	4.305562400591523
979	4.305562400591523
980	4.305562400591523
981	4.305562400591523
982	4.305562400591523
983	4.305562400591523
984	4.305562400591523
985	4.305562400591523
986	4.305562400591523
987	4.305562400591523
988	4.305562400591523
989	4.305562400591523
990	4.305562400591523
991	4.305562400591523
992	4.305562400591523
993	4.305562400591523
994	4.305562400591523
995	4.305562400591523
996	4.305562400591523
997	4.305562400591523
998	4.305562400591523
999	4.305562400591523
1000	4.305562400591523
1001	4.305562400591523
1002	4.305562400591523
1003	4.305562400591523
1004	4.305562400591523
1005	4.305562400591523
1006	4.305562400591523
1007	4.305562400591523
1008	4.305562400591523
1009	4.305562400591523
1010	4.305562400591523
1011	4.305562400591523
1012	4.305562400591523
1013	4.305562400591523
1014	4.305562400591523
1015	4.305562400591523
1016	4.305562400591523
1017	4.305562400591523
1018	4.305562400591523
1019	4.305562400591523
1020	4.305562400591523
1021	4.305562400591523
1022	4.305562400591523
1023	4.305562400591523
1024	4.305562400591523
1025	4.305562400591523
1026	4.305562400591523
1027	4.305562400591523
1028	4.305562400591523
1029	4.305562400591523
1030	4.305562400591523
1031	4.305562400591523
1032	4.305562400591523
1033	4.305562400591523
1034	4.305562400591523
1035	4.305562400591523
1036	4.305562400591523
1037	4.305562400591523
1038	4.305562400591523
1039	4.305562400591523
1040	4.305562400591523
1041	4.305562400591523
1042	4.305562400591523
1043	4.305562400591523
1044	4.305562400591523
1045	4.305562400591523
1046	4.305562400591523
1047	4.305562400591523
1048	4.305562400591523
1049	4.305562400591523
1050	4.305562400591523
1051	4.305562400591523
1052	4.305562400591523
1053	4.305562400591523
1054	4.305562400591523
1055	4.305562400591523
1056	4.305562400591523
1057	4.305562400591523
1058	4.305562400591523
1059	4.305562400591523
1060	4.305562400591523
1061	4.305562400591523
1062	4.305562400591523
1063	4.305562400591523
1064	4.305562400591523
1065	4.305562400591523
1066	4.305562400591523
1067	4.305562400591523
1068	4.305562400591523
1069	4.305562400591523
1070	4.305562400591523
1071	4.305562400591523
1072	4.305562400591523
1073	4.305562400591523
1074	4.305562400591523
1075	4.305562400591523
1076	4.305562400591523
1077	4.305562400591523
1078	4.305562400591523
1079	4.305562400591523
1080	4.305562400591523
1081	4.305562400591523
1082	4.305562400591523
1083	4.305562400591523
1084	4.305562400591523
1085	4.305562400591523
1086	4.305562400591523
1087	4.305562400591523
1088	4.305562400591523
1089	4.305562400591523
1090	4.305562400591523
1091	4.305562400591523
1092	4.305562400591523
1093	4.305562400591523
1094	4.305562400591523
1095	4.305562400591523
1096	4.305562400591523
1097	4.305562400591523
1098	4.305562400591523
1099	4.305562400591523
1100	4.305562400591523
1101	4.305562400591523
1102	4.305562400591523
1103	4.305562400591523
1104	4.305562400591523
1105	4.305562400591523
1106	4.305562400591523
1107	4.305562400591523
1108	4.305562400591523
1109	4.305562400591523
1110	4.305562400591523
1111	4.305562400591523
1112	4.305562400591523
1113	4.305562400591523
1114	4.305562400591523
1115	4.305562400591523
1116	4.305562400591523
1117	4.305562400591523
1118	4.305562400591523
1119	4.305562400591523
1120	4.305562400591523
1121	4.305562400591523
1122	4.305562400591523
1123	4.305562400591523
1124	4.305562400591523
1125	4.305562400591523
1126	4.305562400591523
1127	4.305562400591523
1128	4.305562400591523
1129	4.305562400591523
1130	4.305562400591523
1131	4.305562400591523
1132	4.305562400591523
1133	4.305562400591523
1134	4.305562400591523
1135	4.305562400591523
1136	4.305562400591523
1137	4.305562400591523
1138	4.305562400591523
1139	4.305562400591523
1140	4.305562400591523
1141	4.305562400591523
1142	4.305562400591523
1143	4.305562400591523
1144	4.305562400591523
1145	4.305562400591523
1146	4.305562400591523
1147	4.305562400591523
1148	4.305562400591523
1149	4.305562400591523
1150	4.305562400591523
1151	4.305562400591523
1152	4.305562400591523
1153	4.305562400591523
1154	4.305562400591523
1155	4.305562400591523
1156	4.305562400591523
1157	4.305562400591523
1158	4.305562400591523
1159	4.305562400591523
1160	4.305562400591523
1161	4.305562400591523
1162	4.305562400591523
1163	4.305562400591523
1164	4.305562400591523
1165	4.305562400591523
1166	4.305562400591523
1167	4.305562400591523
1168	4.305562400591523
1169	4.305562400591523
1170	4.305562400591523
1171	4.305562400591523
1172	4.305562400591523
1173	4.305562400591523
1174	4.305562400591523
1175	4.305562400591523
1176	4.305562400591523
1177	4.305562400591523
1178	4.305562400591523
1179	4.305562400591523
1180	4.305562400591523
1181	4.305562400591523
1182	4.305562400591523
1183	4.305562400591523
1184	4.305562400591523
1185	4.305562400591523
1186	4.305562400591523
1187	4.305562400591523
1188	4.305562400591523
1189	4.305562400591523
1190	4.305562400591523
1191	4.305562400591523
1192	4.305562400591523
1193	4.305562400591523
1194	4.305562400591523
1195	4.305562400591523
1196	4.305562400591523
1197	4.305562400591523
1198	4.305562400591523
1199	4.305562400591523
1200	4.305562400591523
1201	4.305562400591523
1202	4.305562400591523
1203	4.305562400591523
1204	4.305562400591523
1205	4.305562400591523
1206	4.305562400591523
1207	4.305562400591523
1208	4.305562400591523
1209	4.305562400591523
1210	4.305562400591523
1211	4.305562400591523
1212	4.305562400591523
1213	4.305562400591523
1214	4.305562400591523
1215	4.305562400591523
1216	4.305562400591523
1217	4.305562400591523
1218	4.305562400591523
1219	4.305562400591523
1220	4.305562400591523
1221	4.305562400591523
1222	4.305562400591523
1223	4.305562400591523
1224	4.305562400591523
1225	4.305562400591523
1226	4.305562400591523
1227	4.305562400591523
1228	4.305562400591523
1229	4.305562400591523
1230	4.305562400591523
1231	4.305562400591523
1232	4.305562400591523
1233	4.305562400591523
1234	4.305562400591523
1235	4.305562400591523
1236	4.305562400591523
1237	4.305562400591523
1238	4.305562400591523
1239	4.305562400591523
1240	4.305562400591523
1241	4.305562400591523
1242	4.305562400591523
1243	4.305562400591523
1244	4.305562400591523
1245	4.305562400591523
1246	4.305562400591523
1247	4.305562400591523
1248	4.305562400591523
1249	4.305562400591523
1250	4.305562400591523
1251	4.305562400591523
1252	4.305562400591523
1253	4.305562400591523
1254	4.305562400591523
1255	4.305562400591523
1256	4.305562400591523
1257	4.305562400591523
1258	4.305562400591523
1259	4.305562400591523
1260	4.305562400591523
1261	4.305562400591523
1262	4.305562400591523
1263	4.305562400591523
1264	4.305562400591523
1265	4.305562400591523
1266	4.305562400591523
1267	4.305562400591523
1268	4.305562400591523
1269	4.305562400591523
1270	4.305562400591523
1271	4.305562400591523
1272	4.305562400591523
1273	4.305562400591523
1274	4.305562400591523
1275	4.305562400591523
1276	4.305562400591523
1277	4.305562400591523
1278	4.305562400591523
1279	4.305562400591523
1280	4.305562400591523
1281	4.305562400591523
1282	4.305562400591523
1283	4.305562400591523
1284	4.305562400591523
1285	4.305562400591523
1286	4.305562400591523
1287	4.305562400591523
1288	4.305562400591523
1289	4.305562400591523
1290	4.305562400591523
1291	4.305562400591523
1292	4.305562400591523
1293	4.305562400591523
1294	4.305562400591523
1295	4.305562400591523
1296	4.305562400591523
1297	4.305562400591523
1298	4.305562400591523
1299	4.305562400591523
1300	4.305562400591523
1301	4.305562400591523
1302	4.305562400591523
1303	4.305562400591523
1304	4.305562400591523
1305	4.305562400591523
1306	4.305562400591523
1307	4.305562400591523
1308	4.305562400591523
1309	4.305562400591523
1310	4.305562400591523
1311	4.305562400591523
1312	4.305562400591523
1313	4.305562400591523
1314	4.305562400591523
1315	4.305562400591523
1316	4.305562400591523
1317	4.305562400591523
1318	4.305562400591523
1319	4.305562400591523
1320	4.305562400591523
1321	4.305562400591523
1322	4.305562400591523
1323	4.305562400591523
1324	4.305562400591523
1325	4.305562400591523
1326	4.305562400591523
1327	4.305562400591523
1328	4.305562400591523
1329	4.305562400591523
1330	4.305562400591523
1331	4.305562400591523
1332	4.305562400591523
1333	4.305562400591523
1334	4.305562400591523
1335	4.305562400591523
1336	4.305562400591523
1337	4.305562400591523
1338	4.305562400591523
1339	4.305562400591523
1340	4.305562400591523
1341	4.305562400591523
1342	4.305562400591523
1343	4.305562400591523
1344	4.305562400591523
1345	4.305562400591523
1346	4.305562400591523
1347	4.305562400591523
1348	4.305562400591523
1349	4.305562400591523
1350	4.305562400591523
1351	4.305562400591523
1352	4.305562400591523
1353	4.305562400591523
1354	4.305562400591523
1355	4.305562400591523
1356	4.305562400591523
1357	4.305562400591523
1358	4.305562400591523
1359	4.305562400591523
1360	4.305562400591523
1361	4.305562400591523
1362	4.305562400591523
1363	4.305562400591523
1364	4.305562400591523
1365	4.305562400591523
1366	4.305562400591523
1367	4.305562400591523
1368	4.305562400591523
1369	4.305562400591523
1370	4.305562400591523
1371	4.305562400591523
1372	4.305562400591523
1373	4.305562400591523
1374	4.305562400591523
1375	4.305562400591523
1376	4.305562400591523
1377	4.305562400591523
1378	4.305562400591523
1379	4.305562400591523
1380	4.305562400591523
1381	4.305562400591523
1382	4.305562400591523
1383	4.305562400591523
1384	4.305562400591523
1385	4.305562400591523
1386	4.305562400591523
1387	4.305562400591523
1388	4.305562400591523
1389	4.305562400591523
1390	4.305562400591523
1391	4.305562400591523
1392	4.305562400591523
1393	4.305562400591523
1394	4.305562400591523
1395	4.305562400591523
1396	4.305562400591523
1397	4.305562400591523
1398	4.305562400591523
1399	4.305562400591523
1400	4.305562400591523
1401	4.305562400591523
1402	4.305562400591523
1403	4.305562400591523
1404	4.305562400591523
1405	4.305562400591523
1406	4.305562400591523
1407	4.305562400591523
1408	4.305562400591523
1409	4.305562400591523
1410	4.305562400591523
1411	4.305562400591523
1412	4.305562400591523
1413	4.305562400591523
1414	4.305562400591523
1415	4.305562400591523
1416	4.305562400591523
1417	4.305562400591523
1418	4.305562400591523
1419	4.305562400591523
1420	4.305562400591523
1421	4.305562400591523
1422	4.305562400591523
1423	4.305562400591523
1424	4.305562400591523
1425	4.305562400591523
1426	4.305562400591523
1427	4.305562400591523
1428	4.305562400591523
1429	4.305562400591523
1430	4.305562400591523
1431	4.305562400591523
1432	4.305562400591523
1433	4.305562400591523
1434	4.305562400591523
1435	4.305562400591523
1436	4.305562400591523
1437	4.305562400591523
1438	4.305562400591523
1439	4.305562400591523
1440	4.305562400591523
1441	4.305562400591523
1442	4.305562400591523
1443	4.305562400591523
1444	4.305562400591523
1445	4.305562400591523
1446	4.305562400591523
1447	4.305562400591523
1448	4.305562400591523
1449	4.305562400591523
1450	4.305562400591523
1451	4.305562400591523
1452	4.305562400591523
1453	4.305562400591523
1454	4.305562400591523
1455	4.305562400591523
1456	4.305562400591523
1457	4.305562400591523
1458	4.305562400591523
1459	4.305562400591523
1460	4.305562400591523
1461	4.305562400591523
1462	4.305562400591523
1463	4.305562400591523
1464	4.305562400591523
1465	4.305562400591523
1466	4.305562400591523
1467	4.305562400591523
1468	4.305562400591522
1469	4.305562400591522
1470	4.305562400591522
1471	4.305562400591522
1472	4.305562400591522
1473	4.305562400591522
1474	4.305562400591522
1475	4.305562400591522
1476	4.305562400591522
1477	4.305562400591522
1478	4.305562400591522
1479	4.305562400591522
1480	4.305562400591522
1481	4.305562400591522
1482	4.305562400591522
1483	4.305562400591522
1484	4.305562400591522
1485	4.305562400591522
1486	4.305562400591522
1487	4.305562400591522
1488	4.305562400591522
1489	4.305562400591522
1490	4.305562400591522
1491	4.305562400591522
1492	4.305562400591522
1493	4.305562400591522
1494	4.305562400591522
1495	4.305562400591522
1496	4.305562400591522
1497	4.305562400591522
1498	4.305562400591522
1499	4.305562400591522
1500	4.305562400591522
1501	4.305562400591522
1502	4.305562400591522
1503	4.305562400591522
1504	4.305562400591522
1505	4.305562400591522
1506	4.305562400591522
1507	4.305562400591522
1508	4.305562400591522
1509	4.305562400591522
1510	4.305562400591522
1511	4.305562400591522
1512	4.305562400591522
1513	4.305562400591522
1514	4.305562400591522
1515	4.305562400591522
1516	4.305562400591522
1517	4.305562400591522
1518	4.305562400591522
1519	4.305562400591522
1520	4.305562400591522
1521	4.305562400591522
1522	4.305562400591522
1523	4.305562400591522
1524	4.305562400591522
1525	4.305562400591522
1526	4.305562400591522
1527	4.305562400591522
1528	4.305562400591522
1529	4.305562400591522
1530	4.305562400591522
1531	4.305562400591522
1532	4.305562400591522
1533	4.305562400591522
1534	4.305562400591522
1535	4.305562400591522
1536	4.305562400591522
1537	4.305562400591522
1538	4.305562400591522
1539	4.305562400591522
1540	4.305562400591522
1541	4.305562400591522
1542	4.305562400591522
1543	4.305562400591522
1544	4.305562400591522
1545	4.305562400591522
1546	4.305562400591522
1547	4.305562400591522
1548	4.305562400591522
1549	4.305562400591522
1550	4.305562400591522
1551	4.305562400591522
1552	4.305562400591522
1553	4.305562400591522
1554	4.305562400591522
1555	4.305562400591522
1556	4.305562400591522
1557	4.305562400591522
1558	4.305562400591522
1559	4.305562400591522
1560	4.305562400591522
1561	4.305562400591522
1562	4.305562400591522
1563	4.305562400591522
1564	4.305562400591522
1565	4.305562400591522
1566	4.305562400591522
1567	4.305562400591522
1568	4.305562400591522
1569	4.305562400591522
1570	4.305562400591522
1571	4.305562400591522
1572	4.305562400591522
1573	4.305562400591522
1574	4.305562400591522
1575	4.305562400591522
1576	4.305562400591522
1577	4.305562400591522
1578	4.305562400591522
1579	4.305562400591522
1580	4.305562400591522
1581	4.305562400591522
1582	4.305562400591522
1583	4.305562400591522
1584	4.305562400591522
1585	4.305562400591522
1586	4.305562400591522
1587	4.305562400591522
1588	4.305562400591522
1589	4.305562400591522
1590	4.305562400591522
1591	4.305562400591522
1592	4.305562400591522
1593	4.305562400591522
1594	4.305562400591522
1595	4.305562400591522
1596	4.305562400591522
1597	4.305562400591522
1598	4.305562400591522
1599	4.305562400591522
1600	4.305562400591522
1601	4.305562400591522
1602	4.305562400591522
1603	4.305562400591522
1604	4.305562400591522
1605	4.305562400591522
1606	4.305562400591522
1607	4.305562400591522
1608	4.305562400591522
1609	4.305562400591522
1610	4.305562400591522
1611	4.305562400591522
1612	4.305562400591522
1613	4.305562400591522
1614	4.305562400591522
1615	4.305562400591522
1616	4.305562400591522
1617	4.305562400591522
1618	4.305562400591522
1619	4.305562400591522
1620	4.305562400591522
1621	4.305562400591522
1622	4.305562400591522
1623	4.305562400591522
1624	4.305562400591522
1625	4.305562400591522
1626	4.305562400591522
1627	4.305562400591522
1628	4.305562400591522
1629	4.305562400591522
1630	4.305562400591522
1631	4.305562400591522
1632	4.305562400591522
1633	4.305562400591522
1634	4.305562400591522
1635	4.305562400591522
1636	4.305562400591522
1637	4.305562400591522
1638	4.305562400591522
1639	4.305562400591522
1640	4.305562400591522
1641	4.305562400591522
1642	4.305562400591522
1643	4.305562400591522
1644	4.305562400591522
1645	4.305562400591522
1646	4.305562400591522
1647	4.305562400591522
1648	4.305562400591522
1649	4.305562400591522
1650	4.305562400591522
1651	4.305562400591522
1652	4.305562400591522
1653	4.305562400591522
1654	4.305562400591522
1655	4.305562400591522
1656	4.305562400591522
1657	4.305562400591522
1658	4.305562400591522
1659	4.305562400591522
1660	4.305562400591522
1661	4.305562400591522
1662	4.305562400591522
1663	4.305562400591522
1664	4.305562400591522
1665	4.305562400591522
1666	4.305562400591522
1667	4.305562400591522
1668	4.305562400591522
1669	4.305562400591522
1670	4.305562400591522
1671	4.305562400591522
1672	4.305562400591522
1673	4.305562400591522
1674	4.305562400591522
1675	4.305562400591522
1676	4.305562400591522
1677	4.305562400591522
1678	4.305562400591522
1679	4.305562400591522
1680	4.305562400591522
1681	4.305562400591522
1682	4.305562400591522
1683	4.305562400591522
1684	4.305562400591522
1685	4.305562400591522
1686	4.305562400591522
1687	4.305562400591522
1688	4.305562400591522
1689	4.305562400591522
1690	4.305562400591522
1691	4.305562400591522
1692	4.305562400591522
1693	4.305562400591522
1694	4.305562400591522
1695	4.305562400591522
1696	4.305562400591522
1697	4.305562400591522
1698	4.305562400591522
1699	4.305562400591522
1700	4.305562400591522
1701	4.305562400591522
1702	4.305562400591522
1703	4.305562400591522
1704	4.305562400591522
1705	4.305562400591522
1706	4.305562400591522
1707	4.305562400591522
1708	4.305562400591522
1709	4.305562400591522
1710	4.305562400591522
1711	4.305562400591522
1712	4.305562400591522
1713	4.305562400591522
1714	4.305562400591522
1715	4.305562400591522
1716	4.305562400591522
1717	4.305562400591522
1718	4.305562400591522
1719	4.305562400591522
1720	4.305562400591522
1721	4.305562400591522
1722	4.305562400591522
1723	4.305562400591522
1724	4.305562400591522
1725	4.305562400591522
1726	4.305562400591522
1727	4.305562400591522
1728	4.305562400591522
1729	4.305562400591522
1730	4.305562400591522
1731	4.305562400591522
1732	4.305562400591522
1733	4.305562400591522
1734	4.305562400591522
1735	4.305562400591522
1736	4.305562400591522
1737	4.305562400591522
1738	4.305562400591522
1739	4.305562400591522
1740	4.305562400591522
1741	4.305562400591522
1742	4.305562400591522
1743	4.305562400591522
1744	4.305562400591522
1745	4.305562400591522
1746	4.305562400591522
1747	4.305562400591522
1748	4.305562400591522
1749	4.305562400591522
1750	4.305562400591522
1751	4.305562400591522
1752	4.305562400591522
1753	4.305562400591522
1754	4.305562400591522
1755	4.305562400591522
1756	4.305562400591522
1757	4.305562400591522
1758	4.305562400591522
1759	4.305562400591522
1760	4.305562400591522
1761	4.305562400591522
1762	4.305562400591522
1763	4.305562400591522
1764	4.305562400591522
1765	4.305562400591522
1766	4.305562400591522
1767	4.305562400591522
1768	4.305562400591522
1769	4.305562400591522
1770	4.305562400591522
1771	4.305562400591522
1772	4.305562400591522
1773	4.305562400591522
1774	4.305562400591522
1775	4.305562400591522
1776	4.305562400591522
1777	4.305562400591522
1778	4.305562400591522
1779	4.305562400591522
1780	4.305562400591522
1781	4.305562400591522
1782	4.305562400591522
1783	4.305562400591522
1784	4.305562400591522
1785	4.305562400591522
1786	4.305562400591522
1787	4.305562400591522
1788	4.305562400591522
1789	4.305562400591522
1790	4.305562400591522
1791	4.305562400591522
1792	4.305562400591522
1793	4.305562400591522
1794	4.305562400591522
1795	4.305562400591522
1796	4.305562400591522
1797	4.305562400591522
1798	4.305562400591522
1799	4.305562400591522
1800	4.305562400591522
1801	4.305562400591522
1802	4.305562400591522
1803	4.305562400591522
1804	4.305562400591522
1805	4.305562400591522
1806	4.305562400591522
1807	4.305562400591522
1808	4.305562400591522
1809	4.305562400591522
1810	4.305562400591522
1811	4.305562400591522
1812	4.305562400591522
1813	4.305562400591522
1814	4.305562400591522
1815	4.305562400591522
1816	4.305562400591522
1817	4.305562400591522
1818	4.305562400591522
1819	4.305562400591522
1820	4.305562400591522
1821	4.305562400591522
1822	4.305562400591522
1823	4.305562400591522
1824	4.305562400591522
1825	4.305562400591522
1826	4.305562400591522
1827	4.305562400591522
1828	4.305562400591522
1829	4.305562400591522
1830	4.305562400591522
1831	4.305562400591522
1832	4.305562400591522
1833	4.305562400591522
1834	4.305562400591522
1835	4.305562400591522
1836	4.305562400591522
1837	4.305562400591522
1838	4.305562400591522
1839	4.305562400591522
1840	4.305562400591522
1841	4.305562400591522
1842	4.305562400591522
1843	4.305562400591522
1844	4.305562400591522
1845	4.305562400591522
1846	4.305562400591522
1847	4.305562400591522
1848	4.305562400591522
1849	4.305562400591522
1850	4.305562400591522
1851	4.305562400591522
1852	4.305562400591522
1853	4.305562400591522
1854	4.305562400591522
1855	4.305562400591522
1856	4.305562400591522
1857	4.305562400591522
1858	4.305562400591522
1859	4.305562400591522
1860	4.305562400591522
1861	4.305562400591522
1862	4.305562400591522
1863	4.305562400591522
1864	4.305562400591522
1865	4.305562400591522
1866	4.305562400591522
1867	4.305562400591522
1868	4.305562400591522
1869	4.305562400591522
1870	4.305562400591522
1871	4.305562400591522
1872	4.305562400591522
1873	4.305562400591522
1874	4.305562400591522
1875	4.305562400591522
1876	4.305562400591522
1877	4.305562400591522
1878	4.305562400591522
1879	4.305562400591522
1880	4.305562400591522
1881	4.305562400591522
1882	4.305562400591522
1883	4.305562400591522
1884	4.305562400591522
1885	4.305562400591522
1886	4.305562400591522
1887	4.305562400591522
1888	4.305562400591522
1889	4.305562400591522
1890	4.305562400591522
1891	4.305562400591522
1892	4.305562400591522
1893	4.305562400591522
1894	4.305562400591522
1895	4.305562400591522
1896	4.305562400591522
1897	4.305562400591522
1898	4.305562400591522
1899	4.305562400591522
1900	4.305562400591522
1901	4.305562400591522
1902	4.305562400591522
1903	4.305562400591522
1904	4.305562400591522
1905	4.305562400591522
1906	4.305562400591522
1907	4.305562400591522
1908	4.305562400591522
1909	4.305562400591522
1910	4.305562400591522
1911	4.305562400591522
1912	4.305562400591522
1913	4.305562400591522
1914	4.305562400591522
1915	4.305562400591522
1916	4.305562400591522
1917	4.305562400591522
1918	4.305562400591522
1919	4.305562400591522
1920	4.305562400591522
1921	4.305562400591522
1922	4.305562400591522
1923	4.305562400591522
1924	4.305562400591522
1925	4.305562400591522
1926	4.305562400591522
1927	4.305562400591522
1928	4.305562400591522
1929	4.305562400591522
1930	4.305562400591522
1931	4.305562400591522
1932	4.305562400591522
1933	4.305562400591522
1934	4.305562400591522
1935	4.305562400591522
1936	4.305562400591522
1937	4.305562400591522
1938	4.305562400591522
1939	4.305562400591522
1940	4.305562400591522
1941	4.305562400591522
1942	4.305562400591522
1943	4.305562400591522
1944	4.305562400591522
1945	4.305562400591522
1946	4.305562400591522
1947	4.305562400591522
1948	4.305562400591522
1949	4.305562400591522
1950	4.305562400591522
1951	4.305562400591522
1952	4.305562400591522
1953	4.305562400591522
1954	4.305562400591522
1955	4.305562400591522
1956	4.305562400591522
1957	4.305562400591522
1958	4.305562400591522
1959	4.305562400591522
1960	4.305562400591522
1961	4.305562400591522
1962	4.305562400591522
1963	4.305562400591522
1964	4.305562400591522
1965	4.305562400591522
1966	4.305562400591522
1967	4.305562400591522
1968	4.305562400591522
1969	4.305562400591522
1970	4.305562400591522
1971	4.305562400591522
1972	4.305562400591522
1973	4.305562400591522
1974	4.305562400591522
1975	4.305562400591522
1976	4.305562400591522
1977	4.305562400591522
1978	4.305562400591522
1979	4.305562400591522
1980	4.305562400591522
1981	4.305562400591522
1982	4.305562400591522
1983	4.305562400591522
1984	4.305562400591522
1985	4.305562400591522
1986	4.305562400591522
1987	4.305562400591522
1988	4.305562400591522
1989	4.305562400591522
1990	4.305562400591522
1991	4.305562400591522
1992	4.305562400591522
1993	4.305562400591522
1994	4.305562400591522
1995	4.305562400591522
1996	4.305562400591522
1997	4.305562400591522
1998	4.305562400591522
1999	4.305562400591522
2000	4.305562400591522
2001	4.305562400591522
2002	4.305562400591522
2003	4.305562400591522
2004	4.305562400591522
2005	4.305562400591522
2006	4.305562400591522
2007	4.305562400591522
2008	4.305562400591522
2009	4.305562400591522
2010	4.305562400591522
2011	4.305562400591522
2012	4.305562400591522
2013	4.305562400591522
2014	4.305562400591522
2015	4.305562400591522
2016	4.305562400591522
2017	4.305562400591522
2018	4.305562400591522
2019	4.305562400591522
2020	4.305562400591522
2021	4.305562400591522
2022	4.305562400591522
2023	4.305562400591522
2024	4.305562400591522
2025	4.305562400591522
2026	4.305562400591522
2027	4.305562400591522
2028	4.305562400591522
2029	4.305562400591522
2030	4.305562400591522
2031	4.305562400591522
2032	4.305562400591522
2033	4.305562400591522
2034	4.305562400591522
2035	4.305562400591522
2036	4.305562400591522
2037	4.305562400591522
2038	4.305562400591522
2039	4.305562400591522
2040	4.305562400591522
2041	4.305562400591522
2042	4.305562400591522
2043	4.305562400591522
2044	4.305562400591522
2045	4.305562400591522
2046	4.305562400591522
2047	4.305562400591522
2048	4.305562400591522
2049	4.305562400591522
2050	4.305562400591522
2051	4.305562400591522
2052	4.305562400591522
2053	4.305562400591522
2054	4.305562400591522
2055	4.305562400591522
2056	4.305562400591522
2057	4.305562400591522
2058	4.305562400591522
2059	4.305562400591522
2060	4.305562400591522
2061	4.305562400591522
2062	4.305562400591522
2063	4.305562400591522
2064	4.305562400591522
2065	4.305562400591522
2066	4.305562400591522
2067	4.305562400591522
2068	4.305562400591522
2069	4.305562400591522
2070	4.305562400591522
2071	4.305562400591522
2072	4.305562400591522
2073	4.305562400591522
2074	4.305562400591522
2075	4.305562400591522
2076	4.305562400591522
2077	4.305562400591522
2078	4.305562400591522
2079	4.305562400591522
2080	4.305562400591522
2081	4.305562400591522
2082	4.305562400591522
2083	4.305562400591522
2084	4.305562400591522
2085	4.305562400591522
2086	4.305562400591522
2087	4.305562400591522
2088	4.305562400591522
2089	4.305562400591522
2090	4.305562400591522
2091	4.305562400591522
2092	4.305562400591522
2093	4.305562400591522
2094	4.305562400591522
2095	4.305562400591522
2096	4.305562400591522
2097	4.305562400591522
2098	4.305562400591522
2099	4.305562400591522
2100	4.305562400591522
2101	4.305562400591522
2102	4.305562400591522
2103	4.305562400591522
2104	4.305562400591522
2105	4.305562400591522
2106	4.305562400591522
2107	4.305562400591522
2108	4.305562400591522
2109	4.305562400591522
2110	4.305562400591522
2111	4.305562400591522
2112	4.305562400591522
2113	4.305562400591522
2114	4.305562400591522
2115	4.305562400591522
2116	4.305562400591522
2117	4.305562400591522
2118	4.305562400591522
2119	4.305562400591522
2120	4.305562400591522
2121	4.305562400591522
2122	4.305562400591522
2123	4.305562400591522
2124	4.305562400591522
2125	4.305562400591522
2126	4.305562400591522
2127	4.305562400591522
2128	4.305562400591522
2129	4.305562400591522
2130	4.305562400591522
2131	4.305562400591522
2132	4.305562400591522
2133	4.305562400591522
2134	4.305562400591522
2135	4.305562400591522
2136	4.305562400591522
2137	4.305562400591522
2138	4.305562400591522
2139	4.305562400591522
2140	4.305562400591522
2141	4.305562400591522
2142	4.305562400591522
2143	4.305562400591522
2144	4.305562400591522
2145	4.305562400591522
2146	4.305562400591522
2147	4.305562400591522
2148	4.305562400591522
2149	4.305562400591522
2150	4.305562400591522
2151	4.305562400591522
2152	4.305562400591522
2153	4.305562400591522
2154	4.305562400591522
2155	4.305562400591522
2156	4.305562400591522
2157	4.305562400591522
2158	4.305562400591522
2159	4.305562400591522
2160	4.305562400591522
2161	4.305562400591522
2162	4.305562400591522
2163	4.305562400591522
2164	4.305562400591522
2165	4.305562400591522
2166	4.305562400591522
2167	4.305562400591522
2168	4.305562400591522
2169	4.305562400591522
2170	4.305562400591522
2171	4.305562400591522
2172	4.305562400591522
2173	4.305562400591522
2174	4.305562400591522
2175	4.305562400591522
2176	4.305562400591522
2177	4.305562400591522
2178	4.305562400591522
2179	4.305562400591522
2180	4.305562400591522
2181	4.305562400591522
2182	4.305562400591522
2183	4.305562400591522
2184	4.305562400591522
2185	4.305562400591522
2186	4.305562400591522
2187	4.305562400591522
2188	4.305562400591522
2189	4.305562400591522
2190	4.305562400591522
2191	4.305562400591522
2192	4.305562400591522
2193	4.305562400591522
2194	4.305562400591522
2195	4.305562400591522
2196	4.305562400591522
2197	4.305562400591522
2198	4.305562400591522
2199	4.305562400591522
2200	4.305562400591522
2201	4.305562400591522
2202	4.305562400591522
2203	4.305562400591522
2204	4.305562400591522
2205	4.305562400591522
2206	4.305562400591522
2207	4.305562400591522
2208	4.305562400591522
2209	4.305562400591522
2210	4.305562400591522
2211	4.305562400591522
2212	4.305562400591522
2213	4.305562400591522
2214	4.305562400591522
2215	4.305562400591522
2216	4.305562400591522
2217	4.305562400591522
2218	4.305562400591522
2219	4.305562400591522
2220	4.305562400591522
2221	4.305562400591522
2222	4.305562400591522
2223	4.305562400591522
2224	4.305562400591522
2225	4.305562400591522
2226	4.305562400591522
2227	4.305562400591522
2228	4.305562400591522
2229	4.305562400591522
2230	4.305562400591522
2231	4.305562400591522
2232	4.305562400591522
2233	4.305562400591522
2234	4.305562400591522
2235	4.305562400591522
2236	4.305562400591522
2237	4.305562400591522
2238	4.305562400591522
2239	4.305562400591522
2240	4.305562400591522
2241	4.305562400591522
2242	4.305562400591522
2243	4.305562400591522
2244	4.305562400591522
2245	4.305562400591522
2246	4.305562400591522
2247	4.305562400591522
2248	4.305562400591522
2249	4.305562400591522
2250	4.305562400591522
2251	4.305562400591522
2252	4.305562400591522
2253	4.305562400591522
2254	4.305562400591522
2255	4.305562400591522
2256	4.305562400591522
2257	4.305562400591522
2258	4.305562400591522
2259	4.305562400591522
2260	4.305562400591522
2261	4.305562400591522
2262	4.305562400591522
2263	4.305562400591522
2264	4.305562400591522
2265	4.305562400591522
2266	4.305562400591522
2267	4.305562400591522
2268	4.305562400591522
2269	4.305562400591522
2270	4.305562400591522
2271	4.305562400591522
2272	4.305562400591522
2273	4.305562400591522
2274	4.305562400591522
2275	4.305562400591522
2276	4.305562400591522
2277	4.305562400591522
2278	4.305562400591522
2279	4.305562400591522
2280	4.305562400591522
2281	4.305562400591522
2282	4.305562400591522
2283	4.305562400591522
2284	4.305562400591522
2285	4.305562400591522
2286	4.305562400591522
2287	4.305562400591522
2288	4.305562400591522
2289	4.305562400591522
2290	4.305562400591522
2291	4.305562400591522
2292	4.305562400591522
2293	4.305562400591522
2294	4.305562400591522
2295	4.305562400591522
2296	4.305562400591522
2297	4.305562400591522
2298	4.305562400591522
2299	4.305562400591522
2300	4.305562400591522
2301	4.305562400591522
2302	4.305562400591522
2303	4.305562400591522
2304	4.305562400591522
2305	4.305562400591522
2306	4.305562400591522
2307	4.305562400591522
2308	4.305562400591522
2309	4.305562400591522
2310	4.305562400591522
2311	4.305562400591522
2312	4.305562400591522
2313	4.305562400591522
2314	4.305562400591522
2315	4.305562400591522
2316	4.305562400591522
2317	4.305562400591522
2318	4.305562400591522
2319	4.305562400591522
2320	4.305562400591522
2321	4.305562400591522
2322	4.305562400591522
2323	4.305562400591522
2324	4.305562400591522
2325	4.305562400591522
2326	4.305562400591522
2327	4.305562400591522
2328	4.305562400591522
2329	4.305562400591522
2330	4.305562400591522
2331	4.305562400591522
2332	4.305562400591522
2333	4.305562400591522
2334	4.305562400591522
2335	4.305562400591522
2336	4.305562400591522
2337	4.305562400591522
2338	4.305562400591522
2339	4.305562400591522
2340	4.305562400591522
2341	4.305562400591522
2342	4.305562400591522
2343	4.305562400591522
2344	4.305562400591522
2345	4.305562400591522
2346	4.305562400591522
2347	4.305562400591522
2348	4.305562400591522
2349	4.305562400591522
2350	4.305562400591522
2351	4.305562400591522
2352	4.305562400591522
2353	4.305562400591522
2354	4.305562400591522
2355	4.305562400591522
2356	4.305562400591522
2357	4.305562400591522
2358	4.305562400591522
2359	4.305562400591522
2360	4.305562400591522
2361	4.305562400591522
2362	4.305562400591522
2363	4.305562400591522
2364	4.305562400591522
2365	4.305562400591522
2366	4.305562400591522
2367	4.305562400591522
2368	4.305562400591522
2369	4.305562400591522
2370	4.305562400591522
2371	4.305562400591522
2372	4.305562400591522
2373	4.305562400591522
2374	4.305562400591522
2375	4.305562400591522
2376	4.305562400591522
2377	4.305562400591522
2378	4.305562400591522
2379	4.305562400591522
2380	4.305562400591522
2381	4.305562400591522
2382	4.305562400591522
2383	4.305562400591522
2384	4.305562400591522
2385	4.305562400591522
2386	4.305562400591522
2387	4.305562400591522
2388	4.305562400591522
2389	4.305562400591522
2390	4.305562400591522
2391	4.305562400591522
2392	4.305562400591522
2393	4.305562400591522
2394	4.305562400591522
2395	4.305562400591522
2396	4.305562400591522
2397	4.305562400591522
2398	4.305562400591522
2399	4.305562400591522
2400	4.305562400591522
2401	4.305562400591522
2402	4.305562400591522
2403	4.305562400591522
2404	4.305562400591522
2405	4.305562400591522
2406	4.305562400591522
2407	4.305562400591522
2408	4.305562400591522
2409	4.305562400591522
2410	4.305562400591522
2411	4.305562400591522
2412	4.305562400591522
2413	4.305562400591522
2414	4.305562400591522
2415	4.305562400591522
2416	4.305562400591522
2417	4.305562400591522
2418	4.305562400591522
2419	4.305562400591522
2420	4.305562400591522
2421	4.305562400591522
2422	4.305562400591522
2423	4.305562400591522
2424	4.305562400591522
2425	4.305562400591522
2426	4.305562400591522
2427	4.305562400591522
2428	4.305562400591522
2429	4.305562400591522
2430	4.305562400591522
2431	4.305562400591522
2432	4.305562400591522
2433	4.305562400591522
2434	4.305562400591522
2435	4.305562400591522
2436	4.305562400591522
2437	4.305562400591522
2438	4.305562400591522
2439	4.305562400591522
2440	4.305562400591522
2441	4.305562400591522
2442	4.305562400591522
2443	4.305562400591522
2444	4.305562400591522
2445	4.305562400591522
2446	4.305562400591522
2447	4.305562400591522
2448	4.305562400591522
2449	4.305562400591522
2450	4.305562400591522
2451	4.305562400591522
2452	4.305562400591522
2453	4.305562400591522
2454	4.305562400591522
2455	4.305562400591522
2456	4.305562400591522
2457	4.305562400591522
2458	4.305562400591522
2459	4.305562400591522
2460	4.305562400591522
2461	4.305562400591522
2462	4.305562400591522
2463	4.305562400591522
2464	4.305562400591522
2465	4.305562400591522
2466	4.305562400591522
2467	4.305562400591522
2468	4.305562400591522
2469	4.305562400591522
2470	4.305562400591522
2471	4.305562400591522
2472	4.305562400591522
2473	4.305562400591522
2474	4.305562400591522
2475	4.305562400591522
2476	4.305562400591522
2477	4.305562400591522
2478	4.305562400591522
2479	4.305562400591522
2480	4.305562400591522
2481	4.305562400591522
2482	4.305562400591522
2483	4.305562400591522
2484	4.305562400591522
2485	4.305562400591522
2486	4.305562400591522
2487	4.305562400591522
2488	4.305562400591522
2489	4.305562400591522
2490	4.305562400591522
2491	4.305562400591522
2492	4.305562400591522
2493	4.305562400591522
2494	4.305562400591522
2495	4.305562400591522
2496	4.305562400591522
2497	4.305562400591522
2498	4.305562400591522
2499	4.305562400591522
2500	4.305562400591522
2501	4.305562400591522
2502	4.305562400591522
2503	4.305562400591522
2504	4.305562400591522
2505	4.305562400591522
2506	4.305562400591522
2507	4.305562400591522
2508	4.305562400591522
2509	4.305562400591522
2510	4.305562400591522
2511	4.305562400591522
2512	4.305562400591522
2513	4.305562400591522
2514	4.305562400591522
2515	4.305562400591522
2516	4.305562400591522
2517	4.305562400591522
2518	4.305562400591522
2519	4.305562400591522
2520	4.305562400591522
2521	4.305562400591522
2522	4.305562400591522
2523	4.305562400591522
2524	4.305562400591522
2525	4.305562400591522
2526	4.305562400591522
2527	4.305562400591522
2528	4.305562400591522
2529	4.305562400591522
2530	4.305562400591522
2531	4.305562400591522
2532	4.305562400591522
2533	4.305562400591522
2534	4.305562400591522
2535	4.305562400591522
2536	4.305562400591522
2537	4.305562400591522
2538	4.305562400591522
2539	4.305562400591522
2540	4.305562400591522
2541	4.305562400591522
2542	4.305562400591522
2543	4.305562400591522
2544	4.305562400591522
2545	4.305562400591522
2546	4.305562400591522
2547	4.305562400591522
2548	4.305562400591522
2549	4.305562400591522
2550	4.305562400591522
2551	4.305562400591522
2552	4.305562400591522
2553	4.305562400591522
2554	4.305562400591522
2555	4.305562400591522
2556	4.305562400591522
2557	4.305562400591522
2558	4.305562400591522
2559	4.305562400591522
2560	4.305562400591522
2561	4.305562400591522
2562	4.305562400591522
2563	4.305562400591522
2564	4.305562400591522
2565	4.305562400591522
2566	4.305562400591522
2567	4.305562400591522
2568	4.305562400591522
2569	4.305562400591522
2570	4.305562400591522
2571	4.305562400591522
2572	4.305562400591522
2573	4.305562400591522
2574	4.305562400591522
2575	4.305562400591522
2576	4.305562400591522
2577	4.305562400591522
2578	4.305562400591522
2579	4.305562400591522
2580	4.305562400591522
2581	4.305562400591522
2582	4.305562400591522
2583	4.305562400591522
2584	4.305562400591522
2585	4.305562400591522
2586	4.305562400591522
2587	4.305562400591522
2588	4.305562400591522
2589	4.305562400591522
2590	4.305562400591522
2591	4.305562400591522
2592	4.305562400591522
2593	4.305562400591522
2594	4.305562400591522
2595	4.305562400591522
2596	4.305562400591522
2597	4.305562400591522
2598	4.305562400591522
2599	4.305562400591522
2600	4.305562400591522
2601	4.305562400591522
2602	4.305562400591522
2603	4.305562400591522
2604	4.305562400591522
2605	4.305562400591522
2606	4.305562400591522
2607	4.305562400591522
2608	4.305562400591522
2609	4.305562400591522
2610	4.305562400591522
2611	4.305562400591522
2612	4.305562400591522
2613	4.305562400591522
2614	4.305562400591522
2615	4.305562400591522
2616	4.305562400591522
2617	4.305562400591522
2618	4.305562400591522
2619	4.305562400591522
2620	4.305562400591522
2621	4.305562400591522
2622	4.305562400591522
2623	4.305562400591522
2624	4.305562400591522
2625	4.305562400591522
2626	4.305562400591522
2627	4.305562400591522
2628	4.305562400591522
2629	4.305562400591522
2630	4.305562400591522
2631	4.305562400591522
2632	4.305562400591522
2633	4.305562400591522
2634	4.305562400591522
2635	4.305562400591522
2636	4.305562400591522
2637	4.305562400591522
2638	4.305562400591522
2639	4.305562400591522
2640	4.305562400591522
2641	4.305562400591522
2642	4.305562400591522
2643	4.305562400591522
2644	4.305562400591522
2645	4.305562400591522
2646	4.305562400591522
2647	4.305562400591522
2648	4.305562400591522
2649	4.305562400591522
2650	4.305562400591522
2651	4.305562400591522
2652	4.305562400591522
2653	4.305562400591522
2654	4.305562400591522
2655	4.305562400591522
2656	4.305562400591522
2657	4.305562400591522
2658	4.305562400591522
2659	4.305562400591522
2660	4.305562400591522
2661	4.305562400591522
2662	4.305562400591522
2663	4.305562400591522
2664	4.305562400591522
2665	4.305562400591522
2666	4.305562400591522
2667	4.305562400591522
2668	4.305562400591522
2669	4.305562400591522
2670	4.305562400591522
2671	4.305562400591522
2672	4.305562400591522
2673	4.305562400591522
2674	4.305562400591522
2675	4.305562400591522
2676	4.305562400591522
2677	4.305562400591522
2678	4.305562400591522
2679	4.305562400591522
2680	4.305562400591522
2681	4.305562400591522
2682	4.305562400591522
2683	4.305562400591522
2684	4.305562400591522
2685	4.305562400591522
2686	4.305562400591522
2687	4.305562400591522
2688	4.305562400591522
2689	4.305562400591522
2690	4.305562400591522
2691	4.305562400591522
2692	4.305562400591522
2693	4.305562400591522
2694	4.305562400591522
2695	4.305562400591522
2696	4.305562400591522
2697	4.305562400591522
2698	4.305562400591522
2699	4.305562400591522
2700	4.305562400591522
2701	4.305562400591522
2702	4.305562400591522
2703	4.305562400591522
2704	4.305562400591522
2705	4.305562400591522
2706	4.305562400591522
2707	4.305562400591522
2708	4.305562400591522
2709	4.305562400591522
2710	4.305562400591522
2711	4.305562400591522
2712	4.305562400591522
2713	4.305562400591522
2714	4.305562400591522
2715	4.305562400591522
2716	4.305562400591522
2717	4.305562400591522
2718	4.305562400591522
2719	4.305562400591522
2720	4.305562400591522
2721	4.305562400591522
2722	4.305562400591522
2723	4.305562400591522
2724	4.305562400591522
2725	4.305562400591522
2726	4.305562400591522
2727	4.305562400591522
2728	4.305562400591522
2729	4.305562400591522
2730	4.305562400591522
2731	4.305562400591522
2732	4.305562400591522
2733	4.305562400591522
2734	4.305562400591522
2735	4.305562400591522
2736	4.305562400591522
2737	4.305562400591522
2738	4.305562400591522
2739	4.305562400591522
2740	4.305562400591522
2741	4.305562400591522
2742	4.305562400591522
2743	4.305562400591522
2744	4.305562400591522
2745	4.305562400591522
2746	4.305562400591522
2747	4.305562400591522
2748	4.305562400591522
2749	4.305562400591522
2750	4.305562400591522
2751	4.305562400591522
2752	4.305562400591522
2753	4.305562400591522
2754	4.305562400591522
2755	4.305562400591522
2756	4.305562400591522
2757	4.305562400591522
2758	4.305562400591522
2759	4.305562400591522
2760	4.305562400591522
2761	4.305562400591522
2762	4.305562400591522
2763	4.305562400591522
2764	4.305562400591522
2765	4.305562400591522
2766	4.305562400591522
2767	4.305562400591522
2768	4.305562400591522
2769	4.305562400591522
2770	4.305562400591522
2771	4.305562400591522
2772	4.305562400591522
2773	4.305562400591522
2774	4.305562400591522
2775	4.305562400591522
2776	4.305562400591522
2777	4.305562400591522
2778	4.305562400591522
2779	4.305562400591522
2780	4.305562400591522
2781	4.305562400591522
2782	4.305562400591522
2783	4.305562400591522
2784	4.305562400591522
2785	4.305562400591522
2786	4.305562400591522
2787	4.305562400591522
2788	4.305562400591522
2789	4.305562400591522
2790	4.305562400591522
2791	4.305562400591522
2792	4.305562400591522
2793	4.305562400591522
2794	4.305562400591522
2795	4.305562400591522
2796	4.305562400591522
2797	4.305562400591522
2798	4.305562400591522
2799	4.305562400591522
2800	4.305562400591522
2801	4.305562400591522
2802	4.305562400591522
2803	4.305562400591522
2804	4.305562400591522
2805	4.305562400591522
2806	4.305562400591522
2807	4.305562400591522
2808	4.305562400591522
2809	4.305562400591522
2810	4.305562400591522
2811	4.305562400591522
2812	4.305562400591522
2813	4.305562400591522
2814	4.305562400591522
2815	4.305562400591522
2816	4.305562400591522
2817	4.305562400591522
2818	4.305562400591522
2819	4.305562400591522
2820	4.305562400591522
2821	4.305562400591522
2822	4.305562400591522
2823	4.305562400591522
2824	4.305562400591522
2825	4.305562400591522
2826	4.305562400591522
2827	4.305562400591522
2828	4.305562400591522
2829	4.305562400591522
2830	4.305562400591522
2831	4.305562400591522
2832	4.305562400591522
2833	4.305562400591522
2834	4.305562400591522
2835	4.305562400591522
2836	4.305562400591522
2837	4.305562400591522
2838	4.305562400591522
2839	4.305562400591522
2840	4.305562400591522
2841	4.305562400591522
2842	4.305562400591522
2843	4.305562400591522
2844	4.305562400591522
2845	4.305562400591522
2846	4.305562400591522
2847	4.305562400591522
2848	4.305562400591522
2849	4.305562400591522
2850	4.305562400591522
2851	4.305562400591522
2852	4.305562400591522
2853	4.305562400591522
2854	4.305562400591522
2855	4.305562400591522
2856	4.305562400591522
2857	4.305562400591522
2858	4.305562400591522
2859	4.305562400591522
2860	4.305562400591522
2861	4.305562400591522
2862	4.305562400591522
2863	4.305562400591522
2864	4.305562400591522
2865	4.305562400591522
2866	4.305562400591522
2867	4.305562400591522
2868	4.305562400591522
2869	4.305562400591522
2870	4.305562400591522
2871	4.305562400591522
2872	4.305562400591522
2873	4.305562400591522
2874	4.305562400591522
2875	4.305562400591522
2876	4.305562400591522
2877	4.305562400591522
2878	4.305562400591522
2879	4.305562400591522
2880	4.305562400591522
2881	4.305562400591522
2882	4.305562400591522
2883	4.305562400591522
2884	4.305562400591522
2885	4.305562400591522
2886	4.305562400591522
2887	4.305562400591522
2888	4.305562400591522
2889	4.305562400591522
2890	4.305562400591522
2891	4.305562400591522
2892	4.305562400591522
2893	4.305562400591522
2894	4.305562400591522
2895	4.305562400591522
2896	4.305562400591522
2897	4.305562400591522
2898	4.305562400591522
2899	4.305562400591522
2900	4.305562400591522
2901	4.305562400591522
2902	4.305562400591522
2903	4.305562400591522
2904	4.305562400591522
2905	4.305562400591522
2906	4.305562400591522
2907	4.305562400591522
2908	4.305562400591522
2909	4.305562400591522
2910	4.305562400591522
2911	4.305562400591522
2912	4.305562400591522
2913	4.305562400591522
2914	4.305562400591522
2915	4.305562400591522
2916	4.305562400591522
2917	4.305562400591522
2918	4.305562400591522
2919	4.305562400591522
2920	4.305562400591522
2921	4.305562400591522
2922	4.305562400591522
2923	4.305562400591522
2924	4.305562400591522
2925	4.305562400591522
2926	4.305562400591522
2927	4.305562400591522
2928	4.305562400591522
2929	4.305562400591522
2930	4.305562400591522
2931	4.305562400591522
2932	4.305562400591522
2933	4.305562400591522
2934	4.305562400591522
2935	4.305562400591522
2936	4.305562400591522
2937	4.305562400591522
2938	4.305562400591522
2939	4.305562400591522
2940	4.305562400591522
2941	4.305562400591522
2942	4.305562400591522
2943	4.305562400591522
2944	4.305562400591522
2945	4.305562400591522
2946	4.305562400591522
2947	4.305562400591522
2948	4.305562400591522
2949	4.305562400591522
2950	4.305562400591522
2951	4.305562400591522
2952	4.305562400591522
2953	4.305562400591522
2954	4.305562400591522
2955	4.305562400591522
2956	4.305562400591522
2957	4.305562400591522
2958	4.305562400591522
2959	4.305562400591522
2960	4.305562400591522
2961	4.305562400591522
2962	4.305562400591522
2963	4.305562400591522
2964	4.305562400591522
2965	4.305562400591522
2966	4.305562400591522
2967	4.305562400591522
2968	4.305562400591522
2969	4.305562400591522
2970	4.305562400591522
2971	4.305562400591522
2972	4.305562400591522
2973	4.305562400591522
2974	4.305562400591522
2975	4.305562400591522
2976	4.305562400591522
2977	4.305562400591522
2978	4.305562400591522
2979	4.305562400591522
2980	4.305562400591522
2981	4.305562400591522
2982	4.305562400591522
2983	4.305562400591522
2984	4.305562400591522
2985	4.305562400591522
2986	4.305562400591522
2987	4.305562400591522
2988	4.305562400591522
2989	4.305562400591522
2990	4.305562400591522
2991	4.305562400591522
2992	4.305562400591522
2993	4.305562400591522
2994	4.305562400591522
2995	4.305562400591522
2996	4.305562400591522
2997	4.305562400591522
2998	4.305562400591522
2999	4.305562400591522
3000	4.305562400591522
