1	8.189739843149959E7
2	321748.7154449152
3	40135.34105685832
4	6725.090799665723
5	204.91138263052935
6	90.60721552702884
7	67.27336455491684
8	51.41884638939723
9	46.586204107801116
10	41.57733130434824
11	38.034487119414194
12	36.40100043169287
13	33.91604807000638
14	30.765954373427284
15	28.395445535699828
16	26.410126210196168
17	24.60281698889717
18	22.438654226488843
19	20.72486439133743
20	19.205982504903886
21	17.612732224451943
22	16.566773179440247
23	15.479195831895135
24	14.008775591930734
25	13.122717377612293
26	12.186173240148099
27	11.391085612885028
28	10.550489091874063
29	9.95104220940999
30	9.337251731000423
31	8.753495824295877
32	8.302725587348464
33	7.770790865175039
34	7.444578747645309
35	7.0912638753844135
36	6.767589647697079
37	6.490139104957957
38	6.224805112960167
39	5.940958183164938
40	5.739360670899136
41	5.533655055815346
42	5.364872821150402
43	5.177737261434846
44	5.025438969829742
45	4.899999725404198
46	4.7660545285881275
47	4.636621649274462
48	4.54219160918306
49	4.434162706016233
50	4.347669826237019
51	4.253416114803958
52	4.191448188432062
53	4.1272493321156
54	4.072878315198355
55	4.018473992615796
56	3.9674110987256843
57	3.9209456158151044
58	3.8804785404538467
59	3.8450910809180163
60	3.8121622539741886
61	3.7844878633592414
62	3.7572186767787175
63	3.7323858790167876
64	3.710199729990273
65	3.6893873191061455
66	3.667564594718088
67	3.649039844508463
68	3.6327184754887254
69	3.619649456929532
70	3.6055439603770747
71	3.592940086355965
72	3.581752571351578
73	3.5709711054778115
74	3.5621100999610134
75	3.554244440743775
76	3.546399315987125
77	3.540027091700938
78	3.5343103534756914
79	3.5271400565665827
80	3.522251467828858
81	3.517425656239128
82	3.5133559169803603
83	3.509073597912924
84	3.5050499713167165
85	3.5012450445445014
86	3.498437432401219
87	3.4958354634417703
88	3.493051159537244
89	3.490686201881855
90	3.488560128100342
91	3.486655983288145
92	3.4845764613988823
93	3.4828831794012474
94	3.4815473089684414
95	3.4801366502825086
96	3.478966730509705
97	3.4779960067176146
98	3.476888626218407
99	3.475905831481119
100	3.475144726973961
101	3.474416686502823
102	3.473648633481153
103	3.4730588113574177
104	3.472404366797631
105	3.4718608443195667
106	3.4713416243211186
107	3.4708551170263595
108	3.4704339290861492
109	3.470088669603484
110	3.469721132419854
111	3.4693653052366757
112	3.4690623789131485
113	3.4688069140338262
114	3.4685683433807792
115	3.4683452122160636
116	3.468137715714295
117	3.4679613481565466
118	3.4678024861007035
119	3.4676550934221764
120	3.4674958788386894
121	3.4673726667815616
122	3.467259104687879
123	3.4671465802673302
124	3.467059460013685
125	3.46696909337669
126	3.466881215193557
127	3.4668098004100725
128	3.466740022955114
129	3.4666740748422864
130	3.4666152346160333
131	3.4665650070872607
132	3.4665123772468736
133	3.466473641654738
134	3.466438004587542
135	3.4663973514555044
136	3.4663610989979294
137	3.466334147828023
138	3.4663068283156075
139	3.4662784277136294
140	3.4662554738616596
141	3.466232281791646
142	3.466214239234825
143	3.466195672847054
144	3.4661789173858057
145	3.4661652511952328
146	3.4661529617617286
147	3.4661406807841586
148	3.4661283674247616
149	3.466116272076234
150	3.4661075470826694
151	3.466099250103183
152	3.4660899557779783
153	3.466081855377354
154	3.4660745229285697
155	3.4660690040597726
156	3.4660629020014095
157	3.4660571927809602
158	3.4660522506323397
159	3.466048360144863
160	3.4660444355394717
161	3.4660403816460215
162	3.4660367002137686
163	3.4660331180882604
164	3.466030575373515
165	3.466027999540043
166	3.4660253370661227
167	3.4660230998751262
168	3.466021047820907
169	3.4660193561382338
170	3.4660171535980435
171	3.466015641843127
172	3.466014288672495
173	3.4660130238882774
174	3.4660116473415012
175	3.4660106198483334
176	3.4660096625929993
177	3.4660085536631198
178	3.466007742839413
179	3.466006917257224
180	3.466006080880923
181	3.46600559903013
182	3.466005002649649
183	3.4660044278104407
184	3.4660039595473373
185	3.466003448144977
186	3.466002979219165
187	3.466002576235939
188	3.4660022442930503
189	3.4660018641626085
190	3.4660015529484687
191	3.466001317043184
192	3.466001063893506
193	3.4660007892278686
194	3.466000571856578
195	3.4660004110770637
196	3.4660001980323476
197	3.4660000402827746
198	3.46599987507746
199	3.465999731121531
200	3.4659996046799315
201	3.465999486044801
202	3.46599937405408
203	3.4659992607011207
204	3.465999150858628
205	3.4659990695841767
206	3.465998999055658
207	3.465998911235326
208	3.465998835703586
209	3.4659987596286843
210	3.4659987019554293
211	3.4659986328579633
212	3.4659985759250445
213	3.4659985200252317
214	3.4659984752500677
215	3.4659984306534137
216	3.465998389003083
217	3.4659983441900915
218	3.4659983114447965
219	3.465998276148641
220	3.4659982496631843
221	3.4659982216247824
222	3.4659981940532694
223	3.4659981695829867
224	3.465998148101475
225	3.4659981314606725
226	3.465998111367746
227	3.4659980892506
228	3.465998074415168
229	3.4659980570446884
230	3.4659980427172576
231	3.465998027171904
232	3.4659980137439224
233	3.4659980025697377
234	3.465997990018271
235	3.4659979780535846
236	3.4659979648230372
237	3.465997957385039
238	3.4659979475185505
239	3.4659979406179553
240	3.465997931716719
241	3.4659979235954084
242	3.465997915475868
243	3.4659979104510423
244	3.4659979032843897
245	3.4659978972078807
246	3.4659978907841653
247	3.4659978857498763
248	3.465997880421047
249	3.4659978744757742
250	3.4659978710011052
251	3.4659978666468616
252	3.465997862585979
253	3.4659978585587905
254	3.465997855516012
255	3.465997852517972
256	3.4659978490581547
257	3.4659978452504303
258	3.4659978430222504
259	3.465997840799221
260	3.46599783808217
261	3.465997836300401
262	3.465997834259965
263	3.465997832151528
264	3.465997830270405
265	3.4659978286707362
266	3.4659978273316048
267	3.465997825645745
268	3.4659978239892886
269	3.465997822865888
270	3.4659978217190046
271	3.4659978207027273
272	3.4659978198992203
273	3.4659978190107004
274	3.465997818069491
275	3.46599781751055
276	3.46599781685603
277	3.465997816073616
278	3.465997815413523
279	3.4659978149021575
280	3.465997814335783
281	3.465997813973639
282	3.465997813329685
283	3.4659978128668447
284	3.4659978125203503
285	3.465997812074579
286	3.465997811630408
287	3.4659978112930627
288	3.4659978109435414
289	3.4659978105610203
290	3.4659978102001583
291	3.465997809968117
292	3.4659978096908963
293	3.4659978094807378
294	3.465997809249997
295	3.465997809008102
296	3.4659978088345884
297	3.4659978086154437
298	3.465997808435739
299	3.465997808276479
300	3.4659978081639067
301	3.4659978079715157
302	3.465997807848246
303	3.465997807646184
304	3.4659978075443223
305	3.4659978074295226
306	3.4659978073154174
307	3.4659978071771493
308	3.4659978070908553
309	3.4659978070180544
310	3.465997806920233
311	3.465997806859926
312	3.4659978067580206
313	3.4659978066779966
314	3.4659978066194332
315	3.465997806578434
316	3.4659978065095998
317	3.4659978064668846
318	3.4659978063808756
319	3.4659978063208743
320	3.465997806277064
321	3.465997806242996
322	3.465997806212312
323	3.465997806169232
324	3.4659978061284726
325	3.4659978060913996
326	3.465997806072076
327	3.465997806039497
328	3.4659978060214085
329	3.4659978059983203
330	3.465997805981368
331	3.465997805960648
332	3.465997805945647
333	3.4659978059233003
334	3.4659978059086205
335	3.465997805892486
336	3.465997805877801
337	3.4659978058636294
338	3.465997805850626
339	3.4659978058407406
340	3.4659978058274947
341	3.465997805816441
342	3.465997805807234
343	3.465997805797126
344	3.4659978057883407
345	3.4659978057794585
346	3.4659978057733696
347	3.4659978057660963
348	3.465997805758858
349	3.4659978057542133
350	3.4659978057467367
351	3.4659978057429037
352	3.4659978057372407
353	3.4659978057327394
354	3.4659978057266994
355	3.465997805721386
356	3.465997805719878
357	3.4659978057138434
358	3.4659978057094234
359	3.4659978057062384
360	3.465997805702668
361	3.465997805700021
362	3.4659978056963676
363	3.4659978056938674
364	3.4659978056917677
365	3.4659978056885823
366	3.4659978056867047
367	3.465997805684562
368	3.465997805682994
369	3.4659978056816603
370	3.4659978056797054
371	3.4659978056783927
372	3.465997805676645
373	3.4659978056748324
374	3.4659978056743133
375	3.4659978056729375
376	3.465997805672082
377	3.4659978056710936
378	3.4659978056700687
379	3.465997805669339
380	3.4659978056683354
381	3.4659978056677456
382	3.465997805666936
383	3.4659978056662544
384	3.4659978056656304
385	3.465997805664775
386	3.4659978056641463
387	3.465997805663578
388	3.4659978056630956
389	3.4659978056624405
390	3.4659978056621963
391	3.4659978056615697
392	3.465997805661167
393	3.465997805660863
394	3.465997805660585
395	3.465997805660361
396	3.465997805660052
397	3.465997805659759
398	3.4659978056595517
399	3.4659978056594087
400	3.465997805659124
401	3.465997805659001
402	3.4659978056588523
403	3.465997805658647
404	3.4659978056585454
405	3.46599780565842
406	3.4659978056582434
407	3.4659978056581533
408	3.4659978056580765
409	3.465997805657984
410	3.4659978056578837
411	3.4659978056578127
412	3.4659978056577114
413	3.46599780565766
414	3.4659978056575884
415	3.465997805657557
416	3.4659978056574885
417	3.4659978056574468
418	3.4659978056574037
419	3.4659978056573473
420	3.465997805657319
421	3.4659978056572878
422	3.465997805657262
423	3.465997805657238
424	3.4659978056572043
425	3.4659978056571785
426	3.4659978056571514
427	3.4659978056571314
428	3.465997805657106
429	3.4659978056570937
430	3.4659978056570795
431	3.4659978056570604
432	3.4659978056570475
433	3.4659978056570346
434	3.465997805657019
435	3.465997805657011
436	3.4659978056570013
437	3.4659978056569885
438	3.46599780565698
439	3.4659978056569725
440	3.4659978056569627
441	3.465997805656957
442	3.465997805656951
443	3.465997805656946
444	3.4659978056569396
445	3.4659978056569347
446	3.4659978056569303
447	3.4659978056569254
448	3.4659978056569214
449	3.465997805656918
450	3.4659978056569134
451	3.46599780565691
452	3.4659978056569085
453	3.4659978056569045
454	3.4659978056569005
455	3.465997805656898
456	3.4659978056568965
457	3.4659978056568934
458	3.4659978056568916
459	3.4659978056568903
460	3.465997805656888
461	3.465997805656887
462	3.4659978056568854
463	3.465997805656883
464	3.465997805656882
465	3.46599780565688
466	3.465997805656879
467	3.465997805656878
468	3.465997805656876
469	3.465997805656876
470	3.465997805656875
471	3.4659978056568743
472	3.4659978056568734
473	3.4659978056568717
474	3.4659978056568717
475	3.4659978056568708
476	3.4659978056568703
477	3.46599780565687
478	3.465997805656869
479	3.4659978056568685
480	3.465997805656868
481	3.4659978056568668
482	3.465997805656866
483	3.465997805656866
484	3.4659978056568645
485	3.465997805656864
486	3.465997805656863
487	3.465997805656863
488	3.4659978056568628
489	3.4659978056568623
490	3.4659978056568623
491	3.465997805656862
492	3.465997805656861
493	3.4659978056568606
494	3.4659978056568606
495	3.4659978056568597
496	3.4659978056568597
497	3.465997805656859
498	3.4659978056568574
499	3.4659978056568574
500	3.465997805656857
501	3.4659978056568566
502	3.4659978056568557
503	3.4659978056568557
504	3.465997805656855
505	3.4659978056568543
506	3.4659978056568534
507	3.465997805656853
508	3.4659978056568526
509	3.465997805656852
510	3.4659978056568517
511	3.4659978056568517
512	3.465997805656851
513	3.4659978056568503
514	3.4659978056568503
515	3.4659978056568503
516	3.46599780565685
517	3.46599780565685
518	3.4659978056568495
519	3.4659978056568495
520	3.465997805656849
521	3.4659978056568486
522	3.4659978056568477
523	3.4659978056568477
524	3.4659978056568477
525	3.4659978056568472
526	3.465997805656847
527	3.465997805656847
528	3.4659978056568463
529	3.465997805656846
530	3.465997805656846
531	3.4659978056568455
532	3.465997805656845
533	3.465997805656845
534	3.4659978056568446
535	3.4659978056568446
536	3.4659978056568432
537	3.4659978056568432
538	3.4659978056568432
539	3.4659978056568432
540	3.4659978056568423
541	3.465997805656842
542	3.465997805656841
543	3.4659978056568406
544	3.4659978056568406
545	3.46599780565684
546	3.46599780565684
547	3.4659978056568397
548	3.4659978056568397
549	3.4659978056568392
550	3.465997805656839
551	3.4659978056568383
552	3.4659978056568383
553	3.465997805656838
554	3.465997805656838
555	3.4659978056568375
556	3.4659978056568375
557	3.4659978056568366
558	3.4659978056568366
559	3.465997805656836
560	3.4659978056568357
561	3.4659978056568357
562	3.4659978056568357
563	3.4659978056568357
564	3.4659978056568344
565	3.465997805656834
566	3.4659978056568335
567	3.465997805656833
568	3.4659978056568326
569	3.4659978056568326
570	3.4659978056568326
571	3.4659978056568317
572	3.4659978056568317
573	3.465997805656831
574	3.4659978056568304
575	3.4659978056568304
576	3.4659978056568304
577	3.4659978056568295
578	3.4659978056568295
579	3.4659978056568286
580	3.4659978056568286
581	3.465997805656828
582	3.465997805656828
583	3.465997805656828
584	3.4659978056568277
585	3.4659978056568277
586	3.4659978056568272
587	3.4659978056568272
588	3.4659978056568272
589	3.4659978056568264
590	3.4659978056568264
591	3.465997805656826
592	3.4659978056568255
593	3.4659978056568255
594	3.4659978056568255
595	3.4659978056568246
596	3.4659978056568246
597	3.465997805656824
598	3.4659978056568237
599	3.4659978056568237
600	3.4659978056568237
601	3.4659978056568232
602	3.4659978056568224
603	3.4659978056568224
604	3.465997805656822
605	3.4659978056568215
606	3.465997805656821
607	3.465997805656821
608	3.465997805656821
609	3.4659978056568206
610	3.46599780565682
611	3.46599780565682
612	3.46599780565682
613	3.4659978056568197
614	3.4659978056568193
615	3.4659978056568193
616	3.4659978056568193
617	3.4659978056568193
618	3.465997805656819
619	3.465997805656819
620	3.4659978056568184
621	3.4659978056568184
622	3.4659978056568175
623	3.4659978056568175
624	3.465997805656817
625	3.465997805656816
626	3.465997805656816
627	3.465997805656815
628	3.465997805656815
629	3.465997805656815
630	3.465997805656814
631	3.465997805656814
632	3.465997805656814
633	3.4659978056568135
634	3.465997805656813
635	3.465997805656813
636	3.465997805656813
637	3.465997805656813
638	3.4659978056568126
639	3.4659978056568126
640	3.465997805656812
641	3.4659978056568117
642	3.4659978056568113
643	3.4659978056568113
644	3.465997805656811
645	3.465997805656811
646	3.465997805656811
647	3.46599780565681
648	3.46599780565681
649	3.46599780565681
650	3.4659978056568095
651	3.4659978056568095
652	3.4659978056568095
653	3.465997805656808
654	3.4659978056568077
655	3.4659978056568077
656	3.465997805656807
657	3.465997805656807
658	3.4659978056568064
659	3.465997805656806
660	3.465997805656806
661	3.465997805656805
662	3.465997805656804
663	3.465997805656804
664	3.465997805656804
665	3.4659978056568037
666	3.4659978056568037
667	3.4659978056568037
668	3.4659978056568033
669	3.4659978056568033
670	3.465997805656803
671	3.465997805656803
672	3.465997805656803
673	3.4659978056568024
674	3.465997805656802
675	3.465997805656802
676	3.465997805656802
677	3.4659978056568006
678	3.4659978056568
679	3.4659978056568
680	3.4659978056568
681	3.4659978056568
682	3.4659978056568
683	3.4659978056567997
684	3.4659978056567993
685	3.4659978056567993
686	3.4659978056567993
687	3.465997805656799
688	3.4659978056567984
689	3.4659978056567984
690	3.4659978056567984
691	3.4659978056567975
692	3.465997805656797
693	3.465997805656797
694	3.4659978056567966
695	3.4659978056567966
696	3.4659978056567966
697	3.4659978056567966
698	3.4659978056567966
699	3.465997805656796
700	3.4659978056567957
701	3.4659978056567957
702	3.4659978056567953
703	3.4659978056567953
704	3.465997805656795
705	3.465997805656794
706	3.465997805656793
707	3.465997805656793
708	3.4659978056567926
709	3.4659978056567926
710	3.4659978056567926
711	3.4659978056567926
712	3.4659978056567926
713	3.4659978056567917
714	3.4659978056567913
715	3.4659978056567913
716	3.4659978056567913
717	3.4659978056567904
718	3.4659978056567904
719	3.4659978056567904
720	3.46599780565679
721	3.46599780565679
722	3.465997805656789
723	3.465997805656789
724	3.465997805656789
725	3.4659978056567886
726	3.465997805656788
727	3.465997805656788
728	3.465997805656788
729	3.4659978056567877
730	3.4659978056567877
731	3.4659978056567877
732	3.4659978056567864
733	3.4659978056567864
734	3.4659978056567864
735	3.4659978056567864
736	3.4659978056567864
737	3.465997805656786
738	3.465997805656786
739	3.465997805656786
740	3.465997805656785
741	3.465997805656785
742	3.4659978056567846
743	3.4659978056567846
744	3.465997805656784
745	3.465997805656784
746	3.4659978056567837
747	3.4659978056567833
748	3.465997805656783
749	3.465997805656783
750	3.4659978056567824
751	3.465997805656782
752	3.465997805656782
753	3.4659978056567815
754	3.4659978056567806
755	3.4659978056567797
756	3.4659978056567797
757	3.4659978056567797
758	3.4659978056567793
759	3.465997805656779
760	3.465997805656779
761	3.465997805656779
762	3.4659978056567784
763	3.4659978056567784
764	3.4659978056567784
765	3.4659978056567784
766	3.465997805656778
767	3.4659978056567775
768	3.465997805656777
769	3.465997805656777
770	3.4659978056567766
771	3.4659978056567766
772	3.4659978056567766
773	3.4659978056567766
774	3.465997805656776
775	3.465997805656776
776	3.465997805656776
777	3.4659978056567757
778	3.4659978056567757
779	3.4659978056567753
780	3.4659978056567753
781	3.4659978056567753
782	3.465997805656775
783	3.465997805656775
784	3.465997805656775
785	3.465997805656774
786	3.465997805656774
787	3.4659978056567735
788	3.4659978056567726
789	3.4659978056567726
790	3.465997805656772
791	3.4659978056567717
792	3.4659978056567713
793	3.4659978056567713
794	3.4659978056567713
795	3.4659978056567713
796	3.4659978056567713
797	3.465997805656771
798	3.465997805656771
799	3.465997805656771
800	3.46599780565677
801	3.46599780565677
802	3.46599780565677
803	3.46599780565677
804	3.4659978056567695
805	3.4659978056567695
806	3.465997805656769
807	3.4659978056567686
808	3.4659978056567686
809	3.4659978056567686
810	3.465997805656768
811	3.465997805656768
812	3.4659978056567673
813	3.4659978056567673
814	3.4659978056567673
815	3.465997805656767
816	3.4659978056567664
817	3.4659978056567664
818	3.4659978056567664
819	3.4659978056567655
820	3.4659978056567655
821	3.465997805656765
822	3.465997805656765
823	3.465997805656765
824	3.465997805656765
825	3.4659978056567646
826	3.465997805656764
827	3.465997805656764
828	3.465997805656764
829	3.4659978056567637
830	3.4659978056567637
831	3.4659978056567637
832	3.465997805656763
833	3.465997805656763
834	3.465997805656763
835	3.4659978056567624
836	3.465997805656762
837	3.465997805656762
838	3.465997805656762
839	3.465997805656762
840	3.465997805656762
841	3.4659978056567615
842	3.4659978056567615
843	3.4659978056567615
844	3.4659978056567606
845	3.4659978056567606
846	3.4659978056567606
847	3.4659978056567606
848	3.46599780565676
849	3.46599780565676
850	3.4659978056567593
851	3.4659978056567593
852	3.4659978056567593
853	3.4659978056567593
854	3.4659978056567593
855	3.4659978056567593
856	3.4659978056567584
857	3.465997805656758
858	3.465997805656758
859	3.465997805656758
860	3.465997805656758
861	3.465997805656757
862	3.465997805656757
863	3.465997805656757
864	3.465997805656757
865	3.465997805656757
866	3.4659978056567566
867	3.465997805656756
868	3.465997805656756
869	3.4659978056567557
870	3.4659978056567557
871	3.4659978056567553
872	3.4659978056567553
873	3.4659978056567553
874	3.465997805656755
875	3.465997805656755
876	3.4659978056567544
877	3.4659978056567544
878	3.4659978056567544
879	3.465997805656754
880	3.465997805656754
881	3.4659978056567535
882	3.4659978056567535
883	3.465997805656753
884	3.465997805656753
885	3.465997805656753
886	3.4659978056567526
887	3.4659978056567526
888	3.4659978056567526
889	3.4659978056567526
890	3.4659978056567526
891	3.4659978056567513
892	3.4659978056567513
893	3.4659978056567513
894	3.4659978056567513
895	3.4659978056567513
896	3.4659978056567513
897	3.465997805656751
898	3.465997805656751
899	3.4659978056567504
900	3.4659978056567504
901	3.4659978056567504
902	3.4659978056567504
903	3.4659978056567504
904	3.4659978056567504
905	3.4659978056567504
906	3.4659978056567495
907	3.465997805656749
908	3.4659978056567486
909	3.4659978056567486
910	3.4659978056567486
911	3.4659978056567486
912	3.4659978056567486
913	3.4659978056567486
914	3.465997805656748
915	3.465997805656748
916	3.465997805656748
917	3.465997805656748
918	3.465997805656748
919	3.465997805656748
920	3.4659978056567478
921	3.4659978056567473
922	3.4659978056567473
923	3.4659978056567473
924	3.465997805656747
925	3.4659978056567464
926	3.4659978056567464
927	3.4659978056567464
928	3.4659978056567464
929	3.465997805656746
930	3.465997805656746
931	3.4659978056567455
932	3.4659978056567455
933	3.4659978056567455
934	3.4659978056567455
935	3.4659978056567455
936	3.465997805656745
937	3.465997805656745
938	3.465997805656744
939	3.4659978056567438
940	3.4659978056567438
941	3.4659978056567438
942	3.4659978056567438
943	3.4659978056567433
944	3.4659978056567433
945	3.4659978056567433
946	3.4659978056567433
947	3.465997805656743
948	3.465997805656743
949	3.465997805656743
950	3.4659978056567424
951	3.4659978056567424
952	3.4659978056567424
953	3.4659978056567424
954	3.465997805656742
955	3.465997805656742
956	3.465997805656742
957	3.4659978056567415
958	3.4659978056567415
959	3.4659978056567415
960	3.465997805656741
961	3.465997805656741
962	3.4659978056567406
963	3.4659978056567406
964	3.46599780565674
965	3.46599780565674
966	3.46599780565674
967	3.4659978056567398
968	3.4659978056567398
969	3.4659978056567398
970	3.4659978056567393
971	3.4659978056567393
972	3.4659978056567393
973	3.465997805656739
974	3.465997805656739
975	3.4659978056567384
976	3.4659978056567384
977	3.4659978056567384
978	3.4659978056567384
979	3.4659978056567384
980	3.4659978056567384
981	3.4659978056567384
982	3.4659978056567384
983	3.465997805656738
984	3.465997805656738
985	3.465997805656738
986	3.465997805656738
987	3.465997805656738
988	3.465997805656738
989	3.465997805656737
990	3.465997805656737
991	3.4659978056567367
992	3.4659978056567367
993	3.4659978056567367
994	3.4659978056567367
995	3.4659978056567367
996	3.4659978056567367
997	3.465997805656736
998	3.465997805656736
999	3.4659978056567353
1000	3.4659978056567353
1001	3.4659978056567353
1002	3.4659978056567353
1003	3.4659978056567344
1004	3.4659978056567344
1005	3.465997805656734
1006	3.465997805656734
1007	3.465997805656734
1008	3.465997805656734
1009	3.465997805656734
1010	3.465997805656734
1011	3.4659978056567335
1012	3.4659978056567335
1013	3.4659978056567335
1014	3.4659978056567335
1015	3.4659978056567335
1016	3.465997805656733
1017	3.4659978056567327
1018	3.4659978056567327
1019	3.4659978056567327
1020	3.4659978056567327
1021	3.4659978056567327
1022	3.4659978056567327
1023	3.4659978056567327
1024	3.465997805656732
1025	3.465997805656732
1026	3.465997805656732
1027	3.465997805656732
1028	3.465997805656732
1029	3.465997805656732
1030	3.465997805656732
1031	3.465997805656732
1032	3.465997805656732
1033	3.4659978056567318
1034	3.4659978056567318
1035	3.4659978056567313
1036	3.4659978056567313
1037	3.4659978056567313
1038	3.4659978056567313
1039	3.4659978056567313
1040	3.4659978056567313
1041	3.465997805656731
1042	3.465997805656731
1043	3.465997805656731
1044	3.46599780565673
1045	3.46599780565673
1046	3.46599780565673
1047	3.46599780565673
1048	3.46599780565673
1049	3.46599780565673
1050	3.46599780565673
1051	3.46599780565673
1052	3.46599780565673
1053	3.46599780565673
1054	3.46599780565673
1055	3.46599780565673
1056	3.4659978056567295
1057	3.465997805656729
1058	3.465997805656729
1059	3.465997805656729
1060	3.4659978056567287
1061	3.4659978056567287
1062	3.4659978056567287
1063	3.4659978056567287
1064	3.4659978056567287
1065	3.4659978056567287
1066	3.465997805656728
1067	3.465997805656728
1068	3.465997805656728
1069	3.465997805656728
1070	3.4659978056567273
1071	3.4659978056567273
1072	3.4659978056567273
1073	3.4659978056567273
1074	3.4659978056567273
1075	3.4659978056567273
1076	3.465997805656727
1077	3.465997805656727
1078	3.465997805656727
1079	3.465997805656727
1080	3.465997805656727
1081	3.465997805656727
1082	3.465997805656727
1083	3.4659978056567264
1084	3.4659978056567264
1085	3.4659978056567264
1086	3.4659978056567264
1087	3.465997805656726
1088	3.465997805656726
1089	3.465997805656726
1090	3.465997805656726
1091	3.465997805656726
1092	3.465997805656726
1093	3.465997805656726
1094	3.465997805656726
1095	3.465997805656726
1096	3.465997805656726
1097	3.465997805656726
1098	3.465997805656726
1099	3.465997805656726
1100	3.4659978056567255
1101	3.4659978056567255
1102	3.4659978056567255
1103	3.4659978056567255
1104	3.4659978056567255
1105	3.4659978056567255
1106	3.4659978056567255
1107	3.4659978056567255
1108	3.4659978056567255
1109	3.4659978056567247
1110	3.4659978056567247
1111	3.4659978056567247
1112	3.4659978056567247
1113	3.465997805656724
1114	3.465997805656724
1115	3.4659978056567238
1116	3.4659978056567238
1117	3.4659978056567238
1118	3.4659978056567238
1119	3.4659978056567238
1120	3.4659978056567238
1121	3.4659978056567238
1122	3.4659978056567238
1123	3.4659978056567238
1124	3.4659978056567238
1125	3.4659978056567238
1126	3.4659978056567238
1127	3.4659978056567238
1128	3.4659978056567238
1129	3.4659978056567238
1130	3.465997805656723
1131	3.465997805656723
1132	3.465997805656723
1133	3.4659978056567224
1134	3.4659978056567224
1135	3.4659978056567224
1136	3.4659978056567224
1137	3.4659978056567224
1138	3.4659978056567224
1139	3.465997805656722
1140	3.465997805656722
1141	3.465997805656722
1142	3.465997805656722
1143	3.465997805656722
1144	3.465997805656722
1145	3.465997805656722
1146	3.465997805656722
1147	3.465997805656722
1148	3.465997805656722
1149	3.465997805656722
1150	3.4659978056567216
1151	3.4659978056567216
1152	3.4659978056567216
1153	3.465997805656721
1154	3.465997805656721
1155	3.465997805656721
1156	3.4659978056567207
1157	3.4659978056567207
1158	3.4659978056567207
1159	3.4659978056567207
1160	3.4659978056567207
1161	3.4659978056567207
1162	3.4659978056567207
1163	3.4659978056567207
1164	3.4659978056567207
1165	3.4659978056567207
1166	3.4659978056567207
1167	3.4659978056567198
1168	3.4659978056567198
1169	3.4659978056567198
1170	3.4659978056567198
1171	3.4659978056567198
1172	3.4659978056567198
1173	3.4659978056567198
1174	3.4659978056567198
1175	3.4659978056567198
1176	3.4659978056567198
1177	3.4659978056567193
1178	3.465997805656719
1179	3.465997805656719
1180	3.465997805656719
1181	3.465997805656719
1182	3.465997805656719
1183	3.465997805656719
1184	3.4659978056567184
1185	3.4659978056567184
1186	3.4659978056567184
1187	3.4659978056567184
1188	3.465997805656718
1189	3.465997805656718
1190	3.465997805656718
1191	3.465997805656718
1192	3.465997805656718
1193	3.465997805656718
1194	3.465997805656718
1195	3.465997805656718
1196	3.465997805656718
1197	3.4659978056567176
1198	3.4659978056567176
1199	3.465997805656717
1200	3.465997805656717
1201	3.4659978056567167
1202	3.4659978056567167
1203	3.4659978056567167
1204	3.4659978056567167
1205	3.4659978056567167
1206	3.4659978056567167
1207	3.4659978056567167
1208	3.4659978056567167
1209	3.465997805656716
1210	3.465997805656716
1211	3.465997805656716
1212	3.4659978056567153
1213	3.4659978056567153
1214	3.4659978056567153
1215	3.4659978056567153
1216	3.465997805656715
1217	3.465997805656715
1218	3.465997805656715
1219	3.465997805656715
1220	3.465997805656715
1221	3.4659978056567144
1222	3.4659978056567144
1223	3.4659978056567144
1224	3.465997805656714
1225	3.465997805656714
1226	3.465997805656714
1227	3.465997805656714
1228	3.465997805656714
1229	3.465997805656714
1230	3.465997805656714
1231	3.465997805656714
1232	3.465997805656714
1233	3.465997805656714
1234	3.465997805656714
1235	3.465997805656714
1236	3.465997805656714
1237	3.465997805656713
1238	3.465997805656713
1239	3.465997805656713
1240	3.465997805656713
1241	3.465997805656713
1242	3.465997805656713
1243	3.465997805656713
1244	3.465997805656713
1245	3.4659978056567127
1246	3.4659978056567127
1247	3.4659978056567127
1248	3.4659978056567122
1249	3.465997805656712
1250	3.465997805656712
1251	3.465997805656712
1252	3.465997805656712
1253	3.465997805656712
1254	3.465997805656712
1255	3.465997805656712
1256	3.4659978056567113
1257	3.4659978056567113
1258	3.4659978056567113
1259	3.4659978056567113
1260	3.4659978056567113
1261	3.465997805656711
1262	3.465997805656711
1263	3.4659978056567105
1264	3.46599780565671
1265	3.46599780565671
1266	3.46599780565671
1267	3.46599780565671
1268	3.46599780565671
1269	3.46599780565671
1270	3.46599780565671
1271	3.46599780565671
1272	3.46599780565671
1273	3.4659978056567096
1274	3.4659978056567096
1275	3.4659978056567096
1276	3.4659978056567096
1277	3.4659978056567096
1278	3.4659978056567096
1279	3.4659978056567096
1280	3.4659978056567096
1281	3.4659978056567096
1282	3.4659978056567096
1283	3.4659978056567087
1284	3.4659978056567087
1285	3.4659978056567082
1286	3.4659978056567082
1287	3.4659978056567082
1288	3.4659978056567082
1289	3.4659978056567082
1290	3.4659978056567082
1291	3.465997805656708
1292	3.465997805656708
1293	3.4659978056567073
1294	3.4659978056567073
1295	3.4659978056567073
1296	3.4659978056567073
1297	3.4659978056567073
1298	3.465997805656707
1299	3.465997805656707
1300	3.465997805656707
1301	3.465997805656707
1302	3.4659978056567065
1303	3.4659978056567065
1304	3.4659978056567065
1305	3.4659978056567065
1306	3.465997805656706
1307	3.465997805656706
1308	3.465997805656706
1309	3.465997805656706
1310	3.465997805656706
1311	3.465997805656706
1312	3.465997805656706
1313	3.465997805656706
1314	3.4659978056567056
1315	3.4659978056567056
1316	3.465997805656705
1317	3.465997805656705
1318	3.465997805656705
1319	3.465997805656705
1320	3.465997805656705
1321	3.465997805656705
1322	3.465997805656705
1323	3.4659978056567042
1324	3.4659978056567042
1325	3.4659978056567042
1326	3.4659978056567042
1327	3.4659978056567042
1328	3.4659978056567042
1329	3.4659978056567042
1330	3.4659978056567042
1331	3.4659978056567042
1332	3.4659978056567042
1333	3.4659978056567042
1334	3.4659978056567042
1335	3.4659978056567042
1336	3.4659978056567042
1337	3.465997805656704
1338	3.465997805656704
1339	3.465997805656704
1340	3.465997805656704
1341	3.4659978056567033
1342	3.4659978056567033
1343	3.465997805656703
1344	3.465997805656703
1345	3.465997805656703
1346	3.4659978056567025
1347	3.4659978056567025
1348	3.4659978056567025
1349	3.4659978056567025
1350	3.4659978056567025
1351	3.4659978056567025
1352	3.4659978056567025
1353	3.4659978056567025
1354	3.4659978056567016
1355	3.4659978056567016
1356	3.4659978056567016
1357	3.465997805656701
1358	3.465997805656701
1359	3.465997805656701
1360	3.465997805656701
1361	3.465997805656701
1362	3.465997805656701
1363	3.465997805656701
1364	3.465997805656701
1365	3.465997805656701
1366	3.4659978056567007
1367	3.4659978056567007
1368	3.4659978056567007
1369	3.4659978056567007
1370	3.4659978056567007
1371	3.4659978056567007
1372	3.4659978056567002
1373	3.4659978056567002
1374	3.4659978056567
1375	3.4659978056567
1376	3.4659978056567
1377	3.4659978056567
1378	3.465997805656699
1379	3.465997805656699
1380	3.465997805656699
1381	3.465997805656699
1382	3.465997805656699
1383	3.465997805656699
1384	3.465997805656699
1385	3.465997805656699
1386	3.465997805656699
1387	3.465997805656699
1388	3.465997805656699
1389	3.465997805656699
1390	3.465997805656699
1391	3.465997805656699
1392	3.465997805656699
1393	3.4659978056566985
1394	3.4659978056566985
1395	3.4659978056566985
1396	3.4659978056566985
1397	3.4659978056566985
1398	3.4659978056566976
1399	3.4659978056566976
1400	3.4659978056566976
1401	3.4659978056566976
1402	3.4659978056566976
1403	3.4659978056566976
1404	3.4659978056566976
1405	3.4659978056566976
1406	3.465997805656697
1407	3.465997805656697
1408	3.465997805656697
1409	3.465997805656697
1410	3.465997805656697
1411	3.465997805656697
1412	3.465997805656697
1413	3.465997805656697
1414	3.465997805656697
1415	3.4659978056566967
1416	3.4659978056566967
1417	3.4659978056566967
1418	3.4659978056566967
1419	3.4659978056566962
1420	3.4659978056566962
1421	3.4659978056566962
1422	3.465997805656696
1423	3.465997805656696
1424	3.465997805656696
1425	3.465997805656696
1426	3.4659978056566954
1427	3.4659978056566954
1428	3.4659978056566954
1429	3.4659978056566954
1430	3.4659978056566954
1431	3.4659978056566954
1432	3.4659978056566945
1433	3.4659978056566945
1434	3.465997805656694
1435	3.465997805656694
1436	3.465997805656694
1437	3.465997805656694
1438	3.465997805656694
1439	3.4659978056566936
1440	3.4659978056566936
1441	3.4659978056566936
1442	3.465997805656693
1443	3.465997805656693
1444	3.465997805656693
1445	3.465997805656693
1446	3.465997805656693
1447	3.465997805656693
1448	3.465997805656693
1449	3.465997805656693
1450	3.4659978056566927
1451	3.4659978056566927
1452	3.4659978056566927
1453	3.4659978056566927
1454	3.4659978056566927
1455	3.4659978056566927
1456	3.4659978056566927
1457	3.4659978056566922
1458	3.4659978056566922
1459	3.4659978056566922
1460	3.4659978056566922
1461	3.4659978056566922
1462	3.4659978056566922
1463	3.465997805656692
1464	3.465997805656692
1465	3.465997805656692
1466	3.465997805656692
1467	3.465997805656691
1468	3.465997805656691
1469	3.465997805656691
1470	3.465997805656691
1471	3.465997805656691
1472	3.465997805656691
1473	3.465997805656691
1474	3.465997805656691
1475	3.465997805656691
1476	3.465997805656691
1477	3.4659978056566905
1478	3.4659978056566905
1479	3.4659978056566905
1480	3.46599780565669
1481	3.46599780565669
1482	3.46599780565669
1483	3.46599780565669
1484	3.4659978056566896
1485	3.4659978056566896
1486	3.4659978056566896
1487	3.4659978056566896
1488	3.465997805656689
1489	3.465997805656689
1490	3.465997805656689
1491	3.465997805656689
1492	3.465997805656689
1493	3.465997805656689
1494	3.465997805656689
1495	3.465997805656689
1496	3.465997805656689
1497	3.465997805656689
1498	3.465997805656689
1499	3.4659978056566887
1500	3.4659978056566882
1501	3.4659978056566882
1502	3.4659978056566882
1503	3.4659978056566882
1504	3.4659978056566882
1505	3.4659978056566882
1506	3.4659978056566882
1507	3.4659978056566882
1508	3.4659978056566882
1509	3.4659978056566882
1510	3.4659978056566882
1511	3.4659978056566882
1512	3.4659978056566882
1513	3.4659978056566882
1514	3.4659978056566874
1515	3.4659978056566874
1516	3.4659978056566874
1517	3.4659978056566874
1518	3.465997805656687
1519	3.465997805656687
1520	3.465997805656687
1521	3.465997805656687
1522	3.465997805656687
1523	3.465997805656687
1524	3.465997805656687
1525	3.465997805656687
1526	3.465997805656687
1527	3.465997805656687
1528	3.4659978056566865
1529	3.4659978056566865
1530	3.4659978056566865
1531	3.4659978056566865
1532	3.4659978056566865
1533	3.4659978056566865
1534	3.4659978056566865
1535	3.4659978056566865
1536	3.4659978056566856
1537	3.4659978056566856
1538	3.4659978056566856
1539	3.4659978056566856
1540	3.4659978056566856
1541	3.465997805656685
1542	3.465997805656685
1543	3.465997805656685
1544	3.465997805656685
1545	3.465997805656685
1546	3.465997805656685
1547	3.4659978056566847
1548	3.4659978056566847
1549	3.4659978056566842
1550	3.4659978056566842
1551	3.4659978056566842
1552	3.4659978056566842
1553	3.4659978056566842
1554	3.4659978056566842
1555	3.4659978056566842
1556	3.4659978056566842
1557	3.4659978056566842
1558	3.4659978056566842
1559	3.4659978056566842
1560	3.4659978056566842
1561	3.4659978056566842
1562	3.4659978056566842
1563	3.4659978056566842
1564	3.465997805656684
1565	3.465997805656684
1566	3.465997805656684
1567	3.4659978056566834
1568	3.4659978056566834
1569	3.4659978056566834
1570	3.4659978056566834
1571	3.4659978056566834
1572	3.4659978056566834
1573	3.4659978056566834
1574	3.4659978056566834
1575	3.4659978056566834
1576	3.4659978056566834
1577	3.4659978056566834
1578	3.465997805656683
1579	3.465997805656683
1580	3.465997805656683
1581	3.465997805656683
1582	3.465997805656683
1583	3.465997805656683
1584	3.465997805656683
1585	3.465997805656683
1586	3.465997805656683
1587	3.465997805656682
1588	3.465997805656682
1589	3.465997805656682
1590	3.465997805656682
1591	3.465997805656682
1592	3.465997805656682
1593	3.465997805656682
1594	3.465997805656682
1595	3.465997805656682
1596	3.465997805656682
1597	3.4659978056566816
1598	3.465997805656681
1599	3.4659978056566803
1600	3.4659978056566803
1601	3.4659978056566803
1602	3.4659978056566803
1603	3.4659978056566803
1604	3.4659978056566803
1605	3.4659978056566803
1606	3.4659978056566803
1607	3.4659978056566803
1608	3.4659978056566803
1609	3.46599780565668
1610	3.46599780565668
1611	3.46599780565668
1612	3.46599780565668
1613	3.46599780565668
1614	3.4659978056566794
1615	3.4659978056566794
1616	3.4659978056566794
1617	3.4659978056566794
1618	3.4659978056566794
1619	3.4659978056566794
1620	3.4659978056566794
1621	3.4659978056566794
1622	3.465997805656679
1623	3.465997805656679
1624	3.465997805656679
1625	3.465997805656679
1626	3.465997805656679
1627	3.465997805656679
1628	3.4659978056566785
1629	3.4659978056566785
1630	3.4659978056566785
1631	3.4659978056566785
1632	3.465997805656678
1633	3.465997805656678
1634	3.4659978056566776
1635	3.4659978056566776
1636	3.4659978056566776
1637	3.4659978056566776
1638	3.4659978056566776
1639	3.4659978056566776
1640	3.4659978056566776
1641	3.4659978056566776
1642	3.4659978056566776
1643	3.4659978056566776
1644	3.4659978056566776
1645	3.4659978056566776
1646	3.4659978056566776
1647	3.465997805656677
1648	3.4659978056566767
1649	3.4659978056566767
1650	3.4659978056566767
1651	3.4659978056566767
1652	3.4659978056566767
1653	3.4659978056566767
1654	3.4659978056566767
1655	3.4659978056566767
1656	3.4659978056566767
1657	3.4659978056566767
1658	3.4659978056566767
1659	3.4659978056566763
1660	3.4659978056566763
1661	3.465997805656676
1662	3.465997805656676
1663	3.465997805656676
1664	3.465997805656676
1665	3.465997805656676
1666	3.465997805656676
1667	3.4659978056566754
1668	3.4659978056566754
1669	3.4659978056566754
1670	3.4659978056566754
1671	3.4659978056566754
1672	3.4659978056566754
1673	3.4659978056566754
1674	3.465997805656675
1675	3.465997805656675
1676	3.465997805656675
1677	3.465997805656675
1678	3.465997805656675
1679	3.4659978056566745
1680	3.4659978056566745
1681	3.465997805656674
1682	3.465997805656674
1683	3.465997805656674
1684	3.465997805656674
1685	3.465997805656674
1686	3.465997805656674
1687	3.465997805656674
1688	3.465997805656674
1689	3.465997805656674
1690	3.465997805656674
1691	3.465997805656673
1692	3.465997805656673
1693	3.465997805656673
1694	3.4659978056566727
1695	3.4659978056566727
1696	3.4659978056566727
1697	3.4659978056566727
1698	3.4659978056566727
1699	3.4659978056566727
1700	3.4659978056566727
1701	3.4659978056566727
1702	3.4659978056566727
1703	3.4659978056566727
1704	3.465997805656672
1705	3.465997805656672
1706	3.465997805656672
1707	3.465997805656672
1708	3.465997805656672
1709	3.465997805656672
1710	3.465997805656672
1711	3.465997805656672
1712	3.465997805656672
1713	3.465997805656672
1714	3.465997805656672
1715	3.465997805656672
1716	3.465997805656672
1717	3.465997805656671
1718	3.465997805656671
1719	3.465997805656671
1720	3.465997805656671
1721	3.465997805656671
1722	3.465997805656671
1723	3.4659978056566705
1724	3.4659978056566705
1725	3.46599780565667
1726	3.46599780565667
1727	3.46599780565667
1728	3.46599780565667
1729	3.46599780565667
1730	3.46599780565667
1731	3.46599780565667
1732	3.46599780565667
1733	3.46599780565667
1734	3.46599780565667
1735	3.46599780565667
1736	3.46599780565667
1737	3.46599780565667
1738	3.46599780565667
1739	3.46599780565667
1740	3.46599780565667
1741	3.4659978056566696
1742	3.4659978056566696
1743	3.4659978056566696
1744	3.465997805656669
1745	3.465997805656669
1746	3.465997805656669
1747	3.465997805656669
1748	3.465997805656669
1749	3.465997805656669
1750	3.4659978056566687
1751	3.4659978056566687
1752	3.4659978056566687
1753	3.4659978056566687
1754	3.4659978056566687
1755	3.4659978056566687
1756	3.4659978056566687
1757	3.4659978056566683
1758	3.4659978056566683
1759	3.4659978056566683
1760	3.4659978056566683
1761	3.4659978056566683
1762	3.4659978056566683
1763	3.465997805656668
1764	3.465997805656668
1765	3.465997805656668
1766	3.465997805656668
1767	3.465997805656668
1768	3.4659978056566674
1769	3.4659978056566674
1770	3.4659978056566674
1771	3.465997805656667
1772	3.465997805656667
1773	3.465997805656667
1774	3.465997805656667
1775	3.465997805656666
1776	3.465997805656666
1777	3.465997805656666
1778	3.465997805656666
1779	3.465997805656666
1780	3.465997805656666
1781	3.465997805656666
1782	3.465997805656666
1783	3.465997805656666
1784	3.465997805656666
1785	3.465997805656666
1786	3.465997805656666
1787	3.465997805656666
1788	3.465997805656666
1789	3.4659978056566656
1790	3.4659978056566656
1791	3.4659978056566656
1792	3.4659978056566656
1793	3.465997805656665
1794	3.465997805656665
1795	3.465997805656665
1796	3.465997805656665
1797	3.465997805656665
1798	3.465997805656665
1799	3.465997805656665
1800	3.465997805656665
1801	3.465997805656665
1802	3.465997805656665
1803	3.465997805656665
1804	3.465997805656665
1805	3.4659978056566647
1806	3.4659978056566643
1807	3.4659978056566643
1808	3.4659978056566643
1809	3.4659978056566643
1810	3.4659978056566643
1811	3.4659978056566643
1812	3.4659978056566643
1813	3.465997805656664
1814	3.465997805656664
1815	3.465997805656664
1816	3.465997805656664
1817	3.4659978056566634
1818	3.4659978056566634
1819	3.4659978056566634
1820	3.4659978056566625
1821	3.4659978056566625
1822	3.4659978056566625
1823	3.4659978056566625
1824	3.4659978056566625
1825	3.4659978056566625
1826	3.4659978056566625
1827	3.4659978056566625
1828	3.4659978056566625
1829	3.4659978056566625
1830	3.4659978056566625
1831	3.4659978056566625
1832	3.465997805656662
1833	3.465997805656662
1834	3.465997805656662
1835	3.465997805656662
1836	3.4659978056566616
1837	3.4659978056566616
1838	3.4659978056566616
1839	3.4659978056566616
1840	3.4659978056566616
1841	3.4659978056566616
1842	3.4659978056566616
1843	3.4659978056566616
1844	3.4659978056566616
1845	3.4659978056566616
1846	3.4659978056566616
1847	3.4659978056566616
1848	3.465997805656661
1849	3.465997805656661
1850	3.465997805656661
1851	3.4659978056566607
1852	3.4659978056566607
1853	3.4659978056566607
1854	3.4659978056566607
1855	3.4659978056566607
1856	3.4659978056566607
1857	3.4659978056566607
1858	3.4659978056566603
1859	3.4659978056566603
1860	3.4659978056566603
1861	3.4659978056566603
1862	3.4659978056566603
1863	3.46599780565666
1864	3.46599780565666
1865	3.46599780565666
1866	3.46599780565666
1867	3.46599780565666
1868	3.46599780565666
1869	3.46599780565666
1870	3.46599780565666
1871	3.465997805656659
1872	3.465997805656659
1873	3.465997805656659
1874	3.4659978056566585
1875	3.4659978056566585
1876	3.4659978056566585
1877	3.4659978056566585
1878	3.4659978056566585
1879	3.4659978056566585
1880	3.4659978056566585
1881	3.465997805656658
1882	3.465997805656658
1883	3.465997805656658
1884	3.465997805656658
1885	3.4659978056566576
1886	3.4659978056566576
1887	3.4659978056566576
1888	3.4659978056566576
1889	3.4659978056566576
1890	3.4659978056566576
1891	3.4659978056566576
1892	3.4659978056566567
1893	3.4659978056566567
1894	3.4659978056566567
1895	3.4659978056566567
1896	3.4659978056566567
1897	3.4659978056566567
1898	3.4659978056566567
1899	3.4659978056566567
1900	3.4659978056566567
1901	3.4659978056566563
1902	3.4659978056566563
1903	3.4659978056566563
1904	3.4659978056566563
1905	3.4659978056566563
1906	3.4659978056566563
1907	3.4659978056566563
1908	3.4659978056566563
1909	3.4659978056566563
1910	3.4659978056566563
1911	3.4659978056566563
1912	3.4659978056566563
1913	3.4659978056566563
1914	3.4659978056566563
1915	3.465997805656656
1916	3.465997805656656
1917	3.4659978056566554
1918	3.4659978056566554
1919	3.4659978056566554
1920	3.4659978056566554
1921	3.465997805656655
1922	3.465997805656655
1923	3.465997805656655
1924	3.465997805656655
1925	3.465997805656655
1926	3.465997805656655
1927	3.465997805656655
1928	3.465997805656655
1929	3.465997805656655
1930	3.465997805656655
1931	3.465997805656655
1932	3.4659978056566545
1933	3.4659978056566545
1934	3.4659978056566545
1935	3.4659978056566545
1936	3.4659978056566545
1937	3.465997805656654
1938	3.465997805656654
1939	3.4659978056566536
1940	3.4659978056566536
1941	3.4659978056566536
1942	3.4659978056566536
1943	3.4659978056566536
1944	3.4659978056566536
1945	3.4659978056566536
1946	3.4659978056566536
1947	3.4659978056566536
1948	3.465997805656653
1949	3.465997805656653
1950	3.465997805656653
1951	3.465997805656653
1952	3.465997805656653
1953	3.465997805656653
1954	3.465997805656653
1955	3.465997805656653
1956	3.465997805656653
1957	3.465997805656653
1958	3.4659978056566527
1959	3.4659978056566527
1960	3.4659978056566527
1961	3.465997805656652
1962	3.465997805656652
1963	3.465997805656652
1964	3.465997805656652
1965	3.465997805656652
1966	3.465997805656652
1967	3.465997805656652
1968	3.465997805656652
1969	3.4659978056566514
1970	3.4659978056566514
1971	3.4659978056566514
1972	3.4659978056566514
1973	3.4659978056566514
1974	3.465997805656651
1975	3.465997805656651
1976	3.465997805656651
1977	3.465997805656651
1978	3.465997805656651
1979	3.465997805656651
1980	3.465997805656651
1981	3.465997805656651
1982	3.465997805656651
1983	3.465997805656651
1984	3.465997805656651
1985	3.465997805656651
1986	3.4659978056566505
1987	3.4659978056566505
1988	3.46599780565665
1989	3.46599780565665
1990	3.46599780565665
1991	3.46599780565665
1992	3.4659978056566496
1993	3.4659978056566496
1994	3.4659978056566496
1995	3.4659978056566496
1996	3.4659978056566496
1997	3.4659978056566496
1998	3.465997805656649
1999	3.465997805656649
2000	3.465997805656649
2001	3.4659978056566487
2002	3.4659978056566487
2003	3.4659978056566487
2004	3.4659978056566487
2005	3.4659978056566487
2006	3.4659978056566487
2007	3.4659978056566487
2008	3.4659978056566487
2009	3.4659978056566487
2010	3.4659978056566487
2011	3.4659978056566487
2012	3.4659978056566487
2013	3.4659978056566483
2014	3.465997805656648
2015	3.465997805656648
2016	3.465997805656648
2017	3.465997805656648
2018	3.465997805656648
2019	3.465997805656648
2020	3.4659978056566474
2021	3.4659978056566474
2022	3.4659978056566474
2023	3.4659978056566474
2024	3.4659978056566474
2025	3.4659978056566474
2026	3.4659978056566474
2027	3.4659978056566474
2028	3.4659978056566474
2029	3.4659978056566474
2030	3.4659978056566474
2031	3.4659978056566474
2032	3.4659978056566474
2033	3.4659978056566474
2034	3.4659978056566474
2035	3.4659978056566474
2036	3.465997805656647
2037	3.4659978056566465
2038	3.465997805656646
2039	3.465997805656646
2040	3.465997805656646
2041	3.465997805656646
2042	3.465997805656646
2043	3.465997805656646
2044	3.465997805656646
2045	3.465997805656646
2046	3.4659978056566456
2047	3.4659978056566456
2048	3.4659978056566456
2049	3.4659978056566456
2050	3.4659978056566456
2051	3.4659978056566447
2052	3.4659978056566447
2053	3.4659978056566443
2054	3.4659978056566443
2055	3.4659978056566443
2056	3.4659978056566443
2057	3.465997805656644
2058	3.465997805656644
2059	3.465997805656644
2060	3.465997805656644
2061	3.465997805656644
2062	3.465997805656644
2063	3.465997805656644
2064	3.465997805656644
2065	3.465997805656644
2066	3.4659978056566434
2067	3.4659978056566434
2068	3.465997805656643
2069	3.465997805656643
2070	3.465997805656643
2071	3.465997805656643
2072	3.465997805656643
2073	3.465997805656643
2074	3.465997805656643
2075	3.465997805656643
2076	3.465997805656643
2077	3.4659978056566425
2078	3.4659978056566425
2079	3.4659978056566425
2080	3.4659978056566425
2081	3.4659978056566425
2082	3.4659978056566425
2083	3.4659978056566425
2084	3.4659978056566425
2085	3.4659978056566425
2086	3.4659978056566425
2087	3.4659978056566425
2088	3.465997805656642
2089	3.465997805656642
2090	3.465997805656642
2091	3.4659978056566416
2092	3.4659978056566416
2093	3.4659978056566416
2094	3.4659978056566416
2095	3.4659978056566416
2096	3.4659978056566416
2097	3.4659978056566416
2098	3.465997805656641
2099	3.465997805656641
2100	3.4659978056566407
2101	3.4659978056566407
2102	3.4659978056566407
2103	3.4659978056566407
2104	3.4659978056566407
2105	3.4659978056566407
2106	3.4659978056566407
2107	3.4659978056566407
2108	3.4659978056566407
2109	3.4659978056566407
2110	3.4659978056566403
2111	3.46599780565664
2112	3.46599780565664
2113	3.46599780565664
2114	3.46599780565664
2115	3.46599780565664
2116	3.46599780565664
2117	3.46599780565664
2118	3.46599780565664
2119	3.46599780565664
2120	3.4659978056566394
2121	3.4659978056566394
2122	3.4659978056566394
2123	3.4659978056566394
2124	3.4659978056566394
2125	3.4659978056566394
2126	3.4659978056566394
2127	3.4659978056566394
2128	3.465997805656639
2129	3.4659978056566385
2130	3.4659978056566385
2131	3.4659978056566385
2132	3.4659978056566385
2133	3.4659978056566385
2134	3.4659978056566385
2135	3.4659978056566385
2136	3.4659978056566385
2137	3.4659978056566385
2138	3.4659978056566385
2139	3.4659978056566376
2140	3.4659978056566376
2141	3.4659978056566376
2142	3.4659978056566376
2143	3.4659978056566376
2144	3.4659978056566376
2145	3.4659978056566376
2146	3.4659978056566367
2147	3.4659978056566367
2148	3.4659978056566367
2149	3.4659978056566367
2150	3.4659978056566367
2151	3.4659978056566367
2152	3.4659978056566367
2153	3.4659978056566367
2154	3.4659978056566367
2155	3.4659978056566367
2156	3.4659978056566367
2157	3.4659978056566367
2158	3.4659978056566363
2159	3.465997805656636
2160	3.465997805656636
2161	3.4659978056566354
2162	3.4659978056566354
2163	3.4659978056566354
2164	3.4659978056566354
2165	3.4659978056566354
2166	3.4659978056566354
2167	3.4659978056566354
2168	3.465997805656635
2169	3.465997805656635
2170	3.465997805656635
2171	3.465997805656635
2172	3.465997805656635
2173	3.465997805656635
2174	3.465997805656635
2175	3.4659978056566345
2176	3.4659978056566345
2177	3.465997805656634
2178	3.465997805656634
2179	3.465997805656634
2180	3.465997805656634
2181	3.465997805656634
2182	3.465997805656634
2183	3.465997805656634
2184	3.465997805656634
2185	3.465997805656634
2186	3.465997805656633
2187	3.465997805656633
2188	3.465997805656633
2189	3.465997805656633
2190	3.465997805656633
2191	3.465997805656633
2192	3.465997805656633
2193	3.465997805656633
2194	3.465997805656633
2195	3.465997805656633
2196	3.465997805656633
2197	3.4659978056566327
2198	3.4659978056566327
2199	3.4659978056566327
2200	3.4659978056566327
2201	3.4659978056566327
2202	3.4659978056566327
2203	3.4659978056566327
2204	3.4659978056566323
2205	3.4659978056566323
2206	3.4659978056566323
2207	3.4659978056566323
2208	3.4659978056566314
2209	3.4659978056566314
2210	3.4659978056566314
2211	3.4659978056566314
2212	3.4659978056566314
2213	3.4659978056566314
2214	3.4659978056566305
2215	3.4659978056566305
2216	3.4659978056566305
2217	3.4659978056566305
2218	3.4659978056566305
2219	3.4659978056566305
2220	3.4659978056566305
2221	3.4659978056566305
2222	3.4659978056566305
2223	3.46599780565663
2224	3.46599780565663
2225	3.46599780565663
2226	3.46599780565663
2227	3.46599780565663
2228	3.4659978056566296
2229	3.4659978056566296
2230	3.4659978056566296
2231	3.4659978056566296
2232	3.4659978056566296
2233	3.4659978056566296
2234	3.4659978056566296
2235	3.4659978056566296
2236	3.465997805656629
2237	3.465997805656629
2238	3.465997805656629
2239	3.465997805656629
2240	3.465997805656629
2241	3.465997805656629
2242	3.465997805656629
2243	3.4659978056566287
2244	3.4659978056566287
2245	3.4659978056566287
2246	3.4659978056566287
2247	3.4659978056566287
2248	3.4659978056566287
2249	3.4659978056566287
2250	3.4659978056566287
2251	3.4659978056566287
2252	3.4659978056566287
2253	3.4659978056566283
2254	3.4659978056566283
2255	3.4659978056566283
2256	3.4659978056566283
2257	3.4659978056566283
2258	3.465997805656628
2259	3.465997805656628
2260	3.4659978056566274
2261	3.465997805656627
2262	3.465997805656627
2263	3.465997805656627
2264	3.465997805656627
2265	3.465997805656627
2266	3.465997805656627
2267	3.465997805656627
2268	3.465997805656627
2269	3.465997805656627
2270	3.4659978056566265
2271	3.4659978056566265
2272	3.4659978056566265
2273	3.4659978056566265
2274	3.4659978056566265
2275	3.4659978056566265
2276	3.4659978056566265
2277	3.4659978056566265
2278	3.4659978056566265
2279	3.4659978056566265
2280	3.4659978056566265
2281	3.465997805656626
2282	3.465997805656626
2283	3.465997805656626
2284	3.465997805656626
2285	3.465997805656626
2286	3.4659978056566256
2287	3.4659978056566256
2288	3.4659978056566256
2289	3.4659978056566256
2290	3.4659978056566256
2291	3.4659978056566256
2292	3.4659978056566256
2293	3.4659978056566256
2294	3.4659978056566256
2295	3.4659978056566256
2296	3.4659978056566256
2297	3.4659978056566256
2298	3.465997805656625
2299	3.465997805656625
2300	3.4659978056566247
2301	3.4659978056566247
2302	3.4659978056566247
2303	3.4659978056566247
2304	3.4659978056566247
2305	3.4659978056566243
2306	3.4659978056566243
2307	3.4659978056566243
2308	3.4659978056566234
2309	3.4659978056566234
2310	3.4659978056566234
2311	3.4659978056566234
2312	3.4659978056566234
2313	3.4659978056566234
2314	3.465997805656623
2315	3.465997805656623
2316	3.465997805656623
2317	3.465997805656623
2318	3.465997805656623
2319	3.4659978056566225
2320	3.4659978056566225
2321	3.4659978056566225
2322	3.4659978056566225
2323	3.4659978056566225
2324	3.4659978056566225
2325	3.4659978056566225
2326	3.4659978056566225
2327	3.465997805656622
2328	3.465997805656622
2329	3.4659978056566216
2330	3.4659978056566216
2331	3.4659978056566216
2332	3.4659978056566216
2333	3.4659978056566216
2334	3.4659978056566216
2335	3.4659978056566216
2336	3.4659978056566216
2337	3.4659978056566216
2338	3.4659978056566216
2339	3.4659978056566216
2340	3.4659978056566216
2341	3.4659978056566216
2342	3.4659978056566207
2343	3.4659978056566207
2344	3.4659978056566207
2345	3.4659978056566207
2346	3.4659978056566207
2347	3.4659978056566207
2348	3.4659978056566207
2349	3.4659978056566203
2350	3.4659978056566203
2351	3.4659978056566203
2352	3.4659978056566203
2353	3.4659978056566203
2354	3.4659978056566203
2355	3.46599780565662
2356	3.46599780565662
2357	3.46599780565662
2358	3.46599780565662
2359	3.46599780565662
2360	3.4659978056566194
2361	3.4659978056566194
2362	3.4659978056566194
2363	3.4659978056566194
2364	3.4659978056566194
2365	3.4659978056566194
2366	3.465997805656619
2367	3.465997805656619
2368	3.465997805656619
2369	3.465997805656619
2370	3.465997805656619
2371	3.465997805656619
2372	3.465997805656619
2373	3.465997805656619
2374	3.465997805656619
2375	3.465997805656618
2376	3.465997805656618
2377	3.465997805656618
2378	3.465997805656618
2379	3.465997805656618
2380	3.465997805656618
2381	3.465997805656618
2382	3.465997805656618
2383	3.4659978056566176
2384	3.4659978056566176
2385	3.465997805656617
2386	3.465997805656617
2387	3.465997805656617
2388	3.465997805656617
2389	3.465997805656617
2390	3.465997805656617
2391	3.4659978056566163
2392	3.4659978056566163
2393	3.4659978056566163
2394	3.4659978056566163
2395	3.4659978056566163
2396	3.4659978056566163
2397	3.465997805656616
2398	3.465997805656616
2399	3.465997805656616
2400	3.465997805656616
2401	3.465997805656616
2402	3.465997805656616
2403	3.465997805656616
2404	3.465997805656616
2405	3.465997805656616
2406	3.4659978056566154
2407	3.4659978056566154
2408	3.4659978056566154
2409	3.4659978056566154
2410	3.4659978056566154
2411	3.4659978056566154
2412	3.4659978056566154
2413	3.4659978056566154
2414	3.4659978056566154
2415	3.4659978056566154
2416	3.465997805656615
2417	3.465997805656615
2418	3.465997805656615
2419	3.465997805656615
2420	3.465997805656615
2421	3.465997805656615
2422	3.465997805656615
2423	3.465997805656615
2424	3.4659978056566145
2425	3.4659978056566145
2426	3.465997805656614
2427	3.465997805656614
2428	3.465997805656614
2429	3.465997805656614
2430	3.465997805656614
2431	3.465997805656614
2432	3.465997805656614
2433	3.4659978056566136
2434	3.4659978056566136
2435	3.4659978056566136
2436	3.4659978056566136
2437	3.4659978056566136
2438	3.4659978056566136
2439	3.4659978056566128
2440	3.4659978056566128
2441	3.4659978056566128
2442	3.4659978056566128
2443	3.4659978056566128
2444	3.4659978056566123
2445	3.4659978056566123
2446	3.4659978056566123
2447	3.4659978056566123
2448	3.4659978056566123
2449	3.465997805656612
2450	3.465997805656612
2451	3.465997805656612
2452	3.465997805656612
2453	3.465997805656612
2454	3.465997805656612
2455	3.465997805656612
2456	3.465997805656612
2457	3.465997805656612
2458	3.4659978056566114
2459	3.4659978056566114
2460	3.4659978056566114
2461	3.4659978056566114
2462	3.4659978056566114
2463	3.4659978056566114
2464	3.4659978056566114
2465	3.4659978056566114
2466	3.4659978056566114
2467	3.4659978056566114
2468	3.465997805656611
2469	3.465997805656611
2470	3.4659978056566105
2471	3.4659978056566105
2472	3.4659978056566105
2473	3.4659978056566105
2474	3.4659978056566105
2475	3.4659978056566105
2476	3.4659978056566105
2477	3.4659978056566105
2478	3.4659978056566105
2479	3.4659978056566105
2480	3.4659978056566105
2481	3.4659978056566105
2482	3.4659978056566105
2483	3.46599780565661
2484	3.46599780565661
2485	3.46599780565661
2486	3.46599780565661
2487	3.46599780565661
2488	3.465997805656609
2489	3.4659978056566088
2490	3.4659978056566088
2491	3.4659978056566083
2492	3.4659978056566083
2493	3.4659978056566083
2494	3.4659978056566083
2495	3.4659978056566083
2496	3.4659978056566083
2497	3.4659978056566083
2498	3.4659978056566083
2499	3.4659978056566083
2500	3.4659978056566083
2501	3.4659978056566083
2502	3.4659978056566083
2503	3.4659978056566083
2504	3.4659978056566083
2505	3.4659978056566083
2506	3.465997805656608
2507	3.465997805656608
2508	3.4659978056566074
2509	3.4659978056566074
2510	3.4659978056566074
2511	3.4659978056566074
2512	3.465997805656607
2513	3.465997805656607
2514	3.465997805656607
2515	3.465997805656607
2516	3.465997805656607
2517	3.465997805656607
2518	3.4659978056566065
2519	3.4659978056566065
2520	3.4659978056566065
2521	3.4659978056566065
2522	3.4659978056566065
2523	3.4659978056566065
2524	3.4659978056566065
2525	3.4659978056566065
2526	3.4659978056566065
2527	3.4659978056566065
2528	3.4659978056566065
2529	3.4659978056566065
2530	3.465997805656606
2531	3.465997805656606
2532	3.465997805656606
2533	3.465997805656606
2534	3.465997805656606
2535	3.465997805656606
2536	3.4659978056566056
2537	3.4659978056566056
2538	3.4659978056566056
2539	3.4659978056566056
2540	3.465997805656605
2541	3.465997805656605
2542	3.465997805656605
2543	3.4659978056566048
2544	3.4659978056566048
2545	3.4659978056566048
2546	3.4659978056566048
2547	3.4659978056566048
2548	3.4659978056566048
2549	3.4659978056566048
2550	3.4659978056566048
2551	3.4659978056566048
2552	3.4659978056566048
2553	3.4659978056566043
2554	3.4659978056566043
2555	3.4659978056566043
2556	3.4659978056566043
2557	3.4659978056566043
2558	3.4659978056566043
2559	3.4659978056566043
2560	3.4659978056566043
2561	3.4659978056566043
2562	3.4659978056566043
2563	3.4659978056566043
2564	3.465997805656604
2565	3.465997805656604
2566	3.4659978056566034
2567	3.4659978056566034
2568	3.4659978056566034
2569	3.4659978056566034
2570	3.4659978056566034
2571	3.4659978056566034
2572	3.4659978056566034
2573	3.4659978056566034
2574	3.4659978056566034
2575	3.4659978056566034
2576	3.4659978056566034
2577	3.465997805656603
2578	3.465997805656603
2579	3.4659978056566016
2580	3.4659978056566016
2581	3.4659978056566016
2582	3.4659978056566016
2583	3.4659978056566016
2584	3.4659978056566016
2585	3.4659978056566016
2586	3.4659978056566016
2587	3.4659978056566016
2588	3.4659978056566016
2589	3.465997805656601
2590	3.4659978056566008
2591	3.4659978056566008
2592	3.4659978056566008
2593	3.4659978056566008
2594	3.4659978056566008
2595	3.4659978056566008
2596	3.4659978056566008
2597	3.4659978056566008
2598	3.4659978056566008
2599	3.4659978056566003
2600	3.4659978056566003
2601	3.4659978056566003
2602	3.4659978056566003
2603	3.4659978056566003
2604	3.4659978056566003
2605	3.4659978056566003
2606	3.4659978056566
2607	3.4659978056566
2608	3.4659978056566
2609	3.4659978056565994
2610	3.4659978056565994
2611	3.4659978056565994
2612	3.4659978056565994
2613	3.4659978056565994
2614	3.4659978056565994
2615	3.4659978056565994
2616	3.4659978056565994
2617	3.4659978056565994
2618	3.465997805656599
2619	3.465997805656599
2620	3.465997805656599
2621	3.465997805656599
2622	3.4659978056565985
2623	3.4659978056565985
2624	3.4659978056565985
2625	3.4659978056565985
2626	3.4659978056565985
2627	3.4659978056565985
2628	3.4659978056565985
2629	3.4659978056565985
2630	3.465997805656598
2631	3.465997805656598
2632	3.465997805656598
2633	3.465997805656598
2634	3.465997805656598
2635	3.465997805656598
2636	3.465997805656598
2637	3.465997805656597
2638	3.465997805656597
2639	3.4659978056565968
2640	3.4659978056565968
2641	3.4659978056565968
2642	3.4659978056565968
2643	3.4659978056565968
2644	3.4659978056565968
2645	3.4659978056565968
2646	3.4659978056565968
2647	3.4659978056565968
2648	3.4659978056565968
2649	3.4659978056565968
2650	3.4659978056565968
2651	3.4659978056565963
2652	3.465997805656596
2653	3.465997805656596
2654	3.465997805656596
2655	3.465997805656596
2656	3.465997805656596
2657	3.465997805656596
2658	3.465997805656596
2659	3.465997805656596
2660	3.465997805656596
2661	3.465997805656596
2662	3.465997805656595
2663	3.465997805656595
2664	3.465997805656595
2665	3.465997805656595
2666	3.465997805656595
2667	3.465997805656595
2668	3.465997805656595
2669	3.465997805656595
2670	3.4659978056565945
2671	3.4659978056565945
2672	3.4659978056565945
2673	3.4659978056565945
2674	3.4659978056565945
2675	3.4659978056565945
2676	3.4659978056565945
2677	3.4659978056565945
2678	3.4659978056565945
2679	3.465997805656594
2680	3.465997805656594
2681	3.465997805656594
2682	3.465997805656594
2683	3.4659978056565937
2684	3.4659978056565937
2685	3.4659978056565937
2686	3.465997805656593
2687	3.465997805656593
2688	3.465997805656593
2689	3.465997805656593
2690	3.4659978056565928
2691	3.4659978056565928
2692	3.4659978056565928
2693	3.4659978056565928
2694	3.4659978056565928
2695	3.4659978056565928
2696	3.4659978056565928
2697	3.4659978056565923
2698	3.4659978056565923
2699	3.4659978056565923
2700	3.465997805656592
2701	3.465997805656592
2702	3.465997805656592
2703	3.465997805656592
2704	3.465997805656592
2705	3.4659978056565914
2706	3.4659978056565914
2707	3.4659978056565914
2708	3.4659978056565914
2709	3.4659978056565914
2710	3.4659978056565914
2711	3.4659978056565914
2712	3.4659978056565914
2713	3.4659978056565914
2714	3.465997805656591
2715	3.465997805656591
2716	3.465997805656591
2717	3.465997805656591
2718	3.465997805656591
2719	3.465997805656591
2720	3.465997805656591
2721	3.465997805656591
2722	3.465997805656591
2723	3.465997805656591
2724	3.465997805656591
2725	3.465997805656591
2726	3.4659978056565905
2727	3.4659978056565905
2728	3.4659978056565905
2729	3.46599780565659
2730	3.46599780565659
2731	3.46599780565659
2732	3.46599780565659
2733	3.46599780565659
2734	3.46599780565659
2735	3.46599780565659
2736	3.46599780565659
2737	3.46599780565659
2738	3.46599780565659
2739	3.46599780565659
2740	3.465997805656589
2741	3.465997805656589
2742	3.465997805656589
2743	3.465997805656589
2744	3.465997805656589
2745	3.465997805656589
2746	3.465997805656589
2747	3.465997805656589
2748	3.465997805656589
2749	3.465997805656589
2750	3.4659978056565888
2751	3.4659978056565888
2752	3.4659978056565888
2753	3.4659978056565888
2754	3.4659978056565888
2755	3.4659978056565888
2756	3.465997805656588
2757	3.465997805656588
2758	3.465997805656588
2759	3.465997805656588
2760	3.465997805656588
2761	3.465997805656588
2762	3.4659978056565874
2763	3.4659978056565874
2764	3.4659978056565874
2765	3.465997805656587
2766	3.465997805656587
2767	3.465997805656587
2768	3.465997805656587
2769	3.465997805656587
2770	3.4659978056565866
2771	3.4659978056565866
2772	3.4659978056565866
2773	3.4659978056565866
2774	3.4659978056565866
2775	3.4659978056565866
2776	3.4659978056565866
2777	3.4659978056565866
2778	3.4659978056565866
2779	3.465997805656586
2780	3.465997805656586
2781	3.4659978056565857
2782	3.4659978056565857
2783	3.4659978056565857
2784	3.4659978056565857
2785	3.4659978056565857
2786	3.4659978056565857
2787	3.4659978056565857
2788	3.4659978056565857
2789	3.4659978056565857
2790	3.465997805656585
2791	3.4659978056565848
2792	3.4659978056565848
2793	3.4659978056565848
2794	3.4659978056565848
2795	3.4659978056565848
2796	3.4659978056565848
2797	3.4659978056565848
2798	3.4659978056565848
2799	3.4659978056565848
2800	3.4659978056565848
2801	3.4659978056565848
2802	3.4659978056565843
2803	3.4659978056565843
2804	3.4659978056565843
2805	3.4659978056565843
2806	3.4659978056565843
2807	3.4659978056565843
2808	3.4659978056565843
2809	3.4659978056565843
2810	3.4659978056565843
2811	3.465997805656584
2812	3.465997805656584
2813	3.465997805656584
2814	3.4659978056565834
2815	3.4659978056565834
2816	3.4659978056565834
2817	3.4659978056565834
2818	3.4659978056565834
2819	3.4659978056565834
2820	3.465997805656583
2821	3.465997805656583
2822	3.465997805656583
2823	3.465997805656583
2824	3.465997805656583
2825	3.4659978056565826
2826	3.4659978056565826
2827	3.4659978056565826
2828	3.4659978056565826
2829	3.4659978056565826
2830	3.4659978056565826
2831	3.4659978056565826
2832	3.465997805656582
2833	3.465997805656582
2834	3.465997805656582
2835	3.465997805656582
2836	3.465997805656582
2837	3.465997805656582
2838	3.4659978056565817
2839	3.4659978056565817
2840	3.4659978056565817
2841	3.4659978056565817
2842	3.4659978056565817
2843	3.4659978056565808
2844	3.4659978056565808
2845	3.4659978056565808
2846	3.4659978056565808
2847	3.4659978056565808
2848	3.4659978056565808
2849	3.4659978056565808
2850	3.4659978056565803
2851	3.4659978056565803
2852	3.4659978056565803
2853	3.4659978056565803
2854	3.4659978056565803
2855	3.4659978056565803
2856	3.4659978056565803
2857	3.4659978056565803
2858	3.4659978056565803
2859	3.46599780565658
2860	3.46599780565658
2861	3.46599780565658
2862	3.4659978056565794
2863	3.4659978056565794
2864	3.465997805656579
2865	3.465997805656579
2866	3.465997805656579
2867	3.465997805656579
2868	3.465997805656579
2869	3.465997805656579
2870	3.465997805656579
2871	3.465997805656579
2872	3.465997805656579
2873	3.465997805656579
2874	3.465997805656579
2875	3.465997805656579
2876	3.465997805656579
2877	3.4659978056565786
2878	3.4659978056565786
2879	3.465997805656578
2880	3.465997805656578
2881	3.465997805656578
2882	3.465997805656578
2883	3.465997805656578
2884	3.465997805656578
2885	3.465997805656578
2886	3.4659978056565777
2887	3.4659978056565777
2888	3.4659978056565777
2889	3.4659978056565777
2890	3.4659978056565772
2891	3.465997805656577
2892	3.465997805656577
2893	3.465997805656577
2894	3.465997805656577
2895	3.465997805656577
2896	3.465997805656577
2897	3.465997805656577
2898	3.465997805656577
2899	3.4659978056565763
2900	3.4659978056565763
2901	3.4659978056565763
2902	3.4659978056565763
2903	3.4659978056565763
2904	3.4659978056565763
2905	3.465997805656576
2906	3.465997805656576
2907	3.4659978056565754
2908	3.4659978056565754
2909	3.4659978056565754
2910	3.4659978056565754
2911	3.4659978056565754
2912	3.4659978056565754
2913	3.4659978056565754
2914	3.4659978056565754
2915	3.465997805656575
2916	3.465997805656575
2917	3.465997805656575
2918	3.465997805656575
2919	3.465997805656575
2920	3.465997805656575
2921	3.465997805656575
2922	3.4659978056565746
2923	3.4659978056565746
2924	3.4659978056565746
2925	3.4659978056565746
2926	3.4659978056565746
2927	3.4659978056565746
2928	3.4659978056565746
2929	3.4659978056565746
2930	3.4659978056565746
2931	3.4659978056565737
2932	3.4659978056565737
2933	3.4659978056565737
2934	3.4659978056565737
2935	3.4659978056565737
2936	3.4659978056565737
2937	3.4659978056565737
2938	3.4659978056565732
2939	3.4659978056565732
2940	3.4659978056565732
2941	3.4659978056565732
2942	3.4659978056565732
2943	3.4659978056565732
2944	3.465997805656573
2945	3.465997805656573
2946	3.465997805656573
2947	3.465997805656573
2948	3.4659978056565723
2949	3.4659978056565723
2950	3.4659978056565723
2951	3.465997805656572
2952	3.465997805656572
2953	3.465997805656572
2954	3.465997805656572
2955	3.4659978056565715
2956	3.4659978056565715
2957	3.4659978056565715
2958	3.4659978056565715
2959	3.4659978056565715
2960	3.465997805656571
2961	3.465997805656571
2962	3.465997805656571
2963	3.465997805656571
2964	3.465997805656571
2965	3.465997805656571
2966	3.465997805656571
2967	3.465997805656571
2968	3.465997805656571
2969	3.4659978056565706
2970	3.4659978056565706
2971	3.46599780565657
2972	3.46599780565657
2973	3.46599780565657
2974	3.46599780565657
2975	3.46599780565657
2976	3.46599780565657
2977	3.46599780565657
2978	3.46599780565657
2979	3.46599780565657
2980	3.46599780565657
2981	3.46599780565657
2982	3.46599780565657
2983	3.46599780565657
2984	3.4659978056565697
2985	3.4659978056565697
2986	3.4659978056565697
2987	3.4659978056565697
2988	3.4659978056565697
2989	3.4659978056565697
2990	3.4659978056565692
2991	3.4659978056565692
2992	3.4659978056565692
2993	3.4659978056565692
2994	3.465997805656569
2995	3.465997805656569
2996	3.465997805656569
2997	3.465997805656569
2998	3.465997805656569
2999	3.465997805656569
3000	3.465997805656569
