1	44.77051305148417
2	26.224802083951147
3	16.171542381727882
4	11.25279600255974
5	7.216344876435408
6	5.10175730569297
7	3.802485622521231
8	3.0439414916349308
9	2.3257125837947377
10	1.8615199075603681
11	1.644436663161669
12	1.4306954956311013
13	1.2808851816129032
14	1.2399515882869683
15	1.0030251547792388
16	0.9243228750408417
17	0.8699652713367291
18	0.934663899532558
19	0.9121601804394412
20	0.8640159027436062
21	0.8422326943211188
22	0.8216736138867915
23	0.8076564518285995
24	0.7613055359542611
25	0.7619856483231975
26	0.7988061095102156
27	0.7962815765318066
28	0.778663544776977
29	0.7866017510194337
30	0.7673725819703814
31	0.8675973570334725
32	0.7867631149716628
33	0.6985388936663663
34	0.638005878981123
35	0.7336404070092578
36	0.8218953682540664
37	0.715518339094266
38	0.8007903684270321
39	0.6451926088052103
40	0.8234367835356633
41	0.792987128743462
42	0.7619718170940406
43	0.7673056473122258
44	0.7520366685878912
45	0.7332365440128003
46	0.7300942512478258
47	0.7230015732065457
48	0.7088706430110606
49	0.7353785939608024
50	0.7482389043789908
51	0.7346215615157795
52	0.7038446385080047
53	0.7561385943998966
54	0.753811824020359
55	0.7512661782553122
56	0.7209758307121014
57	0.6700268112326132
58	0.6999914827884796
59	0.7498166007454756
60	0.6879218899510853
61	0.7790003276382677
62	0.7159046768324125
63	0.7313644436480443
64	0.705177919559871
65	0.7383344617943456
66	0.658786437635933
67	0.7625124906511208
68	0.6211542266053315
69	0.7463053959706449
70	0.6763458333772524
71	0.7962429966428909
72	0.7309966160779209
73	0.7369337773583854
74	0.7206135864342165
75	0.7131931636414265
76	0.7280051994641498
77	0.7529731987272943
78	0.7419484607975786
79	0.6906331610375506
80	0.7227735140783492
81	0.6862558029866789
82	0.6920671627733691
83	0.7130108000522596
84	0.7097586184193213
85	0.6258500380437333
86	0.73411135827389
87	0.7122859953887511
88	0.7096185412010112
89	0.7579164964092175
90	0.7573387707011611
91	0.7637702963119768
92	0.7532806424781266
93	0.7916832212811534
94	0.7042387047903522
95	0.7567915124229159
96	0.6733663918284402
97	0.6745591977825736
98	0.6999122541900754
99	0.7203694555048318
100	0.7498800684040543
101	0.6684624935817496
102	0.746572761793848
103	0.6923405519645612
104	0.798741949915876
105	0.6843660100583363
106	0.7786183206685261
107	0.8379873892421339
108	0.788519594275106
109	0.7426336646694932
110	0.7319358013201929
111	0.710947409966008
112	0.6714958655846359
113	0.6971559914037769
114	0.7061490717760996
115	0.7288352701245041
116	0.7303907601913401
117	0.6807938968847194
118	0.7383998657899622
119	0.6845521070372789
120	0.7155564918624658
121	0.7191672276192566
122	0.7476208595377842
123	0.6854282077163119
124	0.7331521799258799
125	0.7203938784702599
126	0.7427120232651928
127	0.7083017636239493
128	0.6992973926887708
129	0.7922378305792699
130	0.7896172881626352
131	0.719347458254129
132	0.7163797485083431
133	0.7840024993109684
134	0.8232871855535433
135	0.710054549019566
136	0.6477109092058391
137	0.7486490089158632
138	0.7744187145520822
139	0.7451428587553698
140	0.6763678637185419
141	0.7075495290190733
142	0.7079814364536084
143	0.7547717857296873
144	0.7328952328033022
145	0.7399975130825083
146	0.7170513051422053
147	0.736233547117971
148	0.7084764053115734
149	0.7290863866295783
150	0.7365508129954552
151	0.6670123981435226
152	0.7252956066076917
153	0.7522865499373165
154	0.7035358621116219
155	0.7076329190546568
156	0.7709447899393644
157	0.6893955320819223
158	0.6983191430305992
159	0.7226740213105721
160	0.6522573586638261
161	0.74215124551283
162	0.7005809159344162
163	0.7884895479492056
164	0.7151605483656452
165	0.7904490135464892
166	0.6939826748513939
167	0.7907342305373738
168	0.7437177032826875
169	0.7532108511770221
170	0.6588025555303463
171	0.7605631106244447
172	0.7377276833292581
173	0.6777273984851739
174	0.8021886758842602
175	0.7396666052154466
176	0.7310352668175923
177	0.7405844359387642
178	0.6506449282513931
179	0.6991785859895737
180	0.7400306445447811
181	0.8126773186464722
182	0.7197732441179011
183	0.6796670965188033
184	0.745314865029434
185	0.7016115336359567
186	0.730946617129778
187	0.726814350213999
188	0.692867283122344
189	0.6881882375819489
190	0.7225871772666456
191	0.7838132461671208
192	0.7544495329704919
193	0.6772237757973515
194	0.7486038153605613
195	0.6775917196680753
196	0.5983045868342702
197	0.6902266668863998
198	0.7384175896289396
199	0.7160137868842019
200	0.7577220064340018
201	0.7600786381209012
202	0.7397531086439347
203	0.7302611072705347
204	0.7632335952357503
205	0.6859557274243638
206	0.7912996551142726
207	0.6959175194031723
208	0.6930824003140049
209	0.7976019663749733
210	0.6758711023518704
211	0.71727634281306
212	0.6434236483325677
213	0.7568364547672138
214	0.7242646046038351
215	0.7369151984208919
216	0.6928192119848023
217	0.8400010459450964
218	0.7272434316540399
219	0.6814934461744653
220	0.7868511819820063
221	0.7248808535808547
222	0.7872758393014057
223	0.6901158234974827
224	0.7538213359984467
225	0.7545436391757581
226	0.7218898551210643
227	0.8020749057817317
228	0.7325551093549681
229	0.7037993009777443
230	0.7274505730261607
231	0.7028277826904306
232	0.7540570124553482
233	0.6488252513923359
234	0.6792337462808284
235	0.695735187224323
236	0.7611039932957111
237	0.8055314121797211
238	0.7091066961917697
239	0.730257241983825
240	0.6909757761424427
241	0.8004130326449915
242	0.7260816512369013
243	0.7334908296566334
244	0.6908975000492988
245	0.7830268798830732
246	0.7022329467017098
247	0.6299906154662769
248	0.7319343580745212
249	0.7474115741753293
250	0.790793146772391
251	0.6917435310301931
252	0.6635628998747557
253	0.7020828050661501
254	0.6571541255569923
255	0.6760958753965401
256	0.7464067025611322
257	0.7444809401867931
258	0.7171341369389874
259	0.7220321046529706
260	0.7251334540271318
261	0.7201228171216107
262	0.6994818093280598
263	0.6757101352164052
264	0.7561123081671285
265	0.7134102690879293
266	0.6239299476116155
267	0.6483344173899755
268	0.7881622810515213
269	0.6972257195542255
270	0.6852188742321755
271	0.7770883565976722
272	0.762782027962616
273	0.7067074595576491
274	0.7612776112022698
275	0.6647966620128184
276	0.7831333235144385
277	0.7371690582045503
278	0.785943763059562
279	0.6435575576268194
280	0.7956277831943018
281	0.6627013749395815
282	0.738625784537253
283	0.6873111503259631
284	0.6932493308442748
285	0.7235229825143655
286	0.7230956748280299
287	0.7679448055447211
288	0.6844173221281423
289	0.6558788818028108
290	0.7686227403764118
291	0.7537267459901721
292	0.8001814533628313
293	0.7900018616924956
294	0.733892995180487
295	0.702038286221164
296	0.7340798171930007
297	0.7358443814626441
298	0.746287457875466
299	0.658573511248668
300	0.7240977364506137
301	0.7396865918078485
302	0.7064299195607263
303	0.6997447129915183
304	0.7316232315884142
305	0.7757990160108607
306	0.7799405604262905
307	0.6535827592941246
308	0.7231872926165424
309	0.7023833792840174
310	0.6766177087901271
311	0.6744071381339389
312	0.7232708373963802
313	0.6957995797844455
314	0.6477203707500279
315	0.621892151692815
316	0.7488848803660078
317	0.643671745380206
318	0.76413696304875
319	0.7127892092795528
320	0.7348260505014963
321	0.683638151996798
322	0.7237060392513777
323	0.7113871819735814
324	0.7503775453738321
325	0.7441887737889807
326	0.7082186905913977
327	0.698572143994783
328	0.7575350787316988
329	0.7609938223564494
330	0.7624381971166663
331	0.5809990684397295
332	0.7829075615475052
333	0.7123601688013712
334	0.6859338522766087
335	0.7629134619612898
336	0.6128120642596274
337	0.6781400290054233
338	0.7030400697113992
339	0.7201988585925295
340	0.7093037338307535
341	0.744426848308382
342	0.7125985948890443
343	0.7007308026728
344	0.7552238454253282
345	0.7312598013016486
346	0.7114475356374367
347	0.7602177656626442
348	0.705026668320626
349	0.7546910005751856
350	0.615229894938418
351	0.6405437481152735
352	0.7773185243184758
353	0.6162427457323856
354	0.760279359199804
355	0.7187472711174404
356	0.6992435451759237
357	0.6761912814710046
358	0.7565896445907093
359	0.760299452050475
360	0.6210514298158365
361	0.6848646423385572
362	0.695697902219751
363	0.7346667941508183
364	0.5918243175322841
365	0.7478181848664541
366	0.6688861367341994
367	0.7481470691819899
368	0.7250659535894539
369	0.7653727617534328
370	0.6771466355100569
371	0.6992018342625553
372	0.6875063821218791
373	0.7575223761518635
374	0.7070000434982746
375	0.7411523928050008
376	0.7233520888143805
377	0.681604892149247
378	0.6667052849388126
379	0.6711130976888768
380	0.7373762892885022
381	0.7759286944728007
382	0.7353165640104788
383	0.7069489875793616
384	0.7303751253912659
385	0.7342983036134991
386	0.7691562199371734
387	0.7526656642979574
388	0.6740416537022413
389	0.7339091329769091
390	0.7369611088023621
391	0.6256100983422286
392	0.7158648891168871
393	0.7171323547505029
394	0.8169246860168796
395	0.7757606118589302
396	0.7231021009500797
397	0.7208561201143423
398	0.7251437655606084
399	0.6992605997684609
400	0.654895770514566
401	0.7217786536345353
402	0.7547384072229207
403	0.8049703828410137
404	0.7827835002180116
405	0.6920125884536197
406	0.6654292851208494
407	0.6537695228976516
408	0.6407489949945919
409	0.6953665533856118
410	0.7174607644476976
411	0.782365426997883
412	0.7332686060279845
413	0.6826841475562194
414	0.7369709302825196
415	0.743169296045293
416	0.6945007101921435
417	0.6860309611821177
418	0.784907109118142
419	0.7662653079426088
420	0.7570084156011369
421	0.7648678100371916
422	0.7559264800848354
423	0.7293197273523477
424	0.7493929248062163
425	0.6955294987615878
426	0.7170178547435401
427	0.7863868511001855
428	0.7493450359636294
429	0.7089778436808454
430	0.7066242394092658
431	0.7411134623646737
432	0.742784472978494
433	0.7854536209321344
434	0.7228715171587887
435	0.7320815373288893
436	0.7220408132213609
437	0.7778314777247355
438	0.6698203349787872
439	0.7382177183133327
440	0.7552316835128661
441	0.6899529679286527
442	0.6835874949530236
443	0.7622333829145048
444	0.7251032260099866
445	0.756018916826534
446	0.7087005747828518
447	0.7021960253061399
448	0.5826341918489865
449	0.6843644596442003
450	0.7568069582444301
451	0.800693637230723
452	0.706695649077565
453	0.6892509782425068
454	0.7673243609975651
455	0.7040833170339336
456	0.6939556577946984
457	0.7046170770622712
458	0.7555645975830854
459	0.7300705922017589
460	0.6534932460575376
461	0.7490845241607685
462	0.6638833365992163
463	0.6477365785959955
464	0.7629041526014045
465	0.6963167172203574
466	0.7290108549680235
467	0.7362513703910967
468	0.742613341373174
469	0.7415952948239892
470	0.7283621916463631
471	0.7177663402090406
472	0.7361133933772862
473	0.772726662811413
474	0.7110983213766358
475	0.7515461933284807
476	0.6650614741325251
477	0.7789728448201232
478	0.7743925514406614
479	0.7470732657619108
480	0.6956765453476356
481	0.767245473228558
482	0.7752412892939945
483	0.685439856142743
484	0.7961428163470654
485	0.751236496851736
486	0.7274598287785295
487	0.6806573233379987
488	0.7004640218821615
489	0.6673987407782331
490	0.7293955783934108
491	0.7477226851448755
492	0.6735120230387825
493	0.7451726387927213
494	0.6537344532170112
495	0.7007988774756505
496	0.7065538541958478
497	0.688731803307166
498	0.8075954944186495
499	0.7326199842736217
500	0.76783692201155
501	0.6687292064742659
502	0.6623793033026109
503	0.7626307787988295
504	0.7043617711261814
505	0.6633414811662175
506	0.7532033555757957
507	0.8035067968816905
508	0.7541945976458533
509	0.803500448683176
510	0.6950270540957358
511	0.7494417135930702
512	0.7603633794800712
513	0.7070506619003054
514	0.6823681742092848
515	0.7028733291780783
516	0.7339129663316228
517	0.7525914477726156
518	0.6758788840629777
519	0.7392206934382823
520	0.7128073370680815
521	0.7004068141862736
522	0.7527945284723857
523	0.626307204957756
524	0.7770628901832202
525	0.7557731584263443
526	0.7720258101183773
527	0.7012885978812461
528	0.7314501437569466
529	0.7086275969204107
530	0.6924844315320899
531	0.722503680952123
532	0.7429436770565534
533	0.6709564652185203
534	0.697486206877529
535	0.7099174896114585
536	0.7198644286393352
537	0.7761148928166633
538	0.7197037631330977
539	0.7628493621800115
540	0.6730501790700703
541	0.656651320603095
542	0.7798974543540738
543	0.6793913958221942
544	0.7049052950725785
545	0.6438353508343485
546	0.7344517577978421
547	0.7136014386735495
548	0.7680708305012668
549	0.7525214500130973
550	0.7378787964478646
551	0.7579433358689515
552	0.7172019905968264
553	0.7558990799022339
554	0.7360072449635128
555	0.6292744384388697
556	0.748622543233394
557	0.6963785296310696
558	0.7029195964064704
559	0.687334738303041
560	0.7678854885839176
561	0.8088187218796055
562	0.7857419062350971
563	0.6963267095474984
564	0.7565021042319915
565	0.7588690990846316
566	0.7130653164315246
567	0.6691025515102793
568	0.7253307011053286
569	0.7649036683329236
570	0.7535839867918374
571	0.7356153177387968
572	0.6974015826238549
573	0.6821725949155085
574	0.7001910151900691
575	0.7525642202287864
576	0.695676350052097
577	0.8094002721374506
578	0.6930703354702398
579	0.8104235685138946
580	0.7338657050498473
581	0.7124458082699692
582	0.6469074057581322
583	0.7378972887437085
584	0.7226965434819809
585	0.7217857782929656
586	0.7895363541485783
587	0.7106209494388388
588	0.7628162844824619
589	0.8098473395018092
590	0.7582146022366102
591	0.7093356495102796
592	0.7048437034025514
593	0.6898601037260489
594	0.7357489903617352
595	0.7198531328463058
596	0.6638069231422927
597	0.7625501150849208
598	0.6715935582946254
599	0.7214621283665447
600	0.6607450178905991
601	0.7376054586214875
602	0.7470654596922478
603	0.7737564006916015
604	0.7129517400986607
605	0.7967840887192182
606	0.7328693972084943
607	0.7323623823971805
608	0.6765172723869182
609	0.7773540792567128
610	0.6887864179609461
611	0.7834637321543766
612	0.7318943397987062
613	0.7216803655942337
614	0.7337520553362471
615	0.8211843091945572
616	0.6810837751047321
617	0.7127057202908261
618	0.709928577671932
619	0.7555683934418009
620	0.7600052519399209
621	0.6876270926595505
622	0.707549478305144
623	0.7699785663927678
624	0.8061408902751308
625	0.7429739157090918
626	0.7081323187313575
627	0.6946050490461542
628	0.6396419727176128
629	0.6851621113366712
630	0.6970859106936432
631	0.7029736274755335
632	0.8039530235808662
633	0.7559210132784767
634	0.6976963959755289
635	0.733390384705214
636	0.7644032733374951
637	0.6571856247874739
638	0.7418451823087809
639	0.7203518404775718
640	0.7143143274264133
641	0.6959383976184614
642	0.7502264001319682
643	0.6665849640014184
644	0.7438574480985973
645	0.6653347774456663
646	0.7678003084349645
647	0.7706798555524244
648	0.6506293673396055
649	0.7027268253170971
650	0.7291864931503587
651	0.7093854784088545
652	0.6676632605988986
653	0.7593228351211194
654	0.6833416467919348
655	0.7548313932553739
656	0.7319280358860648
657	0.7407915437972102
658	0.6785712531045853
659	0.770657779194219
660	0.730032057363171
661	0.7604806993688372
662	0.7336549541761844
663	0.8163276880991458
664	0.770995224438895
665	0.7973529100246
666	0.7404785229092659
667	0.7642574090117695
668	0.7335184899663011
669	0.6937388906722866
670	0.7180885068720054
671	0.6755682984700847
672	0.696863459429398
673	0.7523874531645048
674	0.7298896650773068
675	0.7391153618695667
676	0.7659448041897627
677	0.7979992459477001
678	0.7234095767503953
679	0.6922907450124017
680	0.80093681506487
681	0.7413166722364831
682	0.7830283796894978
683	0.7654215228512735
684	0.6519912742506256
685	0.7152147423517902
686	0.6855480515277441
687	0.775496171601286
688	0.7651185631698146
689	0.7795037775264549
690	0.7140400770276367
691	0.6701742288531553
692	0.6870618975959756
693	0.7448209469530774
694	0.7219810482290403
695	0.728817929759934
696	0.6301724953813098
697	0.7747715088573214
698	0.7497830281092237
699	0.5959684256587596
700	0.695158819019946
701	0.7382123273852442
702	0.7594125677880224
703	0.7151979334684708
704	0.6816115952390381
705	0.772306177265273
706	0.6541995666469306
707	0.7230949207973421
708	0.6968089764804755
709	0.6354328506874934
710	0.7415999261846807
711	0.6835126644137259
712	0.7020982297924157
713	0.6555445030193017
714	0.6837807954733075
715	0.7720177215628526
716	0.7187235798609816
717	0.7291858994759831
718	0.7429967958702387
719	0.6876245336040202
720	0.7679206426410364
721	0.6513186346948205
722	0.7901454426091592
723	0.6764100707286443
724	0.7885989014742663
725	0.7757829626110996
726	0.7343478042587857
727	0.7345276188563513
728	0.7321193383952672
729	0.7154188722013779
730	0.6982843331751171
731	0.7441114332268345
732	0.8281921275459116
733	0.7144137269851443
734	0.6744414748229558
735	0.7470784331217134
736	0.7099930610355561
737	0.7519751836004879
738	0.7043334143240847
739	0.7605143692083852
740	0.7288658693999909
741	0.709712406064419
742	0.7313027172621787
743	0.7037431866434821
744	0.7564574909758482
745	0.7310046138502139
746	0.6843542704252019
747	0.6649906301753735
748	0.765943324473385
749	0.7783984683382476
750	0.683454118901192
751	0.764719918783862
752	0.7774490530638081
753	0.7410459787971498
754	0.6929676552172734
755	0.7164460472426686
756	0.6779149340505785
757	0.6858786667419303
758	0.7996206435007847
759	0.7217199215390485
760	0.7181191580726981
761	0.784994247565916
762	0.7278922533384918
763	0.7618003467307032
764	0.8159734714258203
765	0.7857746383319545
766	0.7134829318340652
767	0.7380745199258805
768	0.7976790117671868
769	0.6751509797811619
770	0.750389351918575
771	0.7842312594566131
772	0.7232105040832033
773	0.7215435441339565
774	0.7529684491415389
775	0.8103001046945232
776	0.7311834345588264
777	0.8078464820647572
778	0.6262682029059345
779	0.6836973511992416
780	0.7562835590980895
781	0.6796207181139413
782	0.6875468950092999
783	0.7053459736026302
784	0.7515389672363201
785	0.8069257656429402
786	0.7643180930609912
787	0.7207748648593774
788	0.7239643008372266
789	0.6558525345884654
790	0.686945601469158
791	0.6851107440509642
792	0.6785913693687512
793	0.7729860361188592
794	0.7797998689378894
795	0.6766227156081392
796	0.7324241072132975
797	0.7244437393439349
798	0.8057869875253283
799	0.6919773868548506
800	0.7313679369196308
801	0.6935314964006606
802	0.7231755384055021
803	0.6590089679542191
804	0.6895995440516886
805	0.692389657074091
806	0.7190942899694817
807	0.710622484827397
808	0.6969159036454708
809	0.7417879289446455
810	0.7138485431678201
811	0.7696911229500455
812	0.7508225371384347
813	0.7993982298580808
814	0.6773794704839406
815	0.7341323832887444
816	0.7430806459692955
817	0.7303579920334081
818	0.7162722870605622
819	0.7322359393557427
820	0.7741122738594769
821	0.660741100701401
822	0.7203293775473995
823	0.700491385452328
824	0.7190097027816609
825	0.7617811933546434
826	0.7885169524268474
827	0.736895644588407
828	0.7314652807150119
829	0.6391888771206096
830	0.811096643886241
831	0.6984106306595085
832	0.696244810231402
833	0.7082095126211356
834	0.7768368083166229
835	0.6842834983799524
836	0.6656273483962426
837	0.6943488474713374
838	0.7322865566647891
839	0.7416673558554513
840	0.7462639385966835
841	0.7697858756438158
842	0.7162423247628869
843	0.7107211674117705
844	0.6711614571361023
845	0.6740990890005774
846	0.7347407385646417
847	0.7542920468845192
848	0.7566840442742016
849	0.6895924189851087
850	0.6455462242881723
851	0.7890128914606821
852	0.7641359432213585
853	0.7622872128244583
854	0.6983791340032555
855	0.6974107524918048
856	0.7274276373555101
857	0.6827846999185405
858	0.7312287396320247
859	0.784045952072313
860	0.8020810717037574
861	0.7431296556620057
862	0.7899716113292633
863	0.7229408367116681
864	0.6920080642473396
865	0.7802001254305442
866	0.6937826900251952
867	0.675129205592983
868	0.7752986320843481
869	0.6672934213653251
870	0.7732866082723466
871	0.7290041468572976
872	0.7504158284493465
873	0.7371786943234097
874	0.8074341115331547
875	0.7085174295922115
876	0.7406393653978421
877	0.7373466531070675
878	0.719995487737365
879	0.6941382669525475
880	0.7193473137589491
881	0.7006197002936323
882	0.7916043875944235
883	0.6901528165416299
884	0.7063597010923558
885	0.679489714894779
886	0.7588120968421301
887	0.7257655859936099
888	0.7687619072265467
889	0.764684663295542
890	0.7182143623125594
891	0.7504587818484336
892	0.7915784860049159
893	0.7396559052004721
894	0.708701982284851
895	0.6830781977100935
896	0.7552011555673434
897	0.7549552887793478
898	0.6807851535300189
899	0.7553207663890734
900	0.6767734177275643
901	0.6517863818456261
902	0.7636878969035638
903	0.6774917822860222
904	0.6575382098196657
905	0.6436303594773434
906	0.7692086671063255
907	0.7800249215827385
908	0.6557197275364837
909	0.7165379622632824
910	0.784802800631767
911	0.7363468694766832
912	0.7240540720088663
913	0.6808718199487768
914	0.6621963101026757
915	0.7408133601252923
916	0.7360368957085465
917	0.7797418110945913
918	0.6711891114896249
919	0.7029806616518547
920	0.741117801530233
921	0.7236806117373491
922	0.7106101346528834
923	0.6971411985574111
924	0.745488701403523
925	0.7782665150219723
926	0.7786469144152529
927	0.6847496701687724
928	0.7215483803712426
929	0.6713343019991308
930	0.6845478181184411
931	0.7378051844477944
932	0.7111993938872827
933	0.6516599397668672
934	0.7470612902431706
935	0.7856385750995023
936	0.7001981823214165
937	0.7136329558784027
938	0.7324011572877142
939	0.7727316692445695
940	0.6945198065334588
941	0.6573613778719098
942	0.7078094919852659
943	0.7142325001864633
944	0.7179852098823766
945	0.76055668671261
946	0.7014494602291867
947	0.6652852103655131
948	0.7142951581976197
949	0.7912346170776161
950	0.6279925159866632
951	0.7138242920780278
952	0.6756343453601604
953	0.8207071754376245
954	0.7798166588770854
955	0.7629277954662356
956	0.726835619700232
957	0.7249426087662159
958	0.7521545735316135
959	0.7311173290659205
960	0.7244143987951788
961	0.6875960243220995
962	0.7275086287217258
963	0.6815577834373417
964	0.7263863592175437
965	0.7629209284788158
966	0.7788839342392254
967	0.7903766168483841
968	0.7056300033320215
969	0.6596124022376213
970	0.6862212378212619
971	0.7717691109673115
972	0.7055247860609685
973	0.7472136006106717
974	0.7337274339436992
975	0.6817154688069773
976	0.7540608603158063
977	0.7448863795141308
978	0.7229906102211786
979	0.7003793542333339
980	0.7090074857183093
981	0.7127924797359398
982	0.7508179000317533
983	0.7463513143042593
984	0.7061722536287919
985	0.7497337606991288
986	0.6761448432185858
987	0.7385564964458733
988	0.6114934902739075
989	0.7741832506607541
990	0.6507487356751867
991	0.7101128130657172
992	0.7241539999045722
993	0.729517125329666
994	0.7023690445964245
995	0.7091734316464843
996	0.7577628023255503
997	0.7612684874206315
998	0.757867657130331
999	0.6317115659515802
1000	0.6512494220332659
1001	0.6499157407626313
1002	0.7444159658106589
1003	0.7128982676544193
1004	0.6167337998829662
1005	0.8062650961473241
1006	0.7150201672474527
1007	0.7609358095689587
1008	0.69972655328504
1009	0.7703714912513683
1010	0.8457770623410389
1011	0.6866776396345149
1012	0.7382062877782634
1013	0.6277358633238885
1014	0.7215336330194172
1015	0.7416687308949979
1016	0.6919324273686718
1017	0.6897465604189611
1018	0.6991174043647665
1019	0.7291266625535463
1020	0.653271642909401
1021	0.705793300609195
1022	0.738203930065028
1023	0.8094416369712175
1024	0.6609005476366555
1025	0.7189502715337714
1026	0.8003853759017167
1027	0.7457723916989457
1028	0.7008826328092858
1029	0.6560192783084156
1030	0.7008086924786898
1031	0.7217076758731414
1032	0.6661925210201586
1033	0.7188651565231348
1034	0.7403267404882193
1035	0.7107767166723366
1036	0.7083470071628728
1037	0.6772866874898836
1038	0.7382619633505245
1039	0.7814786112554953
1040	0.7366754656522383
1041	0.7421856708886472
1042	0.7171922362189515
1043	0.7967334372817343
1044	0.7433465397002902
1045	0.7194643800585683
1046	0.7858437911126086
1047	0.7882861475835206
1048	0.6989456521967019
1049	0.6431455658438289
1050	0.7349646094720038
1051	0.7014252618250383
1052	0.7171586597730747
1053	0.7274937233059091
1054	0.673100736457684
1055	0.7304685802614748
1056	0.7194940445195653
1057	0.7310082594218339
1058	0.7736775048431385
1059	0.7560217646243902
1060	0.6757201252416949
1061	0.6844314222971392
1062	0.708080511195028
1063	0.8157501290350128
1064	0.6727302089785224
1065	0.7396286031190228
1066	0.764472890586513
1067	0.6989400740208904
1068	0.613424118237936
1069	0.785368933688518
1070	0.6796877333381007
1071	0.6950017126835578
1072	0.6863001448085598
1073	0.6987778580577754
1074	0.7151112143878623
1075	0.7186209095068329
1076	0.7392404135646485
1077	0.693195194957314
1078	0.6602792628411384
1079	0.6993449104299199
1080	0.7184868744996832
1081	0.7175702465179657
1082	0.7491560221146013
1083	0.7631382973146632
1084	0.693981084535442
1085	0.7190373502486062
1086	0.6427288533001713
1087	0.676996256192093
1088	0.6954922332189742
1089	0.7465612305466646
1090	0.691058241484262
1091	0.7379257839654826
1092	0.7822746784140405
1093	0.717055881694321
1094	0.7652325278322994
1095	0.7726663443396874
1096	0.695876894905977
1097	0.7158028359270315
1098	0.7167960946184918
1099	0.7307852542892861
1100	0.6978475419730069
1101	0.7996393913852399
1102	0.764266028632674
1103	0.7482800320001448
1104	0.6641997417287051
1105	0.7417287219733985
1106	0.7694761024763838
1107	0.7228396121044101
1108	0.704951404935588
1109	0.7292655675745844
1110	0.7016273905156493
1111	0.7945055679209779
1112	0.6878048554811834
1113	0.7615645533324236
1114	0.6395855552370094
1115	0.819461883957888
1116	0.736553140284354
1117	0.6149287534467791
1118	0.7432387164868391
1119	0.7526576421838614
1120	0.6751390438200192
1121	0.6721981866736653
1122	0.7717637944483859
1123	0.6963853202941744
1124	0.7104715098307788
1125	0.6542412823487098
1126	0.726010656914049
1127	0.7108385756614581
1128	0.7477234210621027
1129	0.8009668775401431
1130	0.7550584762543164
1131	0.7615624038112018
1132	0.779836125909563
1133	0.7546151694312385
1134	0.7105407003481489
1135	0.7344064872719474
1136	0.7718279305908994
1137	0.6634041024241143
1138	0.7923715405413131
1139	0.6955940052238622
1140	0.7480238434716766
1141	0.7322892860177151
1142	0.7831025000162722
1143	0.7538394792025833
1144	0.7695440172709662
1145	0.6757929943479127
1146	0.7572456615620328
1147	0.7663193516774458
1148	0.7318311192888821
1149	0.7530584093461065
1150	0.6844957996086073
1151	0.6884806097213741
1152	0.7591080141131789
1153	0.7525918430706598
1154	0.6311489296063058
1155	0.7898788612003587
1156	0.7181200202330641
1157	0.697282860082695
1158	0.743831287151062
1159	0.7315731682277621
1160	0.699215924457615
1161	0.7348127889656497
1162	0.6366386453244542
1163	0.7521351671761999
1164	0.809442967541655
1165	0.6659531040037782
1166	0.742049408767892
1167	0.7110470748302001
1168	0.7493160233973413
1169	0.7386539036831871
1170	0.7288847652435506
1171	0.7530735011597522
1172	0.7425314305907491
1173	0.708543243372731
1174	0.7293412182302866
1175	0.6314015352248457
1176	0.6924436598774686
1177	0.6866314399864689
1178	0.6791319054179579
1179	0.703659511067024
1180	0.7769443565922993
1181	0.7612364322147018
1182	0.781946116389874
1183	0.6531061398690403
1184	0.7526282323006107
1185	0.7758473822715106
1186	0.700791652723144
1187	0.7111759124657288
1188	0.7424900858780248
1189	0.742593229804027
1190	0.7325616958772003
1191	0.7377194888992485
1192	0.7046878961466772
1193	0.6980635174235049
1194	0.7354229559562895
1195	0.8300254704635598
1196	0.6949377041627449
1197	0.7112440112681256
1198	0.6219047293208171
1199	0.7447207958841682
1200	0.7588765727164476
1201	0.6878008527332986
1202	0.8477408124745459
1203	0.7728454513787751
1204	0.7203920766261583
1205	0.7197584013756538
1206	0.7185821636643069
1207	0.814549663021712
1208	0.7314902606746517
1209	0.7221749166627677
1210	0.7032154684268641
1211	0.7386143620838684
1212	0.732517791407368
1213	0.6981205645938238
1214	0.7505436422389542
1215	0.6739267433790593
1216	0.7079382266615439
1217	0.7635056918704939
1218	0.7549964607767127
1219	0.664327027670806
1220	0.6993296598286107
1221	0.8029189253391975
1222	0.7408783774546428
1223	0.814593055186607
1224	0.7328011207544723
1225	0.7789592940788721
1226	0.6463421937148556
1227	0.7145524113875247
1228	0.6955376836434984
1229	0.7222479519656131
1230	0.8391976546182819
1231	0.6867897137201323
1232	0.7105615789743752
1233	0.734224982838011
1234	0.6499423427692093
1235	0.708730792929073
1236	0.6619142041355133
1237	0.7081424143519269
1238	0.7165354806481471
1239	0.6826693370096856
1240	0.6895786419932166
1241	0.743878106884843
1242	0.7248258309898218
1243	0.6846725868799346
1244	0.6751842332647969
1245	0.7054969639008207
1246	0.6703451061887231
1247	0.657136709781908
1248	0.7267997694596198
1249	0.6654344897348591
1250	0.6944652624992723
1251	0.6878068238482709
1252	0.6855590211195325
1253	0.7093229091201435
1254	0.7409096762062481
1255	0.7032331327432237
1256	0.7132342941526428
1257	0.7500953156328567
1258	0.7753546082075958
1259	0.7392352196274665
1260	0.7423560715088331
1261	0.7236163871488527
1262	0.6953283072341441
1263	0.7830201550648747
1264	0.7282090868053388
1265	0.6504897388944088
1266	0.7858491472352163
1267	0.7593903994881354
1268	0.7154473966073085
1269	0.7216701797463627
1270	0.6946190157442547
1271	0.7491693519531964
1272	0.7352194343989955
1273	0.7265620249261089
1274	0.593575699495773
1275	0.8217739002008858
1276	0.7260673590670212
1277	0.6995701751726237
1278	0.7081963701672493
1279	0.668111845673256
1280	0.6804165335067158
1281	0.7938000905964374
1282	0.7731592190822659
1283	0.6912759983521819
1284	0.6978938188590773
1285	0.7290310598732641
1286	0.7110664926422959
1287	0.7277764410272571
1288	0.71401900250374
1289	0.7080149487997258
1290	0.690933876848452
1291	0.6703584385775536
1292	0.7782337887880991
1293	0.6855823066175538
1294	0.7035594820055451
1295	0.7335192240417157
1296	0.7823846695091523
1297	0.7451700775983632
1298	0.7712179891036245
1299	0.7347802221859737
1300	0.7577907373532865
1301	0.7459289542936494
1302	0.7361138363380257
1303	0.7952223735338123
1304	0.825235739208561
1305	0.7330913365303076
1306	0.6815360703929776
1307	0.6671529902566247
1308	0.7834066460290351
1309	0.7762978867178806
1310	0.7114881684194835
1311	0.7390613849997872
1312	0.7325553192090546
1313	0.6890974651364739
1314	0.7195973441308923
1315	0.7357517209530902
1316	0.727818571605765
1317	0.826161544752731
1318	0.7201241811944646
1319	0.6950718103352592
1320	0.730264012990966
1321	0.7125658820452296
1322	0.8244074938021825
1323	0.7209696510547284
1324	0.7160786815696536
1325	0.7054966608429107
1326	0.7018858317595382
1327	0.8076521725522209
1328	0.6806592504751084
1329	0.6521933940731326
1330	0.7090376749697297
1331	0.7846591012306907
1332	0.7745110774908388
1333	0.7005993921974586
1334	0.776845773594362
1335	0.6960552906350461
1336	0.6667738267029946
1337	0.7316580824545647
1338	0.6702896028641319
1339	0.839813889772763
1340	0.7380367049151075
1341	0.7177031818647361
1342	0.7882295452918364
1343	0.7411363292449459
1344	0.7720042232919037
1345	0.6890137550103665
1346	0.7090044999679422
1347	0.7070396038275916
1348	0.708951285994663
1349	0.7306505241047944
1350	0.7532633101718926
1351	0.7128717554846851
1352	0.7287410809282
1353	0.7401201162281946
1354	0.7585935761653358
1355	0.7169408998963226
1356	0.7688415150008516
1357	0.665424718487836
1358	0.7717940176974023
1359	0.7217886365140372
1360	0.8027857426151841
1361	0.7105837315112082
1362	0.7265008220902278
1363	0.7268270354746826
1364	0.6988363283585207
1365	0.7019085512902189
1366	0.7624217366725043
1367	0.7362112447021237
1368	0.7269410689109044
1369	0.7720614727385473
1370	0.7123762011688648
1371	0.7905258302364396
1372	0.7317144028988348
1373	0.7280987856454205
1374	0.7300631707057319
1375	0.7335624532271995
1376	0.6469959951022519
1377	0.7891662956941133
1378	0.6702993213440257
1379	0.7139918684677664
1380	0.7897064838151617
1381	0.7479567040422139
1382	0.6869125783196879
1383	0.7463972672712791
1384	0.67024348736343
1385	0.6535430954542061
1386	0.6902427349256073
1387	0.7195716351404987
1388	0.7225561072410712
1389	0.7603593628016783
1390	0.7577295297094825
1391	0.6982487271273754
1392	0.7352174164665901
1393	0.6343703824536363
1394	0.7177397172515932
1395	0.7336802118993115
1396	0.713271807957459
1397	0.7658564083902266
1398	0.7824687969269776
1399	0.7029588318988811
1400	0.7123873891908872
1401	0.7355523715107153
1402	0.7016508126139064
1403	0.7435571073895763
1404	0.7332712369515854
1405	0.694627369826454
1406	0.7517584560932612
1407	0.7732068656376099
1408	0.7431696419033976
1409	0.7220529097915435
1410	0.73783976609194
1411	0.6976021230231726
1412	0.6510076860869594
1413	0.6710771899008346
1414	0.7479777354324836
1415	0.7935755123064417
1416	0.7455103722715314
1417	0.7515757403765604
1418	0.7288253332613983
1419	0.739137027467017
1420	0.708351736861163
1421	0.7365947795330474
1422	0.7983948839776897
1423	0.674093189721363
1424	0.7568157603011324
1425	0.7515850521563466
1426	0.6717540109124286
1427	0.7310098975495996
1428	0.6864192577952248
1429	0.7690920494091312
1430	0.699402969892981
1431	0.7565625313869874
1432	0.7189058299420218
1433	0.8412276668270593
1434	0.7378392507331663
1435	0.7496287190013058
1436	0.712488922423565
1437	0.7766980022901058
1438	0.667702618658027
1439	0.7623089998507484
1440	0.7414859883041391
1441	0.758965134851906
1442	0.6942737893495857
1443	0.6724305781109083
1444	0.705736842566776
1445	0.7616731376667477
1446	0.7125602854182511
1447	0.6804064184434068
1448	0.7353977794634875
1449	0.7230989129481563
1450	0.6911777090343468
1451	0.7332200146413493
1452	0.826867079570273
1453	0.786796167936202
1454	0.71883613075421
1455	0.7423400341291168
1456	0.7939147786612567
1457	0.7150486943064003
1458	0.7076847578975392
1459	0.6896471472442732
1460	0.746891262402077
1461	0.7138197394361453
1462	0.7998836807537918
1463	0.7193096988306549
1464	0.7681549265299966
1465	0.7787839063462202
1466	0.6455273836499651
1467	0.7533844744256469
1468	0.7058471811563188
1469	0.8005964543780338
1470	0.7526380802670872
1471	0.6884834016707782
1472	0.7348372449714077
1473	0.7574900309837478
1474	0.7649777145573735
1475	0.724230804626714
1476	0.7612619564160662
1477	0.7630743549697598
1478	0.7235982976260725
1479	0.7266961745956032
1480	0.8174423155192162
1481	0.7167812820941956
1482	0.7231989553424562
1483	0.6156225353279431
1484	0.6366000138813777
1485	0.6890141466833242
1486	0.7125097403883704
1487	0.7475318591042075
1488	0.7409366929633457
1489	0.7471979157180961
1490	0.7949125724191025
1491	0.6375382475775242
1492	0.7366906342817268
1493	0.6711352196900098
1494	0.7113661182259271
1495	0.7147672270122984
1496	0.7311374201988924
1497	0.7301826679090843
1498	0.7303307815517953
1499	0.7720707575045325
1500	0.8124764076512005
1501	0.7380141142382726
1502	0.7149518676427711
1503	0.7749974349732259
1504	0.7589083778644424
1505	0.6962126167649577
1506	0.7038082652310675
1507	0.7449503102401784
1508	0.7454857848803325
1509	0.7138419274661981
1510	0.6964366002984423
1511	0.7401527718662336
1512	0.7468029610048006
1513	0.7423864190707178
1514	0.7606945318593764
1515	0.7043840155055591
1516	0.6737510227935076
1517	0.7379279973938738
1518	0.6386462030043434
1519	0.726971323502017
1520	0.754156010927828
1521	0.7168617835227802
1522	0.7333390884154853
1523	0.7289700609021423
1524	0.7786778624958989
1525	0.7591917708975578
1526	0.7165409740042771
1527	0.6048236857275898
1528	0.6055260957799662
1529	0.7408683584536593
1530	0.7152125585763512
1531	0.6646588348966831
1532	0.7615035682596546
1533	0.7493222431261868
1534	0.6397854347384736
1535	0.7955946906400425
1536	0.604666571202589
1537	0.7515874452947376
1538	0.7562865010135059
1539	0.7369581301026847
1540	0.6691444759598699
1541	0.6869332938363265
1542	0.6691540481212818
1543	0.6491998191494226
1544	0.724707891735951
1545	0.6517332502134497
1546	0.696826279830349
1547	0.6952759195903021
1548	0.7389403620360632
1549	0.7278641100767781
1550	0.7518898070919937
1551	0.7690081967088781
1552	0.7354276737668924
1553	0.7504749445675528
1554	0.7624872299213644
1555	0.6877158019816413
1556	0.6713900649480643
1557	0.6328243487653459
1558	0.8340056309526267
1559	0.770301292459195
1560	0.7954875436259027
1561	0.7072618824612669
1562	0.7599919435683279
1563	0.6831767327273005
1564	0.7106312251606691
1565	0.7275655391893049
1566	0.7396261469845095
1567	0.747612758265511
1568	0.6890977656274232
1569	0.7235716036351565
1570	0.7383632896234533
1571	0.7424172148576733
1572	0.6052135266045667
1573	0.7323413403141046
1574	0.7058581838645195
1575	0.6767997197087267
1576	0.7326049975987382
1577	0.7129606489093323
1578	0.6397121187716547
1579	0.72179991831386
1580	0.7636421807184738
1581	0.7292677446361214
1582	0.7752926551556542
1583	0.7753022223242758
1584	0.7472296279595602
1585	0.7845585844993764
1586	0.6895250347972668
1587	0.6906250469210529
1588	0.7855929227327855
1589	0.7318232577224452
1590	0.705951871096048
1591	0.7555843136468227
1592	0.7550934604344607
1593	0.7056708540947196
1594	0.7745170769089907
1595	0.7363445226690046
1596	0.7509478372247862
1597	0.716602734148116
1598	0.7356528651226939
1599	0.7514733802438319
1600	0.7397988942597257
1601	0.7312256140911215
1602	0.7331919424370875
1603	0.7021971285438368
1604	0.7034843900235596
1605	0.7367077686544885
1606	0.6522986856954559
1607	0.6886839305614257
1608	0.7017102091131233
1609	0.7006236178482175
1610	0.7522441100863975
1611	0.6909738661495851
1612	0.7142268042823775
1613	0.7846107208955192
1614	0.6750044360300236
1615	0.7731017362040007
1616	0.7289318200808074
1617	0.6630461263355414
1618	0.6921906250538548
1619	0.7112655114044694
1620	0.708114040326216
1621	0.705446426575684
1622	0.6981032776577009
1623	0.719251691241362
1624	0.7608250133395079
1625	0.730780050562646
1626	0.6927718737643231
1627	0.6881437703283587
1628	0.7135083426065627
1629	0.6283756619327606
1630	0.6708409343641425
1631	0.7122187726539434
1632	0.7477380413193608
1633	0.6908124236640583
1634	0.6851135900872385
1635	0.6604257929948151
1636	0.8080305467945837
1637	0.7338642910294332
1638	0.7653055130377654
1639	0.7284386852190623
1640	0.7651539346865391
1641	0.7410836759270185
1642	0.5754266173632221
1643	0.7089899715592745
1644	0.7423825515365114
1645	0.7115392462728166
1646	0.6740799544829571
1647	0.7246111485544774
1648	0.6095779684483926
1649	0.7408580205877917
1650	0.7034401461463845
1651	0.6721293520741108
1652	0.7114172433431433
1653	0.7166236522631895
1654	0.7212268620001944
1655	0.6606166187459058
1656	0.7316022365931867
1657	0.7620788546621182
1658	0.7578591332114025
1659	0.781258197723575
1660	0.7711422344090649
1661	0.7605942899103696
1662	0.6993252460153406
1663	0.7397061732386572
1664	0.5881907879181905
1665	0.6597983609492434
1666	0.682211465489785
1667	0.7372490693962582
1668	0.6637777775551861
1669	0.7441674130412336
1670	0.7827820728232708
1671	0.6381786341815747
1672	0.6445147047496285
1673	0.7036595344075259
1674	0.6926485251462453
1675	0.7396824511087828
1676	0.7106978633300197
1677	0.75939522096922
1678	0.8146760782916658
1679	0.7674466697399701
1680	0.6446972012705342
1681	0.7649646915371581
1682	0.6845354736449817
1683	0.7157434787372119
1684	0.6247579758217714
1685	0.7365436340278462
1686	0.7381513504211351
1687	0.7636995217156851
1688	0.7861227939218483
1689	0.6999941894146153
1690	0.654563183315957
1691	0.6774850112942061
1692	0.7573515812379531
1693	0.7505039727119361
1694	0.7548102908506209
1695	0.7289695090086493
1696	0.7939007486856741
1697	0.7158265408349785
1698	0.7274364994037484
1699	0.6670069834794335
1700	0.6905709724339395
1701	0.7063052436215386
1702	0.7562974724740757
1703	0.6444266296332175
1704	0.8174483621313315
1705	0.7318989168901101
1706	0.6560520427761813
1707	0.6813086473150638
1708	0.6879633561432186
1709	0.7141872223552455
1710	0.637715391850988
1711	0.7146577455964083
1712	0.6859553077603089
1713	0.7603050136385983
1714	0.703509997486126
1715	0.7443666550805853
1716	0.7346442337608697
1717	0.7869490887298792
1718	0.6765854949812196
1719	0.7747229974395629
1720	0.7084792500370156
1721	0.669689713084613
1722	0.7020765408324618
1723	0.734167862290026
1724	0.6448700714113247
1725	0.6767414547376602
1726	0.7248711590832357
1727	0.7267557096238133
1728	0.7117394204447081
1729	0.6824143469760281
1730	0.724713516661834
1731	0.7780382349162002
1732	0.6891569761435558
1733	0.7140334123140083
1734	0.7480595745739822
1735	0.7239403128884271
1736	0.6993472811388426
1737	0.8024321276802636
1738	0.6718221803874385
1739	0.7196621339689543
1740	0.6997845935905895
1741	0.6833616769922426
1742	0.7036887854726929
1743	0.7181427624827681
1744	0.694511504992839
1745	0.7147415733604757
1746	0.6790471659976489
1747	0.7115090091219854
1748	0.6385424326518072
1749	0.6668504564357062
1750	0.7368257499791481
1751	0.6782296397290005
1752	0.7229914693065423
1753	0.7463780453349557
1754	0.6990050271144755
1755	0.637802737866821
1756	0.7063872897874693
1757	0.7007584264757836
1758	0.6872400918467487
1759	0.6391907514697734
1760	0.7078483065213251
1761	0.7209588413282522
1762	0.7011284407394655
1763	0.760244622994607
1764	0.6842552442791391
1765	0.7303628297472745
1766	0.691746978710942
1767	0.7037832349867406
1768	0.7380918775417199
1769	0.700282961207018
1770	0.8071637559342163
1771	0.787574648678538
1772	0.6869786693002059
1773	0.7322895836832727
1774	0.6320004532999961
1775	0.7452261608558499
1776	0.7186986878448219
1777	0.6530516911382882
1778	0.7419993010888367
1779	0.7463185862057488
1780	0.6768824276881562
1781	0.7620221774404052
1782	0.7688443317697486
1783	0.6572267538788619
1784	0.6906561323041666
1785	0.7227891504067345
1786	0.6875064330345269
1787	0.7063055723194777
1788	0.6926592279009124
1789	0.6527146067309018
1790	0.7921931585826649
1791	0.7837697898763241
1792	0.6958043926459562
1793	0.7456919058371358
1794	0.7453151813094965
1795	0.7487295726216657
1796	0.7964314508420465
1797	0.7145470605087377
1798	0.7761861400095936
1799	0.7610376969762752
1800	0.7163508659118687
1801	0.8010075501569826
1802	0.674626079402396
1803	0.6892627076998047
1804	0.71263915861921
1805	0.704008837900099
1806	0.6909343998918014
1807	0.7356109798639596
1808	0.7721434399387377
1809	0.6768721527100569
1810	0.7059971305759881
1811	0.7241903117308364
1812	0.8259062475971821
1813	0.6414132277799502
1814	0.6552181070510442
1815	0.7277005200533349
1816	0.6559058736180272
1817	0.7682038620071939
1818	0.7934265365177853
1819	0.761021902009803
1820	0.7091798286677241
1821	0.776145473373313
1822	0.7715711215545504
1823	0.7233823752158505
1824	0.7178359388237493
1825	0.6961209420286874
1826	0.7592214608029733
1827	0.7350200482575108
1828	0.7144892465257815
1829	0.641522745745548
1830	0.7490723433097187
1831	0.7230633152602901
1832	0.6598224050559516
1833	0.6511863986713797
1834	0.7548964295928511
1835	0.7292464122435293
1836	0.6566891954652657
1837	0.7528546744256636
1838	0.6992804119311617
1839	0.7170547472296559
1840	0.7658180812283116
1841	0.6913655856503679
1842	0.701560407769532
1843	0.68525252573286
1844	0.6738896242920288
1845	0.7723172798218074
1846	0.7630419572461397
1847	0.6961297534137887
1848	0.7422199226356493
1849	0.7040696752899025
1850	0.6948820560609614
1851	0.7648921519547839
1852	0.7141279727622912
1853	0.753301155172795
1854	0.6948446461526367
1855	0.7380257143717751
1856	0.722508770351525
1857	0.6754473969356898
1858	0.7229313875459641
1859	0.7194769922701468
1860	0.6933010006351324
1861	0.794354929464383
1862	0.7093231036759148
1863	0.6822015786873012
1864	0.7405329821039824
1865	0.7217971680697569
1866	0.7457288572415942
1867	0.7454116171778773
1868	0.6791723772768167
1869	0.7255067421279352
1870	0.7260696381091064
1871	0.698312344677563
1872	0.6869236144918642
1873	0.6637570006647336
1874	0.786898572192902
1875	0.7249213228809099
1876	0.6926887524085724
1877	0.7123597337816484
1878	0.6786719406137934
1879	0.6795432170766337
1880	0.7639864333855395
1881	0.708924697616158
1882	0.6895861308196862
1883	0.6919200784189444
1884	0.7858693782472194
1885	0.751888631362215
1886	0.7786193674112402
1887	0.7514838494577203
1888	0.7609209659043829
1889	0.7242336753482136
1890	0.7046155676331322
1891	0.7507627430721571
1892	0.7293047738270229
1893	0.7110780734261675
1894	0.68011459779887
1895	0.6850238624980467
1896	0.7125494315541459
1897	0.7548531712223884
1898	0.7774066774541715
1899	0.7260555883213446
1900	0.7345836411981569
1901	0.7407571658267884
1902	0.8006416854747037
1903	0.7151631338385512
1904	0.6681384288891473
1905	0.6698854749216895
1906	0.7559522702763796
1907	0.6806262618206008
1908	0.6730980077313435
1909	0.7148069873779832
1910	0.783956495388512
1911	0.7258346688286577
1912	0.7031078896414048
1913	0.7166327860258834
1914	0.7574549451711315
1915	0.6719248660080556
1916	0.7078352289156119
1917	0.7468279815043264
1918	0.7041510181873332
1919	0.7156245330007472
1920	0.7668922475522352
1921	0.6958831020077576
1922	0.6219471446119118
1923	0.755452509874361
1924	0.7543961093071688
1925	0.736565083108508
1926	0.6798709245460446
1927	0.6721010025769242
1928	0.764959628003231
1929	0.6325318082126602
1930	0.694142152433835
1931	0.67502361297026
1932	0.7200614244318402
1933	0.7322625171900726
1934	0.6884176414390389
1935	0.6889402724980163
1936	0.7302074963218824
1937	0.7527676142722479
1938	0.7016576509589165
1939	0.7773472563021268
1940	0.719064470421335
1941	0.7618655725938043
1942	0.7044364256734243
1943	0.8001416161182575
1944	0.77501713907684
1945	0.7316382334036803
1946	0.797212124606715
1947	0.7171677933959256
1948	0.8324609614191605
1949	0.7598108592765745
1950	0.7101042572158409
1951	0.7437086637604801
1952	0.7494292966597834
1953	0.7284258869668828
1954	0.7385453193991652
1955	0.7674349767614568
1956	0.7001368275735759
1957	0.6889375548185445
1958	0.6988669254211287
1959	0.7148781734957137
1960	0.6319326650403496
1961	0.7469731910253555
1962	0.6981478529780595
1963	0.6996943448804906
1964	0.7499810062903097
1965	0.765615129875
1966	0.7203180566801136
1967	0.6590555117305897
1968	0.7476713766948417
1969	0.7378352117574141
1970	0.8325477254083469
1971	0.7292748233818256
1972	0.7318870281109094
1973	0.8180656242481099
1974	0.7364569344647821
1975	0.7570479081029629
1976	0.6784512054537669
1977	0.7479358583674783
1978	0.7765935852517547
1979	0.7103765492471127
1980	0.7187631553185092
1981	0.7246893756651399
1982	0.7028244821294138
1983	0.7360561793287623
1984	0.720205714571973
1985	0.7359521632359385
1986	0.7052009757071188
1987	0.7085126708031824
1988	0.6632593500597501
1989	0.7211571374205955
1990	0.68265106903301
1991	0.7386617064173965
1992	0.6673500714595936
1993	0.7599914636098712
1994	0.6493847739159496
1995	0.7715884098941177
1996	0.7407922671585574
1997	0.8008296134077958
1998	0.7656996260773528
1999	0.7765445085166415
2000	0.7018239635117678
2001	0.6998448969059083
2002	0.6951491900931437
2003	0.760892549187508
2004	0.6652204421779342
2005	0.7283332727836438
2006	0.6587842900017173
2007	0.7605339224754563
2008	0.7257376208555613
2009	0.7579768377330389
2010	0.6756472858560445
2011	0.707121871087836
2012	0.6396839977006803
2013	0.7583591505057936
2014	0.7090620702691884
2015	0.7348862820160601
2016	0.7788972381188722
2017	0.7759012361633217
2018	0.7016985754931555
2019	0.7065236848275859
2020	0.8172930266988023
2021	0.7613865706426899
2022	0.7409578219419948
2023	0.7293584492943165
2024	0.7488255638741718
2025	0.775827512967744
2026	0.7418513725770963
2027	0.7237255749995143
2028	0.761786609069437
2029	0.6258654766234278
2030	0.7053049065455799
2031	0.6658337827252192
2032	0.731207281533702
2033	0.6528881370596904
2034	0.7201675305097515
2035	0.7477029516282233
2036	0.7562452488985835
2037	0.7115401985721181
2038	0.6798799779361686
2039	0.7719726672807872
2040	0.7355775927930932
2041	0.7091971401640431
2042	0.6967515502835498
2043	0.6434608300404707
2044	0.779040893073596
2045	0.7088262837012336
2046	0.6752349394288539
2047	0.71309947096553
2048	0.7105619308742903
2049	0.6822636946320898
2050	0.6893498478090316
2051	0.699054439567233
2052	0.692628323873022
2053	0.6702012045979927
2054	0.7062875389040765
2055	0.7309412827198672
2056	0.7368234288468408
2057	0.7653958939554902
2058	0.7530315334598626
2059	0.7941262374410265
2060	0.7274792491832004
2061	0.7235270706752331
2062	0.7388590727449095
2063	0.6987181918820156
2064	0.7516990584904354
2065	0.6505688643460449
2066	0.6571922997685287
2067	0.682872789942474
2068	0.7467826791292145
2069	0.7830639078293345
2070	0.6600131605945015
2071	0.6604528702057995
2072	0.7454969939999158
2073	0.7630352182585686
2074	0.6683574868234158
2075	0.6437618417951515
2076	0.7310139035915632
2077	0.8011407744367887
2078	0.7778070000808142
2079	0.7660314806058127
2080	0.7577202730870386
2081	0.7621523729897496
2082	0.8044803228449158
2083	0.7163319316038482
2084	0.8330018775921116
2085	0.7284498431252632
2086	0.7802445089378296
2087	0.7039785805811521
2088	0.7256511610833841
2089	0.7272178083526558
2090	0.7434705983550667
2091	0.7173543631572766
2092	0.7156312670214603
2093	0.7250985491117741
2094	0.691338764400334
2095	0.7479625326609699
2096	0.6388009915157616
2097	0.7598638162990159
2098	0.7095923390503324
2099	0.788822737052208
2100	0.7394974873150343
2101	0.7213843025246226
2102	0.7302649845513441
2103	0.6837923739895584
2104	0.727868828071589
2105	0.7231419640141781
2106	0.8105922351163883
2107	0.6736683408804542
2108	0.7104815161733143
2109	0.6239822067213614
2110	0.7282260838989912
2111	0.7887882564972648
2112	0.7413749370661439
2113	0.6395810840370648
2114	0.7062890665814615
2115	0.7332959687480431
2116	0.6771852099446307
2117	0.6373874970018073
2118	0.7884865963515143
2119	0.7242058486387289
2120	0.7427596974133911
2121	0.749054068647851
2122	0.7468096910427968
2123	0.7291354744256008
2124	0.7014574045151114
2125	0.7232915117810881
2126	0.7400326185748297
2127	0.7321204763267644
2128	0.7338924435130241
2129	0.6349138105705866
2130	0.7332761656701442
2131	0.7750662842246048
2132	0.6507430754749048
2133	0.7211568759398646
2134	0.7794220608436837
2135	0.688369588400924
2136	0.7570882373125485
2137	0.6965866237471504
2138	0.7266422161796373
2139	0.7308835971920833
2140	0.7774638506779489
2141	0.6683243758664634
2142	0.6847540041565863
2143	0.77636395377314
2144	0.772359264818859
2145	0.7381401060773166
2146	0.7312232963199932
2147	0.7100773781357066
2148	0.7747123541216628
2149	0.6876296254105561
2150	0.6901516754033344
2151	0.7311877132130185
2152	0.7076925601827989
2153	0.6933080243662864
2154	0.7040141955729359
2155	0.7200167984452395
2156	0.73621071294461
2157	0.723617072082435
2158	0.7032921335056856
2159	0.7469463230567251
2160	0.7573272718341629
2161	0.6837119485042691
2162	0.6619267885539072
2163	0.7318715022251356
2164	0.6978298773251793
2165	0.6511957590683354
2166	0.7064276157470958
2167	0.716737915330583
2168	0.6889409214781074
2169	0.69982477424392
2170	0.6983325244619788
2171	0.6712300012729321
2172	0.787657042967121
2173	0.6383717792103619
2174	0.714801828421324
2175	0.7557171012206763
2176	0.6674477304490424
2177	0.7294176142858692
2178	0.6939329184182415
2179	0.7666007005253564
2180	0.6954335294776971
2181	0.669267581962126
2182	0.72178955679699
2183	0.6885664673307009
2184	0.596256836363691
2185	0.7830111042905197
2186	0.7374967267533651
2187	0.7746445098780601
2188	0.699231305517044
2189	0.804053029542827
2190	0.7570096503404619
2191	0.762442431395625
2192	0.7178252564337237
2193	0.6933726080584939
2194	0.721384164387637
2195	0.7761821788263356
2196	0.6930855986079618
2197	0.761299267406704
2198	0.7319342137748422
2199	0.7238180172837823
2200	0.7153362495179586
2201	0.7121361672501791
2202	0.7718266231424912
2203	0.74389827962838
2204	0.7741498518517996
2205	0.7194525035299767
2206	0.669996481346675
2207	0.6892672744499848
2208	0.7719148337398335
2209	0.7520392227719433
2210	0.6694799812957037
2211	0.7503449104694304
2212	0.7332948903198404
2213	0.6853405744982356
2214	0.7289573259028042
2215	0.7357449013854218
2216	0.6425235998005335
2217	0.7046613443411807
2218	0.7460812827273685
2219	0.8221395933973139
2220	0.6665261342665739
2221	0.743245005493283
2222	0.7564642865455985
2223	0.7308255658369234
2224	0.6926467891522954
2225	0.761890603662514
2226	0.6713389967140215
2227	0.6758732532676602
2228	0.7974345765796351
2229	0.7540266440476082
2230	0.6964582756590758
2231	0.6938289544520247
2232	0.7060901771489514
2233	0.6807947783692996
2234	0.7593169356981355
2235	0.7194005432415348
2236	0.7049308731223106
2237	0.643905600591458
2238	0.7135510528910008
2239	0.7298080537417788
2240	0.7624277659914839
2241	0.7332851524452555
2242	0.7444413103142946
2243	0.675701580941192
2244	0.6950607733785072
2245	0.7199971794375825
2246	0.7229942828878395
2247	0.6858223530546251
2248	0.739092395841321
2249	0.6521897234325864
2250	0.7358758902036757
2251	0.7413504284078015
2252	0.7822782326348087
2253	0.7676815947271134
2254	0.7844734966855683
2255	0.7423373722374886
2256	0.7355564561414031
2257	0.6689173262610545
2258	0.6607103532241645
2259	0.6758468516817644
2260	0.703947612132113
2261	0.709257877548947
2262	0.7302688365902672
2263	0.7816910585862927
2264	0.7292199177831815
2265	0.7545725502491859
2266	0.7624201109298917
2267	0.6982989701125587
2268	0.6668220747527785
2269	0.6522439890212791
2270	0.7511261675873756
2271	0.6749110547994327
2272	0.7379282303680851
2273	0.7754504064183065
2274	0.7506389373663029
2275	0.7081223156601576
2276	0.7366751259938553
2277	0.7528630581315684
2278	0.756196952468709
2279	0.7042059002955792
2280	0.7183033281043245
2281	0.7284380808271934
2282	0.705848268988468
2283	0.7595859502746412
2284	0.7283199761374181
2285	0.7573751831700904
2286	0.7209534242003421
2287	0.7463020608964542
2288	0.7555672223350863
2289	0.7125926642375869
2290	0.7586545413626467
2291	0.7369399237184076
2292	0.7469943122018351
2293	0.6955258473642159
2294	0.6734503923415953
2295	0.7279744958248091
2296	0.8128847306839051
2297	0.7446716433133145
2298	0.7037208877205452
2299	0.7322615664413946
2300	0.736393337709987
2301	0.6343077683015043
2302	0.7575440466807446
2303	0.6272935642943874
2304	0.7067711702531629
2305	0.7014849747524887
2306	0.7989502583720928
2307	0.758213310295277
2308	0.71571154993705
2309	0.6694557695318694
2310	0.6926514668153538
2311	0.7572608921765462
2312	0.6933522361761592
2313	0.7445979783247257
2314	0.733823039120594
2315	0.7117031583684928
2316	0.7141365266911976
2317	0.7801569103401539
2318	0.7623843088623258
2319	0.6794706747515887
2320	0.7187249319225836
2321	0.7404332461033271
2322	0.7695103269592687
2323	0.6902244532477055
2324	0.7936927836265668
2325	0.7540424505687026
2326	0.7332965236871678
2327	0.7475153607220762
2328	0.6880078707295494
2329	0.7221341654420658
2330	0.6874663184676533
2331	0.8137966334624824
2332	0.7072110285304717
2333	0.6983032316095984
2334	0.7787589927123318
2335	0.665400912820476
2336	0.7499584338371773
2337	0.7057146318203835
2338	0.7035953315162133
2339	0.7059702666338775
2340	0.6682459684225972
2341	0.6603312265850113
2342	0.8285548862051529
2343	0.6995378111158125
2344	0.7217270532166967
2345	0.7604111567878964
2346	0.6760108645100805
2347	0.7293080210302529
2348	0.750394213076424
2349	0.7788060151062205
2350	0.747100014691309
2351	0.6713029197064448
2352	0.7996041581787908
2353	0.7530505926809536
2354	0.7451362734741132
2355	0.6106120771841234
2356	0.7741169670844534
2357	0.7417443174313055
2358	0.663753580838378
2359	0.7345130136989033
2360	0.7386896862655244
2361	0.6955481789950799
2362	0.7101438670915309
2363	0.7449355196295624
2364	0.7416538462103207
2365	0.7018464993016666
2366	0.7424847351028767
2367	0.6887657944193856
2368	0.7630856613587479
2369	0.72949794142233
2370	0.7383891958921909
2371	0.6954431039327227
2372	0.6741819592187875
2373	0.8119421155875614
2374	0.6233108476034241
2375	0.7394383413583766
2376	0.7051441354496039
2377	0.6645285942369619
2378	0.7545165008987872
2379	0.73282372559563
2380	0.6786238785671299
2381	0.7117487683116897
2382	0.7911715772194342
2383	0.7268789259353616
2384	0.7020024439830341
2385	0.7032540651051635
2386	0.6690698653835078
2387	0.702627574517896
2388	0.7231667306204428
2389	0.6581853820271711
2390	0.666355314761717
2391	0.7478536523083893
2392	0.7818773431431901
2393	0.7653705520735331
2394	0.6702934393181816
2395	0.7225897997326929
2396	0.7415347109829977
2397	0.7161807642127686
2398	0.6836236769025918
2399	0.7667431246443107
2400	0.793333416896317
2401	0.7441604746940296
2402	0.7193322998046646
2403	0.7128564972733487
2404	0.7577414185882628
2405	0.7265664114675767
2406	0.708516825026496
2407	0.7438844253231918
2408	0.8007348039813121
2409	0.7376754704488113
2410	0.7238944320594355
2411	0.6850998869189691
2412	0.6773090863165216
2413	0.7450081682791165
2414	0.7338825564739246
2415	0.6584916095138265
2416	0.7412517700935636
2417	0.6821973967115889
2418	0.7163782925549308
2419	0.7327514304080608
2420	0.7644656893578071
2421	0.7669198402018763
2422	0.6923819591681614
2423	0.6771538572186757
2424	0.7538562327295452
2425	0.7119073902735452
2426	0.7466237738823853
2427	0.7791781123728929
2428	0.7646103666516041
2429	0.6762281089392588
2430	0.8005255237298848
2431	0.6939100533891145
2432	0.682194296486873
2433	0.7078957886503109
2434	0.7505571842161242
2435	0.6487316747889186
2436	0.7050430006418715
2437	0.8083868729563597
2438	0.743142189635226
2439	0.6907917103328142
2440	0.7424896553105496
2441	0.7122946814178375
2442	0.7473475110639568
2443	0.6809712400761628
2444	0.6221746516381936
2445	0.7219697120168012
2446	0.7154279690859723
2447	0.7706496359917797
2448	0.7739988146460942
2449	0.7096345146334604
2450	0.7576640416717653
2451	0.7063992983868022
2452	0.7209077442943524
2453	0.5712465579747632
2454	0.6874188536357565
2455	0.6224073691208287
2456	0.7471393283459363
2457	0.6508420729960223
2458	0.6597842042659515
2459	0.7705037746946487
2460	0.7503840068578257
2461	0.7382912922745144
2462	0.7577066352453242
2463	0.7163014495748019
2464	0.6570433386621198
2465	0.685350567155682
2466	0.7270927990536961
2467	0.7335212839658442
2468	0.7285714417498294
2469	0.7171350379021376
2470	0.7280194765638835
2471	0.798762223611426
2472	0.6519327176585457
2473	0.7793992589722506
2474	0.7571223787323392
2475	0.7332585100084992
2476	0.7306791839211564
2477	0.7208202621740802
2478	0.7252755626408135
2479	0.7002222257441554
2480	0.6863615958496344
2481	0.7108650478867162
2482	0.6878374858036643
2483	0.770039028869521
2484	0.7435579535683344
2485	0.6450251084057701
2486	0.740894789438429
2487	0.7172222955067303
2488	0.6936413686591417
2489	0.7316604998235426
2490	0.72429360909814
2491	0.7629606050688005
2492	0.6839133608610161
2493	0.6654379685698681
2494	0.6646342708672738
2495	0.7543164946041182
2496	0.8412593616450572
2497	0.6465950037719473
2498	0.7882088238303324
2499	0.7419603918793448
2500	0.6615347950325366
2501	0.6293931196146614
2502	0.7726005243179445
2503	0.7313271179004275
2504	0.6863916096915597
2505	0.7474928811443917
2506	0.7529006267328265
2507	0.6995154242398305
2508	0.6979896288272365
2509	0.6855984392696225
2510	0.6994820170841142
2511	0.6882633371711117
2512	0.7013153576950366
2513	0.7253528510806367
2514	0.7384959385744991
2515	0.8178218499139864
2516	0.6711683667683075
2517	0.7405866543307577
2518	0.6988332681495747
2519	0.7466317069753396
2520	0.7244876568441216
2521	0.697621234498223
2522	0.6895976388961179
2523	0.769545847973971
2524	0.677152783900307
2525	0.7178670152373477
2526	0.7465025740174764
2527	0.7082434300609961
2528	0.6878106599587177
2529	0.7779213254889299
2530	0.6856339547557763
2531	0.6942728617095272
2532	0.737159113490013
2533	0.7082495912811221
2534	0.6868624291559835
2535	0.7028635731856661
2536	0.727159801919154
2537	0.7439522671978719
2538	0.6933287300524584
2539	0.7060171011752742
2540	0.7365527044840338
2541	0.7611321665690357
2542	0.7163798078797268
2543	0.792010883256681
2544	0.6731624430206544
2545	0.723184412890735
2546	0.7640863616646395
2547	0.6837467391524785
2548	0.6943824480773527
2549	0.6760333091907655
2550	0.7013871973721312
2551	0.6338310050387607
2552	0.6501132742576807
2553	0.6713620903834884
2554	0.718398490421094
2555	0.6865612235892427
2556	0.711177504423018
2557	0.7033645955391545
2558	0.8254709892495119
2559	0.6916158745475991
2560	0.7342068117139889
2561	0.6938047354603024
2562	0.7328961717997461
2563	0.6887712979851746
2564	0.7359183390324091
2565	0.730850467899158
2566	0.7664822682743548
2567	0.7299853073160942
2568	0.6122986391411255
2569	0.7319271342643622
2570	0.6002848411192635
2571	0.7205643227523443
2572	0.6582982520739665
2573	0.7290555465092139
2574	0.7436270552165916
2575	0.7183101031387299
2576	0.6753936351348181
2577	0.7433597775944503
2578	0.6874278943467144
2579	0.6845269289520033
2580	0.6674735193659264
2581	0.7107707048151387
2582	0.7746436844003382
2583	0.7146366286044843
2584	0.791520219134928
2585	0.7712353154743208
2586	0.7339265512065016
2587	0.6824257446496137
2588	0.762613419003283
2589	0.7449604596700389
2590	0.6804919509578262
2591	0.7568887131750691
2592	0.7530509719719709
2593	0.7470269291432075
2594	0.7148704376535232
2595	0.7412557373772672
2596	0.6119864567023602
2597	0.7130464943493748
2598	0.6770066685795239
2599	0.6979846180361854
2600	0.6673640283582621
2601	0.6465202976062219
2602	0.7585159478449374
2603	0.6964953231563606
2604	0.6919561654800396
2605	0.6894911477209913
2606	0.7319019089988452
2607	0.7325020815284098
2608	0.7264371228888539
2609	0.799066301475992
2610	0.719461529824105
2611	0.6913053703778285
2612	0.7415116111672415
2613	0.6918613509285724
2614	0.774197430083467
2615	0.7655711158180448
2616	0.7641189033689177
2617	0.7073915114329915
2618	0.7158255975003843
2619	0.7063864704045243
2620	0.7356259153075057
2621	0.6786685358332132
2622	0.7634389158318874
2623	0.7001584695463062
2624	0.7644348227743342
2625	0.7064126406492478
2626	0.6873087071683615
2627	0.7423491973969718
2628	0.6877385293175643
2629	0.6964998249895644
2630	0.7288891328635564
2631	0.6855758392936893
2632	0.7626617370195294
2633	0.7288522622106528
2634	0.6711370444623014
2635	0.6704495758094173
2636	0.7793437422878199
2637	0.7160942455234207
2638	0.699566108533493
2639	0.7561323032189385
2640	0.7230651999501584
2641	0.7888086614558875
2642	0.6927512431913356
2643	0.7030326096823333
2644	0.7558245266902023
2645	0.6597429815200934
2646	0.6611562208860089
2647	0.718072354233506
2648	0.7714046806955188
2649	0.7812979167348717
2650	0.7769933961437983
2651	0.6873447688024935
2652	0.7619516336891391
2653	0.6739532585566821
2654	0.7338317333507288
2655	0.6176997434120266
2656	0.669084674091465
2657	0.7358303954047999
2658	0.7434905843637138
2659	0.7079444689069224
2660	0.6970044308298047
2661	0.7766735027344609
2662	0.7551166710133385
2663	0.6757945212222005
2664	0.7409824940148766
2665	0.7367489228306563
2666	0.639789237242459
2667	0.7673411273058697
2668	0.7665442294113558
2669	0.7064001334480283
2670	0.7096430197375819
2671	0.7838828022068195
2672	0.7792288456601508
2673	0.7500171159196395
2674	0.7116528285055602
2675	0.6925023204190417
2676	0.8014442187198143
2677	0.7762129536616691
2678	0.7690771783592646
2679	0.7707256179246651
2680	0.694409458487628
2681	0.7034525179787957
2682	0.6619943596861806
2683	0.8183583233468705
2684	0.7410141311988229
2685	0.7204127977975893
2686	0.6623886884086864
2687	0.7078786230776526
2688	0.7322510572651301
2689	0.7153221593032537
2690	0.7447415975067222
2691	0.7750000729935327
2692	0.7373458956919328
2693	0.7445270746247388
2694	0.7204979386845015
2695	0.6797429218786387
2696	0.7464677572697247
2697	0.7119442478103599
2698	0.7614585980565377
2699	0.737423336468718
2700	0.6804907330028408
2701	0.6961819420020346
2702	0.6684356316060549
2703	0.7179181544951363
2704	0.7530977472611046
2705	0.6770254661100108
2706	0.7192886037861708
2707	0.7520680779671245
2708	0.7334284918383707
2709	0.7561555494266599
2710	0.7145314076687855
2711	0.7300092027003171
2712	0.7320074587287753
2713	0.7787764240558774
2714	0.677952865972368
2715	0.7252324980079454
2716	0.8045499273969218
2717	0.790281430973219
2718	0.7592293964420819
2719	0.7331992960714403
2720	0.7703824529610731
2721	0.7140835448995065
2722	0.7106416658098437
2723	0.7117422734945353
2724	0.7415748429488025
2725	0.6873310576710948
2726	0.6788799796399938
2727	0.6898165680954933
2728	0.6995074844084836
2729	0.7343933390984957
2730	0.7338565962733318
2731	0.6975464429237436
2732	0.6824165824585902
2733	0.6730731447491103
2734	0.7417537612727573
2735	0.690132284591691
2736	0.7386926222655297
2737	0.677625576552718
2738	0.6745694752904686
2739	0.7015693025593112
2740	0.7376600960853235
2741	0.7126663096859644
2742	0.8042818360455095
2743	0.7910011573400901
2744	0.7209926702249108
2745	0.724128694531638
2746	0.7061793493479666
2747	0.7997733727712621
2748	0.7213812016552048
2749	0.7118396976432643
2750	0.6999222277518785
2751	0.7278366920482184
2752	0.706200375674242
2753	0.7115388522498622
2754	0.7441803311480241
2755	0.737359510660206
2756	0.6384973355557665
2757	0.7391438946999279
2758	0.7523106258452472
2759	0.7834878438372027
2760	0.7166056084411664
2761	0.7153998020432086
2762	0.7015214332193127
2763	0.7000718426040944
2764	0.612786151932461
2765	0.7092416119398268
2766	0.7431512663366928
2767	0.7073951281056979
2768	0.6644824206329943
2769	0.6987357884802171
2770	0.6669127767852513
2771	0.7141469494613316
2772	0.6983564799837504
2773	0.7384354075140576
2774	0.7797644192561459
2775	0.7376252641313429
2776	0.712252216471105
2777	0.817683736294518
2778	0.7329429119627685
2779	0.7044464157147885
2780	0.7663050559509775
2781	0.7489030636081804
2782	0.7241086622547077
2783	0.7321004232894055
2784	0.7223346777527334
2785	0.6885801965268675
2786	0.6267847593124762
2787	0.7288820157185424
2788	0.7472777513693549
2789	0.682646860371063
2790	0.7029857809647697
2791	0.7705883799870669
2792	0.6986473318354702
2793	0.8015347942612298
2794	0.7593732960952849
2795	0.7788462468911947
2796	0.71819867572072
2797	0.6969239446570658
2798	0.7509796543224873
2799	0.69257843715964
2800	0.6746179986446195
2801	0.7204150711954248
2802	0.7120724729048143
2803	0.6832469145019195
2804	0.6584272363711113
2805	0.7030475764502414
2806	0.7658694932472904
2807	0.766771156074804
2808	0.738010124732453
2809	0.6933187075474229
2810	0.727640965308348
2811	0.7127919343319565
2812	0.7810347516375155
2813	0.7383103437423346
2814	0.6184056323858932
2815	0.7686837949001636
2816	0.7734328265992813
2817	0.7822468658122601
2818	0.6420364102033024
2819	0.7457183250478064
2820	0.7331176196047104
2821	0.7102619874610987
2822	0.8020197503364523
2823	0.7517809702101899
2824	0.7695880402620353
2825	0.7543731746955936
2826	0.7087206329566398
2827	0.7687036892057978
2828	0.7212615650518137
2829	0.7043282226939268
2830	0.6539386326358005
2831	0.6832274658207322
2832	0.7808902587910035
2833	0.644801829991828
2834	0.734385635315199
2835	0.6910919792624656
2836	0.7057257707473287
2837	0.7500754758060507
2838	0.7380332397017617
2839	0.793125686453213
2840	0.7507346418777634
2841	0.80523110800648
2842	0.7332478107149927
2843	0.6840439506324778
2844	0.7025570107350642
2845	0.6861400688375715
2846	0.7373688661606657
2847	0.7156957160983943
2848	0.7064064754463804
2849	0.7190162486291306
2850	0.7787062994521947
2851	0.6930682845523938
2852	0.7195285043915511
2853	0.7589618707452455
2854	0.7392796752849714
2855	0.7335427898113901
2856	0.7086804863150536
2857	0.7587767082231271
2858	0.6999833462802931
2859	0.6924189071985106
2860	0.6581214491505424
2861	0.6914120400827869
2862	0.7386098141391152
2863	0.7857822300778907
2864	0.6557665472902995
2865	0.7190819332196459
2866	0.6849458415665982
2867	0.7266260701591245
2868	0.6767516464655386
2869	0.6564636494481227
2870	0.7442758414211721
2871	0.7144646667447093
2872	0.7451503925286281
2873	0.7309719381959755
2874	0.7280878218231451
2875	0.7041283363765225
2876	0.7138151692071433
2877	0.7420387474990993
2878	0.7461204783359924
2879	0.7374756623285991
2880	0.7145094125002053
2881	0.6958770713518886
2882	0.6806731584349675
2883	0.7424310688163077
2884	0.7110402946967014
2885	0.7546854660167603
2886	0.6739818723542037
2887	0.7393754322627668
2888	0.7171152399343429
2889	0.6924108828598009
2890	0.694105877604069
2891	0.7494311518719549
2892	0.7814213271907768
2893	0.7161166369824976
2894	0.6925540994381109
2895	0.6577669503937964
2896	0.726507738779412
2897	0.7467398141417404
2898	0.6803312679331642
2899	0.7595408790433728
2900	0.7786287932791652
2901	0.7404931758069441
2902	0.7390138847944322
2903	0.7321628344948016
2904	0.7315697154057457
2905	0.7746237419567346
2906	0.722972010108507
2907	0.6513114866614365
2908	0.7511373331841459
2909	0.7337091434514156
2910	0.7075875262315839
2911	0.6292212000841366
2912	0.7013679428622871
2913	0.7536161028338666
2914	0.7159887092122718
2915	0.8076960829939953
2916	0.7036837476341776
2917	0.7399080981606114
2918	0.7884994455080522
2919	0.7954392219999066
2920	0.6156587168426477
2921	0.7622022966282773
2922	0.605015036058596
2923	0.7694318688346249
2924	0.7038050008584449
2925	0.6943369300332817
2926	0.6782731161021833
2927	0.7002709975722219
2928	0.6940127745447727
2929	0.665578645395751
2930	0.6789461313463406
2931	0.6968136668210649
2932	0.7417197521014819
2933	0.7727610937239306
2934	0.7515992254380378
2935	0.7284259830047558
2936	0.7036795382632914
2937	0.718678893770338
2938	0.6888393272422874
2939	0.7657803930986938
2940	0.69211036975397
2941	0.7711863808699541
2942	0.7332601324915747
2943	0.7306021227300051
2944	0.7454664465822226
2945	0.6903812309837583
2946	0.759662965267459
2947	0.7141067858142883
2948	0.6835441448175573
2949	0.7218439862749066
2950	0.7096255715142664
2951	0.7064480987438814
2952	0.6287828887148561
2953	0.7557634366624428
2954	0.7430294871103217
2955	0.69130050653015
2956	0.6741399982523466
2957	0.6187241223868679
2958	0.7039611383913423
2959	0.7088414391922249
2960	0.7567062977950294
2961	0.7640773227408618
2962	0.7166496533272827
2963	0.7100863360573745
2964	0.6917111579141377
2965	0.6924397612353055
2966	0.7665637155206604
2967	0.6930637931349939
2968	0.7453780198965259
2969	0.7189266683144812
2970	0.7095460702780415
2971	0.7756745930443442
2972	0.7385719429361602
2973	0.7914126789589583
2974	0.6943061225666682
2975	0.7262281451849676
2976	0.7903153204157731
2977	0.7082377771498509
2978	0.7833777781751511
2979	0.7310710380244634
2980	0.6290151633641888
2981	0.722962382546456
2982	0.7004856047364345
2983	0.5768183462578815
2984	0.6832814851385174
2985	0.6772563821610301
2986	0.6510032836893619
2987	0.6972510407334938
2988	0.7472260326892769
2989	0.7371295790343629
2990	0.6726284147849277
2991	0.7325753635921934
2992	0.6608980336404352
2993	0.7013186594072872
2994	0.7202901288757738
2995	0.7372190678612636
2996	0.778384469128254
2997	0.7346355696650011
2998	0.5981232401051266
2999	0.5961183487328398
3000	0.06178963295610929
