1	6.758656680875772E10
2	7.896303656925707E9
3	1.4585636970595007E9
4	3.0174082145004207E8
5	5.9225998521188974E7
6	1.8631030374533977E7
7	1.0723402221955E7
8	5023034.464198898
9	1224209.4518353066
10	673423.2393155675
11	383875.59003278654
12	275552.72899976623
13	47111.04476723134
14	41772.79041141726
15	13397.474893373133
16	6454.222233557123
17	3194.937053931294
18	1188.0675209899782
19	348.6749566795027
20	326.8249900605703
21	223.29913957208248
22	136.9242408719045
23	123.38876235633546
24	93.98551100741204
25	89.39839086958857
26	86.11418456052796
27	77.69963684548222
28	74.32973250764097
29	72.26751111362866
30	67.14443364793233
31	66.19007898323966
32	65.3721893113059
33	64.09331118648188
34	61.70178577516449
35	60.85219684774066
36	58.03833038873863
37	57.30076716696515
38	54.968192555900075
39	53.68910628409414
40	52.85439874855932
41	52.10810174732098
42	51.56569725244992
43	50.5205358528484
44	50.29813346797926
45	49.25040732941377
46	48.636042746334525
47	47.76102391246817
48	47.11907756977801
49	46.82716524423227
50	46.54975650996746
51	45.75411851341983
52	44.71155781644454
53	44.109058271514066
54	43.47349131464864
55	42.47666101184784
56	42.02077558541808
57	41.29343411680328
58	40.68679894362372
59	40.16786593342129
60	39.83409004790291
61	39.591527067125426
62	39.136684549414795
63	38.55206180592997
64	37.94181803244458
65	37.22841471376623
66	37.115956092354665
67	36.57144264877368
68	36.21333390892904
69	35.83121207798532
70	35.20478686419162
71	34.77482535420087
72	34.440714207255866
73	33.79153820383541
74	33.27875051468305
75	32.55343332912933
76	32.08555930551846
77	31.709361572888458
78	31.293386836520906
79	30.634127371652596
80	29.910643994457544
81	29.566239155584288
82	29.143986042255573
83	28.77733351541788
84	28.411286966355313
85	28.194782424013674
86	27.906487683559536
87	27.446078403787347
88	26.99724087057161
89	26.411710257570622
90	26.34616264016427
91	25.928097916899084
92	25.672007573946434
93	25.437660928250565
94	24.982980400450042
95	24.618273783861444
96	24.17601626400527
97	23.90483268592611
98	23.63866950518552
99	23.138270217842887
100	22.605795218780848
101	22.166923918166095
102	21.829334128468684
103	21.47325737136653
104	21.23738003578022
105	20.9501091105243
106	20.517627993782376
107	20.178085422923704
108	19.99745589189094
109	19.780559151377883
110	19.39487764432714
111	19.183311919200698
112	18.763566501047286
113	18.47525040667772
114	18.000981361221932
115	17.710218242962092
116	17.47920087860077
117	17.192878176882346
118	16.885880151921864
119	16.59198712176173
120	16.46965564710361
121	16.16691031871375
122	15.852842380938602
123	15.685727921724464
124	15.428753512934941
125	15.297354765716841
126	15.032636339653111
127	14.695355904253809
128	14.444696600001075
129	14.163914228535324
130	14.056861930958807
131	13.87437876428785
132	13.719020600152227
133	13.571725503833441
134	13.418805149259539
135	13.215260557504696
136	12.902983086332664
137	12.77409858029992
138	12.59773720948339
139	12.432114106395064
140	12.103443471126788
141	11.902037273688785
142	11.639451915829351
143	11.543705337117226
144	11.320353913409631
145	11.126790990556016
146	10.86725020904173
147	10.577552908412946
148	10.43293315503859
149	10.222928484706992
150	10.108389079647983
151	9.98029525471242
152	9.784786548762316
153	9.668813782803705
154	9.478422816662059
155	9.310863414126702
156	9.137036914412418
157	9.048584320562789
158	9.00702808471223
159	8.916243703250137
160	8.736245008572377
161	8.688501000775187
162	8.51447109171054
163	8.30923267466446
164	8.167164598997344
165	8.073133018890891
166	7.947899303052454
167	7.840572366485874
168	7.6801623468445435
169	7.542311213297461
170	7.44274529514988
171	7.360472290682862
172	7.261000101093759
173	7.1665364047408096
174	7.121177864208802
175	7.054014280409999
176	7.0008969182314775
177	6.878977402420289
178	6.821025265520688
179	6.7093852677108625
180	6.618032870381753
181	6.536304616227805
182	6.481203683022951
183	6.446689175398607
184	6.332551191126191
185	6.265154480192985
186	6.12222123909395
187	6.070972591826149
188	6.00517092150429
189	5.845629919567316
190	5.711337622138439
191	5.6741399834557855
192	5.55000556758228
193	5.473959577458552
194	5.351427105949824
195	5.277339168429998
196	5.195790726750006
197	5.141944352444281
198	4.995629075161244
199	4.953045585049155
200	4.785408911209258
201	4.726425740469415
202	4.614332834088308
203	4.563437481294313
204	4.482358236543812
205	4.448193035353251
206	4.393871747952419
207	4.341526610517968
208	4.309963267254334
209	4.2366505746063
210	4.1698047249546315
211	4.077206088463531
212	4.009560728747847
213	3.9453808926501233
214	3.8948164051532648
215	3.8708727077980316
216	3.81491624612573
217	3.7232494978567443
218	3.689630725286281
219	3.646457407384445
220	3.5820971269131388
221	3.5528502294444584
222	3.5289622325346612
223	3.461646253686879
224	3.3828137709747566
225	3.3484251514367736
226	3.2967267025297464
227	3.2707211240942224
228	3.2464778111483468
229	3.1800393232058464
230	3.1431961991996356
231	3.085131650778124
232	3.001890578899189
233	2.953814855601887
234	2.8903381373591945
235	2.855956452588015
236	2.839692021533468
237	2.7983166773469614
238	2.729785338285125
239	2.7135158137828173
240	2.6878906104484774
241	2.6436190435870386
242	2.5593106841160758
243	2.554211015872758
244	2.527106702956366
245	2.461939030897396
246	2.429007212729508
247	2.392988723648672
248	2.3670743763105984
249	2.3294225277003364
250	2.3085604559332484
251	2.265231443362601
252	2.2328702026867018
253	2.176602675600142
254	2.141638862909011
255	2.1155570257803094
256	2.0784169978922495
257	2.048450143204104
258	2.0421601528866793
259	2.007388651583889
260	1.9970197643511771
261	1.9479632444076418
262	1.9152219948051417
263	1.8841693187325848
264	1.8503494693201088
265	1.8358088201323948
266	1.8135543371056329
267	1.795343564593441
268	1.758884380365889
269	1.7292838367448804
270	1.7063315744748677
271	1.6794595373821588
272	1.6639011048869001
273	1.6310609898432888
274	1.598996887731044
275	1.5740862736395478
276	1.5440289335685728
277	1.529104920763826
278	1.5012058517510813
279	1.4856913078989868
280	1.4609695424245321
281	1.4538599982860714
282	1.4315096911898821
283	1.4113846801954957
284	1.4032907378366464
285	1.3705267117265472
286	1.3421796539427473
287	1.3205931860058295
288	1.2958209324677317
289	1.267836647779544
290	1.2477064683633379
291	1.2373979840641023
292	1.2127834096320123
293	1.1980542562270864
294	1.1850135873867194
295	1.1727206974524464
296	1.1469075634819874
297	1.1384346144272515
298	1.1156625448531792
299	1.0963484730137831
300	1.0842613841054691
301	1.070773671309657
302	1.0615459115726058
303	1.0375459380333962
304	1.0170438656034315
305	1.0005383905736527
306	0.9966606685857052
307	0.9910192507165614
308	0.9799557739613223
309	0.9682864168154348
310	0.9551088223473466
311	0.9403062437553583
312	0.9314171806284653
313	0.920398980754881
314	0.9144714687800636
315	0.8914179132802155
316	0.8767615911600292
317	0.8663555041991365
318	0.8473287657096419
319	0.8453126577707927
320	0.8297861716612324
321	0.8144551726578552
322	0.8049247497982216
323	0.794279755131094
324	0.7838608796539115
325	0.7742531393086198
326	0.7615249912700359
327	0.7567443295636906
328	0.7522193154503203
329	0.7452276213941361
330	0.7268860487009707
331	0.7175599730118966
332	0.7051504500446238
333	0.6903184660602623
334	0.6774757662575844
335	0.6685009398603386
336	0.6571200051508702
337	0.6475436776184146
338	0.6427159508900626
339	0.6317222255499674
340	0.613033122446824
341	0.6041487933306026
342	0.6006149698708609
343	0.590919982106551
344	0.5865841462849283
345	0.5770167489836631
346	0.5694175012878768
347	0.5606150323639892
348	0.5555218965172651
349	0.5496918645370165
350	0.543191118527695
351	0.5378720863414533
352	0.5288896545205681
353	0.5210969407947029
354	0.5125245843108671
355	0.5010666828357933
356	0.492164607373673
357	0.488066225070057
358	0.4771941202764356
359	0.4664693343165645
360	0.45916880900160323
361	0.4502300378635148
362	0.44675737185649295
363	0.437236588429187
364	0.43408518854625283
365	0.42777826895400395
366	0.4246601811951247
367	0.4229531645215954
368	0.4164829722272694
369	0.4037194535381411
370	0.3998352260954336
371	0.39240592544483405
372	0.38768547897486644
373	0.3798991948561279
374	0.3730301651645042
375	0.36508471873915926
376	0.361013410226546
377	0.3574338463339578
378	0.3548769112143748
379	0.3498250170869929
380	0.3432255320483604
381	0.34115152432442347
382	0.3360739775066539
383	0.32526768971532616
384	0.3239282050984958
385	0.32130087708424804
386	0.318419354743494
387	0.31280605809335466
388	0.31008117978049565
389	0.3061047612085584
390	0.3046351669092234
391	0.3004519839255782
392	0.2979012969230815
393	0.29178204600560975
394	0.29051425049155505
395	0.2868198379492749
396	0.2840682757601739
397	0.2770553263997614
398	0.2750387575048569
399	0.27283866941893364
400	0.26926070219503667
401	0.2661728512528881
402	0.2615147687270699
403	0.25780994776658217
404	0.2530975189487727
405	0.24992133108717238
406	0.24749191035243123
407	0.24275401650604056
408	0.23985437184997513
409	0.2366470753814166
410	0.2328318662171484
411	0.22882777573304358
412	0.22718583198072675
413	0.2230380404499447
414	0.22039700747729038
415	0.21604085648025748
416	0.21036137199790964
417	0.20726030603517115
418	0.20561054911877893
419	0.20340927421811095
420	0.19990733292852395
421	0.1981810742526776
422	0.19428282683240566
423	0.1930231648375247
424	0.18887318134886635
425	0.18744368791222227
426	0.1851452266503894
427	0.18098454033338557
428	0.17980952597939506
429	0.17896135000126853
430	0.1763003707519158
431	0.17384279409573875
432	0.17041834591526725
433	0.1687400646451632
434	0.1667871782692749
435	0.1650171657985007
436	0.16440306890383397
437	0.16002691545284478
438	0.15913861863174067
439	0.15672420801211864
440	0.15401849969444412
441	0.15222115842393932
442	0.14860638636908793
443	0.1469422121912509
444	0.144187218803712
445	0.14333350247348922
446	0.14206915670247627
447	0.13989941295536917
448	0.13692221447059894
449	0.13403136122124024
450	0.13035747515146642
451	0.12776405727525886
452	0.12726347832238669
453	0.12526372523555368
454	0.12306469547786843
455	0.12214059578807482
456	0.12043002766023886
457	0.11914694390614697
458	0.1188785389921024
459	0.11704073172728482
460	0.11281434744242462
461	0.11095298739866068
462	0.10848722762813884
463	0.10708702205808276
464	0.10564868484345283
465	0.10497367747855081
466	0.10409930141714556
467	0.10145766593272762
468	0.09969134293692869
469	0.099014418180892
470	0.09821084534761895
471	0.09755438826892916
472	0.09587948413943637
473	0.0949673606872269
474	0.09283946217435059
475	0.09181357648367731
476	0.09016562987729516
477	0.08866694723500175
478	0.08661740294655897
479	0.08554124648236909
480	0.08387649850058775
481	0.0833148267994684
482	0.0819857838527431
483	0.08062820080530661
484	0.07973923583297583
485	0.0787705565298332
486	0.07819344045834362
487	0.07683129542194742
488	0.07636948548109677
489	0.07602865493197614
490	0.07339964455114552
491	0.07240083660836277
492	0.0714585922225667
493	0.07058117619932823
494	0.0701560013071434
495	0.06976266312654936
496	0.06808666314083292
497	0.06707128979743744
498	0.06533727867203891
499	0.06433752224231579
500	0.0638993902200898
501	0.06281208023583776
502	0.06272665030376298
503	0.062182980392156084
504	0.061299732711751855
505	0.061066976070217306
506	0.059930861933182915
507	0.05906978273169094
508	0.05754802380640302
509	0.05672174929157004
510	0.05577609645739467
511	0.054912584958234374
512	0.05386796970794736
513	0.053055100094566376
514	0.05282450646947376
515	0.05191535883816665
516	0.05147787856949801
517	0.0509706524618451
518	0.05031896008896605
519	0.04966916507936591
520	0.04912233010072449
521	0.048743130057384045
522	0.04828492631475268
523	0.04701166417202594
524	0.04633424337023381
525	0.04586782749089975
526	0.04500610024871261
527	0.0443335235079922
528	0.04348110097596456
529	0.04303984887035759
530	0.04269118295672492
531	0.04194579148331217
532	0.04124997516032603
533	0.04070493609687001
534	0.039934802429598716
535	0.03934822311304704
536	0.03914738774031117
537	0.03883426452074195
538	0.03832567889519138
539	0.03729194092540498
540	0.03683282258866901
541	0.03644871478094485
542	0.0360933756445793
543	0.03560999591067724
544	0.03481876366716667
545	0.03447164379374863
546	0.034108426861484034
547	0.033853956551309634
548	0.03323390666791108
549	0.03295268516759989
550	0.03277566421769116
551	0.03233166431712178
552	0.03199997576951801
553	0.0312609468022654
554	0.03090629883051816
555	0.030599074357291565
556	0.030195293213983343
557	0.02979744989170595
558	0.02943989044598323
559	0.028986832700528594
560	0.028534753273870218
561	0.028312140426201112
562	0.02812157475099201
563	0.027606130688979436
564	0.02724459430598367
565	0.026845975603960622
566	0.026305906538750277
567	0.025962053551306995
568	0.025799271429186175
569	0.025274510997875976
570	0.02485884278413896
571	0.024546936773605046
572	0.02430823308015632
573	0.02379808728872262
574	0.023543252683137162
575	0.023265624442971842
576	0.022861904282034187
577	0.022565100145905216
578	0.02231376369423829
579	0.021983568636713507
580	0.02140071425296556
581	0.021120263708110276
582	0.02057614611442433
583	0.02020772283419447
584	0.01965094357180028
585	0.01952262891968005
586	0.019283348052280543
587	0.01909161810133619
588	0.018876874678442457
589	0.01863563028582208
590	0.01830893541563354
591	0.018178084032210398
592	0.017948881362761137
593	0.01763645179208318
594	0.017451787170714373
595	0.017332775858118585
596	0.017063125820888505
597	0.017003297992958983
598	0.016889251681105843
599	0.016640075882425824
600	0.016377341176395922
601	0.016143265833246025
602	0.015848964555816032
603	0.015562400259183014
604	0.015494341200070845
605	0.015295746614037596
606	0.014866136132494998
607	0.014681986704292932
608	0.01440132178138265
609	0.014216982740839813
610	0.014077793804044869
611	0.013891511576291928
612	0.013703589703406679
613	0.013424797518941814
614	0.013251737216664042
615	0.013158938759387218
616	0.012977742702578728
617	0.012864934737118224
618	0.012706169450197303
619	0.012258564687210986
620	0.011975635402502535
621	0.011895763167696909
622	0.011752701429920765
623	0.011334822437463978
624	0.011003201061632413
625	0.010881937828669709
626	0.010795936523286942
627	0.010613640014457684
628	0.010544794542177589
629	0.010376068888296562
630	0.010227847188400674
631	0.010077664721756708
632	0.009885974743469455
633	0.009827144423982682
634	0.009734929952222398
635	0.009651054042366079
636	0.009520922646301219
637	0.009435546074684302
638	0.009347192085744555
639	0.009253629810709351
640	0.009174965649741924
641	0.009076242111199699
642	0.009012458005742722
643	0.008987002071276628
644	0.008829277657290389
645	0.008703091079873033
646	0.008598597663141586
647	0.008504140732638492
648	0.00833544986310439
649	0.00817647841983522
650	0.008132016857235589
651	0.008028692305966117
652	0.007829634547303949
653	0.007780766099414254
654	0.007738394535158408
655	0.007605064396343296
656	0.007413594791774463
657	0.007261275780129568
658	0.007194526448232217
659	0.007105999672538779
660	0.007048396464745778
661	0.006921376344603421
662	0.006738762646417042
663	0.006610180325350436
664	0.0065057495376395534
665	0.0064588089239849735
666	0.0063682087200894865
667	0.006319801098836048
668	0.006221037760134456
669	0.006020092769583993
670	0.005913896666004903
671	0.005846516962066528
672	0.005776937540363111
673	0.0057318548863663716
674	0.005661775393054034
675	0.005581122123532238
676	0.005458838150832027
677	0.005379832792162844
678	0.00531913899497825
679	0.005237319199973907
680	0.005141910332044557
681	0.004958718848952981
682	0.004916478978968192
683	0.004881475127809427
684	0.0048379519456704795
685	0.0046955539010329166
686	0.004662660731696954
687	0.004637955555269821
688	0.004559515618148963
689	0.0045152245720731015
690	0.0044567986101700105
691	0.004365706880968942
692	0.004338195918114726
693	0.004306851084873806
694	0.004253741514602987
695	0.004185355279757236
696	0.0041043669244103425
697	0.00407423845141797
698	0.004024132856175342
699	0.0039842979099189565
700	0.003907312864349029
701	0.0038422063675481065
702	0.003820846755702246
703	0.003760086492568601
704	0.003678191151839335
705	0.0036026632410388845
706	0.0035328773899263788
707	0.003490207437212536
708	0.0034411851188220805
709	0.003380350745679645
710	0.0033736341689633133
711	0.0033191772979648745
712	0.003252931537010781
713	0.00319795219896733
714	0.003126588570371829
715	0.003089581107840742
716	0.003066786984057094
717	0.0030207992561397863
718	0.0029719447436245073
719	0.002897835631278793
720	0.0028772546277345016
721	0.0028375454001962697
722	0.0027841248045414506
723	0.0027611833436409546
724	0.002754990814948405
725	0.0027139294025813497
726	0.002636252312445729
727	0.002612237400256649
728	0.002582187996171611
729	0.002545508763810544
730	0.0025135009634320083
731	0.0024843282145607117
732	0.0024778292728995913
733	0.0024396480639717762
734	0.0024107738879674107
735	0.0023912801848974497
736	0.002355690356215437
737	0.002334346900196335
738	0.0023058013253244108
739	0.0022726607657149833
740	0.00223281595346436
741	0.0022007209057632515
742	0.0021907538965108475
743	0.0021468141210417824
744	0.002092508794591996
745	0.0020792900773344393
746	0.0020471347016767774
747	0.002027574888531124
748	0.0020062563037512348
749	0.0019830145547041792
750	0.0019428213830329209
751	0.001926648760297103
752	0.001915097432292386
753	0.0018614904703593298
754	0.001849485908354525
755	0.0018270731979122784
756	0.0018123038517816807
757	0.0017783039232646426
758	0.0017429312855328743
759	0.0017358113795957024
760	0.00169380160827765
761	0.00166863489261765
762	0.0016480991588090597
763	0.0016185753514126422
764	0.0015904700223996658
765	0.0015559756671683221
766	0.0015376964734886368
767	0.0015098205117913324
768	0.001504068938061058
769	0.0014742967838154001
770	0.001432364655644929
771	0.0014204515557209884
772	0.0014076848368886202
773	0.0013792346298635019
774	0.0013684918632256146
775	0.001361763323427302
776	0.0013530042896899679
777	0.0013279014640450665
778	0.0013165326486681117
779	0.0013118685184602978
780	0.0012759191572151447
781	0.0012692839085963294
782	0.0012341442397553499
783	0.0012065731748176205
784	0.0011962249469696605
785	0.001177173468639739
786	0.001167842715219657
787	0.0011550666052335381
788	0.0011459843059870266
789	0.001135598068703738
790	0.0011231986880755286
791	0.0011001696916314884
792	0.0010730940838766935
793	0.0010625628150296108
794	0.0010503725832587028
795	0.0010333376255313854
796	0.0010170569678205873
797	9.91801259423789E-4
798	9.80667216866847E-4
799	9.57441659836446E-4
800	9.44497810534494E-4
801	9.389624722861968E-4
802	9.359782792367422E-4
803	9.201923312730339E-4
804	9.130577126645971E-4
805	9.019661140468511E-4
806	8.872934046310148E-4
807	8.807073830418615E-4
808	8.595403240197537E-4
809	8.482962273089489E-4
810	8.346130350617211E-4
811	8.287502489132382E-4
812	8.181147769856522E-4
813	7.978662392404082E-4
814	7.910527047227699E-4
815	7.857642258456974E-4
816	7.748451303306456E-4
817	7.685511043026098E-4
818	7.615370596434633E-4
819	7.493261061954925E-4
820	7.392258887641836E-4
821	7.310951244110518E-4
822	7.251869845361586E-4
823	7.08787813315473E-4
824	7.032996262741891E-4
825	6.898236935362841E-4
826	6.803871691999076E-4
827	6.742677931716775E-4
828	6.61203984838611E-4
829	6.577840731150027E-4
830	6.502604345787154E-4
831	6.406015628769837E-4
832	6.320906304292164E-4
833	6.194369477718171E-4
834	6.098633885001E-4
835	6.073136249105445E-4
836	5.980837889127517E-4
837	5.920208597188343E-4
838	5.838360335483075E-4
839	5.819798136726904E-4
840	5.712338279200872E-4
841	5.632324483213253E-4
842	5.570196905092419E-4
843	5.465860664644436E-4
844	5.4067645971989E-4
845	5.237096869948767E-4
846	5.132387518402947E-4
847	5.107504588103587E-4
848	5.042406962183605E-4
849	4.907231852500626E-4
850	4.8107240433265766E-4
851	4.7332840079180005E-4
852	4.681532071318385E-4
853	4.6480491606159917E-4
854	4.581894798747669E-4
855	4.5377012776144E-4
856	4.5124371564438684E-4
857	4.4753091502392086E-4
858	4.4504045579831793E-4
859	4.346923219180277E-4
860	4.2840412854555957E-4
861	4.1390388340423607E-4
862	4.089798093023107E-4
863	4.0395911608587E-4
864	3.964951310325413E-4
865	3.920759814290519E-4
866	3.868809352349509E-4
867	3.8393244522053586E-4
868	3.784570521778756E-4
869	3.7144394770844346E-4
870	3.679072339258779E-4
871	3.636365830691288E-4
872	3.563509111055883E-4
873	3.525781613536016E-4
874	3.491318142470707E-4
875	3.4121207269249837E-4
876	3.3735676186508466E-4
877	3.309337132596795E-4
878	3.253252466674995E-4
879	3.2205919409315667E-4
880	3.176851599249914E-4
881	3.1549621909440046E-4
882	3.101435984685408E-4
883	3.0727007159493176E-4
884	3.0299633147574094E-4
885	2.97444402732944E-4
886	2.95289109165756E-4
887	2.9335275904894905E-4
888	2.8764468826167594E-4
889	2.8044766843532637E-4
890	2.739408178426322E-4
891	2.715369369884521E-4
892	2.690625291340627E-4
893	2.670592055595583E-4
894	2.6430348279519805E-4
895	2.614807900674284E-4
896	2.56695614172456E-4
897	2.546460812328154E-4
898	2.525501998543019E-4
899	2.501739981089496E-4
900	2.4433224577117266E-4
901	2.3678920314685218E-4
902	2.3505943062069836E-4
903	2.314613346399421E-4
904	2.2924936953952143E-4
905	2.2531861957011574E-4
906	2.1893110260514786E-4
907	2.1737103644860244E-4
908	2.1508591322074922E-4
909	2.1344048428142214E-4
910	2.1091119361970457E-4
911	2.0991046432398977E-4
912	2.0659231071870843E-4
913	2.0562658308767852E-4
914	2.033182067126248E-4
915	1.9875700022036394E-4
916	1.954155550845683E-4
917	1.9274257131353558E-4
918	1.9037074206943312E-4
919	1.8941863277785389E-4
920	1.8760470085666712E-4
921	1.8156237917472254E-4
922	1.7887956298477098E-4
923	1.785099545666097E-4
924	1.7561197284481035E-4
925	1.7454689711979745E-4
926	1.714633962647574E-4
927	1.6572719719958127E-4
928	1.6205653695541676E-4
929	1.5862140358238942E-4
930	1.557138252485878E-4
931	1.525090367143026E-4
932	1.5096236742425092E-4
933	1.5017552151569476E-4
934	1.4732341008991131E-4
935	1.4607120031835615E-4
936	1.4434536443695662E-4
937	1.4345432521374867E-4
938	1.4088447551565184E-4
939	1.3939229864867627E-4
940	1.3792376072738652E-4
941	1.365743067952866E-4
942	1.3399013249934226E-4
943	1.3005490752077524E-4
944	1.2889745483362437E-4
945	1.2737247165734743E-4
946	1.2626406761091595E-4
947	1.2462597889556225E-4
948	1.2321639270343403E-4
949	1.2232049795809954E-4
950	1.2108607453432168E-4
951	1.1885712625329839E-4
952	1.1672037991447855E-4
953	1.1542435117936795E-4
954	1.1366226284498636E-4
955	1.1281749958578846E-4
956	1.1033493779399544E-4
957	1.086916239356862E-4
958	1.0662850422075988E-4
959	1.0632807146019772E-4
960	1.0281984327471226E-4
961	1.0250994130384446E-4
962	1.0039551816805334E-4
963	9.892661401804857E-5
964	9.74048956313748E-5
965	9.579502891342664E-5
966	9.536361907530135E-5
967	9.429660236197858E-5
968	9.23161816694279E-5
969	9.047961682530816E-5
970	8.888577955008528E-5
971	8.739493705121544E-5
972	8.662738667759101E-5
973	8.612547230152916E-5
974	8.345431409657768E-5
975	8.306724461806014E-5
976	8.244092193497605E-5
977	8.18509274274421E-5
978	8.103888119210906E-5
979	7.938182711474282E-5
980	7.792702153934213E-5
981	7.662942734691118E-5
982	7.558553209802499E-5
983	7.430659319282837E-5
984	7.315927071631785E-5
985	7.272813505395261E-5
986	7.178943678844583E-5
987	7.102201886286349E-5
988	6.962388298663641E-5
989	6.927631000364181E-5
990	6.844966763611322E-5
991	6.726071336154735E-5
992	6.654567336213894E-5
993	6.543733645782024E-5
994	6.525273110236976E-5
995	6.383071766196209E-5
996	6.321672337934002E-5
997	6.291445502819907E-5
998	6.232065106738699E-5
999	6.112304290617235E-5
1000	6.061305367101916E-5
1001	5.9515515568632046E-5
1002	5.825413833932754E-5
1003	5.706342894928341E-5
1004	5.652953024632052E-5
1005	5.619401548914457E-5
1006	5.534608917936532E-5
1007	5.4522088770681274E-5
1008	5.407570135715313E-5
1009	5.276210320730221E-5
1010	5.177123164105598E-5
1011	5.103674604816275E-5
1012	5.0586532298384955E-5
1013	5.012953959477154E-5
1014	4.9692284935768385E-5
1015	4.914119688484939E-5
1016	4.858307387495428E-5
1017	4.757516588092936E-5
1018	4.694248175904258E-5
1019	4.615267018858143E-5
1020	4.5567151478083365E-5
1021	4.4400423312867535E-5
1022	4.370083506720303E-5
1023	4.283616538895702E-5
1024	4.246069806319282E-5
1025	4.202436624597716E-5
1026	4.175409186182094E-5
1027	4.159511259589563E-5
1028	4.107570027088777E-5
1029	4.0563802568040784E-5
1030	4.0060515788171626E-5
1031	3.923819550716406E-5
1032	3.891923731401138E-5
1033	3.8600231259684454E-5
1034	3.802342696697445E-5
1035	3.7587324931601236E-5
1036	3.717877779294679E-5
1037	3.678338447287187E-5
1038	3.6326602874330296E-5
1039	3.587065724870276E-5
1040	3.5096657266098336E-5
1041	3.446398522568348E-5
1042	3.4176693356512287E-5
1043	3.3673792696170505E-5
1044	3.346604566551178E-5
1045	3.279550068157028E-5
1046	3.2448062892383235E-5
1047	3.176299696987918E-5
1048	3.12481207617403E-5
1049	3.107998028929755E-5
1050	3.059632169346214E-5
1051	2.9721795793056983E-5
1052	2.957508712320159E-5
1053	2.932651079158602E-5
1054	2.8708586707787185E-5
1055	2.815848553410844E-5
1056	2.8032148300841207E-5
1057	2.754859180919509E-5
1058	2.7205502325015145E-5
1059	2.7130755282625606E-5
1060	2.6367032250691464E-5
1061	2.5970168770594543E-5
1062	2.5777545120176555E-5
1063	2.544599917818706E-5
1064	2.521221589691E-5
1065	2.4959307295707407E-5
1066	2.4496094631631145E-5
1067	2.437718846440206E-5
1068	2.389380279121872E-5
1069	2.36624686225053E-5
1070	2.3576529391186754E-5
1071	2.3289217216326262E-5
1072	2.3112522918207943E-5
1073	2.281586860203834E-5
1074	2.2459003272053584E-5
1075	2.2389301753511733E-5
1076	2.1907498488715775E-5
1077	2.1722387533429646E-5
1078	2.145760346438839E-5
1079	2.1140784937193647E-5
1080	2.0946143373280647E-5
1081	2.0468855529158602E-5
1082	2.0243187422134476E-5
1083	1.9732050923415292E-5
1084	1.9580455659697144E-5
1085	1.9293342977427895E-5
1086	1.914385842086814E-5
1087	1.8889919656018953E-5
1088	1.8301013256798027E-5
1089	1.8045504637766247E-5
1090	1.794122655289937E-5
1091	1.7775104754356958E-5
1092	1.7564921514644665E-5
1093	1.713051840280603E-5
1094	1.691963620850092E-5
1095	1.6417584643172842E-5
1096	1.6316481400604795E-5
1097	1.6049063038589466E-5
1098	1.5942245398974715E-5
1099	1.565253149243598E-5
1100	1.5629239311778773E-5
1101	1.5324412761887157E-5
1102	1.5148600867679378E-5
1103	1.4979537924462158E-5
1104	1.488823435814142E-5
1105	1.4755958012738826E-5
1106	1.4341262932350768E-5
1107	1.4213298671097088E-5
1108	1.3948056684346117E-5
1109	1.3661611636945054E-5
1110	1.3411196913061876E-5
1111	1.3288737329788707E-5
1112	1.3107887424199218E-5
1113	1.3063097116801138E-5
1114	1.2751780837246572E-5
1115	1.2727847075571813E-5
1116	1.2556421470122193E-5
1117	1.2398951458365791E-5
1118	1.2156026296842195E-5
1119	1.2003200413599097E-5
1120	1.189160828553195E-5
1121	1.1580907732033087E-5
1122	1.1482446214814202E-5
1123	1.1243710213821371E-5
1124	1.1179194829211941E-5
1125	1.102918300581235E-5
1126	1.0866693446426277E-5
1127	1.078694483674439E-5
1128	1.0603656905438608E-5
1129	1.0449612082604933E-5
1130	1.0293180496789308E-5
1131	1.0266637209097612E-5
1132	1.0076252523397492E-5
1133	9.952444193519378E-6
1134	9.815051060857372E-6
1135	9.622298896845698E-6
1136	9.473903250185222E-6
1137	9.388423312520705E-6
1138	9.316013258835929E-6
1139	9.188734479780776E-6
1140	9.048020555985759E-6
1141	8.961984258293096E-6
1142	8.829998223250588E-6
1143	8.691057646995456E-6
1144	8.515809672704489E-6
1145	8.405349377803288E-6
1146	8.283588936870905E-6
1147	8.195149216247909E-6
1148	8.047046075357986E-6
1149	7.954628954301432E-6
1150	7.858932449184871E-6
1151	7.744741284584974E-6
1152	7.569991884016267E-6
1153	7.433677511014435E-6
1154	7.409566473636154E-6
1155	7.362117684788583E-6
1156	7.2888980845879315E-6
1157	7.155440169375508E-6
1158	7.095143547229619E-6
1159	6.9221726083361985E-6
1160	6.796928625171314E-6
1161	6.667590706979232E-6
1162	6.53144002489171E-6
1163	6.429005513299131E-6
1164	6.334696027555134E-6
1165	6.294808522180629E-6
1166	6.242643024954675E-6
1167	6.206048721143626E-6
1168	6.1467619741302835E-6
1169	6.081661499933102E-6
1170	5.944840583567569E-6
1171	5.852438434937506E-6
1172	5.747316017204884E-6
1173	5.61541157907246E-6
1174	5.50916651780578E-6
1175	5.395170088246089E-6
1176	5.3361587431524225E-6
1177	5.266980858229929E-6
1178	5.230893055064759E-6
1179	5.168635039816894E-6
1180	5.037628641246795E-6
1181	4.9938118037719774E-6
1182	4.900511108826849E-6
1183	4.830409994115139E-6
1184	4.760072747806709E-6
1185	4.710922758758364E-6
1186	4.623839630104337E-6
1187	4.596918690036057E-6
1188	4.5589033690939244E-6
1189	4.506213268439677E-6
1190	4.462185080928864E-6
1191	4.415092930637117E-6
1192	4.351591429329168E-6
1193	4.268714330578724E-6
1194	4.219718684234211E-6
1195	4.142705411671063E-6
1196	4.053608794870887E-6
1197	3.969277612025699E-6
1198	3.956058710790587E-6
1199	3.91757058490109E-6
1200	3.862370574905098E-6
1201	3.766688658300754E-6
1202	3.718107102867427E-6
1203	3.691828369979945E-6
1204	3.679292443920374E-6
1205	3.6626477468257026E-6
1206	3.594584584508207E-6
1207	3.5325598976590907E-6
1208	3.473460605614102E-6
1209	3.452709966779825E-6
1210	3.424888603654178E-6
1211	3.333496916157839E-6
1212	3.2632661312828216E-6
1213	3.2167899455442683E-6
1214	3.156298966996579E-6
1215	3.1281149414003815E-6
1216	3.0931181086191304E-6
1217	3.0767315136908587E-6
1218	3.0245428456661977E-6
1219	3.010883029379184E-6
1220	2.970402600927379E-6
1221	2.9333110408692262E-6
1222	2.8842823370718143E-6
1223	2.8594095008655053E-6
1224	2.7995553482953783E-6
1225	2.7746373355638864E-6
1226	2.747134438039547E-6
1227	2.7284934489429524E-6
1228	2.6416779910995996E-6
1229	2.6184099456772877E-6
1230	2.5962169049180136E-6
1231	2.5761366252953383E-6
1232	2.5536037378160365E-6
1233	2.488555019423004E-6
1234	2.433603776605842E-6
1235	2.3411944719856894E-6
1236	2.3293685892451635E-6
1237	2.3156090119287E-6
1238	2.2654575787512642E-6
1239	2.2055514669234726E-6
1240	2.1807119481455294E-6
1241	2.134455893585046E-6
1242	2.0832974367963715E-6
1243	2.076497638505484E-6
1244	2.0639721704886263E-6
1245	2.038535910500109E-6
1246	2.003572786802124E-6
1247	1.964997068418733E-6
1248	1.9459258109036106E-6
1249	1.931679810287384E-6
1250	1.8874923608151705E-6
1251	1.8620571541669656E-6
1252	1.8297884193305572E-6
1253	1.8146609043521203E-6
1254	1.8049214791827403E-6
1255	1.7921279668571353E-6
1256	1.7747690540274493E-6
1257	1.7629668733546E-6
1258	1.744841747744945E-6
1259	1.7303233986764299E-6
1260	1.707172922521496E-6
1261	1.6869944630933871E-6
1262	1.6643841870474078E-6
1263	1.6306496256808002E-6
1264	1.5901245663828707E-6
1265	1.5788022387182002E-6
1266	1.5501858538470328E-6
1267	1.5267352445497677E-6
1268	1.5104877299982248E-6
1269	1.4840097617317001E-6
1270	1.4574306539142375E-6
1271	1.4155911210685562E-6
1272	1.3893921992703045E-6
1273	1.374388039266769E-6
1274	1.3629010149713215E-6
1275	1.355733400523326E-6
1276	1.3457211661200817E-6
1277	1.3381141808945247E-6
1278	1.314675514336679E-6
1279	1.2990414479125917E-6
1280	1.276171491397883E-6
1281	1.2538375829881246E-6
1282	1.242340281661454E-6
1283	1.2180953094577644E-6
1284	1.1822923452054065E-6
1285	1.1679847331676243E-6
1286	1.154186921477813E-6
1287	1.140213653451557E-6
1288	1.129272990134628E-6
1289	1.1112697670734477E-6
1290	1.105485621066517E-6
1291	1.0930243971063505E-6
1292	1.073451035078167E-6
1293	1.0586815724005007E-6
1294	1.0512120256910206E-6
1295	1.0332507855102308E-6
1296	1.0150226064250217E-6
1297	1.0112485314350015E-6
1298	9.975623172508496E-7
1299	9.838675772396163E-7
1300	9.609681901153712E-7
1301	9.462745591973234E-7
1302	9.27787542592575E-7
1303	9.121002815696431E-7
1304	9.022546898166809E-7
1305	8.964097402414411E-7
1306	8.869756865575386E-7
1307	8.797997373652171E-7
1308	8.588920204907821E-7
1309	8.42108314757444E-7
1310	8.274360366730439E-7
1311	8.158227205761619E-7
1312	8.066719635780107E-7
1313	8.019714487362194E-7
1314	7.985379840816313E-7
1315	7.910999985091506E-7
1316	7.794551378075369E-7
1317	7.625220399845923E-7
1318	7.550630815724225E-7
1319	7.457444129359983E-7
1320	7.362343554574324E-7
1321	7.33519383358669E-7
1322	7.261441719744922E-7
1323	7.209368926132164E-7
1324	7.097474221655829E-7
1325	6.944293469977898E-7
1326	6.818481265917328E-7
1327	6.650815750940646E-7
1328	6.565321663023343E-7
1329	6.455735986381132E-7
1330	6.401700060622692E-7
1331	6.231830807947212E-7
1332	6.178388191935479E-7
1333	6.150734266619605E-7
1334	6.083317399334722E-7
1335	5.993383295688471E-7
1336	5.918576319678812E-7
1337	5.793861235036412E-7
1338	5.732833755625828E-7
1339	5.60616766613311E-7
1340	5.544056110553123E-7
1341	5.415752246809957E-7
1342	5.350641695032372E-7
1343	5.309095225304055E-7
1344	5.172962583588203E-7
1345	5.147716453398282E-7
1346	5.057088383143586E-7
1347	4.942775807987802E-7
1348	4.857463225389317E-7
1349	4.820435444081402E-7
1350	4.762039572180846E-7
1351	4.7266445327413073E-7
1352	4.6789498903558553E-7
1353	4.5703327989961553E-7
1354	4.462556614561328E-7
1355	4.372341777835388E-7
1356	4.309241782754952E-7
1357	4.262128611838131E-7
1358	4.1806504578838577E-7
1359	4.1248871171348665E-7
1360	4.11341151659081E-7
1361	4.080014478743097E-7
1362	3.9919666046522123E-7
1363	3.9295839732241986E-7
1364	3.8980930593138005E-7
1365	3.8405508895595004E-7
1366	3.790733447074621E-7
1367	3.751034745519829E-7
1368	3.7391219146310166E-7
1369	3.7141933522877354E-7
1370	3.66117698258359E-7
1371	3.5872152038207934E-7
1372	3.5326920990620093E-7
1373	3.475434829430866E-7
1374	3.435788542849413E-7
1375	3.331216503759887E-7
1376	3.274079693556012E-7
1377	3.26032949802839E-7
1378	3.210139399518458E-7
1379	3.189810310922083E-7
1380	3.14263921502152E-7
1381	3.088528383549254E-7
1382	2.9980637442405774E-7
1383	2.9836398776191137E-7
1384	2.9371068753859723E-7
1385	2.8592653028854583E-7
1386	2.8353170852964393E-7
1387	2.810358505505895E-7
1388	2.7712296193161356E-7
1389	2.749252710499157E-7
1390	2.695919726616495E-7
1391	2.6688501192575363E-7
1392	2.616380405334668E-7
1393	2.592924668680628E-7
1394	2.539169100026599E-7
1395	2.527153171281601E-7
1396	2.4753449373883697E-7
1397	2.44430753709022E-7
1398	2.406040705861328E-7
1399	2.377839917839108E-7
1400	2.334841943123346E-7
1401	2.319433682935549E-7
1402	2.291551479228047E-7
1403	2.281883617132184E-7
1404	2.2715301002404777E-7
1405	2.250496195152823E-7
1406	2.230389888989544E-7
1407	2.1823900454233758E-7
1408	2.1659282134557602E-7
1409	2.1109341698117813E-7
1410	2.0715532465036456E-7
1411	2.05853362871608E-7
1412	2.0059835892828335E-7
1413	1.960103239914947E-7
1414	1.9565378795097954E-7
1415	1.9324108939581175E-7
1416	1.8806978043866818E-7
1417	1.853879365536159E-7
1418	1.8345981574015612E-7
1419	1.8141562534455212E-7
1420	1.7803256597581078E-7
1421	1.7740838708115502E-7
1422	1.742670497942659E-7
1423	1.724775343099018E-7
1424	1.6938159890842825E-7
1425	1.673525775792378E-7
1426	1.6545452491550734E-7
1427	1.6304040820393677E-7
1428	1.613196092320665E-7
1429	1.5958224414066432E-7
1430	1.5827387042883127E-7
1431	1.562872485183458E-7
1432	1.5422481291710134E-7
1433	1.5241044826931723E-7
1434	1.4826909947651353E-7
1435	1.4701974760921146E-7
1436	1.4671326284646247E-7
1437	1.4537028920475028E-7
1438	1.4295396777023497E-7
1439	1.4136261721435768E-7
1440	1.397103983096149E-7
1441	1.3717716570631473E-7
1442	1.3627928491537045E-7
1443	1.3581265781889642E-7
1444	1.3375341409732325E-7
1445	1.3119768873893827E-7
1446	1.2992886010377897E-7
1447	1.2924661314171588E-7
1448	1.2497913687707206E-7
1449	1.229272470751051E-7
1450	1.2162120296544637E-7
1451	1.1975892887241231E-7
1452	1.1838844533015079E-7
1453	1.1567596010007847E-7
1454	1.1394339631100002E-7
1455	1.1207241326120851E-7
1456	1.110986943169664E-7
1457	1.0994531803617323E-7
1458	1.0829226413170256E-7
1459	1.0625879882679825E-7
1460	1.0422963743004949E-7
1461	1.0357347200472041E-7
1462	1.0206231894938233E-7
1463	1.0087097808599238E-7
1464	9.817242978045734E-8
1465	9.726887503540622E-8
1466	9.626790051399483E-8
1467	9.500925429449723E-8
1468	9.489107950679978E-8
1469	9.369664201104362E-8
1470	9.239066023611477E-8
1471	9.150171416866152E-8
1472	8.922402190531883E-8
1473	8.665771033589171E-8
1474	8.596259845136604E-8
1475	8.455971271654894E-8
1476	8.382110977456874E-8
1477	8.256867202127819E-8
1478	8.085409675233688E-8
1479	7.95057443337929E-8
1480	7.841356999573275E-8
1481	7.769360018153887E-8
1482	7.667988292725053E-8
1483	7.591677280501573E-8
1484	7.50457539145863E-8
1485	7.421167197842389E-8
1486	7.329047891872338E-8
1487	7.267328515474378E-8
1488	7.188718802378031E-8
1489	7.083740019418458E-8
1490	6.96130302592768E-8
1491	6.767013081118392E-8
1492	6.735841468136275E-8
1493	6.585698139644737E-8
1494	6.563917305665375E-8
1495	6.510836358675066E-8
1496	6.411015313891684E-8
1497	6.329722085863894E-8
1498	6.196667660406011E-8
1499	6.159222366933426E-8
1500	6.081495722029237E-8
1501	5.999859859845459E-8
1502	5.8942255790671525E-8
1503	5.85251530442381E-8
1504	5.767491625117885E-8
1505	5.696962326417688E-8
1506	5.588955146430228E-8
1507	5.506564288832175E-8
1508	5.4666339125448015E-8
1509	5.3995818753576167E-8
1510	5.327025565550702E-8
1511	5.2259300420314995E-8
1512	5.210592759555836E-8
1513	5.1356346243178015E-8
1514	5.0161321767981276E-8
1515	4.950898863272433E-8
1516	4.9043754124417414E-8
1517	4.8555194802731816E-8
1518	4.778956483726491E-8
1519	4.737745705429308E-8
1520	4.641279081398022E-8
1521	4.578706762549373E-8
1522	4.516390778688357E-8
1523	4.49126689684141E-8
1524	4.4056117267971865E-8
1525	4.324511871405846E-8
1526	4.2685958713786276E-8
1527	4.240725616443957E-8
1528	4.141956399888559E-8
1529	4.0605200396405215E-8
1530	4.010270473456835E-8
1531	3.9610343931155656E-8
1532	3.8810972443051926E-8
1533	3.830718202247231E-8
1534	3.802074813694E-8
1535	3.7459845872112944E-8
1536	3.714474211859058E-8
1537	3.641633410263759E-8
1538	3.583417533703027E-8
1539	3.5407196256468775E-8
1540	3.516635964403023E-8
1541	3.463680612111424E-8
1542	3.3962464004466165E-8
1543	3.346453201949425E-8
1544	3.3028934169247436E-8
1545	3.2230383788362136E-8
1546	3.1927934954431476E-8
1547	3.1755729105864646E-8
1548	3.14396989119902E-8
1549	3.106405853743177E-8
1550	3.0849769118732536E-8
1551	3.009484230591758E-8
1552	2.9564275897443088E-8
1553	2.8806638568878284E-8
1554	2.8546249628604438E-8
1555	2.8147218136601193E-8
1556	2.75559856425882E-8
1557	2.7376383042841103E-8
1558	2.6983860486908532E-8
1559	2.6554257876027252E-8
1560	2.6375013134236094E-8
1561	2.5889480187364993E-8
1562	2.55436473853568E-8
1563	2.4953121604794174E-8
1564	2.461402731534097E-8
1565	2.448647925132803E-8
1566	2.4260097818704577E-8
1567	2.405372371923045E-8
1568	2.3660530885801144E-8
1569	2.34967327411323E-8
1570	2.319810396811242E-8
1571	2.2984597973342544E-8
1572	2.2874236400984103E-8
1573	2.2690087982251243E-8
1574	2.2468523192766925E-8
1575	2.2152495737338357E-8
1576	2.1443042196885932E-8
1577	2.084939038349271E-8
1578	2.0382438642281024E-8
1579	2.0193919754862014E-8
1580	1.9615113857771946E-8
1581	1.93627903269909E-8
1582	1.922129630604051E-8
1583	1.9063323561905316E-8
1584	1.884904465220275E-8
1585	1.8713369629165054E-8
1586	1.858316486903305E-8
1587	1.8253957367593127E-8
1588	1.7826234352545074E-8
1589	1.7742463430424636E-8
1590	1.740381422650891E-8
1591	1.7154982364895085E-8
1592	1.699017930583406E-8
1593	1.6626680832363747E-8
1594	1.6535254960518938E-8
1595	1.6384852286473547E-8
1596	1.6184796877395105E-8
1597	1.5935330686399852E-8
1598	1.5728582642146855E-8
1599	1.556277288748293E-8
1600	1.5391711528108268E-8
1601	1.5275180144377332E-8
1602	1.508666984281893E-8
1603	1.4744670073494117E-8
1604	1.4709400586979846E-8
1605	1.4331787180956971E-8
1606	1.4075699343183336E-8
1607	1.3974796243784255E-8
1608	1.3595539146998632E-8
1609	1.3491202990266892E-8
1610	1.324707859893049E-8
1611	1.2970781424717191E-8
1612	1.2789020588762271E-8
1613	1.2533470487697778E-8
1614	1.2236022533743081E-8
1615	1.2061135273647074E-8
1616	1.1818269077555022E-8
1617	1.1693258289087275E-8
1618	1.1601972732766804E-8
1619	1.1420620614004717E-8
1620	1.1317659993688001E-8
1621	1.1191881687636246E-8
1622	1.1083136195431468E-8
1623	1.0996632810481647E-8
1624	1.0791767917195275E-8
1625	1.0717843950873125E-8
1626	1.0590724828444708E-8
1627	1.045166711790892E-8
1628	1.0187280959473226E-8
1629	1.0078220351868117E-8
1630	9.907614123495325E-9
1631	9.725616821661952E-9
1632	9.610627315061923E-9
1633	9.469513765269323E-9
1634	9.401553722659707E-9
1635	9.194886220168997E-9
1636	9.103911276804029E-9
1637	9.011905583079658E-9
1638	8.841784965325942E-9
1639	8.781793590886676E-9
1640	8.61366168735201E-9
1641	8.485756498644323E-9
1642	8.416633335203396E-9
1643	8.35477141994318E-9
1644	8.198091208212075E-9
1645	8.083048860460114E-9
1646	7.97697506232491E-9
1647	7.921893103020821E-9
1648	7.907508642378485E-9
1649	7.827397156663148E-9
1650	7.765608899675796E-9
1651	7.709688959783935E-9
1652	7.594809805703511E-9
1653	7.4107673716411455E-9
1654	7.222862802685866E-9
1655	7.054429695771508E-9
1656	6.9488674167965416E-9
1657	6.852905661045075E-9
1658	6.8136531214489456E-9
1659	6.667674943590501E-9
1660	6.611294207200417E-9
1661	6.570446479040596E-9
1662	6.442194884791828E-9
1663	6.414709549745195E-9
1664	6.337297090406072E-9
1665	6.246808061434127E-9
1666	6.08672748030207E-9
1667	5.931659727611662E-9
1668	5.895807673802169E-9
1669	5.879595582171514E-9
1670	5.82725277097336E-9
1671	5.769761157490859E-9
1672	5.705200781230421E-9
1673	5.610348524296327E-9
1674	5.452530692211588E-9
1675	5.360771405994061E-9
1676	5.287415198134409E-9
1677	5.250329706590441E-9
1678	5.2247202844027045E-9
1679	5.145494569738795E-9
1680	5.063644729509103E-9
1681	4.999047605253756E-9
1682	4.968721905248765E-9
1683	4.870629567934609E-9
1684	4.820465732705393E-9
1685	4.75132845604272E-9
1686	4.670587537106247E-9
1687	4.582769316770489E-9
1688	4.536848919501737E-9
1689	4.440362272381483E-9
1690	4.396809453805472E-9
1691	4.321944268966134E-9
1692	4.256759764572968E-9
1693	4.203280281841641E-9
1694	4.178104833719513E-9
1695	4.1361866706608365E-9
1696	4.1062058119303366E-9
1697	4.015614251069489E-9
1698	3.986315315285357E-9
1699	3.955516304627303E-9
1700	3.913893109562019E-9
1701	3.858672476218157E-9
1702	3.77717070470423E-9
1703	3.6931458505126887E-9
1704	3.5675019549852163E-9
1705	3.5496676072565725E-9
1706	3.515230271982068E-9
1707	3.4752286454079033E-9
1708	3.4108123133577564E-9
1709	3.324868582642589E-9
1710	3.2525027299050993E-9
1711	3.215159681352759E-9
1712	3.088095465732438E-9
1713	3.0290654048470575E-9
1714	2.9760660726123188E-9
1715	2.9588086900984488E-9
1716	2.9178028495737556E-9
1717	2.8974410379229747E-9
1718	2.8837856444816034E-9
1719	2.8285206525862996E-9
1720	2.798057906101029E-9
1721	2.777709107957422E-9
1722	2.748726948971577E-9
1723	2.7084091004595024E-9
1724	2.6755304864111984E-9
1725	2.6386537119191413E-9
1726	2.6277644643898906E-9
1727	2.5972078544582493E-9
1728	2.5038691427774085E-9
1729	2.479491865107347E-9
1730	2.453037470703134E-9
1731	2.439561917315153E-9
1732	2.3956619443598717E-9
1733	2.3701691548602337E-9
1734	2.343691521972473E-9
1735	2.319175269381067E-9
1736	2.301619952586809E-9
1737	2.275979326964444E-9
1738	2.2571563521738527E-9
1739	2.2411837473187576E-9
1740	2.23082997094532E-9
1741	2.2034259876398323E-9
1742	2.1751404185301346E-9
1743	2.118947999629534E-9
1744	2.0701372073327613E-9
1745	2.039036740518858E-9
1746	2.0262848466712557E-9
1747	1.99345091725719E-9
1748	1.977236259674492E-9
1749	1.9593792977443927E-9
1750	1.9171401385770645E-9
1751	1.910103895199041E-9
1752	1.8669288613340944E-9
1753	1.8499568272969374E-9
1754	1.8271353317991534E-9
1755	1.7999801312641855E-9
1756	1.7874177329590366E-9
1757	1.7691783416846308E-9
1758	1.7424311035921078E-9
1759	1.7178116637726041E-9
1760	1.7008634733145874E-9
1761	1.6794368624884608E-9
1762	1.667835104927443E-9
1763	1.6376974361093519E-9
1764	1.6313696604832113E-9
1765	1.6110357844473453E-9
1766	1.585109832568208E-9
1767	1.5504005868247585E-9
1768	1.514322892180525E-9
1769	1.5000695118495943E-9
1770	1.481090098882576E-9
1771	1.439127137356762E-9
1772	1.419717005358397E-9
1773	1.3980120420620943E-9
1774	1.379219388755065E-9
1775	1.367303561052675E-9
1776	1.356621716941668E-9
1777	1.3419821894781745E-9
1778	1.3333636088691725E-9
1779	1.317762783411818E-9
1780	1.2983898935663177E-9
1781	1.2767314857924712E-9
1782	1.2651630859376483E-9
1783	1.257266509468138E-9
1784	1.2318223047446678E-9
1785	1.2120972126156402E-9
1786	1.1892334705829057E-9
1787	1.1861132241576894E-9
1788	1.1694891344149174E-9
1789	1.1574357249843884E-9
1790	1.1370025400731966E-9
1791	1.1019435855908704E-9
1792	1.089518815853753E-9
1793	1.0735139434357786E-9
1794	1.0587926286391631E-9
1795	1.0420814778815393E-9
1796	1.0335055560054474E-9
1797	1.017528972475897E-9
1798	1.0108019585479032E-9
1799	9.816909437208003E-10
1800	9.651617488423086E-10
1801	9.536682987733385E-10
1802	9.41643176730827E-10
1803	9.348816520098387E-10
1804	9.215093304735131E-10
1805	9.154236158878677E-10
1806	8.98611327106961E-10
1807	8.778900036367535E-10
1808	8.659745580722822E-10
1809	8.564713316379088E-10
1810	8.529895280296003E-10
1811	8.43601299808227E-10
1812	8.303548960233682E-10
1813	8.238081179204121E-10
1814	8.117831534741246E-10
1815	8.046633702602605E-10
1816	7.975456406142985E-10
1817	7.888681112119784E-10
1818	7.632793527591203E-10
1819	7.558834078365379E-10
1820	7.481118556429887E-10
1821	7.330624678822445E-10
1822	7.182911148387572E-10
1823	7.110722897314286E-10
1824	7.045448189035428E-10
1825	7.012006982769097E-10
1826	6.924685668847627E-10
1827	6.798858082961173E-10
1828	6.705749065999884E-10
1829	6.632655209648585E-10
1830	6.511935785186129E-10
1831	6.404937654468329E-10
1832	6.352586392411188E-10
1833	6.184069731608608E-10
1834	6.079032631248679E-10
1835	6.050846376275258E-10
1836	5.979599177975962E-10
1837	5.925614404142945E-10
1838	5.88719520026433E-10
1839	5.803136303704551E-10
1840	5.702409292004151E-10
1841	5.623312279420504E-10
1842	5.544764443441513E-10
1843	5.493302186605024E-10
1844	5.459679105681471E-10
1845	5.381495485503935E-10
1846	5.322773812395495E-10
1847	5.168295722034175E-10
1848	5.063235590143708E-10
1849	5.005366416114075E-10
1850	4.956767392411216E-10
1851	4.911268862553178E-10
1852	4.893502759968346E-10
1853	4.713482984835832E-10
1854	4.645106993231805E-10
1855	4.553655674858359E-10
1856	4.501912591298476E-10
1857	4.4412697988593907E-10
1858	4.366786576728792E-10
1859	4.326542860379679E-10
1860	4.2849917836911787E-10
1861	4.2351581413433643E-10
1862	4.1403255845085356E-10
1863	4.109926960490712E-10
1864	4.062994912580602E-10
1865	4.0344679303592553E-10
1866	3.9247364808211254E-10
1867	3.9202750685639E-10
1868	3.8697047833937575E-10
1869	3.8546571691073733E-10
1870	3.8078223962313424E-10
1871	3.7800855212602155E-10
1872	3.7117317127752517E-10
1873	3.685491713829096E-10
1874	3.6425350661935733E-10
1875	3.6133891788208026E-10
1876	3.6035629616157357E-10
1877	3.563921645984307E-10
1878	3.486727243112382E-10
1879	3.4231525746217585E-10
1880	3.288749943984891E-10
1881	3.2790030653242047E-10
1882	3.192952604433536E-10
1883	3.154447283844343E-10
1884	3.055734302505453E-10
1885	3.051447370456161E-10
1886	3.0099594922369926E-10
1887	2.99012373801988E-10
1888	2.954281793892537E-10
1889	2.874563573560245E-10
1890	2.8489932043628524E-10
1891	2.7975908605801475E-10
1892	2.789095025954785E-10
1893	2.7623443170207137E-10
1894	2.749341163730582E-10
1895	2.7059223672322626E-10
1896	2.654937352430914E-10
1897	2.6050708272541705E-10
1898	2.583138433838913E-10
1899	2.524479633666274E-10
1900	2.4750437445217485E-10
1901	2.4521134196389914E-10
1902	2.4248265093327805E-10
1903	2.387462235518589E-10
1904	2.3575622988903096E-10
1905	2.310004201935585E-10
1906	2.2718366031588474E-10
1907	2.2599822545398332E-10
1908	2.2497117364681804E-10
1909	2.2003159778976436E-10
1910	2.1463538462329005E-10
1911	2.1257483701583037E-10
1912	2.0998020472359979E-10
1913	2.0638152588121537E-10
1914	2.0327280361142002E-10
1915	2.0118293067851418E-10
1916	1.9955613592045586E-10
1917	1.990519195573978E-10
1918	1.9644916182089958E-10
1919	1.9305535499502104E-10
1920	1.9115816575666955E-10
1921	1.8788034050291122E-10
1922	1.8340091212800934E-10
1923	1.7995055596018505E-10
1924	1.7876012367285455E-10
1925	1.7848877843053539E-10
1926	1.7768617386029251E-10
1927	1.7339854415497208E-10
1928	1.7111707118296893E-10
1929	1.6587119228827292E-10
1930	1.6418683525544888E-10
1931	1.634458627449473E-10
1932	1.6174182097317542E-10
1933	1.589296492410272E-10
1934	1.5602701058234595E-10
1935	1.5470551191360137E-10
1936	1.5309997144526978E-10
1937	1.5116559797722E-10
1938	1.493111390553878E-10
1939	1.4822300804481498E-10
1940	1.4755147956019158E-10
1941	1.4596668651308266E-10
1942	1.434141707454132E-10
1943	1.4009563551430589E-10
1944	1.382425315735245E-10
1945	1.3698655237601248E-10
1946	1.3489945579290232E-10
1947	1.3216010920298363E-10
1948	1.3078707851505117E-10
1949	1.2596381700668928E-10
1950	1.2428237342149012E-10
1951	1.2352973180634511E-10
1952	1.2243230338412063E-10
1953	1.2146590150695144E-10
1954	1.2021084215590046E-10
1955	1.1901063541626398E-10
1956	1.1715171082718087E-10
1957	1.1571787480071646E-10
1958	1.1457353572688954E-10
1959	1.1238663271361626E-10
1960	1.113873679050245E-10
1961	1.1013259587462359E-10
1962	1.0857774954670117E-10
1963	1.0746361981800741E-10
1964	1.0660625366116909E-10
1965	1.0521585838578453E-10
1966	1.0433345559682928E-10
1967	1.0355241558828657E-10
1968	1.0082686781952872E-10
1969	9.985961385624981E-11
1970	9.869711398559798E-11
1971	9.691349335962306E-11
1972	9.535050225962468E-11
1973	9.307753623162013E-11
1974	9.131773932027248E-11
1975	9.057624936856897E-11
1976	9.004132931700863E-11
1977	8.906893034233172E-11
1978	8.780436961085213E-11
1979	8.634725371059244E-11
1980	8.528859403731439E-11
1981	8.355763705456089E-11
1982	8.25518161424648E-11
1983	8.16485648182262E-11
1984	8.108394340081547E-11
1985	7.960580148116426E-11
1986	7.848082045012728E-11
1987	7.701717286967835E-11
1988	7.627313122081885E-11
1989	7.529231875759013E-11
1990	7.448489921318312E-11
1991	7.414994132921925E-11
1992	7.305040204765054E-11
1993	7.272767942355888E-11
1994	7.205255590136046E-11
1995	7.017425204281633E-11
1996	6.948766898074749E-11
1997	6.911809447411241E-11
1998	6.840408931549324E-11
1999	6.748736221341233E-11
2000	6.603237384447826E-11
2001	6.517829903013126E-11
2002	6.443517649859925E-11
2003	6.43378198274212E-11
2004	6.314344469924605E-11
2005	6.194289054968448E-11
2006	6.131999435339371E-11
2007	6.02444551030436E-11
2008	5.934998650268478E-11
2009	5.873689726808535E-11
2010	5.654563581334239E-11
2011	5.5214262890416316E-11
2012	5.4811220179797144E-11
2013	5.4405110987177E-11
2014	5.371740308057954E-11
2015	5.3125847289538814E-11
2016	5.2567638683346175E-11
2017	5.1759735819811176E-11
2018	5.0823345725429284E-11
2019	4.877950901255698E-11
2020	4.866257295948349E-11
2021	4.8448106424162434E-11
2022	4.799270939216146E-11
2023	4.7632927414282945E-11
2024	4.6537431061933047E-11
2025	4.5883594656539095E-11
2026	4.573537964771175E-11
2027	4.47566660659146E-11
2028	4.383233072871561E-11
2029	4.213742561062338E-11
2030	4.1839955498541136E-11
2031	4.161396902270744E-11
2032	4.12479675020713E-11
2033	4.07867640799884E-11
2034	3.983619517033991E-11
2035	3.877105258465904E-11
2036	3.8360920489274326E-11
2037	3.771658130825216E-11
2038	3.7454859803459927E-11
2039	3.71452913653001E-11
2040	3.661745489156908E-11
2041	3.638592482489684E-11
2042	3.590949252398304E-11
2043	3.5594782245838057E-11
2044	3.477204740810459E-11
2045	3.4204427913457165E-11
2046	3.387142729378174E-11
2047	3.3710302321294675E-11
2048	3.333424379999074E-11
2049	3.2996464875155844E-11
2050	3.28139672612114E-11
2051	3.2055478097767395E-11
2052	3.178218054908559E-11
2053	3.14231371121942E-11
2054	3.097648801342007E-11
2055	3.050722157497044E-11
2056	2.9946550511157794E-11
2057	2.964621442598862E-11
2058	2.945697584462612E-11
2059	2.8774996392136246E-11
2060	2.8454792145192066E-11
2061	2.7849241692267178E-11
2062	2.7434966954928073E-11
2063	2.7176588406598034E-11
2064	2.699198535924026E-11
2065	2.6810489023954114E-11
2066	2.6239493051830733E-11
2067	2.587009480948263E-11
2068	2.518556393307622E-11
2069	2.4885026632861652E-11
2070	2.4630942972137595E-11
2071	2.3967640875794777E-11
2072	2.366738343126552E-11
2073	2.3453794079258863E-11
2074	2.3358694596930523E-11
2075	2.274223918933136E-11
2076	2.2618522306116246E-11
2077	2.2553598951516714E-11
2078	2.2240103085250042E-11
2079	2.1756650253612034E-11
2080	2.1567332023131874E-11
2081	2.1352800740024185E-11
2082	2.1219121162281235E-11
2083	2.052106290413941E-11
2084	2.0339792615754454E-11
2085	2.0036250482580924E-11
2086	1.9911126257407543E-11
2087	1.977491021823892E-11
2088	1.94392836594255E-11
2089	1.8810686613490605E-11
2090	1.8532207054752714E-11
2091	1.817696302027296E-11
2092	1.8072175035013906E-11
2093	1.780494856062807E-11
2094	1.749741893930308E-11
2095	1.7206756684822796E-11
2096	1.70658639715787E-11
2097	1.681639445162181E-11
2098	1.641379113932906E-11
2099	1.6256249811416864E-11
2100	1.5911062344249603E-11
2101	1.560956556124332E-11
2102	1.544710491640209E-11
2103	1.508970442779629E-11
2104	1.49362289909711E-11
2105	1.4696190160533267E-11
2106	1.4568393386649435E-11
2107	1.4350919370031332E-11
2108	1.4270588199832979E-11
2109	1.4062984285162015E-11
2110	1.3929408883712862E-11
2111	1.379987355354296E-11
2112	1.3648292806574924E-11
2113	1.3467469164945589E-11
2114	1.3160603676264426E-11
2115	1.3014658012375399E-11
2116	1.2799747862927247E-11
2117	1.2510491633573193E-11
2118	1.2390925093096807E-11
2119	1.2127201050000599E-11
2120	1.1921635420273366E-11
2121	1.1808800670116805E-11
2122	1.1702265972915751E-11
2123	1.1595908555590428E-11
2124	1.1512959908830105E-11
2125	1.1385704659581853E-11
2126	1.1311219165983605E-11
2127	1.1104486124759366E-11
2128	1.1000514360077886E-11
2129	1.0875716662297308E-11
2130	1.0671443101516514E-11
2131	1.0430097441638921E-11
2132	1.0330659412781768E-11
2133	1.0170337458585978E-11
2134	1.0066619860894543E-11
2135	1.0000414201744018E-11
2136	9.87122176071821E-12
2137	9.737401044453493E-12
2138	9.633450686577873E-12
2139	9.502163145739388E-12
2140	9.437584356253395E-12
2141	9.287142550832689E-12
2142	9.101309489378398E-12
2143	8.916394935729147E-12
2144	8.773621143351587E-12
2145	8.687525370581085E-12
2146	8.429160376397479E-12
2147	8.372392583468911E-12
2148	8.283039312518254E-12
2149	8.18444226806547E-12
2150	8.074550952546748E-12
2151	7.927150387874007E-12
2152	7.867603207252444E-12
2153	7.767069981498732E-12
2154	7.633796466299343E-12
2155	7.550981772259754E-12
2156	7.386684677018396E-12
2157	7.33564962603119E-12
2158	7.309037486676655E-12
2159	7.2294382083059775E-12
2160	7.055388525045936E-12
2161	6.889614318581956E-12
2162	6.68225989953223E-12
2163	6.601990597103172E-12
2164	6.513501925590372E-12
2165	6.45297232406194E-12
2166	6.350693319414678E-12
2167	6.2560792689574995E-12
2168	6.19702270473775E-12
2169	6.136161284796898E-12
2170	6.10060941128667E-12
2171	5.99675868815866E-12
2172	5.9693291293660865E-12
2173	5.910882227429835E-12
2174	5.84880643550632E-12
2175	5.785526177450406E-12
2176	5.664104917955062E-12
2177	5.572161554216103E-12
2178	5.486329543255757E-12
2179	5.4122269729397065E-12
2180	5.363777274253988E-12
2181	5.3307293103959626E-12
2182	5.300690903182494E-12
2183	5.234768221224598E-12
2184	5.096079038540953E-12
2185	5.022331134356144E-12
2186	4.938153499384625E-12
2187	4.8978953463577215E-12
2188	4.810313889556844E-12
2189	4.779614902541148E-12
2190	4.7112887406336585E-12
2191	4.677017420843749E-12
2192	4.6392513174726455E-12
2193	4.630358513634239E-12
2194	4.515263891098368E-12
2195	4.4534913266691566E-12
2196	4.40410390215946E-12
2197	4.332040994486299E-12
2198	4.264222358444751E-12
2199	4.196130300571579E-12
2200	4.007070103478654E-12
2201	3.951844646685461E-12
2202	3.898007277809217E-12
2203	3.8451585218607875E-12
2204	3.8018674688882625E-12
2205	3.78209277900258E-12
2206	3.719056067687909E-12
2207	3.6293172541864356E-12
2208	3.5377470673072973E-12
2209	3.5177262207842244E-12
2210	3.474120850710334E-12
2211	3.415034040348455E-12
2212	3.402928143301325E-12
2213	3.3670854678040737E-12
2214	3.341077654383694E-12
2215	3.3193142390053402E-12
2216	3.28535049237009E-12
2217	3.2644128708189714E-12
2218	3.2089876931980004E-12
2219	3.1716462354850134E-12
2220	3.100598616350301E-12
2221	3.0290221123620854E-12
2222	2.9957856536417305E-12
2223	2.957597136142734E-12
2224	2.932101577838585E-12
2225	2.8957632745161676E-12
2226	2.8480466815796586E-12
2227	2.8008094597590508E-12
2228	2.7669120901572805E-12
2229	2.7372001469430516E-12
2230	2.653515307125635E-12
2231	2.6242580623656955E-12
2232	2.585582906559907E-12
2233	2.5674649584547743E-12
2234	2.540217248937197E-12
2235	2.538550333576273E-12
2236	2.4829233931449948E-12
2237	2.463910738458165E-12
2238	2.4237326276096087E-12
2239	2.389437827026497E-12
2240	2.353159572744198E-12
2241	2.328336641319888E-12
2242	2.3051749941760055E-12
2243	2.2398516736494263E-12
2244	2.233067235369845E-12
2245	2.1945265321729572E-12
2246	2.1577263368497054E-12
2247	2.128607534925473E-12
2248	2.088753393454524E-12
2249	2.069682381661809E-12
2250	2.0236865378310333E-12
2251	1.9804296131772966E-12
2252	1.9590739823328502E-12
2253	1.931734400508177E-12
2254	1.8993513914742268E-12
2255	1.8832912616401244E-12
2256	1.8581305193672084E-12
2257	1.8379832921697505E-12
2258	1.8120850990413875E-12
2259	1.78727764691913E-12
2260	1.7537462640522627E-12
2261	1.726061070784356E-12
2262	1.6978415450617542E-12
2263	1.6605716815336628E-12
2264	1.6455173003129644E-12
2265	1.6088565999879905E-12
2266	1.5858847317718393E-12
2267	1.5672694138758208E-12
2268	1.5388392616953541E-12
2269	1.5190804923580983E-12
2270	1.495291166556095E-12
2271	1.4853321000731793E-12
2272	1.4637026367531508E-12
2273	1.4431769892467904E-12
2274	1.4328631678400808E-12
2275	1.4100501198131233E-12
2276	1.388638865544147E-12
2277	1.3772084166104612E-12
2278	1.3713974949148617E-12
2279	1.3596561673372903E-12
2280	1.332845807705375E-12
2281	1.3175625271505302E-12
2282	1.302090768147657E-12
2283	1.292592512275557E-12
2284	1.2710417742588753E-12
2285	1.2599069264410509E-12
2286	1.2403065480665695E-12
2287	1.2227831705794244E-12
2288	1.2086676154298079E-12
2289	1.1867223554454925E-12
2290	1.1661898326194272E-12
2291	1.158139926595099E-12
2292	1.1452192459970622E-12
2293	1.1277612080555482E-12
2294	1.1067177986275592E-12
2295	1.0961934434205408E-12
2296	1.0608064132094541E-12
2297	1.0413315048472194E-12
2298	1.036681109277585E-12
2299	1.0256394685884204E-12
2300	1.018987494975097E-12
2301	1.0112185291158887E-12
2302	1.0011904376392377E-12
2303	9.718894619449088E-13
2304	9.653884450981773E-13
2305	9.529457153838627E-13
2306	9.43268720185974E-13
2307	9.308416124931627E-13
2308	9.199534410494155E-13
2309	9.027231027929857E-13
2310	8.937527623439193E-13
2311	8.720330663604583E-13
2312	8.644314619043021E-13
2313	8.507565119771256E-13
2314	8.314297646543789E-13
2315	8.087017050519843E-13
2316	7.994752575826123E-13
2317	7.910660258729685E-13
2318	7.807331495235914E-13
2319	7.629130448934646E-13
2320	7.430845869197939E-13
2321	7.299473181723148E-13
2322	7.216352170382555E-13
2323	7.100230346605831E-13
2324	6.994812772587797E-13
2325	6.865101128253078E-13
2326	6.796337624173187E-13
2327	6.733453274877736E-13
2328	6.650063109762362E-13
2329	6.542795960248785E-13
2330	6.467771017854413E-13
2331	6.38744717806575E-13
2332	6.327381945975489E-13
2333	6.207191367462812E-13
2334	6.159071753423638E-13
2335	6.03088645707319E-13
2336	5.946698058477979E-13
2337	5.8483281356307E-13
2338	5.773728259427456E-13
2339	5.738415070651226E-13
2340	5.653661887894259E-13
2341	5.581182240778394E-13
2342	5.527481748459785E-13
2343	5.481058161810204E-13
2344	5.383215986074703E-13
2345	5.306114609501386E-13
2346	5.180252290890174E-13
2347	5.087103203067379E-13
2348	4.965946284697194E-13
2349	4.921457452122262E-13
2350	4.896752784052004E-13
2351	4.830933261508082E-13
2352	4.760947247431695E-13
2353	4.70625782255771E-13
2354	4.643628310427631E-13
2355	4.563799773738827E-13
2356	4.501341950629855E-13
2357	4.4487828007106566E-13
2358	4.392398202266099E-13
2359	4.3147241960392515E-13
2360	4.2798074119715093E-13
2361	4.2486085291194264E-13
2362	4.226735872495098E-13
2363	4.1534829817073503E-13
2364	4.0972721892058755E-13
2365	4.016890173417702E-13
2366	3.962606218512552E-13
2367	3.8955615283739677E-13
2368	3.816633472667668E-13
2369	3.7329060383395776E-13
2370	3.714795469591807E-13
2371	3.6742726643267176E-13
2372	3.627202421376825E-13
2373	3.594844240116556E-13
2374	3.5542714842602403E-13
2375	3.5143778197678843E-13
2376	3.455842842668649E-13
2377	3.4084318537286745E-13
2378	3.384888902830217E-13
2379	3.29606533533982E-13
2380	3.265285858770601E-13
2381	3.222169570002736E-13
2382	3.2038395805931315E-13
2383	3.190278287562722E-13
2384	3.1006262105394937E-13
2385	3.061736998639461E-13
2386	3.040549672267037E-13
2387	2.984377614513108E-13
2388	2.95984749612745E-13
2389	2.919034496272255E-13
2390	2.9012338487261125E-13
2391	2.878281764812998E-13
2392	2.84399440978555E-13
2393	2.7957119490842396E-13
2394	2.731695868572282E-13
2395	2.709864677510306E-13
2396	2.6561908942360333E-13
2397	2.5985874167127977E-13
2398	2.551956625662449E-13
2399	2.5275505068738456E-13
2400	2.483167066536282E-13
2401	2.470312916390698E-13
2402	2.4545926402340726E-13
2403	2.3766617970589477E-13
2404	2.316488812870689E-13
2405	2.249073691896016E-13
2406	2.2155149974671139E-13
2407	2.1567617317922584E-13
2408	2.1405939368687078E-13
2409	2.0934160728055745E-13
2410	2.0700879766645973E-13
2411	1.9979240732715372E-13
2412	1.9831465975017205E-13
2413	1.9518616597628403E-13
2414	1.9176775017472382E-13
2415	1.8976022490574518E-13
2416	1.8766314560725118E-13
2417	1.8400765139237037E-13
2418	1.8179948989894737E-13
2419	1.7936883754047728E-13
2420	1.749414562206674E-13
2421	1.7030839559638508E-13
2422	1.6961914371322103E-13
2423	1.6861802636093798E-13
2424	1.6746030720969518E-13
2425	1.6628179391218902E-13
2426	1.633979827397616E-13
2427	1.617676717024461E-13
2428	1.611723519914018E-13
2429	1.5885227636500268E-13
2430	1.5764278846861435E-13
2431	1.5634708403542322E-13
2432	1.552447404573109E-13
2433	1.5323081531733875E-13
2434	1.5211030914844942E-13
2435	1.5037145945383727E-13
2436	1.4812913555278407E-13
2437	1.4691922513481426E-13
2438	1.461411358894838E-13
2439	1.451499776395175E-13
2440	1.42139753051198E-13
2441	1.394857607226467E-13
2442	1.35616870465833E-13
2443	1.3383217909876772E-13
2444	1.3100597245673664E-13
2445	1.2909708539581412E-13
2446	1.2572951442808642E-13
2447	1.2417913912872435E-13
2448	1.2315991006679885E-13
2449	1.2185238491966341E-13
2450	1.2093768651571698E-13
2451	1.1783916947418684E-13
2452	1.1660788211711193E-13
2453	1.158796422289774E-13
2454	1.1401195105853713E-13
2455	1.1280833151729934E-13
2456	1.1119102607888524E-13
2457	1.1005887240173637E-13
2458	1.0889673008746351E-13
2459	1.078245503939536E-13
2460	1.0607325314327389E-13
2461	1.0525634997383344E-13
2462	1.0282325674898463E-13
2463	1.0144523064590537E-13
2464	9.913208570771843E-14
2465	9.767015855832669E-14
2466	9.648445585070596E-14
2467	9.551419990940977E-14
2468	9.465123798136316E-14
2469	9.302517340787076E-14
2470	9.196219140958395E-14
2471	9.02239333069821E-14
2472	8.913809969520153E-14
2473	8.822854756761344E-14
2474	8.725128933665219E-14
2475	8.563400445099506E-14
2476	8.531633605458004E-14
2477	8.460332718196306E-14
2478	8.366169700460383E-14
2479	8.241046444189427E-14
2480	8.152113638026613E-14
2481	7.99535645157361E-14
2482	7.885913924460848E-14
2483	7.801153012623278E-14
2484	7.567355328925662E-14
2485	7.538383263572068E-14
2486	7.378069783716297E-14
2487	7.250598699972853E-14
2488	7.227812773061121E-14
2489	7.137970820095697E-14
2490	7.064190290503976E-14
2491	6.943166121814615E-14
2492	6.790675095229587E-14
2493	6.710570370157195E-14
2494	6.634809631785834E-14
2495	6.51831507373602E-14
2496	6.461670191931058E-14
2497	6.376487780408171E-14
2498	6.259321163717985E-14
2499	6.127229155606935E-14
2500	6.065186726339408E-14
2501	5.954271805302171E-14
2502	5.910448819585409E-14
2503	5.826457529338232E-14
2504	5.775414736886635E-14
2505	5.72909364333769E-14
2506	5.671499445536029E-14
2507	5.528942884743761E-14
2508	5.469600161607639E-14
2509	5.3060668396772564E-14
2510	5.215617969700785E-14
2511	5.170136459444848E-14
2512	5.151146466105776E-14
2513	5.058127449642323E-14
2514	5.017561017599082E-14
2515	4.87903487485619E-14
2516	4.779212961189016E-14
2517	4.731550968374934E-14
2518	4.674831723542307E-14
2519	4.648510220420534E-14
2520	4.606480130754446E-14
2521	4.53471669837646E-14
2522	4.4439133534767005E-14
2523	4.4228001539718624E-14
2524	4.337830092782995E-14
2525	4.289582989673365E-14
2526	4.181649309048914E-14
2527	4.1221062442156176E-14
2528	4.039592377356749E-14
2529	4.002648232149702E-14
2530	3.906105212846068E-14
2531	3.8569846781337434E-14
2532	3.8056731393317565E-14
2533	3.741648295859463E-14
2534	3.6474374677637074E-14
2535	3.59091525457975E-14
2536	3.541235942888454E-14
2537	3.502509649287531E-14
2538	3.459055343879377E-14
2539	3.406184020858633E-14
2540	3.386973530924542E-14
2541	3.352024742076259E-14
2542	3.277537302993542E-14
2543	3.212360521628131E-14
2544	3.1817209767147384E-14
2545	3.1471677387781054E-14
2546	3.0828369602585296E-14
2547	3.051249756571142E-14
2548	3.0141018212993004E-14
2549	2.997781475568251E-14
2550	2.951088096518519E-14
2551	2.9079204516111647E-14
2552	2.877739964274614E-14
2553	2.8225473219741627E-14
2554	2.8014321346323058E-14
2555	2.7390255293908194E-14
2556	2.68583279706359E-14
2557	2.661603131702107E-14
2558	2.6271192311839282E-14
2559	2.604027818963976E-14
2560	2.558090239292627E-14
2561	2.5265290555820228E-14
2562	2.490691708684278E-14
2563	2.4798127674950434E-14
2564	2.4570181115925065E-14
2565	2.3829025884241273E-14
2566	2.328118541282701E-14
2567	2.3144494535769776E-14
2568	2.307190367238142E-14
2569	2.2247136446123304E-14
2570	2.2199132373847953E-14
2571	2.1726081996364703E-14
2572	2.1534875828190017E-14
2573	2.0773153691033803E-14
2574	2.0733376878988385E-14
2575	2.035207936912661E-14
2576	1.9960210643217288E-14
2577	1.9702335006089274E-14
2578	1.931532541912977E-14
2579	1.9039734442039007E-14
2580	1.8828620905458014E-14
2581	1.8739277413727235E-14
2582	1.8670243468855463E-14
2583	1.8385635778567584E-14
2584	1.8201786973528902E-14
2585	1.8055615517258075E-14
2586	1.7852026911248603E-14
2587	1.7799200498576036E-14
2588	1.7528604021623167E-14
2589	1.7310934305160646E-14
2590	1.7116832945485218E-14
2591	1.6935420246006462E-14
2592	1.6513315273561977E-14
2593	1.6371559981080096E-14
2594	1.619708080802313E-14
2595	1.6055620401510002E-14
2596	1.5909239713593127E-14
2597	1.5564515969450437E-14
2598	1.5427551080868734E-14
2599	1.5220943410396582E-14
2600	1.5043136092234562E-14
2601	1.4945619757680653E-14
2602	1.4378088136780805E-14
2603	1.4076232036418444E-14
2604	1.3873670422283344E-14
2605	1.3766341053365918E-14
2606	1.3624806955787412E-14
2607	1.3521196298661282E-14
2608	1.321758144804614E-14
2609	1.297437268998989E-14
2610	1.2848836695015593E-14
2611	1.2714507336913465E-14
2612	1.247665584991333E-14
2613	1.2127723420846671E-14
2614	1.2010952427419027E-14
2615	1.1929925234870077E-14
2616	1.1794947733033609E-14
2617	1.1755179616552339E-14
2618	1.1500237536094427E-14
2619	1.1452819549976441E-14
2620	1.1298980054336167E-14
2621	1.1021391922717004E-14
2622	1.0860744714650864E-14
2623	1.0671516658674982E-14
2624	1.0660500387881346E-14
2625	1.0369601494288961E-14
2626	1.0293179443215362E-14
2627	1.0110836583755317E-14
2628	9.964875401549033E-15
2629	9.877710609987093E-15
2630	9.685403760616334E-15
2631	9.51139729829044E-15
2632	9.417083055458981E-15
2633	9.277030099668387E-15
2634	9.117574257359255E-15
2635	8.970093127581317E-15
2636	8.867913636232979E-15
2637	8.795507743474584E-15
2638	8.714937557330484E-15
2639	8.60890331438614E-15
2640	8.496211199271647E-15
2641	8.305851081660258E-15
2642	8.245611914267106E-15
2643	8.148170193341533E-15
2644	8.075325663099388E-15
2645	8.01245482748765E-15
2646	7.934132335493725E-15
2647	7.831797859709787E-15
2648	7.769079856318977E-15
2649	7.715280916385599E-15
2650	7.5950071937876E-15
2651	7.54880598892366E-15
2652	7.416649800300389E-15
2653	7.343493281087887E-15
2654	7.294945628993066E-15
2655	7.145181177598341E-15
2656	7.048831251195347E-15
2657	6.980169340591031E-15
2658	6.8631846432371795E-15
2659	6.800651173359423E-15
2660	6.713420557301962E-15
2661	6.606833610137311E-15
2662	6.5708010988315124E-15
2663	6.4331379584593E-15
2664	6.330646448851251E-15
2665	6.217559469591486E-15
2666	6.1830153682427935E-15
2667	6.062930893689146E-15
2668	5.93330217579381E-15
2669	5.878256890582158E-15
2670	5.8141666858575535E-15
2671	5.783585571249241E-15
2672	5.68464975640532E-15
2673	5.635515210791902E-15
2674	5.577238277943671E-15
2675	5.463800533609352E-15
2676	5.396949708661685E-15
2677	5.3190466335842275E-15
2678	5.1894227460827464E-15
2679	5.117901760252856E-15
2680	5.029235112223294E-15
2681	4.923240485421309E-15
2682	4.878967133110193E-15
2683	4.7740538547970455E-15
2684	4.72362394946857E-15
2685	4.692349616672309E-15
2686	4.623242652631343E-15
2687	4.571687829699421E-15
2688	4.484474970599099E-15
2689	4.37081594329164E-15
2690	4.265703870697137E-15
2691	4.168309686456491E-15
2692	4.156345916296887E-15
2693	4.146505518332519E-15
2694	4.062640985408075E-15
2695	4.0194501259414016E-15
2696	3.968948076390457E-15
2697	3.898383683596375E-15
2698	3.836881292677431E-15
2699	3.8152120691984924E-15
2700	3.6832681665357275E-15
2701	3.604280702062076E-15
2702	3.5516674385406157E-15
2703	3.522012919286029E-15
2704	3.4844056479952305E-15
2705	3.4458248348550464E-15
2706	3.426187954728183E-15
2707	3.3829626928585597E-15
2708	3.3511617236813558E-15
2709	3.2822603388550246E-15
2710	3.2545226852166336E-15
2711	3.217881553710169E-15
2712	3.1655728273808538E-15
2713	3.0765776051454115E-15
2714	2.9915228831832833E-15
2715	2.9685755016328216E-15
2716	2.9412280208280817E-15
2717	2.8947924124689266E-15
2718	2.873353706687168E-15
2719	2.8476218366991377E-15
2720	2.8019433003613276E-15
2721	2.7561973167563982E-15
2722	2.7069356412605924E-15
2723	2.647774129115826E-15
2724	2.6228631605870734E-15
2725	2.5789859017412918E-15
2726	2.5309436741827592E-15
2727	2.518388048816324E-15
2728	2.4850726438771298E-15
2729	2.4773666237176156E-15
2730	2.4391229620624563E-15
2731	2.407428146610967E-15
2732	2.3858816419462537E-15
2733	2.3529632712831364E-15
2734	2.3212664275787565E-15
2735	2.2772232939196764E-15
2736	2.251187187796642E-15
2737	2.229343043716913E-15
2738	2.214327066495383E-15
2739	2.1978166817116366E-15
2740	2.179282455874202E-15
2741	2.156190476556337E-15
2742	2.1280938036784138E-15
2743	2.1015435384343272E-15
2744	2.062850448973249E-15
2745	2.0346192843310405E-15
2746	1.9683853922991332E-15
2747	1.9277899458104723E-15
2748	1.9035035948131477E-15
2749	1.879221379686521E-15
2750	1.8330429074210423E-15
2751	1.8281863643150594E-15
2752	1.8084452031938435E-15
2753	1.7901763453734295E-15
2754	1.7610324189172226E-15
2755	1.7243594301707075E-15
2756	1.6889147035634604E-15
2757	1.6641462669012198E-15
2758	1.645518675359293E-15
2759	1.6286525394700094E-15
2760	1.5963623874147598E-15
2761	1.5849691995748956E-15
2762	1.553357322239809E-15
2763	1.5162109574337957E-15
2764	1.5028982414926551E-15
2765	1.4906657482023536E-15
2766	1.467484068334464E-15
2767	1.46183616883974E-15
2768	1.4402037391727542E-15
2769	1.433004723079979E-15
2770	1.4038946793437113E-15
2771	1.3938932766684738E-15
2772	1.387167042234951E-15
2773	1.3761854830322736E-15
2774	1.3562199067845686E-15
2775	1.3250374572520847E-15
2776	1.3027184110543772E-15
2777	1.2918659475125129E-15
2778	1.2778799883920305E-15
2779	1.2620271910181733E-15
2780	1.2388457229593768E-15
2781	1.2344982526221931E-15
2782	1.2146482516300494E-15
2783	1.2058107766454203E-15
2784	1.179209150980039E-15
2785	1.1629923035017628E-15
2786	1.1513839156542679E-15
2787	1.1374616557555978E-15
2788	1.1222358141717823E-15
2789	1.1127594292164878E-15
2790	1.0924241972724015E-15
2791	1.0830336464271804E-15
2792	1.07899627246488E-15
2793	1.0702621014045402E-15
2794	1.0210615745142948E-15
2795	1.0094374083872074E-15
2796	1.0054447099090658E-15
2797	9.87403204236293E-16
2798	9.780763422215232E-16
2799	9.71069087015962E-16
2800	9.598829649335164E-16
2801	9.435182225517318E-16
2802	9.356408530551987E-16
2803	9.21668632186047E-16
2804	9.157248524831936E-16
2805	8.989348904537117E-16
2806	8.862209271687012E-16
2807	8.77726370695893E-16
2808	8.637741349531765E-16
2809	8.502979648592118E-16
2810	8.400993568741883E-16
2811	8.177713344972721E-16
2812	8.026786947775412E-16
2813	7.893029059691919E-16
2814	7.81157140005424E-16
2815	7.672533794453128E-16
2816	7.53999184422092E-16
2817	7.424485216576372E-16
2818	7.312729551028057E-16
2819	7.233515811854209E-16
2820	7.09025649053228E-16
2821	7.052355701298604E-16
2822	7.01833637325893E-16
2823	6.942111574771016E-16
2824	6.9247319451588445E-16
2825	6.816079724226498E-16
2826	6.789178082186729E-16
2827	6.727124915178118E-16
2828	6.600640441701161E-16
2829	6.517246465998384E-16
2830	6.475588012438444E-16
2831	6.285796946733999E-16
2832	6.212645262721557E-16
2833	6.11337436846757E-16
2834	6.019208182720118E-16
2835	5.937539298675638E-16
2836	5.810533777283743E-16
2837	5.710514460795735E-16
2838	5.671040153011831E-16
2839	5.632774588662978E-16
2840	5.500351664064574E-16
2841	5.399319277528212E-16
2842	5.338715403368819E-16
2843	5.279509168583706E-16
2844	5.234377904696488E-16
2845	5.159221868690357E-16
2846	5.071527609227707E-16
2847	4.997773644032928E-16
2848	4.95541084511595E-16
2849	4.927648102710731E-16
2850	4.865225302806236E-16
2851	4.775468849271757E-16
2852	4.663912957475796E-16
2853	4.63143009155353E-16
2854	4.50742474589867E-16
2855	4.456633372696949E-16
2856	4.41604196648085E-16
2857	4.355045804266609E-16
2858	4.259067281344944E-16
2859	4.1860324933576186E-16
2860	4.14877054249992E-16
2861	4.128845524113015E-16
2862	4.0728770064917654E-16
2863	4.04082148858817E-16
2864	3.935490967913844E-16
2865	3.866933283371534E-16
2866	3.7974393844586095E-16
2867	3.678398043519399E-16
2868	3.605644556941831E-16
2869	3.5769823225796924E-16
2870	3.4784825762532253E-16
2871	3.4439877411502616E-16
2872	3.4281468447474144E-16
2873	3.3936990165302687E-16
2874	3.3526970173991765E-16
2875	3.296267845795833E-16
2876	3.286545901068469E-16
2877	3.268827817391024E-16
2878	3.227348954685882E-16
2879	3.2052716734031816E-16
2880	3.1728248907236495E-16
2881	3.1255061454033056E-16
2882	3.0834777058066466E-16
2883	3.0553111542660987E-16
2884	3.0112902355526456E-16
2885	2.9445014151686283E-16
2886	2.895739809357356E-16
2887	2.8704061165182347E-16
2888	2.8251253004982605E-16
2889	2.7938184017123994E-16
2890	2.754452740507244E-16
2891	2.7223739433405707E-16
2892	2.687114308808415E-16
2893	2.637470249023807E-16
2894	2.604886837151781E-16
2895	2.594315096706032E-16
2896	2.5665788584435086E-16
2897	2.5106066690449143E-16
2898	2.491344825285957E-16
2899	2.452572546092334E-16
2900	2.4140746309815193E-16
2901	2.389279316631857E-16
2902	2.3653566085377773E-16
2903	2.3113436520997695E-16
2904	2.275888078098808E-16
2905	2.25783615254989E-16
2906	2.2052915772085133E-16
2907	2.1642870449049415E-16
2908	2.1401626462719667E-16
2909	2.1054370411129387E-16
2910	2.0797279365730255E-16
2911	2.0473330888753104E-16
2912	2.0222647276241562E-16
2913	1.995817185421607E-16
2914	1.9613468016273009E-16
2915	1.9213087794558973E-16
2916	1.8900120732487277E-16
2917	1.863480895361035E-16
2918	1.8301488568746462E-16
2919	1.7999243773134125E-16
2920	1.7667961447319789E-16
2921	1.7358534309850345E-16
2922	1.713060345381858E-16
2923	1.7041211348877878E-16
2924	1.6626442471198092E-16
2925	1.639642936228906E-16
2926	1.6262086051167543E-16
2927	1.58197926505129E-16
2928	1.554397535513539E-16
2929	1.5386339829101625E-16
2930	1.5340581214295823E-16
2931	1.5203794897474514E-16
2932	1.501315366519488E-16
2933	1.4920005048391948E-16
2934	1.468380303176131E-16
2935	1.4210633641964646E-16
2936	1.39227544123325E-16
2937	1.3799952900396601E-16
2938	1.355457974640182E-16
2939	1.3411651576695578E-16
2940	1.3229642695777639E-16
2941	1.311956702071614E-16
2942	1.2747663403435462E-16
2943	1.253599095309799E-16
2944	1.2330595504521764E-16
2945	1.2048539021908963E-16
2946	1.1903763770326277E-16
2947	1.1875532092487237E-16
2948	1.1648933309212964E-16
2949	1.149238860541539E-16
2950	1.1452978486251086E-16
2951	1.1286863710463218E-16
2952	1.1020188516561456E-16
2953	1.0911812885392559E-16
2954	1.0828735493203999E-16
2955	1.0694199511987887E-16
2956	1.0583238525938278E-16
2957	1.0454882520774921E-16
2958	1.0408967820637492E-16
2959	1.0290405189330188E-16
2960	1.0202184458138316E-16
2961	1.01201853021004E-16
2962	1.005429793679018E-16
2963	9.867735352874094E-17
2964	9.756459466743197E-17
2965	9.512042851752479E-17
2966	9.427697396913244E-17
2967	9.257791334721018E-17
2968	9.130477361510253E-17
2969	9.048993956694776E-17
2970	8.887541757735915E-17
2971	8.831719604201544E-17
2972	8.790317869857697E-17
2973	8.666654482273431E-17
2974	8.585922216232386E-17
2975	8.396007783824328E-17
2976	8.202942192932061E-17
2977	8.042616166761448E-17
2978	7.898593898958895E-17
2979	7.808482134094759E-17
2980	7.732025286241457E-17
2981	7.544875538538297E-17
2982	7.457833247393526E-17
2983	7.389375126919625E-17
2984	7.324566458147153E-17
2985	7.174483537800505E-17
2986	6.953304087545873E-17
2987	6.884998454631577E-17
2988	6.824562820410426E-17
2989	6.698639630689875E-17
2990	6.667082944051044E-17
2991	6.556204730606435E-17
2992	6.443028437368522E-17
2993	6.308260472184827E-17
2994	6.275754674996913E-17
2995	6.140578431948305E-17
2996	5.998815746833966E-17
2997	5.960323230308988E-17
2998	5.907704327683409E-17
2999	5.839158149150197E-17
3000	5.74255832469289E-17
