1	1.8104702378357336E8
2	1.5711619498698407E8
3	1.384294928287881E8
4	1.27151903498621E8
5	1.1415713617566596E8
6	1.0623839552523918E8
7	9.64190608961135E7
8	8.982225227878428E7
9	8.496740479660685E7
10	7.822115617639507E7
11	7.299721342470486E7
12	6.6573956639402516E7
13	6.351613758323355E7
14	5.949451956905406E7
15	5.650944893338866E7
16	5.197156131275775E7
17	4.63370160292293E7
18	4.387712201675267E7
19	3.944952718607489E7
20	3.825250579395087E7
21	3.720610073595631E7
22	3.578449266196613E7
23	3.318679300434827E7
24	3.1572193892824814E7
25	3.0609351830521226E7
26	2.9068103859583624E7
27	2.702463735918123E7
28	2.5798895543805882E7
29	2.3356360700578477E7
30	2.23135442486058E7
31	2.165138220593812E7
32	2.01064288553245E7
33	1.913110241682465E7
34	1.799005586037312E7
35	1.6366839152349316E7
36	1.5431345852914425E7
37	1.478486644493129E7
38	1.3847169537606744E7
39	1.2549912973766588E7
40	1.1929878061419856E7
41	1.1468964868879981E7
42	1.0630740911561009E7
43	1.029865531138939E7
44	9522733.528412366
45	8905190.405983172
46	7962111.31383449
47	7668931.68458657
48	7029863.839006121
49	6623287.818950372
50	6440323.6070650555
51	6197147.256492602
52	6034836.375197909
53	5886424.863497615
54	5539096.821826964
55	5356590.077138986
56	4982486.982559434
57	4626972.583746533
58	4365386.74807196
59	4208450.275723945
60	3865280.9275533035
61	3731140.3541643564
62	3455369.430608313
63	3242334.578976773
64	3128972.906385397
65	2928581.708699878
66	2845123.045478086
67	2767265.8790104254
68	2697993.7448228756
69	2622577.3542256933
70	2549814.2016306883
71	2243859.301303842
72	2188149.0557857235
73	2146019.7805986637
74	2059739.4152258686
75	1952756.596489142
76	1859229.7006244713
77	1710419.7139760905
78	1649450.409960923
79	1544958.71070695
80	1518250.738247753
81	1458863.6133528368
82	1330581.071266379
83	1261237.1110568813
84	1146157.0557680759
85	1114001.7674973768
86	1070948.3464622123
87	1036123.477452044
88	987567.879436309
89	954657.3880928002
90	890844.5374189455
91	855622.6429018377
92	820042.2641277049
93	796102.801719535
94	778154.7992821742
95	749645.1164238487
96	705339.3605507496
97	629873.2527042241
98	594601.5786621469
99	566422.7492434402
100	527846.0755318829
101	503490.7487566204
102	469716.0459832104
103	449701.3017677749
104	436581.42717497895
105	394857.16631593474
106	388314.30660121085
107	372110.7550385773
108	356149.12215132336
109	331840.2315353669
110	305339.0190430513
111	295325.459750484
112	270567.64318619954
113	265109.3875017973
114	255330.69840115536
115	240376.40900741733
116	229032.6917691373
117	224334.78313259254
118	213765.04400627053
119	205729.89699876125
120	201857.83428881958
121	191688.85327651325
122	183688.25591099515
123	173935.07836140034
124	163697.37598312236
125	156231.03974939132
126	149868.9977166415
127	142639.09937911958
128	139023.68083567562
129	133805.0560869413
130	125298.06450612839
131	119702.98942263468
132	117620.19425459769
133	110056.4627112137
134	107872.8433919714
135	104853.4049014293
136	102511.10000147048
137	95790.52821436942
138	83647.65429443626
139	80650.9822556986
140	76510.23796215629
141	73732.08714327168
142	70412.25459845724
143	67244.15992689984
144	64518.576991802795
145	61777.6230668655
146	59820.50477562858
147	57163.93209434565
148	55907.50591096378
149	53502.76392319579
150	49704.24781669451
151	46196.85922273027
152	44427.871039121754
153	43386.99720542739
154	41235.51620535247
155	39824.4183418382
156	36500.327063357734
157	35504.429387218064
158	34619.8656255661
159	32483.240770413417
160	30924.281602778694
161	29803.78887356588
162	27884.927735525278
163	26708.752078819987
164	25536.99905058794
165	23410.517208987
166	22259.84659469336
167	21720.04488132722
168	21286.66559672406
169	20004.735948494625
170	19639.971992522358
171	18026.460583317334
172	16940.707220158783
173	16625.73146677635
174	15669.89633139525
175	15331.38820890871
176	14758.351166000317
177	13971.520819126057
178	13349.227975112259
179	12904.71167360703
180	12733.560679363754
181	12302.412591584785
182	11814.836476263308
183	11504.898367475174
184	10920.766054743215
185	10765.624548091022
186	10046.940754760137
187	9818.027573318273
188	9296.078507116314
189	8841.591395856138
190	8255.945817398493
191	7862.805022305798
192	7468.4547714816035
193	7354.1036797883535
194	7185.332284670722
195	6680.034649167613
196	6415.928474865102
197	6193.846622865346
198	5993.864057014042
199	5820.761968413017
200	5676.03556199689
201	5269.8784787650675
202	5093.479900444026
203	4867.089755255203
204	4643.722287574038
205	4500.211864940889
206	4366.064080747385
207	4044.9026316475115
208	3936.73858847237
209	3798.748371546336
210	3557.676982790453
211	3363.387624519711
212	3296.193577004401
213	3155.7482443004137
214	3034.5770431001774
215	2948.8733118413
216	2814.0447200376284
217	2641.9132757402617
218	2609.2194624041504
219	2508.974260763064
220	2437.2525818575405
221	2348.135653091305
222	2243.1000371230416
223	2198.66991086692
224	2095.9477432057365
225	2044.4308861075428
226	1957.7034976166292
227	1872.5705593594487
228	1853.2363955619614
229	1775.7450023742692
230	1744.466891611943
231	1701.6734673045605
232	1625.2724935798392
233	1564.4451184143145
234	1539.9805985524092
235	1490.2823974840028
236	1453.0383394953828
237	1437.2941378754615
238	1363.763340243255
239	1319.426977632031
240	1294.1689917428653
241	1264.9213729202968
242	1223.0398222694375
243	1148.9711446518022
244	1123.5380786418116
245	1112.0446284465713
246	1090.2948150707643
247	1058.1642227785605
248	1014.689399042402
249	983.0838138299129
250	974.269948772321
251	954.1357787291022
252	916.8541016743137
253	837.7334162432097
254	807.6633753254556
255	799.2365229370519
256	784.9171040194176
257	749.5400100403517
258	724.0593258104656
259	700.3925533012201
260	688.1212135568896
261	680.0673191587563
262	675.7256844467296
263	664.5631871511258
264	645.7983547802685
265	623.478398693601
266	607.6856034556442
267	596.0319544773009
268	584.7549796524435
269	576.9437426967482
270	566.7137090441023
271	549.5615374478995
272	536.4167205849449
273	521.4621050337605
274	504.39795938113025
275	494.6272553877155
276	488.24227802154763
277	476.43769964866505
278	458.90255020170696
279	446.3807043510872
280	433.90934838401915
281	425.5736886260086
282	413.6438632135583
283	404.83810927721277
284	398.43570296283775
285	390.06724452638616
286	384.6067083083805
287	378.99328691865026
288	369.1426729575207
289	355.5752944908171
290	351.8700542656951
291	335.71930872287015
292	326.8675750044506
293	320.8043549781678
294	317.62391850296433
295	306.6104334868651
296	303.64348181100746
297	298.6304681318052
298	294.3781145767376
299	289.89007427943994
300	282.80103360174036
301	275.1269018209085
302	267.3786516680703
303	262.0391363183155
304	258.5413571882447
305	253.6560693521895
306	252.1267504441732
307	244.6880634072869
308	241.80747340419853
309	237.03736829480178
310	235.05580136123314
311	228.8263910099235
312	226.24072263363016
313	222.4763216542161
314	219.69195996687756
315	212.24160232337863
316	208.3604096420802
317	204.63790347060078
318	199.85178040231284
319	198.062158903716
320	195.31388241466883
321	190.30504538214373
322	181.86001931206403
323	178.1312817070745
324	174.47066692299035
325	172.70584720251887
326	170.054605922121
327	168.31492404950947
328	165.11084326474966
329	159.75221660495947
330	157.75029914792444
331	155.50298683463626
332	149.32261389038848
333	140.68510202625808
334	138.31347366175933
335	133.56566652479086
336	132.45305727253677
337	130.09321430258464
338	128.91069095493802
339	127.55803313164942
340	126.44787826681332
341	123.20029028948483
342	119.52575990360762
343	117.96349706345977
344	117.14552622165509
345	112.18131214519586
346	111.12145629892575
347	109.74145087551496
348	108.60343591943113
349	107.43633861453937
350	104.47806180576723
351	101.8676363777337
352	101.4198553556982
353	99.67201250765714
354	97.18333032148396
355	96.41034897721362
356	95.29230071272289
357	92.93194708742061
358	90.16096609666926
359	89.2737501288415
360	88.37695532797412
361	86.6298847788842
362	85.56232638867898
363	82.9498753317095
364	81.23949436821883
365	80.22176355094727
366	78.49558208438162
367	75.94827902096206
368	75.11760485757986
369	74.46089727031381
370	73.83860973896248
371	72.90589085866019
372	71.87612353844823
373	70.80060176884953
374	70.53344464521541
375	68.77225542414968
376	67.13656831615397
377	66.33705653899712
378	65.86987847955375
379	64.96289921659552
380	64.2385314770403
381	63.35413392833536
382	61.501521230856
383	60.386857846213935
384	59.179728679112046
385	57.70844797708541
386	57.29656775955888
387	56.96635491226228
388	56.680090733408555
389	56.11019479647315
390	54.62010248359273
391	53.542139718238666
392	52.81901321235979
393	51.89346126561995
394	51.653412272230824
395	51.113714728447114
396	50.25701466790476
397	50.05089884551565
398	49.268211818538504
399	48.61889635453671
400	48.487153642679154
401	47.990722342411395
402	47.23576458404234
403	46.811934899381576
404	46.13615776404161
405	45.83212618022727
406	45.03078160743585
407	44.45937277161463
408	44.13867768361045
409	43.95754636444936
410	43.66623763276218
411	43.29339899960012
412	42.83484009143999
413	41.73511844882573
414	41.20055113414564
415	41.148703991879536
416	40.8614929080476
417	40.59469616993203
418	40.41803343346313
419	40.19296616512994
420	39.71954112872218
421	39.122936874763056
422	38.941311041415815
423	38.58906811558618
424	38.4065280774608
425	38.06530713588982
426	37.725330444476455
427	37.35238648275578
428	37.06891046093277
429	36.82902373988263
430	36.60625674631786
431	36.286783131225384
432	36.241729015049174
433	36.08008238567784
434	35.76307697593555
435	35.530554605242436
436	35.323851965631526
437	35.019996429234155
438	34.578963777941446
439	34.54364715576511
440	34.414127432252506
441	34.190293001288886
442	33.96093423696511
443	33.82849712616745
444	33.62809323314463
445	33.41030152600547
446	33.362387016933035
447	33.22226516722372
448	33.07565085551189
449	32.9012536119689
450	32.838548229408204
451	32.806456416562746
452	32.70631937957433
453	32.5623999835578
454	32.51810791941861
455	32.404138472550606
456	32.3667665453627
457	32.18073136794745
458	32.004923999111114
459	31.904291413782257
460	31.760534237871447
461	31.624975498999596
462	31.578268750392454
463	31.36995742062829
464	31.195821294923856
465	31.06156778334776
466	31.044300487232082
467	30.947177804631206
468	30.85126504458738
469	30.745040484199258
470	30.64346863336802
471	30.457419386726734
472	30.413262224986067
473	30.375468048424676
474	30.23111310080564
475	30.17018831898876
476	30.12422625601908
477	30.087728528716973
478	29.972041364278596
479	29.90243976536192
480	29.85924016933391
481	29.741960678774525
482	29.692251308335702
483	29.647991482694383
484	29.620655752547634
485	29.56391256028663
486	29.49184695231154
487	29.370185590731943
488	29.33791430274903
489	29.234272493867582
490	29.208605620840498
491	29.168020022721294
492	28.93085311664488
493	28.864096220331067
494	28.810674012667132
495	28.779406377584408
496	28.699476005370013
497	28.669597973741908
498	28.625642535023392
499	28.566789081290246
500	28.559110473239812
501	28.518012776679917
502	28.474787977625567
503	28.457428292812402
504	28.370696083223784
505	28.332078595828953
506	28.292205008626173
507	28.19290023092802
508	28.15790747409479
509	28.117448718775698
510	28.07137643951982
511	28.02474453944288
512	27.96370488121433
513	27.94663928779179
514	27.942399987917668
515	27.928579259443666
516	27.84032339107951
517	27.812958176135542
518	27.788152610131974
519	27.76887688878314
520	27.73580891473849
521	27.696783491435543
522	27.666754101773304
523	27.576165286052117
524	27.558647875900764
525	27.523230911432027
526	27.497184217428494
527	27.45346990110876
528	27.436900995707585
529	27.397745185106146
530	27.336398032483384
531	27.3062054425031
532	27.299627176554576
533	27.279736728800085
534	27.256748850614194
535	27.236672897575637
536	27.218059212770036
537	27.194198144960033
538	27.174102670726153
539	27.120431236943396
540	27.100012737975057
541	27.073507221357215
542	27.062149311916414
543	27.024465777502655
544	27.016019796587834
545	26.998910722655232
546	26.974834890427452
547	26.95540858439471
548	26.93557450954034
549	26.93211834649764
550	26.9118456500852
551	26.893666577554587
552	26.851476102290917
553	26.827056180264545
554	26.81034838932716
555	26.7915551689804
556	26.748724696840334
557	26.71787087448173
558	26.712101717726032
559	26.695623098637675
560	26.68200140800668
561	26.67278940082453
562	26.648785240964383
563	26.602674601558995
564	26.602341604688174
565	26.582389236511325
566	26.56606819127565
567	26.551215361900912
568	26.549747600668795
569	26.53870280414609
570	26.49800737369085
571	26.47395168519559
572	26.465395322539806
573	26.446006182008546
574	26.4189360286363
575	26.40161078548778
576	26.372374114501024
577	26.365840711042924
578	26.34551564760701
579	26.32257987070734
580	26.296996346470788
581	26.294194803133326
582	26.287328289246968
583	26.261723255916095
584	26.238570037111856
585	26.22620566926373
586	26.215991512337443
587	26.19845886891028
588	26.182483189044532
589	26.160158521081236
590	26.152994087884345
591	26.14772535496697
592	26.14434636232394
593	26.107017935900174
594	26.08310029854222
595	26.06550016627479
596	26.057093904419652
597	26.044868699793582
598	26.03526424920126
599	26.020420224452952
600	26.004814551781053
601	25.99505694028615
602	25.991543925645047
603	25.976031782362707
604	25.959145817121005
605	25.955627985310976
606	25.955042214341326
607	25.913391404855908
608	25.900111448135064
609	25.89559293030036
610	25.893769208237874
611	25.87672547124172
612	25.867436539904453
613	25.858916711436606
614	25.85672616491913
615	25.854904063450256
616	25.834400274409358
617	25.817664275543386
618	25.81571323943518
619	25.81114092227989
620	25.807326052118842
621	25.78394033864715
622	25.762970600960365
623	25.752411528932992
624	25.745412965127926
625	25.737029999336855
626	25.716337761900817
627	25.692334241733533
628	25.691108655140148
629	25.68115615925029
630	25.648570837391993
631	25.634931309718617
632	25.63018257524255
633	25.620529860284933
634	25.614829969381795
635	25.60872057290201
636	25.58347199271068
637	25.574342998324386
638	25.56791071315741
639	25.553716071496755
640	25.55147296295946
641	25.544605416737436
642	25.541071362028624
643	25.535107500401573
644	25.525814320643907
645	25.522250844651506
646	25.51615534112208
647	25.510443607235338
648	25.50912901144715
649	25.493545030637204
650	25.482059964189435
651	25.46405529994856
652	25.457515234783973
653	25.434295561917946
654	25.432759987224618
655	25.427299872710773
656	25.41186902445701
657	25.403726546468864
658	25.396482875668386
659	25.391262971963275
660	25.38720092721031
661	25.38218005549463
662	25.38008306138376
663	25.37150146591608
664	25.36259456955451
665	25.360571855268805
666	25.35718676981969
667	25.35138519732657
668	25.34686140530226
669	25.34646679374613
670	25.32409406405537
671	25.31498421886855
672	25.311127737449436
673	25.29602353236712
674	25.29011274021747
675	25.285271376429048
676	25.283996443291777
677	25.258483953947884
678	25.25402921798593
679	25.222997378588673
680	25.21310787702124
681	25.197561753722507
682	25.18306446466099
683	25.174398584745425
684	25.169516902629343
685	25.164333007102844
686	25.15115567762418
687	25.1438667272165
688	25.143145514460514
689	25.126335177002733
690	25.118302416699677
691	25.10858371643149
692	25.101875509585778
693	25.08307455539224
694	25.06769157502759
695	25.049916684666574
696	25.044080077079492
697	25.035994533607788
698	25.02910224580921
699	25.012088615943757
700	24.994601252781347
701	24.983309573287
702	24.982107670407096
703	24.972163758542834
704	24.97200834541512
705	24.968112125272317
706	24.96751697562824
707	24.953774896031373
708	24.952105482285273
709	24.94604753836341
710	24.945817506720644
711	24.939741130446592
712	24.937255995166883
713	24.935380841509918
714	24.92826467653896
715	24.927553819025547
716	24.92262578027767
717	24.92047820103431
718	24.898207542098284
719	24.897785758641724
720	24.886039539152957
721	24.884370330304318
722	24.88359258225275
723	24.879402641467202
724	24.86002897338964
725	24.85992018241353
726	24.857858203831668
727	24.85509033439811
728	24.84401496182104
729	24.832520962098815
730	24.821644331555863
731	24.820638838391567
732	24.79702912133139
733	24.79587706542318
734	24.794516265100686
735	24.79012485854387
736	24.78859726086885
737	24.77874766901743
738	24.76818085416813
739	24.76262474892901
740	24.74986950633845
741	24.744828814603903
742	24.728092704475284
743	24.70518527462198
744	24.699415527967936
745	24.69375575223905
746	24.687965688117043
747	24.68390307150864
748	24.680300060126832
749	24.672191673267186
750	24.663361439472467
751	24.659942025466126
752	24.65834590008235
753	24.65829585984665
754	24.64816878096796
755	24.643020701540056
756	24.634129547650154
757	24.632828900333344
758	24.617840227647225
759	24.616950057835734
760	24.595595965478186
761	24.58505093331097
762	24.56120091455618
763	24.545810163437586
764	24.538269587584804
765	24.533983139350767
766	24.52321331333593
767	24.515781301431446
768	24.506828756308547
769	24.496678169506698
770	24.495297965014103
771	24.488239223978162
772	24.487645897186674
773	24.48754009152798
774	24.48440295886424
775	24.480364187965208
776	24.46595722290776
777	24.464009466728193
778	24.45416217897756
779	24.453389443088653
780	24.451173352191418
781	24.444611998792514
782	24.43732092366842
783	24.428624831697093
784	24.42757676429337
785	24.421716772984478
786	24.412309222168723
787	24.408428522244698
788	24.393925147678893
789	24.391588283658578
790	24.389456995516138
791	24.376557818359053
792	24.375216024127624
793	24.364188773469753
794	24.3571300154012
795	24.351157397773708
796	24.35045046659002
797	24.346049913948775
798	24.345554608553854
799	24.340808416762748
800	24.329993140893517
801	24.32060128290211
802	24.301856634949026
803	24.279453671155725
804	24.271351020359297
805	24.27099530112518
806	24.26574411624627
807	24.256830401287257
808	24.252224180589632
809	24.251399257052032
810	24.24195764586428
811	24.236596306140267
812	24.234939039769742
813	24.221478446285847
814	24.215794180874855
815	24.21096834145801
816	24.201756100549606
817	24.199221634509797
818	24.188729703913825
819	24.179252249190426
820	24.1566929361292
821	24.153086055966558
822	24.14614101700596
823	24.13382054273496
824	24.124394414310277
825	24.12149449593432
826	24.11738259004381
827	24.114807337338856
828	24.114450341688602
829	24.10509360750704
830	24.100016646881567
831	24.09903147638358
832	24.09888671731121
833	24.094508926740236
834	24.093337112551264
835	24.087214645575347
836	24.077040191923473
837	24.06009325465985
838	24.055100663142643
839	24.049674956025605
840	24.04716256024837
841	24.04265890144926
842	24.039016900361982
843	24.028565015974735
844	24.01432531151484
845	24.00501084153869
846	24.00256931223335
847	24.00004267659371
848	23.977349888925083
849	23.968394508400113
850	23.965143039094816
851	23.95731000340895
852	23.949931259542083
853	23.949755737420052
854	23.94852144209431
855	23.930451474925462
856	23.90461129609436
857	23.900561577938312
858	23.900310083115336
859	23.895307612262968
860	23.87483817525946
861	23.87062755382737
862	23.86735356072052
863	23.863323438033127
864	23.858042318761704
865	23.856818274038968
866	23.85302337013344
867	23.851987749081722
868	23.84438493764146
869	23.83431695075375
870	23.829806055470957
871	23.817697000770213
872	23.814541008213272
873	23.797412373517556
874	23.78818794150442
875	23.775819732990378
876	23.756321749600495
877	23.75027431236374
878	23.749344033990504
879	23.73031079705906
880	23.729436348117222
881	23.729355226961477
882	23.729043537069707
883	23.719013118095745
884	23.710693858788826
885	23.69758979369641
886	23.679041294413388
887	23.67791462389931
888	23.66065949149741
889	23.631387002031637
890	23.621645447657297
891	23.616404702315776
892	23.609316546975545
893	23.603561203100803
894	23.5873522625611
895	23.580984798738665
896	23.57830576243661
897	23.57224345584194
898	23.558977328206332
899	23.55699367854125
900	23.545007245909368
901	23.543100846839366
902	23.534979945907352
903	23.51735606187003
904	23.508958679078578
905	23.5083168656048
906	23.502850292584444
907	23.500660824744454
908	23.488305063058018
909	23.48403654700939
910	23.476713562793712
911	23.46917923731645
912	23.455544421189895
913	23.426085917764276
914	23.41671064318579
915	23.411992486607932
916	23.410569086633735
917	23.394834469528572
918	23.379083566325427
919	23.368983812744847
920	23.354871043857504
921	23.349485748064524
922	23.34734378768373
923	23.34129938714484
924	23.31799159021242
925	23.31730665893612
926	23.312767432344852
927	23.301749521195497
928	23.28876093132949
929	23.285540392882254
930	23.273910022828566
931	23.26346639721643
932	23.2562478272776
933	23.24286538748607
934	23.23863115873937
935	23.220477098134403
936	23.215935522965864
937	23.20907911381371
938	23.1999994945308
939	23.19616934026216
940	23.192313841450176
941	23.191693486632495
942	23.181906742754943
943	23.16755623885554
944	23.147852027129247
945	23.134863998770037
946	23.132086004785283
947	23.108640758363165
948	23.102270830334536
949	23.098723915389535
950	23.080394113463246
951	23.074354263670973
952	23.07413662526892
953	23.068666858685877
954	23.067478103490075
955	23.059382851677025
956	23.048676466142247
957	23.04083018998751
958	23.02300766377607
959	23.01460850334716
960	23.009956514317857
961	23.006102790340854
962	22.99582061614259
963	22.98566220746672
964	22.97603355499549
965	22.961880746795977
966	22.956716378920813
967	22.94930036808105
968	22.944352404209432
969	22.932389457810235
970	22.929746628511964
971	22.91800563330135
972	22.904311223423026
973	22.898173105086794
974	22.889780089059254
975	22.873186603552767
976	22.869746374353497
977	22.8639215197273
978	22.858763744280346
979	22.858556217521148
980	22.85074467909442
981	22.83873330245018
982	22.828362779353167
983	22.822744400228864
984	22.809619005852685
985	22.792515117288097
986	22.779594138186148
987	22.77261777493926
988	22.767133911374135
989	22.753500859756787
990	22.736325287024854
991	22.723155403638266
992	22.71438245187771
993	22.707667806288917
994	22.70338850893459
995	22.697371824392118
996	22.692461188289418
997	22.686495567334358
998	22.683632263604242
999	22.667809618099735
1000	22.663365664398487
1001	22.66188512686251
1002	22.6467718574069
1003	22.64159798470792
1004	22.632522756918906
1005	22.625661693028412
1006	22.616129086069314
1007	22.603797781866433
1008	22.5971123810375
1009	22.590864904772083
1010	22.573448108956292
1011	22.55973437691226
1012	22.54857972792486
1013	22.529415101950246
1014	22.525464335749195
1015	22.50804366033989
1016	22.496556883660922
1017	22.492654322770694
1018	22.491116596958957
1019	22.476507350925072
1020	22.4669385104895
1021	22.45999004761796
1022	22.44931529017877
1023	22.440727590128585
1024	22.4322542128118
1025	22.421883911551184
1026	22.416254079101446
1027	22.400319778317435
1028	22.38559532245888
1029	22.349601446107055
1030	22.336885511666864
1031	22.33373296259817
1032	22.32789321498206
1033	22.318783119746833
1034	22.294814674498426
1035	22.286678441681698
1036	22.271469288754663
1037	22.255205012649796
1038	22.24321992619276
1039	22.211339508568205
1040	22.20136225873332
1041	22.196628367768753
1042	22.170596902985356
1043	22.15151146104846
1044	22.151076153746267
1045	22.138936174540635
1046	22.130986503216647
1047	22.115888415200466
1048	22.109143618477265
1049	22.103156179563292
1050	22.097596309562668
1051	22.091322912074265
1052	22.074172270193507
1053	22.05174273523563
1054	22.039984715082475
1055	22.026802720279434
1056	22.019148739412064
1057	21.999267022675586
1058	21.999223296411834
1059	21.995383259048573
1060	21.990628909975122
1061	21.980826725147995
1062	21.954119100063192
1063	21.943570887747377
1064	21.92722544525408
1065	21.912046237197778
1066	21.906980608375264
1067	21.893711206736473
1068	21.88205757658686
1069	21.874622505698984
1070	21.863898700758924
1071	21.845399462800867
1072	21.831101341499863
1073	21.81080500931144
1074	21.802134230416623
1075	21.79572101440317
1076	21.77615782276955
1077	21.76943629756586
1078	21.759911738515612
1079	21.74207487970795
1080	21.724095724417076
1081	21.710292337198727
1082	21.69040938833128
1083	21.68460419560107
1084	21.655943559647067
1085	21.641070134112
1086	21.62284329764846
1087	21.620058686182638
1088	21.61005362308856
1089	21.587509714261593
1090	21.56958470105157
1091	21.559498071986873
1092	21.554656062798347
1093	21.54940788957658
1094	21.54207058115967
1095	21.538467817318256
1096	21.531049738623256
1097	21.523083206699923
1098	21.51243005924559
1099	21.49040998186437
1100	21.478282054735487
1101	21.474706792071643
1102	21.47115314066639
1103	21.46672758930057
1104	21.463899361819436
1105	21.44157909954551
1106	21.425808867415903
1107	21.423509231367305
1108	21.41657752198097
1109	21.390450438824676
1110	21.38636015256319
1111	21.383538319507625
1112	21.36662115991934
1113	21.355604473116095
1114	21.342565570191383
1115	21.32049773099099
1116	21.30455672084871
1117	21.297274524349625
1118	21.282815687253283
1119	21.276251140820495
1120	21.262230147673414
1121	21.255266536069325
1122	21.238304557066176
1123	21.213567839450775
1124	21.20475362473805
1125	21.1735217469502
1126	21.160905404669066
1127	21.14951574931254
1128	21.1363201816427
1129	21.120406366324485
1130	21.107354221904977
1131	21.096197195595515
1132	21.087261740194098
1133	21.07227473813606
1134	21.055472240263107
1135	21.044487528941424
1136	21.038310659878917
1137	21.029974455007725
1138	21.018956554170796
1139	21.00411167142608
1140	20.987226032860143
1141	20.970831710927122
1142	20.95318093532616
1143	20.944488708201074
1144	20.938882999232632
1145	20.922344642574576
1146	20.904719361484506
1147	20.892126013411065
1148	20.87787633610753
1149	20.850985190519214
1150	20.846169979299322
1151	20.833633013643105
1152	20.815808215831403
1153	20.81200720088543
1154	20.78486245909586
1155	20.771677333500165
1156	20.738879723638654
1157	20.719139268329567
1158	20.706561676913932
1159	20.68646727603594
1160	20.67119185730649
1161	20.663303126117444
1162	20.644399846115206
1163	20.635163108484885
1164	20.620704108201775
1165	20.612314288895938
1166	20.60121300912501
1167	20.58824630950018
1168	20.583510410042543
1169	20.577415782406845
1170	20.562646045466142
1171	20.53598430452544
1172	20.52077356224968
1173	20.51317851945528
1174	20.497975906767316
1175	20.482560833419072
1176	20.4583139906444
1177	20.44890733810528
1178	20.422389813945315
1179	20.4151155339202
1180	20.40745917893762
1181	20.40054705736999
1182	20.38921643463484
1183	20.377827479563088
1184	20.349898040498474
1185	20.328996410807825
1186	20.31492701003794
1187	20.29870288976145
1188	20.288735148017214
1189	20.28048117092752
1190	20.27060092260615
1191	20.26314223669323
1192	20.24595988339001
1193	20.233434697478046
1194	20.215726420697994
1195	20.210077807236832
1196	20.191541616257197
1197	20.179909104410317
1198	20.137344322007873
1199	20.104806946768573
1200	20.08206637893804
1201	20.067834406883755
1202	20.04986626516182
1203	20.02997070239667
1204	20.018761424609885
1205	19.999411692973464
1206	19.98596464746482
1207	19.973029068382
1208	19.93866305827544
1209	19.912638424276587
1210	19.908812213348835
1211	19.888533383058878
1212	19.855377058154566
1213	19.844100133613622
1214	19.82386267983251
1215	19.814836989890615
1216	19.794610751144887
1217	19.776015589835783
1218	19.753517196434363
1219	19.729973914379062
1220	19.690097822422356
1221	19.668874711543484
1222	19.633632773183027
1223	19.6159548075281
1224	19.60426926212144
1225	19.594075459685357
1226	19.565660553998228
1227	19.544031697454724
1228	19.52910688611862
1229	19.509406264056523
1230	19.48130355432655
1231	19.4461069697012
1232	19.421085649626086
1233	19.391399402175907
1234	19.377651185829464
1235	19.357870494541373
1236	19.339748797733293
1237	19.315794808607777
1238	19.30274660982708
1239	19.291010572762772
1240	19.276075160623495
1241	19.2425869014322
1242	19.228881304051402
1243	19.22604287717783
1244	19.215168501214684
1245	19.203859084492514
1246	19.187588476603075
1247	19.175180426457455
1248	19.166521939677335
1249	19.1446411206989
1250	19.121265372259693
1251	19.105314671662335
1252	19.085833779863428
1253	19.069933080912282
1254	19.06312843157273
1255	19.050107769364143
1256	19.023087369454707
1257	19.01351267321434
1258	18.99870543382948
1259	18.976137068912568
1260	18.949890524459303
1261	18.923126424404177
1262	18.90236541002033
1263	18.875457431292606
1264	18.86747415439867
1265	18.84506455526347
1266	18.82601617487258
1267	18.803842257713562
1268	18.780038817729423
1269	18.767971220067594
1270	18.748520710395056
1271	18.723362373502184
1272	18.694923084368167
1273	18.684474529496924
1274	18.67189431227164
1275	18.65815965830548
1276	18.636170230312295
1277	18.61389947046154
1278	18.57951744489905
1279	18.569321988588364
1280	18.55592949649222
1281	18.529887156729135
1282	18.527778010343635
1283	18.49449723840252
1284	18.46098668612833
1285	18.449661044146964
1286	18.43021152354702
1287	18.414689736635864
1288	18.393923012549074
1289	18.378430258273877
1290	18.361033627187116
1291	18.336141497036554
1292	18.30301463025555
1293	18.283021699523893
1294	18.259107137438146
1295	18.232034808060973
1296	18.203945115023018
1297	18.185816246660387
1298	18.157106839772194
1299	18.136628637143076
1300	18.10785844760048
1301	18.091809745024204
1302	18.079738659275847
1303	18.057039275334667
1304	18.030162735663225
1305	18.003910187359672
1306	17.981803057822912
1307	17.957345538159156
1308	17.947856029324164
1309	17.923631134102628
1310	17.90696584386614
1311	17.865653935786458
1312	17.843288467470657
1313	17.810724385604892
1314	17.77507222331498
1315	17.76347683939154
1316	17.747245260585576
1317	17.690985566612767
1318	17.668276413954082
1319	17.641210357664075
1320	17.622277372192546
1321	17.61399188234511
1322	17.58636397354977
1323	17.55226855260112
1324	17.51645652111911
1325	17.49693154368814
1326	17.488589982108923
1327	17.435887901773523
1328	17.40923650326706
1329	17.386845755372892
1330	17.36945413663948
1331	17.334784079425354
1332	17.312128729548135
1333	17.274182720662704
1334	17.242832528465552
1335	17.200738511150902
1336	17.171204903339667
1337	17.14949893975319
1338	17.13601675648733
1339	17.104881172295656
1340	17.083282199104335
1341	17.057520097396115
1342	17.044674880834307
1343	17.015602818690486
1344	16.9693114210173
1345	16.950496509666255
1346	16.926413531716783
1347	16.91708178998373
1348	16.898340624392407
1349	16.876930837166416
1350	16.866517047018625
1351	16.840979402007815
1352	16.817046660648096
1353	16.796949699364063
1354	16.7893526145736
1355	16.77353287021107
1356	16.743413601584624
1357	16.716897228611526
1358	16.685789416080677
1359	16.670863133090567
1360	16.628584815643894
1361	16.593777011704887
1362	16.5710407084829
1363	16.56061726253645
1364	16.53234597986931
1365	16.50263363645309
1366	16.468459747446204
1367	16.45329363940212
1368	16.424886677107526
1369	16.407215004136557
1370	16.377139408117305
1371	16.35356306798484
1372	16.33506724610571
1373	16.31484079382124
1374	16.300419929226607
1375	16.26433755058883
1376	16.244951484032608
1377	16.1884597418037
1378	16.1625818462811
1379	16.132353655640934
1380	16.111247059396614
1381	16.087097870121017
1382	16.075034726264995
1383	16.054911122196277
1384	16.04504587971264
1385	16.024228889116035
1386	16.003083226278413
1387	15.96996377202111
1388	15.950572583758532
1389	15.914772639861432
1390	15.888889526018206
1391	15.87822297768802
1392	15.835396862290377
1393	15.807351390194794
1394	15.779438295167559
1395	15.755397936197946
1396	15.733893230435365
1397	15.700441890176076
1398	15.666237876838876
1399	15.619038085073784
1400	15.591138342196675
1401	15.56709435031829
1402	15.536917801910118
1403	15.532697842763868
1404	15.508666220561134
1405	15.490327694091748
1406	15.472745691241094
1407	15.445882253705104
1408	15.426020061947291
1409	15.398830720419085
1410	15.361052914291143
1411	15.330941152380952
1412	15.31228924624608
1413	15.28831902418071
1414	15.272843108951722
1415	15.254080013050288
1416	15.225989437218338
1417	15.200843105970211
1418	15.159463902389227
1419	15.126178022472429
1420	15.0980565905505
1421	15.079519936411328
1422	15.057591392377766
1423	15.028972693205565
1424	15.000594245119334
1425	14.978983310221889
1426	14.96520652896658
1427	14.919325941844978
1428	14.892603886150509
1429	14.850993063309609
1430	14.82451806869395
1431	14.7746557048665
1432	14.746714902548389
1433	14.725405200451615
1434	14.692836736362166
1435	14.67354957196803
1436	14.658790438622649
1437	14.626943420805706
1438	14.619911337690107
1439	14.602766389119342
1440	14.582839037495885
1441	14.549745703819712
1442	14.51795395061318
1443	14.48473893503595
1444	14.460408007149903
1445	14.427905510755616
1446	14.394239796165637
1447	14.366844580369474
1448	14.339183712580015
1449	14.300159847164888
1450	14.282203233845056
1451	14.262109318990838
1452	14.239362649424894
1453	14.214903003040744
1454	14.194765651417779
1455	14.157336472387897
1456	14.120140549195963
1457	14.070796310064955
1458	14.04566122795967
1459	14.004294467037834
1460	13.979251990285714
1461	13.947072353259651
1462	13.91761051535624
1463	13.895132100765462
1464	13.856634553337582
1465	13.846566501973665
1466	13.832863473893802
1467	13.791414899935278
1468	13.763697206925709
1469	13.743285160676017
1470	13.726030775136332
1471	13.715621487912477
1472	13.699286086738024
1473	13.661548803456002
1474	13.634679824294063
1475	13.601157530193891
1476	13.574507832378806
1477	13.552599011489837
1478	13.52886271415989
1479	13.502065533709459
1480	13.46299882699417
1481	13.415127637260053
1482	13.398137905120135
1483	13.379425636121645
1484	13.33860233925292
1485	13.280603346050974
1486	13.260903613291676
1487	13.23602217306261
1488	13.21394685820407
1489	13.186129255706724
1490	13.164654881802683
1491	13.13802710684852
1492	13.110298299127122
1493	13.073171095665158
1494	13.04063755607355
1495	13.008690034017684
1496	12.991646993141176
1497	12.961849653454339
1498	12.934934794940117
1499	12.906386752874994
1500	12.860858992151394
1501	12.818857255657377
1502	12.794013032115698
1503	12.769908621041155
1504	12.73977698058403
1505	12.718967672354934
1506	12.687607568729133
1507	12.65543948223364
1508	12.626873008245271
1509	12.604611076246268
1510	12.575889711937224
1511	12.54997990388781
1512	12.525255852385675
1513	12.499369040669077
1514	12.471950401854627
1515	12.426157963164885
1516	12.395486647156646
1517	12.373232432182448
1518	12.321989478692254
1519	12.28229708538325
1520	12.241954086170884
1521	12.20800836117252
1522	12.187911957615661
1523	12.155716343091699
1524	12.13022951100526
1525	12.100634051142384
1526	12.063219870688663
1527	12.044266818446046
1528	12.024262434435427
1529	11.996127601342844
1530	11.938098534420739
1531	11.909866046658703
1532	11.875731842582558
1533	11.846492050920657
1534	11.818447531638988
1535	11.783931488257089
1536	11.737134124775606
1537	11.693731370492658
1538	11.670369568914593
1539	11.629390745653428
1540	11.602552372498964
1541	11.57517788357918
1542	11.527502033279228
1543	11.495189395910009
1544	11.483016457338769
1545	11.457135945414137
1546	11.437438106464972
1547	11.40259486853835
1548	11.38056125063047
1549	11.358880664521765
1550	11.335301389042854
1551	11.307219355875025
1552	11.278570022902157
1553	11.257996278184786
1554	11.225389554905531
1555	11.205264673100498
1556	11.184927364844862
1557	11.144222135964831
1558	11.109825955571372
1559	11.08607453205024
1560	11.060584211502752
1561	11.0154605276694
1562	10.984968672768415
1563	10.967879665505528
1564	10.940561299821088
1565	10.901073420061582
1566	10.860554960198067
1567	10.82350803518973
1568	10.769222712214688
1569	10.724298138784967
1570	10.665812464720831
1571	10.620692983245972
1572	10.59503918818007
1573	10.559868018979186
1574	10.540160359839485
1575	10.502674018951943
1576	10.483294625263172
1577	10.442890525955223
1578	10.406726551966113
1579	10.37618241271255
1580	10.337576816377878
1581	10.301537464389105
1582	10.274945794114881
1583	10.256082325672736
1584	10.214599337857198
1585	10.194737616558967
1586	10.157932506385174
1587	10.137258873984177
1588	10.101819544240382
1589	10.058645754545106
1590	10.044172443717645
1591	10.024116360583916
1592	9.98722176398005
1593	9.956994598720902
1594	9.925955441004213
1595	9.879859380479738
1596	9.842805739528297
1597	9.804013033103107
1598	9.776209211638214
1599	9.74465704439024
1600	9.720962648989937
1601	9.705464018168565
1602	9.670137703186656
1603	9.635296473062239
1604	9.598765044616973
1605	9.55998732481737
1606	9.526537564575298
1607	9.48901297653132
1608	9.437552846903255
1609	9.409518979488686
1610	9.378627251249858
1611	9.33432782107246
1612	9.291516565898345
1613	9.26872011763149
1614	9.246039957784934
1615	9.210459275816767
1616	9.198246166501958
1617	9.158439719750646
1618	9.125630658361684
1619	9.077809198773041
1620	9.06798928759201
1621	9.04508987853758
1622	9.008355246518637
1623	8.955197323273785
1624	8.929023078666312
1625	8.895766465673422
1626	8.868972654163901
1627	8.83421417371427
1628	8.792305335884151
1629	8.768141871495535
1630	8.734356123311631
1631	8.710778794577998
1632	8.691836743037594
1633	8.667093852643458
1634	8.633410953145281
1635	8.592336839849935
1636	8.549893239080124
1637	8.525910051946537
1638	8.491621284860901
1639	8.462720757023085
1640	8.429349705824045
1641	8.38965160933992
1642	8.350539701244847
1643	8.311776972360308
1644	8.28784824145424
1645	8.261129439062394
1646	8.232603347610462
1647	8.189968303344461
1648	8.142474141006424
1649	8.100497172838638
1650	8.076458777872
1651	8.044499269138718
1652	8.032720430481225
1653	7.986915383769724
1654	7.969958049308462
1655	7.937807959165795
1656	7.904410304033421
1657	7.869679358768284
1658	7.846704021384882
1659	7.812980718373994
1660	7.7748257504565705
1661	7.7224798985740986
1662	7.6953411162557
1663	7.668152927123388
1664	7.6174002737404765
1665	7.5913253979345905
1666	7.547868441813987
1667	7.51822009389916
1668	7.500566122934564
1669	7.477515523805511
1670	7.463423185760949
1671	7.441184520518926
1672	7.417744872379735
1673	7.404037937322688
1674	7.37434863652246
1675	7.364723854800514
1676	7.344499718393359
1677	7.321565820998643
1678	7.276052937443434
1679	7.245540770076933
1680	7.212779186843102
1681	7.19428662399753
1682	7.176472154373883
1683	7.145191653121363
1684	7.0992336583553515
1685	7.074855482538765
1686	7.041685905348944
1687	7.019201286088324
1688	6.971881527845071
1689	6.944109196064018
1690	6.9199860519803655
1691	6.897093815557567
1692	6.852195704029537
1693	6.82664001443427
1694	6.79940403478289
1695	6.773711136441067
1696	6.742867809624738
1697	6.715252279517612
1698	6.6839850415814706
1699	6.647713818143483
1700	6.612678814296942
1701	6.588454556923579
1702	6.5683499160776755
1703	6.546885440205795
1704	6.505834610511851
1705	6.47503173758243
1706	6.437853894615864
1707	6.411602218837637
1708	6.387772805627418
1709	6.35934119501207
1710	6.306761513237983
1711	6.26445578452562
1712	6.2293628321989765
1713	6.191852854866669
1714	6.158484532217328
1715	6.116564984957647
1716	6.08931240340264
1717	6.04300108215878
1718	6.009870806140071
1719	5.981081869740415
1720	5.950149094933528
1721	5.9208521234935
1722	5.888346286604592
1723	5.852672800151157
1724	5.82840972239897
1725	5.796886953665547
1726	5.76144815203891
1727	5.736734455800316
1728	5.684338217168397
1729	5.658984600221852
1730	5.621382053240399
1731	5.576775622057294
1732	5.553302653994729
1733	5.523294357665983
1734	5.492673666612005
1735	5.469390339108585
1736	5.446175095683424
1737	5.435241490356349
1738	5.415686056792837
1739	5.381316598955967
1740	5.3356707351994
1741	5.285168705418067
1742	5.2462465665265885
1743	5.214250910873406
1744	5.176403928176564
1745	5.13807603620471
1746	5.10996695786078
1747	5.071898797451947
1748	5.012519515739524
1749	4.9899030678550185
1750	4.94496718011523
1751	4.912363934208554
1752	4.851713962144642
1753	4.822539868113898
1754	4.790961702569559
1755	4.753662952775337
1756	4.721780916684042
1757	4.697634124295661
1758	4.661405373376368
1759	4.6420017287874105
1760	4.608394107875093
1761	4.5849357732606535
1762	4.547780161188652
1763	4.531109444976596
1764	4.496921404188944
1765	4.466840089244723
1766	4.447896020084841
1767	4.409801161649863
1768	4.372872764546316
1769	4.334982964123995
1770	4.295257850622487
1771	4.264216426915821
1772	4.250628767569515
1773	4.226395701192432
1774	4.207825607311175
1775	4.195122757426726
1776	4.157431506909194
1777	4.135094146673423
1778	4.101502631638868
1779	4.068890508463441
1780	4.025147725378223
1781	3.9870004282194333
1782	3.959487823700516
1783	3.927610572099463
1784	3.9076941407141326
1785	3.895729857969967
1786	3.861192281615546
1787	3.8121678837198156
1788	3.783115833643392
1789	3.7496379098702044
1790	3.720882103899351
1791	3.6814754332315194
1792	3.669457133209056
1793	3.6264041893295937
1794	3.6063750916101167
1795	3.584755461675862
1796	3.5655711686668203
1797	3.5382539929336327
1798	3.499155643870667
1799	3.4551940383949975
1800	3.426318740526518
1801	3.3813444954820637
1802	3.34705320925675
1803	3.319723342634424
1804	3.291604880361299
1805	3.2505749516414246
1806	3.2202517104243333
1807	3.1992091036216532
1808	3.1767553212130197
1809	3.1472760976388208
1810	3.1134752327213535
1811	3.096131098887734
1812	3.0628160693431297
1813	3.02610469180811
1814	2.9898706233115346
1815	2.960781344589004
1816	2.933528822458189
1817	2.90114523563467
1818	2.8826207898761655
1819	2.8553160113404936
1820	2.8241844466854946
1821	2.8130137940039748
1822	2.7818682272200945
1823	2.76445577851414
1824	2.73559317674225
1825	2.7249306328650733
1826	2.7004767672661685
1827	2.66094393893893
1828	2.6332528828708104
1829	2.6081761615388106
1830	2.5929833030858016
1831	2.5551051172363413
1832	2.535256054329699
1833	2.5198265504429402
1834	2.493434184760795
1835	2.451192396830014
1836	2.423155618221282
1837	2.392245386533043
1838	2.37767317831139
1839	2.3662990510133284
1840	2.3348006928803122
1841	2.30009989000982
1842	2.293357610962296
1843	2.27258234353629
1844	2.2475420060614026
1845	2.2348276123074258
1846	2.228394441006936
1847	2.2119202682259362
1848	2.1944693574854197
1849	2.1788679894072147
1850	2.1613345321154456
1851	2.1345442538258115
1852	2.1220843959680753
1853	2.1021864409798607
1854	2.083372518371285
1855	2.0653864764314855
1856	2.0446062503780493
1857	1.9935255891587547
1858	1.9792787754385783
1859	1.957591983215583
1860	1.9387484812216713
1861	1.90171801776403
1862	1.875244685859103
1863	1.847278413106112
1864	1.8178163610739506
1865	1.797380010982531
1866	1.7721842428727617
1867	1.7517959722879266
1868	1.7330607254575023
1869	1.7025231013478868
1870	1.683005532304484
1871	1.6648614255395144
1872	1.635412521866831
1873	1.6213409110277046
1874	1.6103486793694481
1875	1.5872318451858525
1876	1.5594974134739974
1877	1.5413114779193313
1878	1.5168109173779611
1879	1.4938950253559584
1880	1.4825793640447178
1881	1.471227972545064
1882	1.4630633368801145
1883	1.4500539381991777
1884	1.422312221393239
1885	1.4026309315205543
1886	1.3852477350458727
1887	1.3642572889137603
1888	1.339870983063574
1889	1.3199222967466226
1890	1.3079345421205193
1891	1.3008172832851144
1892	1.282364809487485
1893	1.2502038428616877
1894	1.242060396818793
1895	1.2307068875534728
1896	1.2149296765615516
1897	1.1994712131907304
1898	1.1753991460005007
1899	1.1560079065075537
1900	1.1423934461597427
1901	1.134779127456602
1902	1.1160858728517271
1903	1.1034637066776936
1904	1.0906302732645274
1905	1.0780774749696065
1906	1.0624780378305645
1907	1.0528301139171652
1908	1.033705335591241
1909	1.0104504560676475
1910	0.9896852742053106
1911	0.9755210180445969
1912	0.9551667421854506
1913	0.9295229035990094
1914	0.9117636485499995
1915	0.893293522401853
1916	0.8773768210119093
1917	0.8618614096566266
1918	0.8453471880903346
1919	0.8232687949144376
1920	0.8131771429894418
1921	0.7961136251850844
1922	0.7811290558219138
1923	0.7646708046089419
1924	0.7548112304894374
1925	0.7503588271237699
1926	0.7406638238908999
1927	0.7137943306224244
1928	0.7083469746225052
1929	0.6921030550899284
1930	0.6829861015861316
1931	0.6791710924232492
1932	0.6657013986677782
1933	0.6512033269386404
1934	0.6442079803018996
1935	0.6343526531555345
1936	0.6244787935140431
1937	0.6097583014290604
1938	0.5972086178451362
1939	0.5941174915598658
1940	0.5773856876003083
1941	0.5706718247482429
1942	0.5581310664088723
1943	0.5384814412745682
1944	0.522776473288409
1945	0.5114436990439166
1946	0.49800044906623253
1947	0.4849154695941519
1948	0.4697142585151352
1949	0.46479284062306114
1950	0.45068835960609194
1951	0.4408823551059921
1952	0.4352608918373412
1953	0.42945121882155707
1954	0.4173105804389005
1955	0.41374476415711203
1956	0.40501168661454334
1957	0.40200845616612263
1958	0.3840986863900196
1959	0.37760701021453374
1960	0.3700443968765924
1961	0.3671541633614107
1962	0.34989180895604854
1963	0.34393593394710975
1964	0.33710169744652346
1965	0.32944914967054123
1966	0.3172744061169368
1967	0.3037379202667726
1968	0.2886248223281005
1969	0.28560472754472493
1970	0.2755050258925048
1971	0.268875850848897
1972	0.26514490297662413
1973	0.25487525416966167
1974	0.2544794528177414
1975	0.24839864248819368
1976	0.2445925955785807
1977	0.24313353552871084
1978	0.24167974510019688
1979	0.23541256191707555
1980	0.23357447772442275
1981	0.23136913970016815
1982	0.22956170699156153
1983	0.22760738641772793
1984	0.22009702546372184
1985	0.21533978627996944
1986	0.21319722460873755
1987	0.21012467959404094
1988	0.20949543975718946
1989	0.2082851970638167
1990	0.20492957997422265
1991	0.2032931191097728
1992	0.20074357438323678
1993	0.19792891618668393
1994	0.1944867765964299
1995	0.19313564226831648
1996	0.18857421914463873
1997	0.18755764017666096
1998	0.1834714157847343
1999	0.17879280102367773
2000	0.17624127767892053
2001	0.16924877735069802
2002	0.1671155522983305
2003	0.16446280918066114
2004	0.1603874609218234
2005	0.15558941617760377
2006	0.15050730745920277
2007	0.145227601868332
2008	0.1404365697102342
2009	0.13778128460995673
2010	0.13510729937943997
2011	0.1349878753148605
2012	0.13345025853085
2013	0.12719124529983908
2014	0.12415762678011705
2015	0.1162656272659688
2016	0.11094850138750383
2017	0.10381218559668515
2018	0.10057519703846692
2019	0.10046320371010922
2020	0.10038604971123982
2021	0.09950138467815445
2022	0.09857694566885145
2023	0.09684545127115625
2024	0.09179424690047173
2025	0.08957246898492359
2026	0.08910188441436381
2027	0.08799133520623921
2028	0.08612770874554222
2029	0.08361997003158189
2030	0.0813550321875015
2031	0.07537882469926709
2032	0.07532943486579607
2033	0.07393477189928425
2034	0.07372369428026457
2035	0.06759554259210691
2036	0.06452768815896999
2037	0.06292811402400994
2038	0.06264216926304414
2039	0.06203025711208168
2040	0.06057376068420363
2041	0.05961638600512516
2042	0.05851881120524414
2043	0.05781153164061326
2044	0.05381042274814532
2045	0.05358634226952678
2046	0.05312360125268413
2047	0.05277261727999311
2048	0.04934077295713966
2049	0.04793445429170003
2050	0.04764130973924045
2051	0.04397429102627023
2052	0.04367462205949254
2053	0.04150378911464523
2054	0.039566771574011776
2055	0.038900959238399084
2056	0.03865772061545981
2057	0.037735222846517515
2058	0.03393615895848933
2059	0.033829312426468375
2060	0.029719526270432273
2061	0.029656156983077993
2062	0.0290005422104889
2063	0.027089397758742827
2064	0.02498922709766261
2065	0.024905175691786127
2066	0.02451382944201908
2067	0.024294190623387744
2068	0.02417106488808741
2069	0.02369394719939347
2070	0.02369373248275102
2071	0.023604467885884342
2072	0.02291511868830134
2073	0.02286673614325225
2074	0.021087617370319604
2075	0.02046087151383891
2076	0.019983385463981714
2077	0.019050573018421096
2078	0.017745920576562078
2079	0.017614420297225042
2080	0.016475760116239167
2081	0.01632109111309087
2082	0.016222983676042267
2083	0.01618752081887626
2084	0.016152873255853902
2085	0.01577931824551463
2086	0.01563765935472261
2087	0.015449197082533962
2088	0.015358160492041984
2089	0.01455887526041914
2090	0.013312916966015378
2091	0.013194467021545702
2092	0.012349408846874849
2093	0.012333931270187254
2094	0.012299753026725417
2095	0.012244709166839528
2096	0.01127103579312992
2097	0.011036953853968622
2098	0.010979329376127313
2099	0.010801475079908501
2100	0.010575143818714154
2101	0.010485325567692792
2102	0.008739903042065929
2103	0.008645334620024401
2104	0.008611725038771485
2105	0.008478562635242576
2106	0.007882452526508892
2107	0.007862338294782386
2108	0.007700509648762721
2109	0.007240374833406519
2110	0.0072070618980805004
2111	0.00716865877513996
2112	0.006596372055275868
2113	0.00651814679075246
2114	0.00567858355912986
2115	0.005651400631005665
2116	0.005574519418087187
2117	0.005561232981222129
2118	0.005400399794410996
2119	0.005381265956344026
2120	0.005328166130517622
2121	0.00530130075291663
2122	0.0052452261997866035
2123	0.005013708261198015
2124	0.004973059804218589
2125	0.004910714131584112
2126	0.004801189139984795
2127	0.004445976985858707
2128	0.004422770718689135
2129	0.003738804264861449
2130	0.003728157045209936
2131	0.0036295846312302533
2132	0.0036136537257564915
2133	0.003094203269330838
2134	0.003069862391391199
2135	0.0030418081654509507
2136	0.0029879185705531113
2137	0.002928256700756228
2138	0.0029097269504044536
2139	0.0027784601889003567
2140	0.0027488260423707495
2141	0.002731136779592785
2142	0.002654959101818964
2143	0.0023410363088179854
2144	0.0022923235687581835
2145	0.0022753468243342885
2146	0.0022575458971480686
2147	0.00216260606967336
2148	0.0021378189385659906
2149	0.0021179175197992913
2150	0.0020998223709511174
2151	0.002086540579144626
2152	0.0020643598383818943
2153	0.0020630430416548294
2154	0.0019120046717330111
2155	0.0018583213599091596
2156	0.00185176188979335
2157	0.001831341011414686
2158	0.0018198558693334214
2159	0.0017809135473501867
2160	0.0016522323700128012
2161	0.0016085401761019925
2162	0.0014745473727614477
2163	0.0014409551510938083
2164	0.001439405899731014
2165	0.0014186060490390417
2166	0.0013975441851708085
2167	0.0013556842477838824
2168	0.0013260918698195124
2169	0.0013217926805748344
2170	0.0013100338799760176
2171	0.0012819077262488166
2172	0.0012725080427612677
2173	0.0012528501693244009
2174	0.0012427381230997426
2175	0.0012390204992080058
2176	0.0012230245736107627
2177	0.001169191892324768
2178	0.0011169238293266689
2179	0.0011072542034755966
2180	0.0010580640960217414
2181	0.0010576060872396489
2182	0.0010522113970688471
2183	8.949305786600931E-4
2184	8.848377316293123E-4
2185	8.692027409134675E-4
2186	8.544901731309135E-4
2187	8.169240704549649E-4
2188	7.796334624961678E-4
2189	7.362751821141032E-4
2190	7.303507584062661E-4
2191	7.245588541601677E-4
2192	7.213853477862975E-4
2193	7.033705559682087E-4
2194	6.965067690720955E-4
2195	6.923173038022527E-4
2196	6.728781866649756E-4
2197	6.579971040403014E-4
2198	6.432906165462458E-4
2199	5.68905192726473E-4
2200	5.666420698277571E-4
2201	5.621231990558775E-4
2202	5.608394133465687E-4
2203	5.524663026592173E-4
2204	5.477179503176778E-4
2205	5.421078752358289E-4
2206	5.353326529904733E-4
2207	5.29165048396926E-4
2208	5.2397916538245E-4
2209	4.706755835224852E-4
2210	4.6938920314991726E-4
2211	4.4821029868202073E-4
2212	4.39173952171425E-4
2213	4.3028893397312196E-4
2214	4.2608452313613323E-4
2215	4.2548043938822855E-4
2216	4.240919890921054E-4
2217	4.2100777432318347E-4
2218	4.176266601971114E-4
2219	4.006052800137045E-4
2220	3.946890136020825E-4
2221	3.491383629652052E-4
2222	3.3086937061515366E-4
2223	3.277278918731174E-4
2224	3.215128985540293E-4
2225	2.871705864849868E-4
2226	2.844532022417841E-4
2227	2.8039712192172466E-4
2228	2.791323473011987E-4
2229	2.750011462009313E-4
2230	2.734128419011841E-4
2231	2.7134660839304883E-4
2232	2.6770652319129724E-4
2233	2.6716625383027976E-4
2234	2.649025441175215E-4
2235	2.61220163468819E-4
2236	2.518771294434942E-4
2237	2.412598232438666E-4
2238	2.3961352489901687E-4
2239	2.3891559800902066E-4
2240	2.378083940027108E-4
2241	2.3678571761843258E-4
2242	2.3539004061069168E-4
2243	2.3007326919082826E-4
2244	2.2897734107036629E-4
2245	2.2754243740367438E-4
2246	2.2265021107303873E-4
2247	2.0942767155984177E-4
2248	1.9725412622967966E-4
2249	1.9581431429792844E-4
2250	1.9484155800112118E-4
2251	1.919540214235398E-4
2252	1.8911837166363894E-4
2253	1.876933614430128E-4
2254	1.8686250660779468E-4
2255	1.663438780051627E-4
2256	1.6073650489001071E-4
2257	1.589143866480483E-4
2258	1.5845624020589867E-4
2259	1.579793690819544E-4
2260	1.5638328781663718E-4
2261	1.5291744027187077E-4
2262	1.455984562964455E-4
2263	1.4098092953479323E-4
2264	1.3737850566206597E-4
2265	1.3703877100955847E-4
2266	1.355372119936126E-4
2267	1.3388337766967294E-4
2268	1.3354437780281346E-4
2269	1.3251718705731326E-4
2270	1.2568441827955605E-4
2271	1.107651878505372E-4
2272	1.088599726531309E-4
2273	1.0724805532847727E-4
2274	1.060820330450513E-4
2275	1.0394682912230736E-4
2276	9.913276722360526E-5
2277	9.829493473761797E-5
2278	9.522999027226693E-5
2279	9.40726245903425E-5
2280	9.065771256253946E-5
2281	8.972824768974638E-5
2282	8.954962952319785E-5
2283	8.922567675666958E-5
2284	8.697615651556578E-5
2285	8.656503565333432E-5
2286	8.615162627820078E-5
2287	7.87589998139599E-5
2288	7.792054017359517E-5
2289	7.310527439095573E-5
2290	7.262406712233376E-5
2291	7.20326690760294E-5
2292	7.173708957825461E-5
2293	7.031185344901458E-5
2294	7.016157646565647E-5
2295	6.910513108365436E-5
2296	6.857241461077782E-5
2297	6.823811552099203E-5
2298	6.793339603484686E-5
2299	6.53066649262027E-5
2300	6.480615380850473E-5
2301	6.430875160116432E-5
2302	6.41317818428766E-5
2303	6.364647877106428E-5
2304	6.341567840291628E-5
2305	6.301425573240454E-5
2306	6.207469229517419E-5
2307	5.96812975704496E-5
2308	5.9167218393203916E-5
2309	5.390568393520777E-5
2310	5.347613887151641E-5
2311	5.2861684689178686E-5
2312	5.271516980064012E-5
2313	5.2399667744474986E-5
2314	4.79442229868964E-5
2315	4.753040889904569E-5
2316	4.454496826074814E-5
2317	4.4402408184334605E-5
2318	4.395590259411871E-5
2319	4.2806850369757415E-5
2320	4.204470813180592E-5
2321	4.17889438443439E-5
2322	4.1560700409293384E-5
2323	4.128862288419778E-5
2324	4.0892837447346936E-5
2325	4.069604479685613E-5
2326	4.0149420498439404E-5
2327	3.9929786658779414E-5
2328	3.138311063008871E-5
2329	3.097357580246322E-5
2330	3.0597185397575817E-5
2331	3.023529735778549E-5
2332	2.9579345959913145E-5
2333	2.95009251517539E-5
2334	2.937263733304834E-5
2335	2.9097089179209796E-5
2336	2.886290762034228E-5
2337	2.8582915581093555E-5
2338	2.831318872930574E-5
2339	2.811403225028979E-5
2340	2.6022860169584692E-5
2341	2.5051774684306485E-5
2342	2.47589102129838E-5
2343	2.4301882227816473E-5
2344	2.386196223383196E-5
2345	2.3799379986302267E-5
2346	2.366113779212961E-5
2347	2.3429448860978214E-5
2348	2.2377679776299516E-5
2349	2.232548559182511E-5
2350	2.1202575702948175E-5
2351	2.1123589107893206E-5
2352	2.045972154121501E-5
2353	2.0210844478179884E-5
2354	1.999369946493767E-5
2355	1.996277803759608E-5
2356	1.9871397258190068E-5
2357	1.958754870771141E-5
2358	1.9211112752509497E-5
2359	1.8559218514276338E-5
2360	1.8236079885914283E-5
2361	1.7606935682134425E-5
2362	1.684383040958912E-5
2363	1.6571567333318973E-5
2364	1.649710516231297E-5
2365	1.6370224378156504E-5
2366	1.6082485077520455E-5
2367	1.531244204422984E-5
2368	1.390431509038412E-5
2369	1.3865973173680128E-5
2370	1.3737390407377353E-5
2371	1.3631987201952023E-5
2372	1.353502896585702E-5
2373	1.3285476323979766E-5
2374	1.2963389651046322E-5
2375	1.2913793986097764E-5
2376	1.2571456274705503E-5
2377	1.234547777740111E-5
2378	1.2257503152592339E-5
2379	1.2232421973562765E-5
2380	1.2118545137898618E-5
2381	1.1575293267526015E-5
2382	1.1519569511629278E-5
2383	1.1245098978486956E-5
2384	1.1222014759088232E-5
2385	1.0916699264145197E-5
2386	1.0885813693269754E-5
2387	1.0803869068443986E-5
2388	1.0388380527245357E-5
2389	1.0339535732385073E-5
2390	9.981627752354518E-6
2391	9.929603761021331E-6
2392	9.476791223329338E-6
2393	9.440044861893654E-6
2394	9.365773407954251E-6
2395	9.343597368977325E-6
2396	9.247831411247692E-6
2397	8.362098503129072E-6
2398	8.195965991475863E-6
2399	8.080531258991223E-6
2400	7.911825833891498E-6
2401	7.796221841830905E-6
2402	7.756255405901254E-6
2403	7.370859068197747E-6
2404	7.329207920560337E-6
2405	7.2959950868544736E-6
2406	7.266983029427112E-6
2407	7.1949660010024915E-6
2408	7.146153634320341E-6
2409	7.090584279725674E-6
2410	6.996431494756275E-6
2411	6.4018300802849776E-6
2412	6.325345733704978E-6
2413	6.276703116432028E-6
2414	6.244659118369311E-6
2415	6.214468791218114E-6
2416	5.949598604354295E-6
2417	5.9303190366247976E-6
2418	5.858882638283607E-6
2419	5.72681986090714E-6
2420	5.689496727101123E-6
2421	5.670394966706565E-6
2422	5.610726938742445E-6
2423	5.4528236590441415E-6
2424	5.34020697242016E-6
2425	4.404544204506596E-6
2426	4.366074877514028E-6
2427	4.350268396939822E-6
2428	4.32499983879408E-6
2429	4.270873779214756E-6
2430	4.235610919002706E-6
2431	4.194507625587997E-6
2432	4.121628593888458E-6
2433	4.119607494023749E-6
2434	3.988764437923032E-6
2435	3.968140248628325E-6
2436	3.892310743482728E-6
2437	3.8653068812282635E-6
2438	3.661354155928224E-6
2439	3.4365452279246914E-6
2440	3.4271033481697124E-6
2441	3.390825657528999E-6
2442	3.2321095585854858E-6
2443	3.18675841038035E-6
2444	3.1516375392605587E-6
2445	3.1355952417001092E-6
2446	2.7784602222984784E-6
2447	2.759130606196905E-6
2448	2.726979007116532E-6
2449	2.72593926566868E-6
2450	2.675663873165425E-6
2451	2.6381046526278146E-6
2452	2.6156314020867575E-6
2453	2.4428286453204416E-6
2454	2.4401983435844214E-6
2455	2.367127242845991E-6
2456	2.3598857174360926E-6
2457	2.1485972136625593E-6
2458	2.1310327170874714E-6
2459	2.1252882344029493E-6
2460	2.1152050282919436E-6
2461	2.0544036204313708E-6
2462	2.0275278319463564E-6
2463	2.0096003449064843E-6
2464	1.9508654148356716E-6
2465	1.9118789498989493E-6
2466	1.8098859450479202E-6
2467	1.7980948986679593E-6
2468	1.7543725054674857E-6
2469	1.7485259119432861E-6
2470	1.7286077383206557E-6
2471	1.6718810764611017E-6
2472	1.6175659949400468E-6
2473	1.6038562838654503E-6
2474	1.586297206258922E-6
2475	1.5857594478315669E-6
2476	1.566252660041838E-6
2477	1.520173412785255E-6
2478	1.4415328975456776E-6
2479	1.4377408724362972E-6
2480	1.3673964153008132E-6
2481	1.3549382163857721E-6
2482	1.3430623681062592E-6
2483	1.3296981490180834E-6
2484	1.3283927084653632E-6
2485	1.205154575053138E-6
2486	1.1999257811888748E-6
2487	1.194725233019729E-6
2488	1.179661094261329E-6
2489	1.1763773148917806E-6
2490	1.1728035211708791E-6
2491	1.0801869665656564E-6
2492	1.0196347350200324E-6
2493	9.980739549157193E-7
2494	9.912610726972667E-7
2495	9.84548938939912E-7
2496	9.748025429596888E-7
2497	9.67627365784119E-7
2498	9.62436758422164E-7
2499	9.380262025655233E-7
2500	9.291490691968503E-7
2501	9.255592827866741E-7
2502	9.112256797319538E-7
2503	8.915663576121299E-7
2504	8.856702133472417E-7
2505	8.643643199334801E-7
2506	8.540210357382178E-7
2507	8.385435110587103E-7
2508	8.324267118845168E-7
2509	8.207367150862547E-7
2510	8.069219535362082E-7
2511	8.023235637214934E-7
2512	7.480677559300985E-7
2513	6.741229217671202E-7
2514	6.667411659138294E-7
2515	6.644160072294076E-7
2516	6.306208164385068E-7
2517	6.225546438616603E-7
2518	6.179661561962152E-7
2519	5.683052708556776E-7
2520	5.575359813569272E-7
2521	5.560854456349638E-7
2522	5.472686899505612E-7
2523	5.443949128088205E-7
2524	5.406286442957756E-7
2525	5.372756278004471E-7
2526	5.354030506501719E-7
2527	5.297892444173361E-7
2528	5.102158691915527E-7
2529	4.993452964034049E-7
2530	3.9952978524869845E-7
2531	3.9354184651228043E-7
2532	3.900125200378831E-7
2533	3.85607816568526E-7
2534	3.8419024566190145E-7
2535	3.789291038718996E-7
2536	3.787045877493356E-7
2537	3.769906983971826E-7
2538	3.714895888624959E-7
2539	3.692137326175183E-7
2540	3.5111709039604366E-7
2541	3.441946855704827E-7
2542	3.429931335329161E-7
2543	3.376717185846695E-7
2544	3.2988129061014E-7
2545	3.2764959362824535E-7
2546	3.17800724362606E-7
2547	3.1218376093021885E-7
2548	3.089062608703688E-7
2549	3.0715877249713703E-7
2550	3.025327759663907E-7
2551	2.978705094377961E-7
2552	2.9662942970685463E-7
2553	2.935130699250222E-7
2554	2.9086364308202437E-7
2555	2.7393590117606176E-7
2556	2.6716521867565345E-7
2557	2.6565996191853786E-7
2558	2.6057320081718014E-7
2559	2.5932343109288926E-7
2560	2.514868782702702E-7
2561	2.487644983429124E-7
2562	2.450752171621401E-7
2563	2.247672108523334E-7
2564	2.2399275411103794E-7
2565	2.2323161346156852E-7
2566	2.203658388209336E-7
2567	2.186600639487531E-7
2568	2.1535504247257546E-7
2569	2.1301970623530806E-7
2570	2.0625041120055884E-7
2571	2.01428764663906E-7
2572	1.9906628947486457E-7
2573	1.760490314313754E-7
2574	1.7440465181597602E-7
2575	1.7324277536734171E-7
2576	1.723541010226211E-7
2577	1.710064554913524E-7
2578	1.6340047730822637E-7
2579	1.5898700207072066E-7
2580	1.5332574924018646E-7
2581	1.5183858768433922E-7
2582	1.5165842108924965E-7
2583	1.4913494493730636E-7
2584	1.4759058078065315E-7
2585	1.4627835935455297E-7
2586	1.4224241463195736E-7
2587	1.4076837586051262E-7
2588	1.3867529634011632E-7
2589	1.3708982759743523E-7
2590	1.3362367136659078E-7
2591	1.320109366424032E-7
2592	1.3101145229907622E-7
2593	1.292619816754939E-7
2594	1.273739556636396E-7
2595	1.1798457224357273E-7
2596	1.1686195034560071E-7
2597	1.1354322455703595E-7
2598	1.1114602055875888E-7
2599	1.1085858651392937E-7
2600	1.1016436402244303E-7
2601	1.0916327672029133E-7
2602	9.3514118953535E-8
2603	9.24566400766618E-8
2604	9.181106872101845E-8
2605	9.054538712171012E-8
2606	8.826573450475387E-8
2607	8.765510403529787E-8
2608	8.66805719736949E-8
2609	8.462885668485996E-8
2610	8.380972094004361E-8
2611	8.311655306415336E-8
2612	8.268516883357851E-8
2613	7.806196313369817E-8
2614	7.720881709410716E-8
2615	7.290570996176231E-8
2616	7.276115753163316E-8
2617	7.14805061517442E-8
2618	6.946964820453506E-8
2619	6.374887723145868E-8
2620	6.337765561361205E-8
2621	6.32139388894241E-8
2622	6.235116557805143E-8
2623	5.84440288693421E-8
2624	5.7968264038055375E-8
2625	5.74035145619163E-8
2626	5.609454627951454E-8
2627	5.5275101111620684E-8
2628	5.4391271489277614E-8
2629	5.3734751971437524E-8
2630	5.3424791612949556E-8
2631	5.244383371120831E-8
2632	5.189011457596148E-8
2633	5.18400071701984E-8
2634	5.171062124521972E-8
2635	5.103956153843268E-8
2636	5.064589574489162E-8
2637	4.85855776661295E-8
2638	4.7029975420768275E-8
2639	4.519302201323512E-8
2640	4.464142842519961E-8
2641	4.382332704107334E-8
2642	4.259195551786747E-8
2643	4.258656627548847E-8
2644	4.200085158296823E-8
2645	4.170953092077017E-8
2646	4.1280647060133365E-8
2647	4.112825375209243E-8
2648	3.940345585286252E-8
2649	3.90705118699211E-8
2650	3.802116718786217E-8
2651	3.434671552830002E-8
2652	3.4254257447433113E-8
2653	3.3966502010137736E-8
2654	3.333636512779873E-8
2655	3.161732004407842E-8
2656	3.140910318470518E-8
2657	2.9293242662377155E-8
2658	2.7009628242138297E-8
2659	2.6870449008382922E-8
2660	2.6556814092495248E-8
2661	2.6422519012028417E-8
2662	2.630337982598232E-8
2663	2.599407576734095E-8
2664	2.5721468147865595E-8
2665	2.5559446231914167E-8
2666	2.5537347955422883E-8
2667	2.4953592163910535E-8
2668	2.3853945799123942E-8
2669	2.3788601771228853E-8
2670	2.3655999171433906E-8
2671	2.3576402300073976E-8
2672	2.157145559991164E-8
2673	2.1247011594988052E-8
2674	2.0949641795297717E-8
2675	2.0707454190904998E-8
2676	2.0622485918932065E-8
2677	2.0066857847142884E-8
2678	1.9900981323720016E-8
2679	1.983672224350547E-8
2680	1.9230939078698535E-8
2681	1.5842229954617637E-8
2682	1.5719962761834213E-8
2683	1.5700902345220078E-8
2684	1.5557568525189035E-8
2685	1.5477826343751446E-8
2686	1.5375667386989744E-8
2687	1.5129774444374674E-8
2688	1.4820090134532222E-8
2689	1.4465411283278135E-8
2690	1.4111150308963974E-8
2691	1.4017248026815219E-8
2692	1.384983277881353E-8
2693	1.3082609473140062E-8
2694	1.2947683373761414E-8
2695	1.2655543053982139E-8
2696	1.253093101491484E-8
2697	1.238868100646669E-8
2698	1.2341277281327905E-8
2699	1.2264107005484132E-8
2700	1.2120489303298018E-8
2701	1.1825718913822338E-8
2702	1.166827883718265E-8
2703	1.1565987033778139E-8
2704	1.127998581305586E-8
2705	1.1126190391358323E-8
2706	1.1083124323684159E-8
2707	1.1055095972015747E-8
2708	1.0931748431150795E-8
2709	1.0898868500817074E-8
2710	1.0821641830775689E-8
2711	9.401794831480426E-9
2712	9.354744110187936E-9
2713	9.331595508253655E-9
2714	9.293896760591374E-9
2715	9.287859759255816E-9
2716	9.21660700758312E-9
2717	9.038920985566051E-9
2718	8.878233654188701E-9
2719	8.739647306821347E-9
2720	8.095242918454519E-9
2721	7.953015925908462E-9
2722	7.854260509648297E-9
2723	7.59526568567778E-9
2724	7.543456300831222E-9
2725	7.391290589213645E-9
2726	7.141179524874026E-9
2727	6.916291506916921E-9
2728	6.74778374147016E-9
2729	6.710391429970043E-9
2730	6.684123220647355E-9
2731	6.6141090883351955E-9
2732	6.537344575970963E-9
2733	6.496805279847821E-9
2734	6.45413793961943E-9
2735	6.42492461276724E-9
2736	6.3366198085091775E-9
2737	6.143220237202929E-9
2738	6.0849964491612985E-9
2739	6.075501141396552E-9
2740	5.711967420101387E-9
2741	5.493895985780124E-9
2742	5.316291496330976E-9
2743	5.0520781915051385E-9
2744	4.864961105047887E-9
2745	4.793814105539453E-9
2746	4.7920150137093505E-9
2747	4.501311559452243E-9
2748	4.402417404686252E-9
2749	4.251255654059254E-9
2750	4.1871351327726566E-9
2751	3.5181959830955402E-9
2752	3.4956366852602858E-9
2753	3.411484166228181E-9
2754	3.365810082751851E-9
2755	3.2509207552441824E-9
2756	3.222898584095552E-9
2757	3.168485805693952E-9
2758	3.103190280723358E-9
2759	3.093951102084611E-9
2760	3.0620796674749814E-9
2761	3.031851967750284E-9
2762	3.009373867166709E-9
2763	2.979712574833143E-9
2764	2.9511806983258857E-9
2765	2.9280719799606956E-9
2766	2.8876911975150956E-9
2767	2.4078168763493883E-9
2768	2.401323523288169E-9
2769	2.37213143891426E-9
2770	2.3396300492430356E-9
2771	2.3229388658123253E-9
2772	2.2915695627360242E-9
2773	2.28400885770933E-9
2774	2.282463010498004E-9
2775	2.206971889103817E-9
2776	2.196137243376313E-9
2777	2.1649706173363784E-9
2778	2.122069352440844E-9
2779	2.103593134165233E-9
2780	2.0601909581497535E-9
2781	2.0237440219374394E-9
2782	2.0224758754704103E-9
2783	1.8271770580229416E-9
2784	1.8095054301965983E-9
2785	1.805254071950135E-9
2786	1.7913059269344436E-9
2787	1.7861435527853019E-9
2788	1.7449404374008811E-9
2789	1.739898070115686E-9
2790	1.6817865047321865E-9
2791	1.6630119698939301E-9
2792	1.6578796797540158E-9
2793	1.6418243152892406E-9
2794	1.6332616624694292E-9
2795	1.5616225020317446E-9
2796	1.5527501525932618E-9
2797	1.4768841425552205E-9
2798	1.4622962957104228E-9
2799	1.4391073560927861E-9
2800	1.3595201350285627E-9
2801	1.3345301337059434E-9
2802	1.313844920613868E-9
2803	1.2578283570946114E-9
2804	1.2172729772315434E-9
2805	1.2113618967460086E-9
2806	1.204746648738406E-9
2807	1.189913128170101E-9
2808	1.1766819115593533E-9
2809	1.1620879650417774E-9
2810	1.1460684007868234E-9
2811	1.1024385928413876E-9
2812	9.890774325554965E-10
2813	9.672359624938435E-10
2814	9.565168246622197E-10
2815	9.49305463163052E-10
2816	9.46078694010027E-10
2817	9.310173820157107E-10
2818	9.24340255856873E-10
2819	9.068019854045596E-10
2820	8.884459971996252E-10
2821	8.820557764099709E-10
2822	8.776271210427622E-10
2823	8.762765264618675E-10
2824	7.734071061916899E-10
2825	7.667337194397277E-10
2826	7.392055247526906E-10
2827	7.338929954325474E-10
2828	7.303915316983818E-10
2829	7.249894088195236E-10
2830	7.198027531597478E-10
2831	7.153980864371158E-10
2832	7.087296459035728E-10
2833	7.036784080625173E-10
2834	6.593789824592735E-10
2835	6.480283183069818E-10
2836	6.395301415006708E-10
2837	6.282970027986675E-10
2838	6.162144204217542E-10
2839	6.133758952047694E-10
2840	5.449476528469615E-10
2841	5.417357339960756E-10
2842	5.36639815441332E-10
2843	5.210032456453962E-10
2844	5.153952250260616E-10
2845	4.91054876762408E-10
2846	4.877775016375897E-10
2847	4.708526893166639E-10
2848	4.6192930246041974E-10
2849	4.565767736606159E-10
2850	4.5429810702141177E-10
2851	4.513871870985575E-10
2852	4.490276793075905E-10
2853	4.483801605124004E-10
2854	4.4582544601841456E-10
2855	4.261462980322901E-10
2856	4.2252530788947103E-10
2857	4.135510195221332E-10
2858	4.074536971495811E-10
2859	4.048367340069863E-10
2860	3.8779205898234067E-10
2861	3.810025964960467E-10
2862	3.778319979822486E-10
2863	3.740490614626365E-10
2864	3.6920036390236147E-10
2865	3.658095307440197E-10
2866	3.6064641729624216E-10
2867	3.4907390895628616E-10
2868	3.481650675699762E-10
2869	3.467051617786766E-10
2870	3.4068398913588665E-10
2871	3.359654933980855E-10
2872	3.3297620885283206E-10
2873	3.031900413007532E-10
2874	2.997274711543255E-10
2875	2.953169325992141E-10
2876	2.86121272577439E-10
2877	2.839325460649895E-10
2878	2.7804330852906836E-10
2879	2.766727818375008E-10
2880	2.7587427083823355E-10
2881	2.5992755220144137E-10
2882	2.592645872249688E-10
2883	2.586810505576586E-10
2884	2.4895586841756393E-10
2885	2.4369195953136786E-10
2886	2.4294832519150514E-10
2887	2.384730875145718E-10
2888	2.2534431663828723E-10
2889	2.2492460527892926E-10
2890	2.2391843213754508E-10
2891	2.2289442770173262E-10
2892	2.2103127672576343E-10
2893	2.176501453814799E-10
2894	2.0125187407335762E-10
2895	2.005698196515473E-10
2896	1.917357628633949E-10
2897	1.8846929970556512E-10
2898	1.860597373317289E-10
2899	1.8509124231538219E-10
2900	1.8464898849946348E-10
2901	1.776866460830953E-10
2902	1.756645498002343E-10
2903	1.6626278222907078E-10
2904	1.562101725649563E-10
2905	1.509194561626732E-10
2906	1.4910008227946606E-10
2907	1.483130891368479E-10
2908	1.4284622236121972E-10
2909	1.4156341108733392E-10
2910	1.3666724027421905E-10
2911	1.3601931555332141E-10
2912	1.349538793250697E-10
2913	1.3420389734460642E-10
2914	1.330505456312819E-10
2915	1.3107854452228715E-10
2916	1.2965326352138576E-10
2917	1.2376152630837134E-10
2918	1.2201537942544635E-10
2919	1.215294656018576E-10
2920	1.207529792918299E-10
2921	1.2028810698930952E-10
2922	1.1138028853724468E-10
2923	1.0762908616651648E-10
2924	1.0627416347398317E-10
2925	1.0501123105467513E-10
2926	1.044507955034737E-10
2927	1.031895364328305E-10
2928	1.014998149104269E-10
2929	1.002053759866021E-10
2930	9.90273264738023E-11
2931	9.648605259718924E-11
2932	9.553538558200029E-11
2933	9.518440506706684E-11
2934	9.43953634854732E-11
2935	9.310679802538417E-11
2936	9.216041850623876E-11
2937	9.04042597587106E-11
2938	8.90124447544214E-11
2939	8.55655667972704E-11
2940	8.251986511981923E-11
2941	7.661079029586705E-11
2942	7.541429628162722E-11
2943	7.492964418508888E-11
2944	7.305062157186127E-11
2945	7.273948114965892E-11
2946	7.210770444013451E-11
2947	7.16997267988075E-11
2948	7.147132563544646E-11
2949	7.087714425730033E-11
2950	6.966812377717922E-11
2951	6.881216402931201E-11
2952	6.436467258739032E-11
2953	6.327219948555074E-11
2954	6.276695867966572E-11
2955	6.205362684225288E-11
2956	6.07267343546355E-11
2957	5.324434222476443E-11
2958	5.303295554817564E-11
2959	5.1965633524497644E-11
2960	5.1421950322047355E-11
2961	5.082340058068367E-11
2962	5.056771606567121E-11
2963	5.0390616664151676E-11
2964	5.0207440597089355E-11
2965	4.2201265926715657E-11
2966	3.9975071705314366E-11
2967	3.9867595739855376E-11
2968	3.9706751061431314E-11
2969	3.8356746620418423E-11
2970	3.8129167336953644E-11
2971	3.7003497174700556E-11
2972	3.6258629274584604E-11
2973	3.611749792255275E-11
2974	3.572497183615847E-11
2975	3.538099907136515E-11
2976	3.494081658559389E-11
2977	3.3109089751862516E-11
2978	3.278903649689121E-11
2979	3.2218827280690675E-11
2980	3.097556600382457E-11
2981	2.8460037852738167E-11
2982	2.8305124021665214E-11
2983	2.8145466832589415E-11
2984	2.8031789233127758E-11
2985	2.7699333365807942E-11
2986	2.728150991116939E-11
2987	2.7242255966303303E-11
2988	2.7140869503384685E-11
2989	2.700045643240714E-11
2990	2.6776550420034288E-11
2991	2.626760736249149E-11
2992	2.5921082383988566E-11
2993	2.318967317212621E-11
2994	2.2803346786191303E-11
2995	2.2668291427549402E-11
2996	2.23523329262126E-11
2997	2.191706629519389E-11
2998	2.1739299279894984E-11
2999	2.167746390489652E-11
3000	2.0918876076440443E-11
