1	402.760032768264
2	391.95590068755774
3	380.46615480159136
4	372.4442782665603
5	364.32201984924546
6	354.5429671578166
7	347.59294694296307
8	340.904670462321
9	334.31792746784305
10	329.8124483955847
11	321.19955944896293
12	317.4193189607404
13	313.25805388861943
14	307.45847729996143
15	303.60269726080827
16	300.9103586241532
17	298.7464555121336
18	294.9521718467039
19	292.1894487916497
20	290.3655243449612
21	286.84769909815327
22	284.41362094081603
23	282.33784796235153
24	279.83626450122216
25	277.3782571735643
26	275.6916012363312
27	273.5336903537137
28	270.67047371255944
29	267.4998671487093
30	265.4502256169281
31	263.8519967598232
32	259.91251890561733
33	259.3336381156427
34	255.20602667111228
35	252.70434664979467
36	251.10305837761416
37	248.6391719708128
38	245.49463075646398
39	243.75347272223908
40	240.91137721390822
41	237.91601506740935
42	237.52973018151656
43	236.70841728098483
44	235.8613852123712
45	233.27796923905768
46	232.33691505924838
47	231.6836998789289
48	230.3063853725513
49	229.22071545909128
50	228.57978436408135
51	226.5828515900825
52	224.871214588372
53	221.38627993239473
54	218.77855064228677
55	216.11597581329258
56	215.51325311299186
57	214.5137822219853
58	213.6265300849607
59	213.11004004922793
60	211.25451229227116
61	208.96669436000477
62	207.27867073010609
63	207.25052793121841
64	205.6063936360267
65	204.60243146689018
66	204.30259567593728
67	203.09198112027218
68	201.5906102007365
69	201.08142497413078
70	200.66221450029963
71	199.77374837592774
72	198.32996324833542
73	197.81103433562782
74	197.1192925014696
75	196.3314421857541
76	194.61310918102438
77	193.06662298318614
78	190.8530133246614
79	188.63925852843494
80	187.90101695209168
81	185.88299471617685
82	185.17988307059088
83	184.3465190386309
84	184.13322343902902
85	182.84970001148923
86	182.74995024643283
87	181.8591391435816
88	181.82607699042003
89	181.06478734101066
90	180.53711656243982
91	178.96627678134138
92	178.65393648334128
93	177.625483304367
94	176.5287601850691
95	176.19998297077774
96	175.44582078340116
97	175.0823779559809
98	174.60871030574012
99	173.7265020940741
100	172.8823607318758
101	172.35893925854057
102	171.55389663436736
103	171.07249417381473
104	170.06004233526775
105	169.20826663585638
106	168.99099540687072
107	168.40641067011092
108	168.24557492489916
109	167.77485268184213
110	167.2826391282193
111	167.17449811734983
112	166.82297394731893
113	166.05408287921423
114	165.35865811892717
115	165.09828582025472
116	165.09828582025472
117	163.83137591659656
118	162.83185843782454
119	162.59784138774964
120	161.87234146138732
121	161.3602624826128
122	160.97354606544843
123	160.7781776012022
124	160.19445067519658
125	158.80305466760407
126	157.46070151955735
127	156.41670981161158
128	155.80792127897968
129	155.52053373120629
130	155.42490263493843
131	155.34026286158416
132	155.34026286158416
133	155.34026286158416
134	154.93591529451325
135	154.18160323816448
136	154.09560776518506
137	154.09560776518506
138	153.9755120615022
139	153.4271309030164
140	152.76643167182172
141	151.55649585200217
142	151.1365463601542
143	150.41795452670837
144	150.41795452670837
145	150.08867429297558
146	149.7513538530942
147	149.07762400375324
148	148.9937030277974
149	148.86355641063656
150	148.86355641063656
151	148.28414331199824
152	147.73294918551773
153	147.34092900582797
154	147.136913196814
155	146.04637393329688
156	144.87698933359528
157	144.5932465155411
158	143.9845447993071
159	143.1552993792164
160	141.77886881751866
161	141.42928505655712
162	141.42928505655712
163	140.96166259731243
164	140.96166259731243
165	139.94245292326758
166	139.94245292326758
167	139.7557346253066
168	138.8860659512068
169	137.95208221775638
170	137.89907737236345
171	137.65506110061924
172	136.8184690061575
173	136.24519965022188
174	135.13075792947302
175	134.63908682037035
176	133.82476400481602
177	133.48975947289895
178	133.0116203758932
179	132.488110330136
180	132.08432445424478
181	132.03492196320065
182	131.5980700151192
183	130.54953109710033
184	130.54953109710033
185	130.54953109710033
186	130.16164888838205
187	129.82873923463703
188	129.5739903845755
189	129.14973009327676
190	128.8171629591537
191	128.49938451047464
192	128.21461252118206
193	127.83680546362469
194	126.99065102403775
195	126.76390882217059
196	126.74726298181707
197	126.56051094781384
198	126.06746741365957
199	125.9104863508317
200	125.37516703407802
201	125.37516703407802
202	125.37516703407802
203	124.83495289451217
204	124.48826212377034
205	123.65303072610314
206	123.54937689158508
207	123.1189163267415
208	123.1189163267415
209	122.63882717794482
210	122.06266536460093
211	121.26771206980759
212	121.04891929197328
213	120.86666298795313
214	120.79660142078565
215	120.79660142078565
216	120.58961466022362
217	120.10477479366253
218	119.96504171886855
219	119.38322518878137
220	119.06166806663023
221	118.93039131589151
222	118.5911442523231
223	118.26566471172792
224	118.22152576464218
225	117.44332400638444
226	117.42152935586414
227	117.23494934484883
228	117.0354140687033
229	116.91810348586738
230	116.7007373706567
231	116.54591238567545
232	116.46960362653823
233	115.91744593496036
234	115.91744593496036
235	115.6983399668717
236	115.68596901583939
237	115.33498275052655
238	115.14983342443517
239	114.63403811793093
240	114.62841290200653
241	113.53131373653096
242	113.24167877708422
243	112.99441971350232
244	112.93975413847608
245	112.80516369936075
246	112.34804093927042
247	111.97268093775365
248	111.36479709481256
249	111.36479709481256
250	111.00049644249226
251	110.72876169232248
252	110.57896546037597
253	110.53149423567567
254	110.52518032278422
255	109.32030267978202
256	109.26292082556667
257	108.94459436797351
258	108.20843018139227
259	108.03470367206975
260	108.02021626830815
261	107.63638124184936
262	107.57392573762871
263	107.29367556166825
264	107.28312968341682
265	107.10371725304574
266	106.92493861104167
267	106.5854821858617
268	106.17803026209268
269	105.67892121612131
270	105.30793250650525
271	105.2611190365333
272	105.25761517173147
273	105.16357343864114
274	105.01876183114724
275	105.01876183114724
276	104.91443965387809
277	104.25425421911879
278	103.40745142187669
279	103.27525527675432
280	103.24864361847986
281	103.24300439462026
282	103.14593327829587
283	103.14593327829587
284	102.71193453429649
285	102.24006573302229
286	101.83699696247825
287	101.82582163301355
288	101.7670906260769
289	101.7670906260769
290	101.50904750786547
291	101.34562823180939
292	101.34562823180939
293	101.13880619198594
294	100.78915112071851
295	100.32851657687907
296	100.17154397162423
297	100.15407819067998
298	100.0713058032239
299	99.88778370821855
300	99.87594083428677
301	99.74268694299438
302	99.27292171995923
303	99.16394059855818
304	98.91553354178617
305	98.56186580715043
306	98.49860663023398
307	98.16502928870084
308	98.16226234760664
309	98.02482429461196
310	97.93659010658789
311	97.93659010658789
312	97.93659010658789
313	97.90654474983643
314	97.88658007157606
315	97.88658007157606
316	97.70685086262523
317	97.70685086262523
318	97.70685086262523
319	97.63723388585899
320	97.36990651486417
321	97.23718003418516
322	97.07389447192706
323	96.91781416888195
324	96.74840020541492
325	96.69480630273644
326	96.61232890375611
327	96.35654569446228
328	95.92028611537738
329	95.87365026756274
330	95.62922751255302
331	95.55076828316352
332	95.20237975099312
333	95.09212293469044
334	95.04415302091257
335	95.04415302091257
336	95.04000919880735
337	95.04000919880735
338	94.97965353762957
339	94.83383396777546
340	94.31301045537104
341	94.03577507681057
342	93.73139735031499
343	93.48180703923587
344	93.34511102149945
345	93.23537756203261
346	93.23537756203261
347	92.9868693787328
348	92.84679687288738
349	92.84679687288738
350	92.84679687288738
351	92.7825966395055
352	92.7825966395055
353	92.40579120265096
354	92.08199042883093
355	92.04890350590775
356	92.00191742034934
357	92.00191742034934
358	91.97067748572519
359	91.88737874306788
360	91.81910933544552
361	91.54972054006775
362	91.18398285023024
363	91.04666496016418
364	90.74965379630252
365	90.74965379630252
366	90.40539543108379
367	90.21898424461209
368	89.94201406594372
369	89.89446130471693
370	89.62602121921631
371	89.28724926764063
372	88.65351355003827
373	88.40305930768703
374	88.08151978003406
375	88.03472789545167
376	87.7285833518149
377	87.58105522065313
378	87.23811925035415
379	86.82004351319179
380	86.76543340575179
381	86.4558331988234
382	86.18783413305648
383	86.18783413305648
384	85.75727560192203
385	85.39657426593726
386	85.35607695113946
387	85.0456704249149
388	84.96198852894886
389	84.79801535627305
390	84.78940776873267
391	84.78884441048264
392	84.78884441048264
393	84.65015389753525
394	84.45666178497073
395	83.85133535475046
396	83.820553118251
397	83.51562187128248
398	83.4938312751007
399	83.40878060599275
400	83.16760653717701
401	83.03834443250346
402	82.98775621912563
403	82.62466789363005
404	81.67474595778408
405	81.66889694257135
406	81.62507313594902
407	81.62189430451348
408	81.11707259640833
409	81.00740688687797
410	80.79183277620811
411	80.58177704048101
412	80.41195912174778
413	80.26302583767597
414	80.00197693008136
415	79.74658758941297
416	79.55755024224473
417	79.3776123083891
418	79.36846248792577
419	79.15884327249988
420	78.81415447673811
421	78.71000551870992
422	78.10051905294185
423	78.10051905294185
424	77.86644880556904
425	77.815065727053
426	77.69742611530582
427	77.38184159792327
428	77.37397639354386
429	77.05664208786003
430	77.02084676497277
431	76.92758819791466
432	76.92758819791466
433	76.92758819791466
434	76.92657970196466
435	76.53883822049731
436	76.42969787166035
437	76.31094579092941
438	75.96361266410132
439	75.94429056304377
440	75.79311300294209
441	75.75279860592603
442	75.73131128540922
443	75.48595658071334
444	75.44227308628129
445	75.38686648168363
446	75.23070108603513
447	74.87635399358513
448	74.63403867881915
449	74.56127026403519
450	74.53622866379098
451	74.53622866379098
452	73.96945742939667
453	73.9247961071513
454	73.86830595905234
455	73.43443277729035
456	73.3975342767322
457	73.12798477540888
458	73.1263096356102
459	73.1263096356102
460	73.1263096356102
461	73.12557952209615
462	73.01436214644386
463	72.99584394706616
464	72.9683838378403
465	72.96432856724414
466	72.95835176081292
467	72.92255009457232
468	72.52891961231032
469	72.20859438623195
470	72.09515795451263
471	71.91707464358073
472	71.47956169927559
473	71.23635281895048
474	70.95750390142618
475	70.74992902048825
476	70.52020224461668
477	70.4120214853354
478	70.33059340731342
479	70.33059340731342
480	70.2457853806476
481	70.23819306035469
482	69.91625220337757
483	69.83928890760785
484	69.57693830251166
485	69.48434454568903
486	69.48411664219238
487	69.43482858801138
488	69.38740201627601
489	69.30796950149809
490	69.3061828216552
491	69.3061828216552
492	69.12006795019785
493	69.11430013245852
494	68.8085236059096
495	68.8084509514787
496	68.66345386872517
497	68.39409587413265
498	68.22741291361505
499	68.22741291361505
500	68.09021474232658
501	67.81256216000173
502	67.81256216000173
503	67.78021999044945
504	67.78021999044945
505	67.78021999044945
506	67.66885224241464
507	67.11027187607613
508	66.85933032970543
509	66.85933032970543
510	66.85282031728484
511	66.80464333487414
512	66.41403896277045
513	66.41403896277045
514	66.41403896277045
515	66.34492501155543
516	66.11292211726109
517	66.11221747827702
518	66.08894422657383
519	66.02096412331059
520	66.00026970921803
521	65.93904732081616
522	65.89028605298236
523	65.70083775384852
524	65.64658893922754
525	65.54932180236185
526	65.46670187051716
527	65.14164190015961
528	65.00044791631585
529	64.84594793075773
530	64.73142701124704
531	64.53522749345095
532	64.39356813451938
533	64.22977332927067
534	64.12046907724506
535	64.02162974729855
536	64.02162974729855
537	63.87642715664327
538	63.60107764275674
539	63.60107764275674
540	63.547335143559444
541	63.24737284255581
542	63.24249157894137
543	63.08294382254321
544	63.06415347227406
545	62.913361051537045
546	62.30476180927237
547	62.3020971369983
548	62.067399643498035
549	61.968137389409954
550	61.91930213574025
551	61.67591470624466
552	61.65219273727991
553	61.57233436983177
554	61.40099481047506
555	61.207713423118534
556	61.03904501528229
557	61.03904501528229
558	60.81870362730656
559	60.757248522915276
560	60.7270906440649
561	60.61503094943055
562	60.60426354709469
563	60.60426354709469
564	60.44305271182923
565	60.10138241347178
566	59.936249362151194
567	59.936249362151194
568	59.80583050109087
569	59.78418784324487
570	59.70810686754814
571	59.63955104865954
572	59.63955104865954
573	59.5378095540922
574	59.47317118114597
575	59.13614104870207
576	58.85637507084921
577	58.57990842511
578	58.52012409615794
579	58.50146495207968
580	58.466748297404266
581	58.43156215909872
582	58.4230289630824
583	58.42163488147167
584	58.33606177645753
585	58.12142165998041
586	58.10898594919027
587	57.818246702858595
588	57.77679844713601
589	57.739846651063985
590	57.736576131053
591	57.73647030356651
592	57.5760264308034
593	57.57435895096058
594	57.374505591833234
595	57.133524358588794
596	57.133524358588794
597	57.10928101084809
598	56.823584835141574
599	56.73201256564503
600	56.7296288305301
601	56.62288738705688
602	56.62288738705688
603	56.6098269476029
604	56.52239512150533
605	56.42789930343806
606	56.42789930343806
607	56.42789930343806
608	56.263591500050694
609	56.177765477678356
610	55.96482810793396
611	55.96482810793396
612	55.92660954505319
613	55.9197424492878
614	55.59579742324698
615	55.59579742324698
616	55.36662530908237
617	55.27684168551193
618	55.19542267269515
619	55.18945798135645
620	55.12021768829863
621	54.90239008360307
622	54.87203858621621
623	54.86971016755635
624	54.71325269658181
625	54.62223967094365
626	54.46442533358843
627	54.45716717736108
628	54.242886632397195
629	54.040731019971915
630	54.040731019971915
631	53.99427927092061
632	53.99427927092061
633	53.99427549400191
634	53.85776350817057
635	53.85445166851171
636	53.75001127864263
637	53.74865947722778
638	53.74485020300514
639	53.453934369013155
640	53.42888569438069
641	53.278011120401025
642	53.278011120401025
643	53.08986569630915
644	52.988313854899594
645	52.77641897116916
646	52.74405814140784
647	52.5251288961853
648	52.511443010825694
649	52.510503522200196
650	52.30490954715705
651	52.12712280818655
652	52.06173979885388
653	51.93962061124265
654	51.86442401192697
655	51.8065360492978
656	51.64027421218187
657	51.621548826516914
658	51.54393013859053
659	51.41664348747099
660	51.249250510676454
661	51.10827872607037
662	51.060927838318364
663	51.016782756281174
664	50.946343970691004
665	50.901196998314695
666	50.848708512239845
667	50.79652811119688
668	50.7919188356445
669	50.74312718816983
670	50.650498794172314
671	50.50752065721659
672	50.38024644245063
673	50.139243201313434
674	50.12206244045867
675	50.11819468291661
676	50.03373938049726
677	50.00243087061346
678	49.926052316465544
679	49.79953715529609
680	49.757269610613776
681	49.722958264789625
682	49.5136893912878
683	49.282128546735876
684	49.019257408860746
685	48.98381092349527
686	48.97521440594104
687	48.91691591946844
688	48.90563092458638
689	48.78702906392685
690	48.78588176286623
691	48.76417578099956
692	48.67014656119859
693	48.6391182570378
694	48.27449308565326
695	48.18863412038926
696	48.18863412038926
697	48.145333333014996
698	48.145333333014996
699	48.02683535983013
700	47.81735017119275
701	47.81727436689316
702	47.81727436689316
703	47.801810573138376
704	47.71735200904157
705	47.45813757551231
706	47.2845052954626
707	47.19238017810613
708	46.988500308703195
709	46.988500308703195
710	46.85485782831279
711	46.8500880800204
712	46.74546168631139
713	46.66768522270847
714	46.57310654602555
715	46.41455068062662
716	46.102478353118734
717	46.00956190971611
718	46.00956190971611
719	45.932368007760466
720	45.83509383161118
721	45.8350666474207
722	45.723972753561064
723	45.6652726427809
724	45.52858084046568
725	45.44652127981063
726	45.401239998049434
727	45.332107341092645
728	45.131885024818125
729	44.89416481835272
730	44.766301636896195
731	44.73183830712883
732	44.679454624341915
733	44.66147841727527
734	44.661377502331355
735	44.580967439315
736	44.580961301813346
737	44.421672349382995
738	44.38419573389933
739	44.269053029157476
740	44.261533188749546
741	44.261245077333726
742	44.11360168798132
743	44.0024723685866
744	43.964938107975755
745	43.964938107975755
746	43.854265908803185
747	43.624479324359726
748	43.40839684455914
749	43.30224713901839
750	43.3010412344977
751	43.27104811058132
752	43.128642556934054
753	43.11914987194953
754	43.1037795155116
755	42.925413596020675
756	42.76043507701935
757	42.68604495161962
758	42.59050997248586
759	42.5704391769447
760	42.46177569813423
761	42.43263694402645
762	42.387987999343174
763	42.30524680283047
764	42.229770870018065
765	42.101282502153886
766	42.093787025026536
767	41.95395807495547
768	41.95395807495547
769	41.903665495972675
770	41.903637923021
771	41.87667925628143
772	41.815899815194875
773	41.71593423717031
774	41.68910659592504
775	41.68910659592504
776	41.58844472559428
777	41.43031256445098
778	41.43031256445098
779	41.35519197725203
780	41.14940224554108
781	41.12730582405125
782	41.042547191592824
783	41.00775110103887
784	40.91068051577755
785	40.910643779684726
786	40.89758904490693
787	40.88156487215783
788	40.87696061195632
789	40.69679013965474
790	40.58456185461308
791	40.58039507773006
792	40.53019570524633
793	40.36041755610314
794	40.360373079605054
795	40.2936547300285
796	40.272932457443495
797	40.272869104684666
798	40.23304688004906
799	40.15899392943031
800	40.15899392943031
801	40.12323621447901
802	40.096653157540096
803	39.89018551368792
804	39.84042394763389
805	39.83846453130481
806	39.7280489817737
807	39.727467621690714
808	39.62222087307868
809	39.62222087307868
810	39.608858983245355
811	39.55420037354656
812	39.534995267186666
813	39.46778507751924
814	39.42731691322216
815	39.38994767859865
816	39.36917806551496
817	39.344870652313155
818	39.10464721711506
819	39.03864798337492
820	38.91620916456063
821	38.914645025365346
822	38.899921719364166
823	38.86132715687507
824	38.650081625160304
825	38.38281264635157
826	38.35911140453597
827	38.12400330599688
828	38.07320838579203
829	38.07050950027599
830	38.06676029203721
831	37.90801322638689
832	37.879597616261215
833	37.8668976762997
834	37.75408843089248
835	37.75384020847296
836	37.74486874635055
837	37.74120581843415
838	37.549076024344494
839	37.528758254051354
840	37.391253116602456
841	37.29169028900696
842	37.28654254224475
843	37.071664461442204
844	36.99741125873632
845	36.95483456566134
846	36.89877173061877
847	36.84261223695183
848	36.70338211411162
849	36.70338211411162
850	36.67099315167043
851	36.66158325404805
852	36.65876140369167
853	36.65868360596413
854	36.58624969430441
855	36.53439301805171
856	36.53439301805171
857	36.53431836496516
858	36.31198419389863
859	36.20046205141547
860	36.1976243120292
861	36.16291925355066
862	36.08275592135783
863	36.058460754342455
864	35.84899408188144
865	35.84896086640622
866	35.84895418417837
867	35.846037272482086
868	35.52240720160107
869	35.49279707443701
870	35.22280061167877
871	35.20020568400336
872	34.82788263057701
873	34.80805086856835
874	34.80805086856835
875	34.80804453102113
876	34.795957111938414
877	34.76416624807469
878	34.73699985559477
879	34.62906487089851
880	34.57988982031684
881	34.553887992392575
882	34.55298922920914
883	34.53944920599099
884	34.372969485067834
885	34.372969485067834
886	34.25661613250237
887	34.25207292826605
888	34.060072494098954
889	34.05045092399516
890	34.05045092399516
891	34.014537677608445
892	34.0094429554776
893	33.97228088379885
894	33.97228088379885
895	33.951258451898035
896	33.95125169640493
897	33.87935948656514
898	33.77677244360391
899	33.75643477626001
900	33.5632212333173
901	33.512700392422204
902	33.33898173993463
903	33.28628134422036
904	33.213620334004034
905	33.21361171542834
906	33.21361171542834
907	33.20756041638855
908	33.12120599595602
909	33.04817370722905
910	32.94407954075617
911	32.873132795619426
912	32.871948517257174
913	32.84627858270707
914	32.84627858270707
915	32.76923392583629
916	32.669106301319026
917	32.66475594930577
918	32.66475594930577
919	32.63847806971078
920	32.623128066672635
921	32.5303330869725
922	32.42316427377945
923	32.42316427377945
924	32.33910164301035
925	32.33304860530237
926	32.30659946318315
927	32.26526303903737
928	32.23712619631214
929	32.21792626418015
930	32.200105634226574
931	32.10276385779128
932	31.740322748051085
933	31.570302081136838
934	31.532861897971653
935	31.482118743312462
936	31.482118743312462
937	31.203658248238515
938	31.203658248238515
939	31.09253433980574
940	31.078109892327234
941	30.944179986459353
942	30.861821456214972
943	30.827214871661536
944	30.78578149964484
945	30.783940811628113
946	30.699279858722893
947	30.69227423522556
948	30.692270430477425
949	30.6414562056481
950	30.641405897550303
951	30.45922179291416
952	30.45914685529119
953	30.41806296040683
954	30.395398544796947
955	30.395342569379018
956	30.351111278121056
957	30.295545977376943
958	30.210181362186084
959	30.140114229367782
960	30.127107756843042
961	30.00035537323137
962	29.913910259931786
963	29.900993655834906
964	29.805327984212912
965	29.805327984212912
966	29.764693027226034
967	29.666532496710936
968	29.558478361142694
969	29.469631247513217
970	29.340745002676
971	29.340745002676
972	29.308831403736757
973	29.217195105400684
974	29.217144145389447
975	29.203184412329882
976	29.144679055092567
977	29.00322496145854
978	28.88615394375733
979	28.878159889374146
980	28.876700323146146
981	28.875972576327733
982	28.871343707676843
983	28.743625143011965
984	28.743625143011965
985	28.655044600695668
986	28.650808613835984
987	28.50244054547002
988	28.38213576385002
989	28.280558072713458
990	28.264332688216086
991	28.264332688216086
992	28.1713012551979
993	28.131474574665948
994	28.095940041001604
995	28.095789097927064
996	28.005306700200222
997	27.989829179481053
998	27.989109653640767
999	27.989108983402435
1000	27.980546338132843
1001	27.95217859108141
1002	27.951246951616856
1003	27.85777438424732
1004	27.765514606498815
1005	27.666373105115845
1006	27.64603869441061
1007	27.47918252285084
1008	27.404936293060985
1009	27.173286695651772
1010	27.1123448223418
1011	27.112313677472766
1012	27.112313677472766
1013	27.102604274889817
1014	26.841269132290122
1015	26.837797224543564
1016	26.79383665912529
1017	26.79307988761072
1018	26.793079641864956
1019	26.74469994910977
1020	26.731632345377765
1021	26.70727859946523
1022	26.70727859946523
1023	26.43329269140765
1024	26.42714800094704
1025	26.36401000700692
1026	26.348218981863145
1027	26.289897322120808
1028	26.289891668137265
1029	26.27960291076255
1030	26.187108481378267
1031	26.18177962650686
1032	26.173218239498976
1033	26.125241995473157
1034	26.120735496948885
1035	26.1109274518881
1036	26.110906294090057
1037	26.06448185866307
1038	25.97934013263142
1039	25.92652914321882
1040	25.92638349844599
1041	25.874624371184797
1042	25.800625817715886
1043	25.79905252682129
1044	25.79054175830714
1045	25.7172339791666
1046	25.591440194185434
1047	25.50737306232306
1048	25.47173580918503
1049	25.470791420227922
1050	25.38901976525316
1051	25.377385282918187
1052	25.27188193655375
1053	25.268784394828092
1054	25.261634829357856
1055	25.024272219864446
1056	25.023824611538792
1057	25.023736310827022
1058	25.023677636428328
1059	24.92154471698998
1060	24.92154471698998
1061	24.55203837075421
1062	24.503208840607023
1063	24.43216162535929
1064	24.360238221439538
1065	24.31583084960107
1066	24.31009883086768
1067	24.285283573383275
1068	24.238639226082384
1069	24.223464933643697
1070	24.212158029295168
1071	24.15360235975684
1072	24.151233113438266
1073	24.15123113712759
1074	24.146178064361
1075	24.1228524185001
1076	23.882921059454574
1077	23.8344241901604
1078	23.760298876386475
1079	23.760298648291606
1080	23.75790630559928
1081	23.66196852391397
1082	23.503467535886703
1083	23.497945673683255
1084	23.497713055590097
1085	23.32906701079446
1086	23.326221621072513
1087	23.309774321148133
1088	23.294142080728328
1089	23.18662201257089
1090	23.123660429785215
1091	23.120183084373185
1092	23.103249245467858
1093	23.03137322690156
1094	23.031373213928326
1095	22.952340129697465
1096	22.95233783415782
1097	22.812986481880564
1098	22.812682531417305
1099	22.796372387554925
1100	22.796288085427125
1101	22.594607899149057
1102	22.587450148622175
1103	22.582334076186605
1104	22.558592198219866
1105	22.558482664370445
1106	22.55628634077914
1107	22.468999171700485
1108	22.46891769769224
1109	22.327590481425506
1110	22.289448700728222
1111	22.23291057383661
1112	22.16253381936945
1113	22.08208198229203
1114	21.955620689507086
1115	21.80929415309292
1116	21.80904835651497
1117	21.715527033097946
1118	21.616726028568333
1119	21.476776297922243
1120	21.47614455946506
1121	21.476097403499292
1122	21.476006032044115
1123	21.436212372023647
1124	21.43204526955926
1125	21.379256721007767
1126	21.37328698916023
1127	21.35617101056588
1128	21.356151726705132
1129	21.30827641860663
1130	21.305338060285294
1131	21.302272311214224
1132	21.136857544780842
1133	21.120676797144974
1134	21.12059224043175
1135	21.100546045553987
1136	21.097749262510238
1137	21.08603682516779
1138	21.085841744167276
1139	21.048176508134166
1140	21.04653051529095
1141	20.92611161759451
1142	20.91833335513929
1143	20.918004824238892
1144	20.90072651235205
1145	20.875002393383323
1146	20.873292789574897
1147	20.83860815917406
1148	20.80114357196585
1149	20.74868760184845
1150	20.72628946555258
1151	20.69306714289765
1152	20.693047222050023
1153	20.69000747000805
1154	20.651753827236757
1155	20.651753827236757
1156	20.651753092833
1157	20.650412923680445
1158	20.62316997728427
1159	20.586893107537172
1160	20.558787531410058
1161	20.444358497513388
1162	20.440203903529095
1163	20.397641026206372
1164	20.19799032567104
1165	20.178914817279644
1166	20.108030871404896
1167	20.06984219308904
1168	20.06984219308904
1169	20.04873827468756
1170	20.04873023469928
1171	20.04845858953826
1172	20.046019116944326
1173	20.04162971893055
1174	20.00370882710469
1175	19.87670155701216
1176	19.864085643750062
1177	19.864085643750062
1178	19.864085643750062
1179	19.758416732013078
1180	19.72421214342055
1181	19.697320215070484
1182	19.618945467316607
1183	19.618945458468136
1184	19.617560527613172
1185	19.593910031617305
1186	19.584428483689464
1187	19.513215450851895
1188	19.42319023483776
1189	19.408798684875865
1190	19.390349447635593
1191	19.390272276826625
1192	19.365082994672264
1193	19.285412298644285
1194	19.285412298644285
1195	19.28423955950809
1196	19.26308349482333
1197	19.16085163003539
1198	19.12882328140241
1199	19.12799742967454
1200	19.11243139286798
1201	19.071148604575267
1202	19.02813614184021
1203	19.009469229591136
1204	18.932634281406013
1205	18.93263314933135
1206	18.91828417778058
1207	18.859201007422453
1208	18.81048143539639
1209	18.810481413585098
1210	18.778502644554983
1211	18.746591284005707
1212	18.72716305188457
1213	18.671737080898318
1214	18.64560413677701
1215	18.611266632522547
1216	18.594268244032044
1217	18.594076161198007
1218	18.463897405913528
1219	18.348326376381717
1220	18.271016936523974
1221	18.240454083382012
1222	18.21669658856109
1223	18.208043142337747
1224	18.208034603123682
1225	18.07422903771218
1226	18.072723859366167
1227	18.022122930918176
1228	18.016891569145606
1229	18.01600625127439
1230	18.015669300124483
1231	17.993988932911414
1232	17.921272109389957
1233	17.920585638734014
1234	17.837877049092082
1235	17.791239057987386
1236	17.683379620174343
1237	17.583570169853083
1238	17.5835697980222
1239	17.532544768816994
1240	17.46703441106535
1241	17.446477803749914
1242	17.421868966270264
1243	17.421868966270264
1244	17.38941725966851
1245	17.383436679417112
1246	17.307459045314094
1247	17.195337141414043
1248	17.195305518915898
1249	17.168804280966874
1250	17.018216384544825
1251	16.944515945550606
1252	16.891897331784186
1253	16.824566897718523
1254	16.793744134068106
1255	16.79374308412941
1256	16.73232518501411
1257	16.729127632152686
1258	16.72241225664538
1259	16.67057013469948
1260	16.654113712007124
1261	16.638017495541874
1262	16.61310427758625
1263	16.601209286859977
1264	16.60109759838361
1265	16.58916795781475
1266	16.58916795781475
1267	16.585100141750456
1268	16.583773631210796
1269	16.583767074422504
1270	16.565457613576765
1271	16.53135697442692
1272	16.482287608574374
1273	16.47216265395475
1274	16.38390713886254
1275	16.377568285233135
1276	16.377562004457566
1277	16.290781330473955
1278	16.23647755451444
1279	16.147276471902497
1280	16.14185441361444
1281	16.12273285501667
1282	16.10367040492901
1283	16.10366934239459
1284	16.066726780332264
1285	16.05806901595813
1286	15.997561796136695
1287	15.919394891449592
1288	15.855095066604633
1289	15.803651181054573
1290	15.676651201003459
1291	15.67463529180383
1292	15.67059264240132
1293	15.606650071948303
1294	15.6063149905998
1295	15.564442918745874
1296	15.552336422654005
1297	15.513518250487088
1298	15.485243136898255
1299	15.37609849780026
1300	15.36303591700511
1301	15.353967398908091
1302	15.309818799587983
1303	15.286457916841805
1304	15.285680824915875
1305	15.27692621354823
1306	15.255871322622294
1307	15.214673411961893
1308	15.208848758519704
1309	15.192140477374796
1310	15.191508857399679
1311	15.08529978495894
1312	14.988260363509744
1313	14.962897294661362
1314	14.95881780715988
1315	14.951774891673438
1316	14.868650081559348
1317	14.782050040274596
1318	14.732092703936116
1319	14.702097580510035
1320	14.700930163110835
1321	14.682679890560282
1322	14.677640515001118
1323	14.676187842333642
1324	14.610161929991655
1325	14.509992213882777
1326	14.495602454111497
1327	14.494823569716415
1328	14.452941442487298
1329	14.45140214912946
1330	14.42117658922046
1331	14.41592392247991
1332	14.396541313452332
1333	14.36736579893516
1334	14.344033665240907
1335	14.344024190121754
1336	14.282531008630123
1337	14.28066701762476
1338	14.254410519909332
1339	14.209969645165367
1340	14.209959769060733
1341	14.085227323441542
1342	13.971875239026748
1343	13.963718418585849
1344	13.930418455974632
1345	13.924005823131436
1346	13.923914253125433
1347	13.870147963738747
1348	13.846937248311203
1349	13.791617658713838
1350	13.740553877764482
1351	13.74021091852735
1352	13.733420611398257
1353	13.709692015582368
1354	13.694364916195541
1355	13.66666777199936
1356	13.662341842290282
1357	13.65303102451062
1358	13.610541766793819
1359	13.594328347970722
1360	13.524554995420784
1361	13.504322147864302
1362	13.492558371786314
1363	13.482160038862514
1364	13.48010223762525
1365	13.44090072110226
1366	13.385866927942073
1367	13.373515227969195
1368	13.303819831267175
1369	13.257736378695123
1370	13.236931864043136
1371	13.135627845454028
1372	13.029661066641975
1373	13.02256338943645
1374	13.016722421565992
1375	12.990435239746141
1376	12.987498626164154
1377	12.975240688807776
1378	12.873353446239259
1379	12.843986842736294
1380	12.80924813376013
1381	12.808286169382582
1382	12.769186259140287
1383	12.757717645680637
1384	12.754853283786616
1385	12.645867314683686
1386	12.644113822056163
1387	12.592870924187777
1388	12.549939844222918
1389	12.516950967844645
1390	12.464072695213911
1391	12.408599809271456
1392	12.382013991030885
1393	12.382013972668094
1394	12.307797352323
1395	12.307303074056152
1396	12.306181232290536
1397	12.300058414683217
1398	12.24969726311731
1399	12.223079116430245
1400	12.222854747402211
1401	12.202240238613927
1402	12.149931747035993
1403	12.147075581548382
1404	12.095862954137031
1405	12.090323758604676
1406	12.087877954805029
1407	12.061939484246357
1408	12.044422025722437
1409	12.04206117314371
1410	12.03811426227602
1411	12.03811426227602
1412	12.032150832133679
1413	11.978040463295175
1414	11.977892054408938
1415	11.883715883132817
1416	11.832063356265271
1417	11.831756856965002
1418	11.801814914386798
1419	11.783971136857396
1420	11.738137332356889
1421	11.698417925290292
1422	11.684773441335158
1423	11.619720258516658
1424	11.588888419710456
1425	11.588838294127411
1426	11.549847642202009
1427	11.488804534047084
1428	11.48849550337705
1429	11.48847010491526
1430	11.47788088499002
1431	11.464718036861525
1432	11.45575454231447
1433	11.454880456514514
1434	11.431091816823882
1435	11.431028615822969
1436	11.423415560267184
1437	11.369273291302209
1438	11.289773854588246
1439	11.149816003935436
1440	11.124727711338256
1441	11.059434149581053
1442	11.007059371800954
1443	10.944123966784373
1444	10.910650747576087
1445	10.909313413369455
1446	10.829132230918413
1447	10.823683747108287
1448	10.811859092072991
1449	10.777603313268644
1450	10.763242083984322
1451	10.726615068860717
1452	10.713711763873095
1453	10.633918947022838
1454	10.572161020091865
1455	10.501085297228853
1456	10.462244631608058
1457	10.441616218595133
1458	10.411714368737297
1459	10.385800776803986
1460	10.385796374238446
1461	10.379163370307909
1462	10.36702430567689
1463	10.341650785524378
1464	10.34029820720286
1465	10.337437523408997
1466	10.337437523408997
1467	10.304217000839511
1468	10.238124933910967
1469	10.206597528810773
1470	10.18481747661387
1471	10.155337050109448
1472	10.121665755524797
1473	10.11917203055732
1474	10.107314738102449
1475	10.040393772203185
1476	9.94592592347584
1477	9.935692211927377
1478	9.918911061957544
1479	9.915832534248079
1480	9.882457888281927
1481	9.841123664763412
1482	9.819530858962317
1483	9.818412481187302
1484	9.812987972712907
1485	9.802085999758617
1486	9.743415280446875
1487	9.64390001429045
1488	9.620301254998253
1489	9.608384558003815
1490	9.606979056865075
1491	9.544353392015305
1492	9.455780228779075
1493	9.426948717130585
1494	9.423487361204101
1495	9.392960930816038
1496	9.379742841503473
1497	9.323485705771411
1498	9.302451769601786
1499	9.301484926712707
1500	9.301484926712707
1501	9.284316824291812
1502	9.28422651078166
1503	9.264091967909577
1504	9.159902369176894
1505	9.158344722247417
1506	9.142937969787308
1507	9.132253543435818
1508	9.032649730915118
1509	9.032339194612364
1510	8.966604216340444
1511	8.96531626215113
1512	8.91288710220901
1513	8.890773690078358
1514	8.884177962488526
1515	8.803416144972525
1516	8.773534898604787
1517	8.722642005531648
1518	8.722101087577318
1519	8.686764740526693
1520	8.652680834237083
1521	8.608139802104553
1522	8.595021764686017
1523	8.572515631732369
1524	8.551701960488485
1525	8.551695692749822
1526	8.439142160493978
1527	8.43890618724664
1528	8.376162051192544
1529	8.368278622183048
1530	8.3459951984255
1531	8.270188848370553
1532	8.226228238038782
1533	8.20062554306494
1534	8.200625143622757
1535	8.192767597745421
1536	8.181731836401882
1537	8.070147350217699
1538	8.034245532533838
1539	7.967726964300789
1540	7.9150929023268795
1541	7.885306597303797
1542	7.885201466512231
1543	7.868679159667396
1544	7.863863025493476
1545	7.863862346759417
1546	7.832393467665156
1547	7.816904214850823
1548	7.7953227975038715
1549	7.728570135448692
1550	7.683419251112042
1551	7.675591249375043
1552	7.668892243254529
1553	7.618321867549233
1554	7.618231871991551
1555	7.6033176172552315
1556	7.5898286880685895
1557	7.57596949122346
1558	7.5627233309427195
1559	7.552258303404691
1560	7.54837121198978
1561	7.489524774414155
1562	7.431086139227626
1563	7.41186559919014
1564	7.377548047856781
1565	7.3609380865281855
1566	7.260130241298417
1567	7.255436618171569
1568	7.254679292553634
1569	7.157351173639371
1570	7.136797094266909
1571	7.093731038518342
1572	7.090305397658542
1573	7.0402291714598615
1574	7.034555452680215
1575	6.961219742867963
1576	6.949659083156749
1577	6.941357438710416
1578	6.9295990155330704
1579	6.927860137874721
1580	6.924901288982042
1581	6.923458467181566
1582	6.921596958965812
1583	6.89813729810567
1584	6.823625259705965
1585	6.792436633756967
1586	6.79035454550853
1587	6.78452157587242
1588	6.67426274479515
1589	6.637423564249386
1590	6.633463639293576
1591	6.582838237451132
1592	6.582824255520866
1593	6.573789512220983
1594	6.537178158584786
1595	6.5325952202304824
1596	6.457244865757523
1597	6.441865962114389
1598	6.441863586908431
1599	6.3711924906835025
1600	6.332797098193481
1601	6.3076951906289365
1602	6.291699877205227
1603	6.264157099778987
1604	6.264152466439065
1605	6.2332059918602285
1606	6.197696717477722
1607	6.186438853122902
1608	6.104805040456075
1609	6.063372257618875
1610	6.052348560407011
1611	6.029121883821002
1612	6.007004732863549
1613	5.936645211068231
1614	5.883595054355628
1615	5.865070995950461
1616	5.8262207034087465
1617	5.780493603852661
1618	5.765586204867114
1619	5.754100062473839
1620	5.662375185154386
1621	5.615612274983974
1622	5.597168367618017
1623	5.59716604845108
1624	5.564396022818861
1625	5.55976264553365
1626	5.547646783433933
1627	5.541717438173497
1628	5.456545186860648
1629	5.433523168350861
1630	5.416963497187623
1631	5.373876961988502
1632	5.370363577825535
1633	5.367630556595992
1634	5.329290210867318
1635	5.319836126251653
1636	5.293512152625252
1637	5.269597489267283
1638	5.236502580373112
1639	5.197475739719333
1640	5.192927735024545
1641	5.142710161805943
1642	5.113913272008724
1643	5.108140392763782
1644	5.058159025121361
1645	5.047883320122806
1646	4.965829295999744
1647	4.922305155555572
1648	4.875036356070651
1649	4.8553757813483625
1650	4.829267802422565
1651	4.822898627006223
1652	4.804592020226037
1653	4.770976291273418
1654	4.735722197826092
1655	4.708211925778371
1656	4.629525134551383
1657	4.614074916961319
1658	4.601011803759726
1659	4.597216776479688
1660	4.5851532851076
1661	4.525698961194681
1662	4.521062812772272
1663	4.473215211207205
1664	4.463446052000669
1665	4.447632297501328
1666	4.440514942065364
1667	4.4239500064579635
1668	4.417407231780657
1669	4.410873536513845
1670	4.384092506728802
1671	4.36028469006437
1672	4.343178323931861
1673	4.333393034949062
1674	4.3093331567972575
1675	4.233178682916911
1676	4.22431387370372
1677	4.216139508851643
1678	4.207199254903697
1679	4.1430408639477045
1680	4.110555546378395
1681	4.0996981878683645
1682	4.09290356256238
1683	4.0850484518295795
1684	4.02604306258846
1685	4.001725823747898
1686	3.9938262051350795
1687	3.9930127798235153
1688	3.9147918315771317
1689	3.879607546372909
1690	3.865310820867676
1691	3.8344933866201742
1692	3.8195357862473585
1693	3.7787713560990204
1694	3.741277243513472
1695	3.717581741069678
1696	3.699248522811899
1697	3.6758978030737683
1698	3.6748681428312984
1699	3.6340407480948316
1700	3.610903843733758
1701	3.5908912696782207
1702	3.54467520687498
1703	3.484323677207741
1704	3.4474094402880784
1705	3.418976994185574
1706	3.374845302286845
1707	3.3435174203520535
1708	3.3075633232085457
1709	3.2828632804809343
1710	3.226496559547438
1711	3.182665840706859
1712	3.18192571809561
1713	3.178760407998529
1714	3.1785087519259028
1715	3.1318725602785955
1716	3.089049750427582
1717	3.0832505733601088
1718	3.059752230849555
1719	3.042223352886218
1720	3.042218100482016
1721	3.0174400486451955
1722	2.983116172841054
1723	2.982056147943692
1724	2.975321649337668
1725	2.9351733548750203
1726	2.914074739231606
1727	2.911709421755975
1728	2.892672142438657
1729	2.8840521574338553
1730	2.8796929809813068
1731	2.868194750580344
1732	2.857318060245765
1733	2.854127116846434
1734	2.819190577327113
1735	2.7827478144760263
1736	2.780251651871598
1737	2.7711787127999026
1738	2.692249034656831
1739	2.6838230248205104
1740	2.669062240569459
1741	2.632146305058375
1742	2.6150584161728725
1743	2.5956831757547945
1744	2.5848506376699967
1745	2.563344765484737
1746	2.5344462686279545
1747	2.5301916159853377
1748	2.5150758655540297
1749	2.5067527490598605
1750	2.4852313856632846
1751	2.48478919563606
1752	2.438418181778393
1753	2.4167211225634717
1754	2.3787333133517468
1755	2.361860313478571
1756	2.351933322279512
1757	2.3131896925541904
1758	2.290376483369167
1759	2.261924129408052
1760	2.2402332741358224
1761	2.2364639511243265
1762	2.2208613473266863
1763	2.212219807394885
1764	2.1538977320761754
1765	2.1381994371309885
1766	2.1286160455321954
1767	2.123705007639297
1768	2.1022874681271686
1769	2.0436054611937893
1770	2.0344319297613405
1771	2.0263059953164264
1772	2.0123026759330487
1773	1.9670927819892514
1774	1.9326523302007879
1775	1.9009934742371837
1776	1.8661451452674525
1777	1.8623660560176911
1778	1.825588030093534
1779	1.7944164920885368
1780	1.793503320644797
1781	1.7901481584815622
1782	1.7300060885122537
1783	1.7281342257745709
1784	1.7145079350443733
1785	1.7122295910033893
1786	1.6972706628316705
1787	1.6739012660231523
1788	1.6523708297203838
1789	1.6457258579947502
1790	1.6347523450051435
1791	1.6222970699814818
1792	1.5918807395918526
1793	1.5842806198867379
1794	1.5792027832717692
1795	1.55166342870755
1796	1.5178687899628684
1797	1.5120070407642439
1798	1.4978099452596643
1799	1.48624266701692
1800	1.4819362662807312
1801	1.4764521369000079
1802	1.4397177465483224
1803	1.4181420457252893
1804	1.4138978809767806
1805	1.4070831320574249
1806	1.3499122812370865
1807	1.341239996426807
1808	1.3061145577489417
1809	1.297696752422527
1810	1.2777541287617107
1811	1.2576193429135207
1812	1.2528106881584535
1813	1.2451971574647194
1814	1.2127966166391169
1815	1.1931750758580117
1816	1.1877443146373954
1817	1.1550284122689727
1818	1.1242462660499735
1819	1.1215430180298933
1820	1.1173401363598312
1821	1.1138017988053013
1822	1.0921493054880762
1823	1.08577613631082
1824	1.0791970834531799
1825	1.0754733631583895
1826	1.0743832658203252
1827	1.0429776349442945
1828	1.0327060746602916
1829	1.021186674270092
1830	1.009015391011702
1831	0.9865449580755482
1832	0.950949620853687
1833	0.9300583054698875
1834	0.9192171503043245
1835	0.9161214702539499
1836	0.9123138371867202
1837	0.9101160036447555
1838	0.9043609842065038
1839	0.8952694613551022
1840	0.8886437276811638
1841	0.8433250815790511
1842	0.821154189715599
1843	0.8170104632780537
1844	0.8143716279418844
1845	0.8102221020464223
1846	0.7881945603535547
1847	0.7838805798666597
1848	0.7693294432064557
1849	0.7661972112483695
1850	0.762375398046489
1851	0.7550890075249098
1852	0.7469967552744066
1853	0.7152061475973477
1854	0.7058118372973708
1855	0.7037385263167284
1856	0.6978667658247004
1857	0.6916982764368753
1858	0.6813940476402932
1859	0.6663314507952951
1860	0.657401503442889
1861	0.6454655658096063
1862	0.642716153807416
1863	0.6391742626965711
1864	0.6101364435871202
1865	0.600436653806234
1866	0.5837642167188004
1867	0.578144468525067
1868	0.5769077020993464
1869	0.5713361186476985
1870	0.5644936810716413
1871	0.5592215607374198
1872	0.5460814862767192
1873	0.5316081272877434
1874	0.5266617554142075
1875	0.5242625241855023
1876	0.5046457088227194
1877	0.4974884439095249
1878	0.4818599380495503
1879	0.4782657081827327
1880	0.4730881023887445
1881	0.472586282347612
1882	0.47242001426646535
1883	0.4721648689811307
1884	0.466231927999199
1885	0.45882621175723914
1886	0.4256578477704852
1887	0.42153939364158427
1888	0.4188708849387554
1889	0.3994399516744803
1890	0.39345598535510035
1891	0.38036198548973665
1892	0.3790278244853344
1893	0.3777171655231864
1894	0.3461694985938555
1895	0.3404480184867666
1896	0.33944870398088395
1897	0.3294982576602655
1898	0.32227864007445467
1899	0.3190592509986447
1900	0.30932472211135803
1901	0.30931354286098417
1902	0.3061992798522951
1903	0.3025812304217383
1904	0.29871739786019885
1905	0.2958924670141129
1906	0.2933614747229752
1907	0.2911278864909679
1908	0.2831344492795836
1909	0.2737801338242971
1910	0.25679832113820994
1911	0.24052560931669564
1912	0.23763810892173734
1913	0.23423409542298745
1914	0.23237523186145204
1915	0.22004050005305154
1916	0.21801931062759158
1917	0.2117659205518058
1918	0.2098213287593617
1919	0.20363527637603987
1920	0.20244947410870176
1921	0.2006350403594516
1922	0.19975317100528228
1923	0.19383798449587514
1924	0.19342147210205826
1925	0.19144976372711503
1926	0.17872422778934757
1927	0.16728348251390202
1928	0.1653019748979831
1929	0.16370188438815242
1930	0.16269981931439984
1931	0.16182013106459453
1932	0.15999532723915563
1933	0.15869091403912763
1934	0.15861710251778458
1935	0.15667821625610182
1936	0.15555021505870564
1937	0.15408958721219204
1938	0.1522474038691359
1939	0.1431199333162888
1940	0.13931600907652378
1941	0.13719458430930753
1942	0.13646007741530278
1943	0.13602415512263347
1944	0.13575007265583347
1945	0.1300907870966054
1946	0.12981822371014243
1947	0.12767129636226554
1948	0.12536797490536924
1949	0.12113845357567422
1950	0.11439928315160751
1951	0.11384272688506858
1952	0.11100740829035641
1953	0.10900465114532772
1954	0.10805186191775112
1955	0.10533620764936581
1956	0.10272554261672973
1957	0.09851734832977428
1958	0.09836280857017196
1959	0.09762437754986095
1960	0.09491532508610939
1961	0.09243303746725372
1962	0.09162716050898906
1963	0.08721220201274994
1964	0.08682978130239037
1965	0.0841281643236354
1966	0.08266139582634757
1967	0.08019045854242109
1968	0.07929511644569415
1969	0.07857410576433861
1970	0.07708686584091667
1971	0.07531264032371485
1972	0.0737774871651465
1973	0.07293068624885227
1974	0.06899041483883869
1975	0.0688878278456766
1976	0.0673578451664536
1977	0.06650621607020207
1978	0.06010312340395198
1979	0.0593408873109451
1980	0.05883955562317175
1981	0.05786182844953084
1982	0.05734212093389874
1983	0.0557939337850265
1984	0.05535338465603908
1985	0.055111797030329986
1986	0.054759631798001314
1987	0.054466030378053115
1988	0.05389517207097813
1989	0.05330955705157023
1990	0.05076123073478425
1991	0.05049491187310456
1992	0.0499778349365109
1993	0.04779481313800413
1994	0.04723025809346133
1995	0.04541317672159953
1996	0.0452204791066297
1997	0.04494454107203764
1998	0.0438049790003749
1999	0.04314119716979328
2000	0.04217447285560733
2001	0.041097482439619644
2002	0.0406982181150191
2003	0.040221832911493983
2004	0.040154949639552066
2005	0.03920723423304136
2006	0.03423933307407534
2007	0.032525092201339055
2008	0.03227163956525754
2009	0.03154240342160446
2010	0.03033721110798056
2011	0.030288897476001785
2012	0.029802784963055433
2013	0.028680943906443386
2014	0.02860986848361756
2015	0.028489095545842304
2016	0.02832888535946309
2017	0.027674065627425352
2018	0.027506294219042715
2019	0.02743302552928378
2020	0.026016746361807227
2021	0.025646360276706245
2022	0.02477250954058891
2023	0.024555997480968966
2024	0.024524253662138364
2025	0.02295677733194618
2026	0.022206896041457588
2027	0.020544390826668688
2028	0.018952569912894943
2029	0.018517409195604392
2030	0.017604114334218282
2031	0.017319239900347762
2032	0.016959599889923755
2033	0.016296278594798905
2034	0.016184454135817282
2035	0.015897406766919413
2036	0.01583548177549628
2037	0.01563536120397308
2038	0.015599005646043492
2039	0.01552026251525079
2040	0.015133311373624992
2041	0.014867769470453141
2042	0.013995360981588868
2043	0.013891746013903136
2044	0.01294534497230817
2045	0.012730122843167458
2046	0.012377325812842285
2047	0.012293911333532689
2048	0.012189542637044741
2049	0.012078556431360531
2050	0.011946102764123208
2051	0.01158108019634548
2052	0.01151384715293832
2053	0.011468338060513558
2054	0.011090932648501747
2055	0.011088365566202423
2056	0.010846454912249706
2057	0.010664568644507651
2058	0.009246311892445588
2059	0.009057072671717197
2060	0.009009283294552143
2061	0.008557488917906397
2062	0.008511879749735485
2063	0.008374268288119898
2064	0.00799504282521557
2065	0.00784122201243657
2066	0.007778706625743522
2067	0.007473041505780209
2068	0.007293338934966324
2069	0.007212787783593555
2070	0.00719983717979158
2071	0.007134872766050293
2072	0.00686615854794906
2073	0.006716159941830095
2074	0.006674111657958667
2075	0.006573192612426718
2076	0.006522725450486
2077	0.006281797598393623
2078	0.006164909324776898
2079	0.006132087891961172
2080	0.005866150251143113
2081	0.005837096090422378
2082	0.005624797453418455
2083	0.005533882716992681
2084	0.005197106801791307
2085	0.005181814736211858
2086	0.0045717818853485545
2087	0.0045590760544355294
2088	0.004491165352940918
2089	0.004229165629767983
2090	0.004033461266191611
2091	0.003970423562092347
2092	0.0038849610326404734
2093	0.0037893464851819067
2094	0.0037075980636596265
2095	0.0036192132933624776
2096	0.0036038842452557657
2097	0.003585499084717547
2098	0.003365638123600038
2099	0.0033159210622245657
2100	0.003308171085681148
2101	0.0030756239005653423
2102	0.0030662949511516637
2103	0.0029106978165413483
2104	0.0029048673340145827
2105	0.0028907247904565855
2106	0.0028602873550000276
2107	0.0027362130959198558
2108	0.0026728999443482947
2109	0.0026634741121590957
2110	0.0026436629714694368
2111	0.002589882081469952
2112	0.002403189462694814
2113	0.002401068932259539
2114	0.002369555327387533
2115	0.002348660950156815
2116	0.002316215584495633
2117	0.0022774920622119057
2118	0.0022583312193846794
2119	0.002219606445451028
2120	0.0022007006461255566
2121	0.002191146166260201
2122	0.0021807764801463846
2123	0.002134613640733877
2124	0.0020565715240447703
2125	0.0020057043395104537
2126	0.0019052955763414778
2127	0.001712515218182927
2128	0.0017105704519070268
2129	0.001696323264064444
2130	0.0016812435731061134
2131	0.001562987327152854
2132	0.001501691133751019
2133	0.0014427268339132955
2134	0.0014145887063528187
2135	0.0013883210288090809
2136	0.0013714295495798722
2137	0.0013338042681430907
2138	0.001328638205357476
2139	0.001245183330084565
2140	0.0012351326246617352
2141	0.0011918920524210581
2142	0.0010964406238374025
2143	0.0010781979961111668
2144	0.0010563626409692735
2145	0.0010362275103008875
2146	0.0010316728487775725
2147	9.700087373825994E-4
2148	9.654262197097196E-4
2149	9.252650394450631E-4
2150	9.217356412662525E-4
2151	9.082473016414738E-4
2152	8.434550841733094E-4
2153	8.370872661982887E-4
2154	8.35693166346078E-4
2155	8.150598234549259E-4
2156	7.93508731111873E-4
2157	7.523471183726945E-4
2158	7.257019176602005E-4
2159	6.282911331141487E-4
2160	6.260946371903368E-4
2161	6.161561629471161E-4
2162	6.062518861483568E-4
2163	6.042662787457687E-4
2164	5.932554423853394E-4
2165	5.886230602362967E-4
2166	5.318618351979628E-4
2167	5.285695933990198E-4
2168	5.164254770361864E-4
2169	5.115390564230419E-4
2170	5.102535212590926E-4
2171	4.949077719027528E-4
2172	4.894657209603063E-4
2173	4.7962566545643645E-4
2174	4.7558613718473217E-4
2175	4.6981585968760935E-4
2176	4.580864752454043E-4
2177	4.443422610092303E-4
2178	4.3465845721636734E-4
2179	4.066968022801968E-4
2180	4.0093388733476824E-4
2181	3.908859938979011E-4
2182	3.863422941723963E-4
2183	3.447264365153894E-4
2184	3.2162880126017276E-4
2185	3.193658581983172E-4
2186	3.1765803886596444E-4
2187	3.164582066830235E-4
2188	3.149331546516384E-4
2189	3.1210696851176795E-4
2190	2.9959286732073785E-4
2191	2.959801129849282E-4
2192	2.809030560446975E-4
2193	2.7440678871055725E-4
2194	2.6708918871308404E-4
2195	2.633729192770199E-4
2196	2.496696466489349E-4
2197	2.416983535978782E-4
2198	2.343274577712625E-4
2199	2.337479488886629E-4
2200	2.3291713618404467E-4
2201	2.2692778470740176E-4
2202	2.232327782131449E-4
2203	2.066936487758871E-4
2204	2.0525364984678163E-4
2205	2.0397175064381656E-4
2206	2.016974001609976E-4
2207	1.9418125102313628E-4
2208	1.8425419072549688E-4
2209	1.816047528832243E-4
2210	1.8044293810604017E-4
2211	1.794319280376655E-4
2212	1.7801763473925073E-4
2213	1.766875790354542E-4
2214	1.7531764334156226E-4
2215	1.7130562244673797E-4
2216	1.6689459948680726E-4
2217	1.566350704829726E-4
2218	1.484876487040765E-4
2219	1.4383073850498344E-4
2220	1.4128518604129188E-4
2221	1.3734199554911916E-4
2222	1.3517975415489047E-4
2223	1.315798199670463E-4
2224	1.3063716361815618E-4
2225	1.2280490889793327E-4
2226	1.184222143583824E-4
2227	1.1173923107090644E-4
2228	1.0924067915253725E-4
2229	9.930257358317837E-5
2230	9.883173404029814E-5
2231	9.836147545734993E-5
2232	9.634431435016448E-5
2233	9.584525719604405E-5
2234	9.575232818287797E-5
2235	8.723185762787485E-5
2236	8.584303324473315E-5
2237	8.541026658803001E-5
2238	8.331244113157036E-5
2239	7.720402508457625E-5
2240	7.474567404332314E-5
2241	7.116998845451879E-5
2242	6.832753732357588E-5
2243	6.768639477664115E-5
2244	6.626123327192109E-5
2245	6.548289059651324E-5
2246	6.244738897140204E-5
2247	6.182260488477217E-5
2248	5.780276173415662E-5
2249	5.701636355001464E-5
2250	5.681202065055402E-5
2251	5.664829480848491E-5
2252	5.437901206306606E-5
2253	5.3665236789098476E-5
2254	5.3017132133585205E-5
2255	5.283915643807073E-5
2256	5.113422214465165E-5
2257	5.0978163800508014E-5
2258	5.0056886090033E-5
2259	4.975958023845095E-5
2260	4.8834231425291345E-5
2261	4.7836861755653125E-5
2262	4.7001717361006E-5
2263	4.4112215759935695E-5
2264	4.3856443381547665E-5
2265	4.175695435092071E-5
2266	4.0444360819395325E-5
2267	3.724923931436308E-5
2268	3.5281281802153806E-5
2269	3.49785968311996E-5
2270	3.4782233577246303E-5
2271	3.250882254140682E-5
2272	3.132349761075422E-5
2273	3.0844213103264904E-5
2274	3.060588922038458E-5
2275	3.0525404346626314E-5
2276	3.0286153110440733E-5
2277	2.9306235376106806E-5
2278	2.9082580528457432E-5
2279	2.815314247227955E-5
2280	2.7747054106974645E-5
2281	2.720899513401302E-5
2282	2.505407285440242E-5
2283	2.3933979415543167E-5
2284	2.0147359370703553E-5
2285	1.960428500851208E-5
2286	1.9158190582224676E-5
2287	1.7843337967171635E-5
2288	1.7639221110303063E-5
2289	1.7532862300958147E-5
2290	1.7444203437773827E-5
2291	1.7080225680921046E-5
2292	1.6625519878724997E-5
2293	1.6477337694690657E-5
2294	1.6284157659759067E-5
2295	1.617682186860018E-5
2296	1.5617223129815727E-5
2297	1.5577441093898396E-5
2298	1.5176378259044536E-5
2299	1.4088828355518501E-5
2300	1.3873526759056176E-5
2301	1.3443213340676625E-5
2302	1.2919266664527622E-5
2303	1.2881226739066183E-5
2304	1.2482034082772486E-5
2305	1.2320549823800301E-5
2306	1.1752327058604332E-5
2307	1.167062061497859E-5
2308	1.1427181192698773E-5
2309	1.1269684037588472E-5
2310	1.1159840519188908E-5
2311	1.0391623931838011E-5
2312	1.0272519422057277E-5
2313	1.0004163991853925E-5
2314	9.94564933467501E-6
2315	9.696264510298628E-6
2316	9.650322522603006E-6
2317	9.440501906491743E-6
2318	9.030731306462295E-6
2319	8.91134429892304E-6
2320	8.832599732381633E-6
2321	8.742643958115082E-6
2322	8.031268104780054E-6
2323	7.619220943707224E-6
2324	7.509028452427439E-6
2325	7.434101323156028E-6
2326	6.8599874294269135E-6
2327	6.113669996388182E-6
2328	6.087889064154694E-6
2329	5.999710707923119E-6
2330	5.8319643004030775E-6
2331	5.400108074541758E-6
2332	5.356316651905501E-6
2333	5.2949375173009605E-6
2334	5.16672625418361E-6
2335	5.146446162918039E-6
2336	5.0959605680726366E-6
2337	5.029697443603709E-6
2338	4.878389761605225E-6
2339	4.833388602894691E-6
2340	4.723014872591117E-6
2341	4.653705504450064E-6
2342	4.438392940109282E-6
2343	4.254257124950793E-6
2344	4.0900972152850086E-6
2345	3.981876921995328E-6
2346	3.9511684324367025E-6
2347	3.817447343656966E-6
2348	3.702421690772913E-6
2349	3.6579873291605242E-6
2350	3.5211156862520927E-6
2351	3.4845263390555677E-6
2352	3.4294653968795313E-6
2353	3.263260302747521E-6
2354	3.221083773752298E-6
2355	3.1567202338322884E-6
2356	3.131503037501204E-6
2357	3.0159624368290374E-6
2358	2.976370373749167E-6
2359	2.9282054269330616E-6
2360	2.8999503138985955E-6
2361	2.8684246536532973E-6
2362	2.818469803974229E-6
2363	2.804299744892565E-6
2364	2.7391518680512187E-6
2365	2.6474148144236173E-6
2366	2.620377097706239E-6
2367	2.603507394738358E-6
2368	2.3586564514251526E-6
2369	2.3463381380632123E-6
2370	2.260295612958411E-6
2371	2.2499565080380536E-6
2372	2.2306364087398835E-6
2373	2.2038513385188213E-6
2374	2.164183137054465E-6
2375	2.1404463898496337E-6
2376	2.1186878193783325E-6
2377	2.1087207414301665E-6
2378	2.0851566549850985E-6
2379	2.05475354408217E-6
2380	1.9602259280659952E-6
2381	1.9012926202914096E-6
2382	1.7930388243196186E-6
2383	1.7563621063014048E-6
2384	1.7195747943787864E-6
2385	1.6694243237580507E-6
2386	1.6536164765194408E-6
2387	1.6230506791004019E-6
2388	1.6017009032864848E-6
2389	1.5046658129828454E-6
2390	1.4926526837655273E-6
2391	1.4659631427586342E-6
2392	1.4632329962201615E-6
2393	1.4203442303776608E-6
2394	1.3935492064002612E-6
2395	1.3387383442401793E-6
2396	1.3242456007607946E-6
2397	1.3073513303041295E-6
2398	1.2823399496634616E-6
2399	1.2754969176261473E-6
2400	1.259804186008277E-6
2401	1.1715445625763246E-6
2402	1.1304465224644862E-6
2403	1.0602051123242973E-6
2404	1.0250024273498563E-6
2405	9.745526070877493E-7
2406	9.570957157478688E-7
2407	9.530211184364627E-7
2408	9.401857842187648E-7
2409	9.192971618314042E-7
2410	9.17264634381354E-7
2411	8.397551315653118E-7
2412	8.105055727014587E-7
2413	7.679155826778583E-7
2414	7.641901443496598E-7
2415	7.47672273545182E-7
2416	7.446175558219655E-7
2417	7.405195846743595E-7
2418	7.286099959813441E-7
2419	7.193751584940362E-7
2420	6.831989689833525E-7
2421	6.692012178177719E-7
2422	6.594334409489496E-7
2423	6.424084555571123E-7
2424	6.259627250907821E-7
2425	5.940971983401747E-7
2426	5.924552833510196E-7
2427	5.788856319928944E-7
2428	5.624346653595088E-7
2429	5.513306160646418E-7
2430	5.377067730923576E-7
2431	5.133453634916425E-7
2432	5.048350949129107E-7
2433	4.935575942018507E-7
2434	4.79964597488447E-7
2435	4.553946108506087E-7
2436	4.51088248887288E-7
2437	4.459549461562536E-7
2438	4.374663011693277E-7
2439	4.298650523537617E-7
2440	4.2811047518872176E-7
2441	4.108261650278185E-7
2442	4.0408145096648695E-7
2443	3.7921832027147197E-7
2444	3.42347553150546E-7
2445	3.4171434073471116E-7
2446	3.3670313902926334E-7
2447	3.30493032644578E-7
2448	3.229426968805645E-7
2449	3.1638020446441337E-7
2450	3.140937383368699E-7
2451	3.085875092049643E-7
2452	2.879107106205462E-7
2453	2.8431458278059076E-7
2454	2.77991024392558E-7
2455	2.6934340784379175E-7
2456	2.5847291856469686E-7
2457	2.531193065517338E-7
2458	2.4450935202461704E-7
2459	2.3294290768897478E-7
2460	2.3266332161616294E-7
2461	2.2413014052110233E-7
2462	2.1813698308411252E-7
2463	2.1558756072200443E-7
2464	2.063456011095847E-7
2465	2.0497844748964175E-7
2466	2.0255772798331387E-7
2467	1.9342287836584166E-7
2468	1.9085636656276014E-7
2469	1.8648330962397116E-7
2470	1.8216952106797636E-7
2471	1.7717059185666055E-7
2472	1.714744665074856E-7
2473	1.697976038883553E-7
2474	1.6361840557976847E-7
2475	1.6069444139787947E-7
2476	1.5783769994707578E-7
2477	1.5532707262622125E-7
2478	1.4941275162290897E-7
2479	1.4528753583912627E-7
2480	1.3151918872485643E-7
2481	1.2927446952915033E-7
2482	1.2622302273020599E-7
2483	1.2293269235167752E-7
2484	1.2002240895962283E-7
2485	1.1122821312881115E-7
2486	1.0891374356466107E-7
2487	1.0386713474493565E-7
2488	1.0252701200622975E-7
2489	1.0107119029119834E-7
2490	9.795165455036189E-8
2491	9.449094253710655E-8
2492	9.433371381817323E-8
2493	9.136971120445499E-8
2494	8.548934561739922E-8
2495	8.53934567501824E-8
2496	8.311616443990033E-8
2497	8.105921172803695E-8
2498	8.040821365777144E-8
2499	7.847224328116909E-8
2500	7.817636327918839E-8
2501	7.68686881258418E-8
2502	7.256144757642838E-8
2503	7.189431248851482E-8
2504	7.044717656630913E-8
2505	7.001381465698842E-8
2506	6.79456235275211E-8
2507	6.57546807521688E-8
2508	6.345851861766505E-8
2509	6.138870170720641E-8
2510	5.949220849288395E-8
2511	5.642817111350951E-8
2512	5.572928518660092E-8
2513	5.448633343026662E-8
2514	5.2793940833832194E-8
2515	5.067335481593697E-8
2516	4.9496050280595226E-8
2517	4.889198118955089E-8
2518	4.746488707259762E-8
2519	4.7009776634373186E-8
2520	4.653206679231895E-8
2521	4.639794752847592E-8
2522	4.519355698562322E-8
2523	4.486655083013602E-8
2524	4.42435852695174E-8
2525	4.297367907450204E-8
2526	4.278939294740288E-8
2527	4.26372816756763E-8
2528	4.208146856162405E-8
2529	4.08680009537458E-8
2530	3.8044653412801685E-8
2531	3.493775538506346E-8
2532	3.488243803436338E-8
2533	3.427787257000621E-8
2534	3.141528116164712E-8
2535	3.112427950924257E-8
2536	3.0978198436078705E-8
2537	2.9233357364451724E-8
2538	2.8571395856621015E-8
2539	2.8146247880537582E-8
2540	2.7710012950876717E-8
2541	2.7310685683327542E-8
2542	2.725610415884224E-8
2543	2.6751422647445602E-8
2544	2.6168078193222755E-8
2545	2.5738499213427228E-8
2546	2.509570755648838E-8
2547	2.2630994382192662E-8
2548	2.1935758513317674E-8
2549	2.0673538022227453E-8
2550	2.0459403475096374E-8
2551	1.9269877131004402E-8
2552	1.9045444214308797E-8
2553	1.865259970183312E-8
2554	1.804403275684763E-8
2555	1.7163584449993626E-8
2556	1.683284824120316E-8
2557	1.6522779115272592E-8
2558	1.5921880110643844E-8
2559	1.570534813311042E-8
2560	1.566590353737259E-8
2561	1.544573902852638E-8
2562	1.482120506324236E-8
2563	1.4695422360470426E-8
2564	1.4419281294901036E-8
2565	1.4087255332621377E-8
2566	1.3866816613491058E-8
2567	1.34737595303136E-8
2568	1.2616505351559226E-8
2569	1.2490794117544132E-8
2570	1.238674348276921E-8
2571	1.2118174315863447E-8
2572	1.200405688924396E-8
2573	1.1789282024684174E-8
2574	1.1565372955620509E-8
2575	1.1254390012519858E-8
2576	1.1107718004647419E-8
2577	1.0783279691395364E-8
2578	1.037656396363218E-8
2579	9.759647786230137E-9
2580	9.703789712508145E-9
2581	9.463176316633811E-9
2582	9.250536336935511E-9
2583	9.202913157461504E-9
2584	9.116794963404118E-9
2585	8.82471020702269E-9
2586	8.775424712818373E-9
2587	8.638040978799684E-9
2588	7.892657490534324E-9
2589	7.832149625149517E-9
2590	7.401712072881613E-9
2591	7.3853403984950696E-9
2592	7.209311903011439E-9
2593	7.166610653068043E-9
2594	7.007504798650643E-9
2595	6.957536176817787E-9
2596	6.62461096349413E-9
2597	6.4911326684106525E-9
2598	6.0097304318181464E-9
2599	5.904058456944009E-9
2600	5.676338510340884E-9
2601	5.518837239056514E-9
2602	5.345237852338869E-9
2603	5.17301081970345E-9
2604	5.152482647948394E-9
2605	5.040909674865664E-9
2606	5.000257689384095E-9
2607	4.912209069137437E-9
2608	4.795103158983238E-9
2609	4.320678392844002E-9
2610	4.186891307729941E-9
2611	4.110066183689772E-9
2612	4.092613122471297E-9
2613	4.008238837135044E-9
2614	3.941109483207583E-9
2615	3.8667267313978E-9
2616	3.7663173912960705E-9
2617	3.7018422697580415E-9
2618	3.6418141983555566E-9
2619	3.4918499499288675E-9
2620	3.3653342039012084E-9
2621	3.3000259710055008E-9
2622	3.1931489748634097E-9
2623	3.172518188894931E-9
2624	3.1211443503783205E-9
2625	3.007362714413375E-9
2626	2.897541584445662E-9
2627	2.78927879312126E-9
2628	2.7598580013924827E-9
2629	2.5515802211846977E-9
2630	2.518329367262595E-9
2631	2.5063595643359804E-9
2632	2.4327926932225336E-9
2633	2.311902432457676E-9
2634	2.2535398140159183E-9
2635	2.22970394740211E-9
2636	2.104160697532128E-9
2637	2.034403460508353E-9
2638	2.0163328784406076E-9
2639	1.960331807993043E-9
2640	1.94904554717823E-9
2641	1.8449432204192816E-9
2642	1.7950505674472575E-9
2643	1.7460600669020702E-9
2644	1.6407186720357458E-9
2645	1.6263355699190166E-9
2646	1.5546927301102186E-9
2647	1.3942676938919855E-9
2648	1.3805042442527339E-9
2649	1.3386753039412723E-9
2650	1.3153493701641613E-9
2651	1.2690682282823218E-9
2652	1.2588283008578098E-9
2653	1.249072667519613E-9
2654	1.235169477808995E-9
2655	1.1782137339840423E-9
2656	1.1647310079373105E-9
2657	1.1607612056726187E-9
2658	1.1368332645626347E-9
2659	1.102263702534856E-9
2660	1.0975478896095107E-9
2661	1.0943765005322347E-9
2662	1.0811527673126875E-9
2663	1.0792246503873078E-9
2664	1.0508459880043119E-9
2665	1.0133727338749546E-9
2666	1.0119774055776057E-9
2667	9.875128270664391E-10
2668	9.829886238321706E-10
2669	9.41773414808722E-10
2670	8.66652527520273E-10
2671	8.530503118701442E-10
2672	7.937317766012105E-10
2673	7.738462907506497E-10
2674	7.677594856166555E-10
2675	7.285217170268273E-10
2676	7.051533875331491E-10
2677	7.044532068789522E-10
2678	6.649777025321176E-10
2679	6.577609568125808E-10
2680	6.370870053729049E-10
2681	6.035504540591319E-10
2682	5.919314223964041E-10
2683	5.849656166863799E-10
2684	5.803473257515179E-10
2685	5.799308292845732E-10
2686	5.760732927721317E-10
2687	5.758729197206473E-10
2688	5.002679751934617E-10
2689	4.896818950328452E-10
2690	4.880120603919143E-10
2691	4.732398177035672E-10
2692	4.4651979891341396E-10
2693	4.3957696741851276E-10
2694	4.1931631500347067E-10
2695	4.15753239243107E-10
2696	4.093693088217757E-10
2697	3.9861708008478067E-10
2698	3.958040413939064E-10
2699	3.8439189609107415E-10
2700	3.78965185158601E-10
2701	3.6218660663204595E-10
2702	3.5400458860597913E-10
2703	3.534629181937513E-10
2704	3.3422953293893443E-10
2705	3.3397006641659267E-10
2706	2.9718876248807645E-10
2707	2.924657849234791E-10
2708	2.846691179077728E-10
2709	2.792368410572029E-10
2710	2.7233190517487553E-10
2711	2.67790944974422E-10
2712	2.627318806958101E-10
2713	2.5439549726039935E-10
2714	2.5149269333724076E-10
2715	2.499502234816949E-10
2716	2.4294024569826436E-10
2717	2.4165138038749016E-10
2718	2.2569916306262408E-10
2719	2.2343034089544745E-10
2720	2.2147765103378939E-10
2721	2.1053262836782474E-10
2722	1.904652435769094E-10
2723	1.884083407806732E-10
2724	1.8352780036442102E-10
2725	1.7428417227923394E-10
2726	1.7216906419056007E-10
2727	1.7165273646924105E-10
2728	1.6969951370053119E-10
2729	1.656430252220768E-10
2730	1.6274069499407536E-10
2731	1.605850267575685E-10
2732	1.5919556043778963E-10
2733	1.5265850805690208E-10
2734	1.4984700887528865E-10
2735	1.4493911256370968E-10
2736	1.43429623733482E-10
2737	1.3893656595579765E-10
2738	1.386774547048238E-10
2739	1.351963874185458E-10
2740	1.313298506981179E-10
2741	1.2798686555015592E-10
2742	1.274017336072575E-10
2743	1.257379977914752E-10
2744	1.0887622655294157E-10
2745	1.0780076091047401E-10
2746	1.0734009237012287E-10
2747	1.0483335681025589E-10
2748	1.0199840971836238E-10
2749	1.0100927501828967E-10
2750	1.0007710216086707E-10
2751	9.609569436482464E-11
2752	9.424994118489849E-11
2753	9.217486033700577E-11
2754	9.027806650389417E-11
2755	8.867377943033717E-11
2756	8.819641313569566E-11
2757	8.60429949511854E-11
2758	8.53457748917208E-11
2759	8.204406043432754E-11
2760	8.01937479385136E-11
2761	7.971732903418646E-11
2762	7.882992036911674E-11
2763	7.867733131661226E-11
2764	7.807982408773265E-11
2765	7.692229075928481E-11
2766	7.632460589472127E-11
2767	7.527211446737662E-11
2768	7.335323459756182E-11
2769	7.145821712128964E-11
2770	6.915019667985689E-11
2771	6.463043433768689E-11
2772	6.324682999547804E-11
2773	6.284969581808278E-11
2774	6.172194607264222E-11
2775	6.122225689371892E-11
2776	5.813423816410553E-11
2777	5.727844865077714E-11
2778	5.5722715330830394E-11
2779	5.409071709057874E-11
2780	5.251804916876305E-11
2781	5.145365615059442E-11
2782	5.024709537337912E-11
2783	4.9694648396325644E-11
2784	4.504829102340106E-11
2785	4.343974069342949E-11
2786	4.21314538812112E-11
2787	4.0314655317767274E-11
2788	4.0028247383361307E-11
2789	3.9308941287193497E-11
2790	3.83018061711482E-11
2791	3.6854845101667405E-11
2792	3.610391985375827E-11
2793	3.3583683981911844E-11
2794	3.2700775420835273E-11
2795	3.258797676153336E-11
2796	3.119472088049709E-11
2797	3.086437772026329E-11
2798	2.983509735562014E-11
2799	2.9055158279334137E-11
2800	2.8802915608139302E-11
2801	2.6243955157193946E-11
2802	2.5944994301122885E-11
2803	2.5700153116758883E-11
2804	2.5426416527807304E-11
2805	2.4250527512018987E-11
2806	2.393546102060403E-11
2807	2.3868255520180052E-11
2808	2.3521273817550535E-11
2809	2.2805934918324056E-11
2810	2.212185989947102E-11
2811	2.1614828445611543E-11
2812	1.8873850630522307E-11
2813	1.8568850161197286E-11
2814	1.7921308881341246E-11
2815	1.7113421790782013E-11
2816	1.6701603063514387E-11
2817	1.6598870426302408E-11
2818	1.6486663885946957E-11
2819	1.46632335903026E-11
2820	1.4644996326751424E-11
2821	1.364478900237979E-11
2822	1.3630696571453881E-11
2823	1.3104954158886055E-11
2824	1.2492999227712668E-11
2825	1.2446458678520382E-11
2826	1.2346212940883561E-11
2827	1.2133109332050177E-11
2828	1.1948901127804371E-11
2829	1.1808332089913165E-11
2830	1.1649881059838663E-11
2831	1.1436303755848106E-11
2832	1.1379993244039118E-11
2833	1.1308406063411288E-11
2834	1.0951180703007897E-11
2835	1.0742458774378367E-11
2836	1.037966749587819E-11
2837	9.622584210925804E-12
2838	9.525299068021316E-12
2839	9.458389627070574E-12
2840	8.65085780787922E-12
2841	8.515084933454394E-12
2842	8.386299062597876E-12
2843	8.05980467551611E-12
2844	7.964295889451023E-12
2845	7.884241407888718E-12
2846	7.863694880446322E-12
2847	7.570181518682754E-12
2848	7.557569385123013E-12
2849	7.2252130204712255E-12
2850	6.976641486744484E-12
2851	6.919028313253269E-12
2852	6.8046309327958925E-12
2853	6.596974818270004E-12
2854	6.55037505718307E-12
2855	6.359179849368957E-12
2856	6.2458482830152205E-12
2857	5.925215873503475E-12
2858	5.910294476052513E-12
2859	5.6581702286469715E-12
2860	5.654025396021704E-12
2861	5.5017324029904554E-12
2862	5.241792185491553E-12
2863	5.2283510854067575E-12
2864	5.184001376316398E-12
2865	5.127927712085997E-12
2866	5.0861241144654434E-12
2867	4.989371878612777E-12
2868	4.849276535878744E-12
2869	4.820973250237633E-12
2870	4.784617146924575E-12
2871	4.498327636307901E-12
2872	4.310152235120768E-12
2873	4.184623018469816E-12
2874	4.0991802544946644E-12
2875	3.889984630707962E-12
2876	3.870918400631732E-12
2877	3.533588236829625E-12
2878	3.518311568010783E-12
2879	3.259318740826226E-12
2880	3.229120674556422E-12
2881	3.176244452636941E-12
2882	3.1583032485589987E-12
2883	3.111999546945299E-12
2884	3.0259054521290334E-12
2885	2.787636788070813E-12
2886	2.6923056376896665E-12
2887	2.6634102331020887E-12
2888	2.659383824266115E-12
2889	2.4659977763500744E-12
2890	2.4437341039629246E-12
2891	2.413772885271707E-12
2892	2.41140440948584E-12
2893	2.3545017787303854E-12
2894	2.2593482640331787E-12
2895	2.2143472241017054E-12
2896	2.1813661987835076E-12
2897	2.121384549506426E-12
2898	2.03493518332228E-12
2899	2.0248099493376986E-12
2900	1.9606834674353498E-12
2901	1.9363473787355662E-12
2902	1.880806621556985E-12
2903	1.839831990461486E-12
2904	1.7434350259766992E-12
2905	1.642182686130885E-12
2906	1.5824378844323899E-12
2907	1.533588071348883E-12
2908	1.522989142207128E-12
2909	1.4891791503638767E-12
2910	1.463244340508633E-12
2911	1.4432307201180569E-12
2912	1.4340528764478221E-12
2913	1.4252303041454677E-12
2914	1.3625841196092856E-12
2915	1.302010351385737E-12
2916	1.2893390059313485E-12
2917	1.2662463670191453E-12
2918	1.2307192302311403E-12
2919	1.1426711428915344E-12
2920	1.1127099242003169E-12
2921	1.1082098202071696E-12
2922	1.1008083333763353E-12
2923	1.0925778800204475E-12
2924	9.557391914919814E-13
2925	9.144092890286022E-13
2926	9.077775568281747E-13
2927	8.920271928521591E-13
2928	8.822572302354578E-13
2929	8.804216615014108E-13
2930	8.576842939570876E-13
2931	8.409865396667253E-13
2932	8.316310603125506E-13
2933	8.13156949182788E-13
2934	8.015514178320397E-13
2935	7.881695296418911E-13
2936	7.835510018594505E-13
2937	7.695769947228352E-13
2938	6.997661709344053E-13
2939	6.899369964230572E-13
2940	6.522190195331253E-13
2941	6.303106185138555E-13
2942	6.105338457018661E-13
2943	6.073956152855923E-13
2944	5.718092666029406E-13
2945	5.580128951502653E-13
2946	5.501969250569043E-13
2947	5.4332834527789E-13
2948	5.307162117181481E-13
2949	5.231370892033738E-13
2950	5.157356023725394E-13
2951	4.930574467228628E-13
2952	4.885573427297156E-13
2953	4.857151717866752E-13
2954	4.635699231888186E-13
2955	4.27983574506167E-13
2956	4.015158575991033E-13
2957	4.007461029686965E-13
2958	3.9731181307918934E-13
2959	3.891405716179482E-13
2960	3.7688370942608646E-13
2961	3.66403204073625E-13
2962	3.6557423754857157E-13
2963	3.629097022894712E-13
2964	3.564556057729836E-13
2965	3.5420555377640995E-13
2966	3.5201471367448295E-13
2967	3.410013012702014E-13
2968	3.317050338106734E-13
2969	3.2673123466035274E-13
2970	3.2187585929932536E-13
2971	3.1755339099011813E-13
2972	2.986055847031821E-13
2973	2.8617108682738034E-13
2974	2.8119728767705967E-13
2975	2.7829590483937256E-13
2976	2.652692880171041E-13
2977	2.6011785318284335E-13
2978	2.556769610843427E-13
2979	2.50703161934022E-13
2980	2.3489358606335976E-13
2981	2.282026419682855E-13
2982	2.2624864944494522E-13
2983	2.2080115513745113E-13
2984	2.147023299888436E-13
2985	1.7905676941154524E-13
2986	1.784646504650785E-13
2987	1.7739883636143833E-13
2988	1.6668148343039016E-13
2989	1.6099714154430938E-13
2990	1.5750363976015555E-13
2991	1.5412856176529506E-13
2992	1.5318117145094827E-13
2993	1.511679670329613E-13
2994	1.4643101546122732E-13
2995	1.4536520135758715E-13
2996	1.4400332778071363E-13
2997	1.4187169957343333E-13
2998	1.4163485199484664E-13
2999	1.3962164757685968E-13
3000	1.3926637620897965E-13
