1	52780.96208446104
2	46869.402040887435
3	42934.95482190457
4	38416.57736859772
5	33402.60065120168
6	31040.98866289156
7	29027.62035068149
8	26567.74101805391
9	25243.73893919365
10	23586.35699437194
11	22277.552136736736
12	20669.759247134432
13	19067.249369781166
14	17860.146805244454
15	16447.44182254074
16	14942.170344488977
17	14322.86603643061
18	13350.288002434187
19	12247.385237138526
20	11523.600621048325
21	10668.518814768524
22	10162.382279408865
23	9752.580238878118
24	9203.85218307247
25	8709.864380747325
26	8144.136861561385
27	7713.158016924711
28	6963.370788555591
29	6683.596591330305
30	6357.797696696742
31	6130.877520580541
32	5671.211085105148
33	5141.814036882987
34	4907.076435114453
35	4744.533118406662
36	4424.891932523733
37	4133.2567980839185
38	3836.7247597819037
39	3603.996391425374
40	3415.114705880209
41	3214.3046258250265
42	3036.541771807229
43	2919.4881337781753
44	2810.0923850917798
45	2670.605712191446
46	2559.034923099904
47	2405.611688333385
48	2288.7037988711236
49	2203.0746890818386
50	2069.380778136699
51	1986.1721752452017
52	1879.074136016204
53	1746.3413963237988
54	1627.8907148198398
55	1558.4085915943551
56	1466.6210095386602
57	1358.8727402701816
58	1297.7953842050617
59	1231.2041269346335
60	1174.0198212717805
61	1133.9529880234622
62	1080.64879959493
63	1035.7635039415507
64	982.6468491939105
65	942.845364626051
66	895.9007369779973
67	881.998306780501
68	824.9893996229075
69	776.4738063138365
70	741.2673533597076
71	721.0810585593171
72	688.6033191694821
73	646.8650137321551
74	604.7404849953303
75	569.3476173447301
76	550.3715303812963
77	529.8760742213789
78	495.3691892641352
79	480.81543073182166
80	457.0510327836331
81	436.0903248834043
82	421.18179434377544
83	403.74213216368804
84	383.55492727352026
85	371.0573522532453
86	359.2633349285846
87	341.1177714875681
88	326.0752020844724
89	305.38397803281254
90	292.4225106251084
91	274.1093716431021
92	256.33141427145586
93	249.12113539079687
94	240.13706596412382
95	231.21821578953953
96	217.29704009017482
97	207.91373275057364
98	200.733299156782
99	189.1052561724717
100	179.1017496143295
101	175.105688885974
102	163.62029267532264
103	157.3442116375093
104	153.28504863081608
105	149.46030862824244
106	144.37780386843914
107	141.9013785261071
108	135.5037603035367
109	129.0837719647284
110	124.58460148042327
111	120.63062575604135
112	113.16862821257509
113	107.94468659931704
114	102.90808426731994
115	98.26712059486371
116	95.84186829620049
117	92.59854192745398
118	89.65360598463137
119	85.90522066819487
120	83.39602521474345
121	80.72137111346153
122	77.89364053115385
123	75.02110082528786
124	72.53132704995052
125	70.72827094276423
126	67.4156621977293
127	65.48306880022417
128	63.59078876428867
129	62.03039031495257
130	59.558940867570385
131	57.08871639462347
132	55.51993211820736
133	52.80357180447099
134	51.30446614845
135	49.915558531128326
136	49.130965039039765
137	47.81239086540965
138	46.423791806924015
139	44.30374305449736
140	43.39363304302222
141	42.43873139577058
142	41.45207427572485
143	39.36395005990586
144	38.26146107684146
145	36.044910410198774
146	34.447465582371116
147	33.67077600856738
148	32.71347271065949
149	32.15406149118647
150	30.919619797994066
151	29.95169223230595
152	29.24497641218053
153	28.370923999580906
154	27.596808931275117
155	26.667040732625697
156	25.948852968549872
157	25.49274486087147
158	24.604491054455096
159	23.908268476171916
160	23.279767456963363
161	22.57323800973764
162	22.012792178947322
163	21.45505904910508
164	21.091142827082816
165	20.499988200811003
166	20.05571908282973
167	19.238241732868122
168	18.601500376606896
169	18.417349931335554
170	17.78249400560552
171	17.08165020257729
172	16.79466427147863
173	16.349192122384732
174	15.991980889937095
175	15.649718388264388
176	15.118695716198634
177	14.749346491897958
178	14.284847064170451
179	13.97855226218855
180	13.68736459572087
181	13.324514037544752
182	12.992963601585664
183	12.725128593351814
184	12.379859692199682
185	12.204432271943634
186	11.92792054965688
187	11.69386466523295
188	11.410403742269375
189	11.171726083398967
190	10.925994522796392
191	10.554183584814592
192	10.347816512284485
193	10.038765821777474
194	9.787104363156201
195	9.563129564195417
196	9.405227145756218
197	9.240864883423495
198	9.11880233655711
199	8.844556130016656
200	8.672778470429128
201	8.480764808641181
202	8.303130258773171
203	8.083149422208406
204	7.903200549209588
205	7.820572055880039
206	7.6143399758601635
207	7.475493988359675
208	7.313259264768608
209	7.162256485975749
210	7.0096529474595055
211	6.921258292167492
212	6.7233272175493655
213	6.651843706244765
214	6.585011859334633
215	6.492826873496073
216	6.390694703562761
217	6.221892888588756
218	6.090514127786869
219	5.94815110864671
220	5.846275245384464
221	5.7315852325559495
222	5.65171581568685
223	5.558943072472349
224	5.498327283403776
225	5.336700925918665
226	5.284079093958362
227	5.190955205775311
228	5.082015509732028
229	5.009836769332365
230	4.965582416924469
231	4.897273499517054
232	4.758760689621661
233	4.694218018051595
234	4.63795482832777
235	4.531152529123815
236	4.424943322716547
237	4.356742146995905
238	4.29564965403617
239	4.233394457192141
240	4.1665251583914324
241	4.120809111354523
242	4.036528853231101
243	3.9640680124609764
244	3.8744898518616253
245	3.8043323798656368
246	3.759527899829529
247	3.7319743253132693
248	3.68581553329824
249	3.632189278428846
250	3.5618247016227373
251	3.492421745626854
252	3.41688302075889
253	3.359750363760686
254	3.288971261943479
255	3.2680690020633048
256	3.216125472795062
257	3.187803305617082
258	3.1240801654542723
259	3.1025408952232416
260	3.061086971273684
261	3.018210824402949
262	2.9904278750118034
263	2.9549105096702424
264	2.9344478871507516
265	2.8765015169600963
266	2.8484797323820974
267	2.8132709348702147
268	2.778496728881282
269	2.7491149854094163
270	2.7310702336509514
271	2.6743240589992996
272	2.652066693812225
273	2.608496681050966
274	2.573437221810473
275	2.539801304465098
276	2.5154518912166948
277	2.481197658665678
278	2.4531139441194765
279	2.4250399481242337
280	2.4035504433367554
281	2.372780304052145
282	2.3529552951475874
283	2.3268465489167984
284	2.294452906658578
285	2.2757502484994325
286	2.226760081923165
287	2.2040416190249483
288	2.1767817276567163
289	2.150509876032506
290	2.138383073922323
291	2.119883721663404
292	2.0967758602822637
293	2.0834801371885345
294	2.05361873350738
295	2.0314451209010715
296	2.0079892829001325
297	1.9903788497122699
298	1.96739025063834
299	1.9403777093588475
300	1.9184708031399598
301	1.8966876665555832
302	1.8876025493548072
303	1.8692006944923905
304	1.844185509060298
305	1.8249432109616568
306	1.8102063348945403
307	1.7982128637547927
308	1.783512643205036
309	1.7716074545722764
310	1.754069372380185
311	1.7439192794173268
312	1.7228366251013791
313	1.7051532309981077
314	1.6979836283585341
315	1.6732045314864508
316	1.660084947024086
317	1.6469891499869334
318	1.6317378079500988
319	1.6217834103985496
320	1.6081494988213512
321	1.5958983536942994
322	1.583856303610897
323	1.5697874665046427
324	1.5548274783887857
325	1.5438230829182047
326	1.5215011009438801
327	1.513895664447577
328	1.4957639389533541
329	1.4874223438821716
330	1.4730892677844707
331	1.4616128638991437
332	1.4478129666613777
333	1.4388530203749774
334	1.422218567883989
335	1.4080118442249356
336	1.3974547548164429
337	1.387061413545731
338	1.368114890898972
339	1.3551562704032234
340	1.3414300344475956
341	1.3330478849535077
342	1.3127412605784163
343	1.2916586609682066
344	1.275668454677425
345	1.2613234917883023
346	1.2481371256928175
347	1.2368295725929233
348	1.2232930073155994
349	1.2070101081378397
350	1.1850858437243
351	1.163407453916837
352	1.1549238720450836
353	1.1396186715411578
354	1.1096433503653964
355	1.0956000868490292
356	1.079704212874117
357	1.068662181807354
358	1.0506599755260408
359	1.0430593232064373
360	1.019242864420727
361	1.0039244564401342
362	0.9960968471937603
363	0.9788898509057976
364	0.9709187886449462
365	0.9599926687954617
366	0.9415872933055459
367	0.9259740253616846
368	0.9138349954826991
369	0.9053688997747027
370	0.8933739965919361
371	0.8794377347813538
372	0.8690148979709728
373	0.8503095030037127
374	0.8343365616210671
375	0.8295455724645854
376	0.8160998221015368
377	0.8088340490919815
378	0.8004523670764553
379	0.7773060498028564
380	0.7706490038253411
381	0.7583929376100176
382	0.7448250574407324
383	0.7349080778359379
384	0.7266205370070595
385	0.71394180171834
386	0.6980981922848278
387	0.6912480407794918
388	0.6842113905098591
389	0.6689851345167935
390	0.6578468881570206
391	0.6489146311082395
392	0.6345929790392065
393	0.6207573908582645
394	0.6117225295121977
395	0.6071712526209565
396	0.5967799176487846
397	0.5910124417548491
398	0.5856139782190553
399	0.5811512777460771
400	0.5760779836620961
401	0.5706407531056265
402	0.5659707665845022
403	0.5637413754383179
404	0.5607390871087932
405	0.5560627725542259
406	0.5493614347128825
407	0.5429650428568372
408	0.5386028468558827
409	0.5343731468084482
410	0.5264468816602236
411	0.5238676701462233
412	0.5211603942656735
413	0.5177488211204258
414	0.5154279368015354
415	0.5110475831055616
416	0.5064006957031536
417	0.5031635299362552
418	0.49966572508957496
419	0.495591202239635
420	0.49275455063527873
421	0.49065578976092716
422	0.485743990193026
423	0.4826981737827922
424	0.4796287381179294
425	0.4749169879746275
426	0.4732477194816608
427	0.4697660979610741
428	0.4651246486414414
429	0.4623014164846078
430	0.45870914746159774
431	0.4537860218700447
432	0.4501135314262841
433	0.4476431392060632
434	0.44320461203167166
435	0.43879496662749984
436	0.4368184998263624
437	0.4333387079932795
438	0.42742080338957994
439	0.4245143316769495
440	0.41922596748339813
441	0.413623585987711
442	0.40943933644153907
443	0.40769308165619905
444	0.4038296846621362
445	0.40088542319700804
446	0.3980679462351771
447	0.3953776012280366
448	0.39269190396929166
449	0.3895296968048765
450	0.3879458585811844
451	0.3847919645952472
452	0.38093418768724746
453	0.37865711383852646
454	0.3765246007655421
455	0.37332980343670397
456	0.37065522397606826
457	0.36863010129109147
458	0.36559060333224713
459	0.36344898321608005
460	0.36115728559689086
461	0.3578496655071134
462	0.35554313373492186
463	0.35398924684161687
464	0.35065704600057984
465	0.3481440117117299
466	0.3462582876198132
467	0.3437087325934599
468	0.34169772862300046
469	0.33921191592733285
470	0.3372432326100276
471	0.3336607640643872
472	0.3320589784522728
473	0.32985906485512956
474	0.32707680808998857
475	0.324837447335728
476	0.32216798516887135
477	0.3208274327226741
478	0.31801582555587404
479	0.3154012379884403
480	0.31331542977093646
481	0.3107491966622259
482	0.3076139067643478
483	0.30596767211760745
484	0.3022155905926506
485	0.299753283707007
486	0.2960368860752138
487	0.2942172819558385
488	0.2911220700049039
489	0.2891112898269747
490	0.2867815089705813
491	0.2850382673592194
492	0.28301316607235544
493	0.2813458173221999
494	0.2795119959320583
495	0.2779517089288266
496	0.27652268165324273
497	0.2749300304621844
498	0.27375368552581064
499	0.2724263047769859
500	0.27093484086229275
501	0.26904606146974175
502	0.2677893536871982
503	0.26651040881724547
504	0.26557425910903176
505	0.26417761862037975
506	0.2630042923873681
507	0.2619068728999104
508	0.26043683199615325
509	0.2591615770829299
510	0.25788126307175774
511	0.256419990151788
512	0.2555160030958708
513	0.25415028840497883
514	0.25308568639447965
515	0.25189996706352197
516	0.2504634900341765
517	0.24910089441648023
518	0.24742319568804394
519	0.2466361468348885
520	0.24497051741058018
521	0.24388473121971563
522	0.2421197127831564
523	0.24071085110343116
524	0.2385039734485595
525	0.23751154580884173
526	0.23626214669827642
527	0.23430014177648809
528	0.23261343801613663
529	0.23085160815434547
530	0.23001237523412524
531	0.22874589072321108
532	0.2273411052189695
533	0.22618739483066133
534	0.22485612674924796
535	0.22381937391761297
536	0.22254661384736088
537	0.22118211184589123
538	0.22018136715999406
539	0.21905141058816546
540	0.21756757865547807
541	0.21608461350296418
542	0.2148479884136428
543	0.21316776106004365
544	0.2122706729339122
545	0.21098433171493036
546	0.2102980881978276
547	0.20823576508513478
548	0.20733075296045264
549	0.20599908807104778
550	0.20514884766620856
551	0.2035077341638467
552	0.2023216172442334
553	0.2007988135918318
554	0.19986683145755213
555	0.19895565294119813
556	0.19819576553990412
557	0.19719789385561012
558	0.19651664186808906
559	0.19592835343249934
560	0.19531719602797437
561	0.1947212713548098
562	0.19426163296015098
563	0.19362202810228982
564	0.19315461681937415
565	0.1925396045295194
566	0.19163817188173543
567	0.1913068241303365
568	0.19053216824288655
569	0.18973862909773523
570	0.18881488750338737
571	0.18831810613108674
572	0.1874365655226639
573	0.18684126925334213
574	0.18609154514908874
575	0.18530485085356527
576	0.18421277297984948
577	0.18326439216568471
578	0.1824347024491307
579	0.18182622167666193
580	0.18046092720527634
581	0.17936855026495094
582	0.17822745879915133
583	0.17672296024616044
584	0.17584619623794573
585	0.1745484411419402
586	0.17342474220745732
587	0.17220396812157626
588	0.17066589358285233
589	0.16967441479406725
590	0.1684801054047226
591	0.1670417896301511
592	0.1653192940420148
593	0.16370260813419263
594	0.16258389628769418
595	0.16105462183170693
596	0.1589815390013949
597	0.15717977348750506
598	0.1552742765468009
599	0.15417297659472887
600	0.15288915907067607
601	0.1520387608735118
602	0.15146796818942915
603	0.1506846725529238
604	0.14939436730117
605	0.14906276266845225
606	0.1486004364989532
607	0.14801258885309312
608	0.1473772269803267
609	0.14674503354052165
610	0.14608462990786827
611	0.14532827456396918
612	0.14463253849761643
613	0.14399379894576947
614	0.1436322995504637
615	0.14278237254218704
616	0.14217315841175662
617	0.1414903239985238
618	0.1409299965749045
619	0.13998267900520475
620	0.13929689355614008
621	0.13842921634135746
622	0.13781059780003066
623	0.13673881755826678
624	0.13574018165015686
625	0.13515909540454812
626	0.13393469425801394
627	0.13287742637818295
628	0.13210695687495222
629	0.13082442250623674
630	0.12943635926334685
631	0.1284019127506295
632	0.12722678964125536
633	0.125737039185028
634	0.12495288123284322
635	0.12362978933761619
636	0.12214631305891972
637	0.12056017116085734
638	0.11917869246568426
639	0.11769626984575335
640	0.11584041877351735
641	0.11547124488260868
642	0.11442322476420065
643	0.112713870774688
644	0.11024981085301536
645	0.10949161460349893
646	0.10779817190144494
647	0.10663845707702793
648	0.10559398149624659
649	0.10250678164273987
650	0.0984614419437294
651	0.09814573389487641
652	0.09756357903061673
653	0.09623649015069516
654	0.09569380370015867
655	0.09337803742359871
656	0.09063545321201326
657	0.08883218869874235
658	0.08806897468731578
659	0.08375801980546664
660	0.08292405227240578
661	0.08045512692728761
662	0.0796684600210375
663	0.07890548461621258
664	0.07749147754897007
665	0.0762322649307882
666	0.07545687464954454
667	0.07524580421521283
668	0.07467944400232503
669	0.07442121335547154
670	0.07406059668985078
671	0.07379464701679507
672	0.07319071485361826
673	0.07303400246762326
674	0.07279180178842479
675	0.07224654814278314
676	0.07199700515407409
677	0.07172349734628038
678	0.07138592755597352
679	0.07104562093255778
680	0.07072723591547801
681	0.07041197848931031
682	0.07025492382635849
683	0.0699438159862257
684	0.0697624028480021
685	0.06956417453853163
686	0.06936514359151856
687	0.06910370638421574
688	0.0688961337662941
689	0.06858639538640282
690	0.0682943216220954
691	0.06808526527793186
692	0.06771580678467574
693	0.06755076492636587
694	0.06719362281868364
695	0.06683864873060964
696	0.06648037328495793
697	0.06624892091297864
698	0.06573193134352882
699	0.06536670624246196
700	0.06486376458723156
701	0.06473156816602414
702	0.06444508970859839
703	0.06364908312241721
704	0.0631844105428732
705	0.0628070667812654
706	0.06243685181766382
707	0.06212833309867225
708	0.06092378618125271
709	0.06050402780661923
710	0.059966241961815984
711	0.05901026359450206
712	0.05804232646507272
713	0.05700631710605871
714	0.05639768758617055
715	0.05619978059730358
716	0.055652846166104636
717	0.05532792648284868
718	0.055064670762841786
719	0.05488399543499708
720	0.054696756393072095
721	0.05440553053822246
722	0.05428104174650054
723	0.0540462679232317
724	0.05364588177515111
725	0.053519395565416114
726	0.05331492404134513
727	0.05312445649124652
728	0.052679408597361796
729	0.05235824664705924
730	0.05213128842525814
731	0.05200188262510757
732	0.05160649017006804
733	0.051414955395707194
734	0.05111191013343518
735	0.050694832921453346
736	0.050483929999684075
737	0.050075494514196336
738	0.04975548852428916
739	0.04948298186815712
740	0.04911705341759269
741	0.04889244728251971
742	0.04866309361456719
743	0.048241620644593954
744	0.04795284839947734
745	0.0476521392760816
746	0.047441897633576584
747	0.047042446550634345
748	0.0468704349240593
749	0.04658079322202981
750	0.04646350407025848
751	0.04624287755566405
752	0.046007551939350036
753	0.04579703133941362
754	0.04566125567427517
755	0.04544845324386877
756	0.04521695530787559
757	0.04489933240177378
758	0.04457849078748728
759	0.04435423868005866
760	0.04402412942481781
761	0.04378745391259606
762	0.04344717661522041
763	0.04308802816935155
764	0.042894675957917926
765	0.04236952850961943
766	0.04193818030664705
767	0.04170410659551765
768	0.04104689865976055
769	0.040581478590749724
770	0.04010616775708979
771	0.03979738872401505
772	0.03945978859126843
773	0.03859406982742098
774	0.038269979993331725
775	0.03772322227749948
776	0.0369778263456804
777	0.0363486668891069
778	0.03600313093372274
779	0.03570464313749521
780	0.034471265158430915
781	0.03420058066914123
782	0.03368838757589174
783	0.03343603177810197
784	0.0330613176494943
785	0.0327896216898153
786	0.032587475990615
787	0.03239042352080902
788	0.03232941848869865
789	0.03201490653305919
790	0.0319192339300375
791	0.03183221464786446
792	0.031549348603556154
793	0.03140063623155135
794	0.03119207257261298
795	0.030932367488611754
796	0.030817237680899126
797	0.030595177767320396
798	0.03051764327306442
799	0.03032146094882472
800	0.0300720807105746
801	0.02997911371924331
802	0.029752930225362146
803	0.029554752566560358
804	0.029319937123170735
805	0.02920551474014419
806	0.029107920357965462
807	0.028988774757386784
808	0.02883223937956976
809	0.028732613959066334
810	0.028523320612305607
811	0.028409232746752187
812	0.028285022372376838
813	0.02810616233234272
814	0.027931956867269236
815	0.027895413777972868
816	0.027738088691327753
817	0.027541767002444633
818	0.027515299898704194
819	0.02738494642993852
820	0.02736248905146395
821	0.027208646072120476
822	0.02711636986546449
823	0.027071387644881432
824	0.027016592989521637
825	0.02693108597520704
826	0.026859388046488835
827	0.02682696929010148
828	0.026783734113654065
829	0.02676129926489492
830	0.02670798488081282
831	0.026670057666553747
832	0.026631569542142887
833	0.026581604015290507
834	0.026529159500575217
835	0.026476556013197212
836	0.02641341754554098
837	0.026357423850590384
838	0.02634061410351688
839	0.02629307349522386
840	0.026254069283992505
841	0.02619441032659903
842	0.026154751875906764
843	0.02612915177793227
844	0.02605752673074495
845	0.025998456268080433
846	0.02592769083477196
847	0.025876085652106088
848	0.02581208055038096
849	0.02577827618786649
850	0.02573098520148332
851	0.02567209797591852
852	0.025645515924667697
853	0.025580005279741566
854	0.025509981985489916
855	0.025457140615469033
856	0.025416245921275598
857	0.025349890885238317
858	0.02530434402711263
859	0.025247381641671614
860	0.025199630322209746
861	0.02515108439803721
862	0.025106277648967987
863	0.025029174607405624
864	0.024912295550820987
865	0.024878771202780998
866	0.024787764753902798
867	0.024695019467475928
868	0.024660688197066738
869	0.024590169048784076
870	0.024548155816336962
871	0.024480726952849977
872	0.02436495086567085
873	0.02426936887102334
874	0.02417928648086714
875	0.024090969307525228
876	0.024018644792794495
877	0.023916383412548838
878	0.023783065846095654
879	0.023673880816835486
880	0.02359132055108674
881	0.023448186335794537
882	0.02335699213162608
883	0.023272297071626622
884	0.023149221985091183
885	0.0230231971488813
886	0.02294912755601753
887	0.02275688857025114
888	0.02271054919220518
889	0.022605402971827997
890	0.022511306816762795
891	0.022433912037608392
892	0.022286416225082543
893	0.02216510067937471
894	0.022042169777939942
895	0.02193897842400325
896	0.021863758994220547
897	0.021711137376051782
898	0.021409660504590755
899	0.021156318265492864
900	0.020918798244524615
901	0.0207195901764038
902	0.020602723352491532
903	0.020329792784906726
904	0.020195922836894534
905	0.020085540239505765
906	0.019905501269626837
907	0.01983924214316552
908	0.019775037379279162
909	0.019607460030502035
910	0.01946450494590133
911	0.01934010874649771
912	0.01920639238155903
913	0.019094797888335235
914	0.01905829589834931
915	0.018943533896057796
916	0.018792305502624725
917	0.01865978632627777
918	0.018626354679721936
919	0.018567634242051878
920	0.018514570926317704
921	0.018456649688716912
922	0.018440919633007213
923	0.018430186288262186
924	0.018367234827879646
925	0.018338179220252028
926	0.01831950143920391
927	0.018302684470269833
928	0.01827726751275555
929	0.018251915366875752
930	0.018230298581962123
931	0.018204202815176873
932	0.01818492266613759
933	0.01815692158080492
934	0.01813225218471315
935	0.018111377410295993
936	0.018079615004634234
937	0.018050904384214125
938	0.01801666605681207
939	0.017993460364901622
940	0.017965573150365777
941	0.01791817119609467
942	0.01788917079007637
943	0.017871231082120312
944	0.017852819236211858
945	0.01780951190410625
946	0.01779315195234214
947	0.01775295925446936
948	0.017723123494468127
949	0.017698166763721004
950	0.017657213968517917
951	0.017623896014143155
952	0.017549930593620835
953	0.01750395936213823
954	0.017463206968291716
955	0.017439927068157213
956	0.017375886285319844
957	0.01732970164025646
958	0.017268989264733546
959	0.01723579355784545
960	0.017148498376122655
961	0.017097301129586417
962	0.017036739893477627
963	0.016957296842181783
964	0.01688377260432039
965	0.016801349975697513
966	0.01673436691079783
967	0.016691054723744884
968	0.01664761033033835
969	0.016606401460471733
970	0.016561144821926808
971	0.016426602906106348
972	0.01631591738838681
973	0.016286401155778833
974	0.016177137047215673
975	0.016128075312269306
976	0.016082472628099045
977	0.016001959253517908
978	0.01594795738219212
979	0.015899317273114055
980	0.015845619341814908
981	0.01576953385149971
982	0.015728870003881217
983	0.01563469298972447
984	0.015566740777317598
985	0.01547497222880541
986	0.015406328580162347
987	0.015292398299919355
988	0.015212558643850222
989	0.015123581467659733
990	0.015004078074711498
991	0.014927218270026616
992	0.014844849226940283
993	0.014707579779963568
994	0.0144686858908544
995	0.014361918075655322
996	0.014310614151288256
997	0.013871852890103991
998	0.013696765167590197
999	0.013445497585526546
1000	0.01323165002158251
1001	0.01303381064414614
1002	0.012723987282928543
1003	0.0124997767744645
1004	0.012450399097627917
1005	0.012322193391628737
1006	0.011894817440323092
1007	0.011847728411691053
1008	0.011693229457006892
1009	0.011323639034937926
1010	0.01112941436418885
1011	0.011103605989299046
1012	0.010755934539609107
1013	0.01067786075894544
1014	0.010409764611647198
1015	0.010342641091765229
1016	0.0102633251695206
1017	0.010238584490098483
1018	0.010230437721011709
1019	0.010216918430111476
1020	0.010206315330778185
1021	0.010201285439802785
1022	0.010192704442112637
1023	0.0101803332469429
1024	0.010176334659310355
1025	0.010169877697742765
1026	0.010158524618408597
1027	0.010143946154567455
1028	0.010137938440643623
1029	0.010127255696212785
1030	0.010119190393156377
1031	0.010110931868542124
1032	0.010108182586392752
1033	0.010096581628644723
1034	0.010089382370564386
1035	0.010085575617003972
1036	0.010075964697871535
1037	0.01006767730112071
1038	0.01005482680408437
1039	0.01004166302071401
1040	0.010035350151689493
1041	0.010024509004838663
1042	0.01001449428788387
1043	0.00999494483672187
1044	0.009975034879147127
1045	0.009962614082037302
1046	0.009948818596915921
1047	0.009934732063846955
1048	0.009926554944370503
1049	0.009919109219188434
1050	0.00990992887683842
1051	0.00989910942902384
1052	0.00989277915705884
1053	0.00986689566840346
1054	0.009859862102430906
1055	0.009854054668406276
1056	0.009846750862529426
1057	0.009819447411600613
1058	0.009805363164036946
1059	0.009796358985722202
1060	0.009775091480270158
1061	0.009743565910998285
1062	0.009738223369424197
1063	0.009707121949278637
1064	0.009680971606053364
1065	0.009664982620883408
1066	0.00962169613328189
1067	0.009584519745104197
1068	0.009545618250068584
1069	0.009528115352286386
1070	0.009476225634937059
1071	0.009436175353754623
1072	0.00942284564828878
1073	0.009395364956570762
1074	0.00937570319446914
1075	0.009352771167624296
1076	0.009348988966903721
1077	0.00933943833576162
1078	0.009329698538698488
1079	0.009313068046845068
1080	0.00930773561527465
1081	0.009278669892139553
1082	0.009267003221727004
1083	0.00925005362470587
1084	0.009236229758144188
1085	0.009218686760315073
1086	0.009215597387855747
1087	0.009185911439069692
1088	0.009171225478746981
1089	0.009120992220054216
1090	0.009075430594990242
1091	0.009043381190949891
1092	0.009008910579293613
1093	0.008942581524444942
1094	0.008916169678841662
1095	0.00887102876041626
1096	0.00883918982178938
1097	0.008706678975598403
1098	0.008695077467269595
1099	0.008647952095173035
1100	0.008581608653469198
1101	0.008575968620504726
1102	0.008349620997545167
1103	0.008267960005183123
1104	0.008098537113322602
1105	0.008043948692953403
1106	0.007862236379243208
1107	0.007757963899715625
1108	0.007570811314341494
1109	0.007557015512256127
1110	0.007454488334727322
1111	0.007355821003907188
1112	0.007255520079783807
1113	0.007074605015808308
1114	0.007064926708232827
1115	0.006847973385734977
1116	0.006790910393611506
1117	0.006680767775060843
1118	0.006529035762228857
1119	0.0064167182163339135
1120	0.006259625410618697
1121	0.006222659357649482
1122	0.0061510505109436415
1123	0.006126197044078652
1124	0.006122711950362633
1125	0.00612025643074132
1126	0.006115359408178052
1127	0.006111181369962282
1128	0.0061083040777503
1129	0.006104462572841151
1130	0.006097979136346405
1131	0.00609508830511992
1132	0.006088153884868723
1133	0.006085409457580012
1134	0.006083208603138751
1135	0.0060783344720885145
1136	0.006071782904488244
1137	0.00606695644149482
1138	0.006061125774176115
1139	0.0060532840869814385
1140	0.006046364501576649
1141	0.006041445812911763
1142	0.006036527179518885
1143	0.006031912320029874
1144	0.006026800797081123
1145	0.0060195447627340365
1146	0.00601548191447732
1147	0.006013100145238048
1148	0.00600999532590287
1149	0.006007916807743744
1150	0.006004546486721305
1151	0.006002069000657506
1152	0.005997798163329802
1153	0.005994793157618343
1154	0.005991995307532949
1155	0.005988686705329823
1156	0.005985502467156232
1157	0.005983654056445115
1158	0.005981782586733627
1159	0.005978226299822176
1160	0.00597571049310093
1161	0.00597398341800536
1162	0.005972996798982594
1163	0.005969208476667302
1164	0.005967968452309046
1165	0.005966526227398046
1166	0.0059650340111947085
1167	0.005964362457202195
1168	0.005963336172230347
1169	0.005962627291204696
1170	0.005961462919235007
1171	0.005960772717126814
1172	0.005959696867915427
1173	0.005958417927728558
1174	0.005957664135884109
1175	0.005956308854437185
1176	0.005954985491276436
1177	0.005953902305413575
1178	0.005952600634460284
1179	0.005951229944311035
1180	0.005949728910515221
1181	0.005947793203471454
1182	0.005946512807804412
1183	0.005944215458274365
1184	0.00594248843272344
1185	0.0059395518604561815
1186	0.005936940281171315
1187	0.005934596660415222
1188	0.005932595107842322
1189	0.005929386158119119
1190	0.005927908530744071
1191	0.0059248344674346495
1192	0.005921094824921798
1193	0.005918193223450805
1194	0.005914736349645647
1195	0.005913467380026506
1196	0.005909468702235508
1197	0.005906647399306203
1198	0.005902049427325347
1199	0.005897610148955626
1200	0.005893732720237835
1201	0.005886469197282831
1202	0.005883154790464847
1203	0.00587919036252029
1204	0.0058743049916788635
1205	0.005872580914041838
1206	0.005868844649268179
1207	0.005863755551330841
1208	0.005860237056738272
1209	0.005858033712019948
1210	0.00585371443923432
1211	0.005851310832665014
1212	0.005848653350644778
1213	0.005846484682874961
1214	0.005843958822096285
1215	0.005840993473520723
1216	0.005838215833436391
1217	0.005834885221299094
1218	0.005832304169349315
1219	0.005829798990344888
1220	0.005826516772900203
1221	0.005823286428719693
1222	0.005818029546896803
1223	0.005816535796738067
1224	0.005812064779524648
1225	0.005807523503061405
1226	0.005802308463506407
1227	0.005796513335721172
1228	0.005795100239526002
1229	0.005792460904853314
1230	0.005787180081204029
1231	0.005779527801375076
1232	0.005773608578769714
1233	0.005768838869140591
1234	0.005764350895533296
1235	0.005757078478668745
1236	0.005752567186080945
1237	0.005746039466683878
1238	0.00574134465903731
1239	0.0057348900744772485
1240	0.005732786845054728
1241	0.0057260701986340205
1242	0.0057198782834908275
1243	0.005715080422191545
1244	0.005699359333670223
1245	0.005698122363571671
1246	0.005687776160775598
1247	0.005681980194759823
1248	0.005672583805661013
1249	0.005669203652165144
1250	0.0056482005320129145
1251	0.005639981982313804
1252	0.005621015864228836
1253	0.005595416806401224
1254	0.005595193981288176
1255	0.005589066152611284
1256	0.005569263927967157
1257	0.005546862299795863
1258	0.005527662163506399
1259	0.0055124505403150665
1260	0.005478055968116831
1261	0.005473300461074646
1262	0.005422411543472647
1263	0.005390894730763548
1264	0.005384025164688224
1265	0.005307325188739708
1266	0.005302673923097195
1267	0.005250232417420208
1268	0.005210699943700077
1269	0.005173567426131514
1270	0.005152148818798112
1271	0.005134983539000158
1272	0.00512434783499526
1273	0.0051202868198021185
1274	0.005119857890018311
1275	0.00511938224651085
1276	0.005119223267794797
1277	0.0051190431004336295
1278	0.005118197723355718
1279	0.0051180296503412475
1280	0.005117396086988857
1281	0.005117096370837789
1282	0.005116856751894413
1283	0.005116609254719212
1284	0.005116296101947488
1285	0.005115999686055032
1286	0.00511529944443763
1287	0.005115022650778815
1288	0.005114601904726346
1289	0.005114194969857514
1290	0.005113948472126951
1291	0.0051129976952636385
1292	0.0051123189294324965
1293	0.0051115776686912456
1294	0.0051107310775233925
1295	0.00511011808435279
1296	0.00510903884569248
1297	0.00510840978058036
1298	0.005107567138059299
1299	0.005105917092665581
1300	0.005105321315487776
1301	0.005104197723407962
1302	0.005103488297261158
1303	0.0051022352188137676
1304	0.005101308844281884
1305	0.005099324509325807
1306	0.005097730245496212
1307	0.005096573815364324
1308	0.0050947159008646326
1309	0.005092950597723256
1310	0.005091614561218385
1311	0.0050899489998265345
1312	0.005087536610456983
1313	0.005085248183166155
1314	0.005083024329357903
1315	0.005081196379789798
1316	0.005078136590521063
1317	0.005075841006263704
1318	0.0050730471121708965
1319	0.005070176668104219
1320	0.00506636528016452
1321	0.005062661541127894
1322	0.005057336386796225
1323	0.005051590806937654
1324	0.00504794451575954
1325	0.005042771421780879
1326	0.005038742684205833
1327	0.005036108876029771
1328	0.0050315075721894115
1329	0.005028670694061307
1330	0.005025093436075405
1331	0.005023001242131079
1332	0.005020123393495307
1333	0.0050174872295064964
1334	0.005015387237653174
1335	0.005012997191961232
1336	0.005011841727295513
1337	0.0050092989848905655
1338	0.005006287685751696
1339	0.005003512502374313
1340	0.005001653821477312
1341	0.004998594485594282
1342	0.00499717199011849
1343	0.004996519781890518
1344	0.0049938069688789
1345	0.004990034289956883
1346	0.004987042805975126
1347	0.004983123954236936
1348	0.004982058681063429
1349	0.004978722823593008
1350	0.004976212451434575
1351	0.004972477710487988
1352	0.004968306769268181
1353	0.004960567617795939
1354	0.0049589760194832504
1355	0.00495342631356124
1356	0.00494779047633759
1357	0.004945835507079514
1358	0.004935676476557835
1359	0.004931586973524297
1360	0.0049252415020706345
1361	0.004924803683256947
1362	0.004915038730633508
1363	0.004907222486887902
1364	0.004903465308015462
1365	0.0049007483688753815
1366	0.004890719135897368
1367	0.0048818074696130274
1368	0.004868929465507478
1369	0.004864700390894527
1370	0.004842419537813477
1371	0.00483231872426587
1372	0.00481298476454971
1373	0.004810085867339363
1374	0.004791076891453943
1375	0.004787726731510427
1376	0.004753026865209594
1377	0.0047474092196108895
1378	0.004733159778701728
1379	0.004698621740013975
1380	0.004678654531273812
1381	0.00466419958031924
1382	0.004637017432228367
1383	0.004601699892902545
1384	0.00454707886151673
1385	0.004533091294549642
1386	0.004514575453338813
1387	0.00444624948780454
1388	0.004384416204352755
1389	0.004300445683787028
1390	0.00429884127312584
1391	0.004277988720227601
1392	0.0041251099848033275
1393	0.004112631252837289
1394	0.004004887226514194
1395	0.003922331872289527
1396	0.0038929422627926287
1397	0.0038425480021979153
1398	0.0037408976285050024
1399	0.0036838304986551375
1400	0.0035679137754591472
1401	0.0034469221495818194
1402	0.003400117363522739
1403	0.0033972103132542315
1404	0.0032362301608856634
1405	0.003180500296845553
1406	0.0031405973456546865
1407	0.003070217443420327
1408	0.003026555670273538
1409	0.0030139760876522438
1410	0.003010250240553014
1411	0.003006257408419967
1412	0.0030014280757378552
1413	0.0029951867629618174
1414	0.0029920689229936777
1415	0.0029896355387029005
1416	0.0029812752174495504
1417	0.002980186194581849
1418	0.0029749930058519305
1419	0.0029723627608225947
1420	0.00296638738255284
1421	0.002959077818839516
1422	0.0029570418034816754
1423	0.002948863343235648
1424	0.002947920846235981
1425	0.0029384292535444877
1426	0.002930673985888392
1427	0.0029248469700875134
1428	0.0029191597060528765
1429	0.002912680239113619
1430	0.0028928969372540793
1431	0.0028877490933006075
1432	0.0028726871803417555
1433	0.0028635323974085716
1434	0.0028545760054340895
1435	0.0028511877049577894
1436	0.0028396614244709955
1437	0.0028280043868558844
1438	0.002825178193854831
1439	0.002818028847817619
1440	0.0028096431613435875
1441	0.002807246899886247
1442	0.0028035835378717754
1443	0.002800403749324292
1444	0.002799278042157473
1445	0.002797707448823407
1446	0.0027969806794860036
1447	0.0027953024570132106
1448	0.002794180119421751
1449	0.0027932279028030026
1450	0.0027922837365192727
1451	0.0027904372359037403
1452	0.002789559383235492
1453	0.0027887007427233193
1454	0.0027873491746922777
1455	0.002786028614162709
1456	0.002784472071171914
1457	0.0027833745979710845
1458	0.002782402378010492
1459	0.0027812750023031947
1460	0.0027798717768159125
1461	0.002778966446460584
1462	0.0027779628215788207
1463	0.002777195158302881
1464	0.0027763153779310763
1465	0.0027754183673515693
1466	0.002772903771888313
1467	0.002771496961675675
1468	0.0027700611902596616
1469	0.0027677499188019455
1470	0.0027667055597825835
1471	0.002766292331243476
1472	0.002764663414744117
1473	0.0027628953722064566
1474	0.0027621005852226997
1475	0.0027609571409481764
1476	0.0027593885812324855
1477	0.0027575490625340883
1478	0.0027564364010035786
1479	0.0027545826082123154
1480	0.0027542141421241974
1481	0.002752416514406803
1482	0.002751624688047418
1483	0.002749650652773434
1484	0.002748216951673993
1485	0.0027458827284955953
1486	0.0027429615084598635
1487	0.0027407452355147216
1488	0.0027379215762924273
1489	0.0027345756086807676
1490	0.002730410052984211
1491	0.0027239441285790995
1492	0.002720458874084249
1493	0.0027171571620918625
1494	0.0027131638888484673
1495	0.0027077949915676413
1496	0.002700111520867856
1497	0.0026979993136486816
1498	0.00268780217926745
1499	0.002680148704621403
1500	0.002672946872445986
1501	0.0026648881834351887
1502	0.0026566670571107676
1503	0.0026462163250108974
1504	0.0026457872932247693
1505	0.00262991317402982
1506	0.0026157352233129824
1507	0.0025928911929255865
1508	0.002582298241693386
1509	0.002581140933304127
1510	0.0025516024919991502
1511	0.002547589193282616
1512	0.0025337825849031104
1513	0.002509814020330739
1514	0.002495473803118214
1515	0.0024846893606385455
1516	0.0024808626663441607
1517	0.0024773689519447194
1518	0.002476912394480559
1519	0.002476777887629946
1520	0.0024763124986146223
1521	0.002476089782242708
1522	0.0024757311977144625
1523	0.002475631809989954
1524	0.002475498737108003
1525	0.0024752514427695883
1526	0.002474674241348794
1527	0.002474234219963288
1528	0.002474010706599627
1529	0.0024736712190780185
1530	0.0024731729123452406
1531	0.002472996729206505
1532	0.002472238142906706
1533	0.0024714146597969644
1534	0.00247076437208612
1535	0.002470276560479057
1536	0.0024700087413800685
1537	0.0024689936601836235
1538	0.002467362813422128
1539	0.0024664406653282147
1540	0.002465666079577379
1541	0.0024641020093163503
1542	0.0024638136449936007
1543	0.0024613583116606568
1544	0.002459891835351571
1545	0.0024587663752792324
1546	0.002456229224476598
1547	0.002454620008805752
1548	0.0024520545243648206
1549	0.002450232734116426
1550	0.0024474700753793813
1551	0.002445003056554965
1552	0.0024416814019805216
1553	0.0024375455045262595
1554	0.0024330905661255854
1555	0.0024299243085886984
1556	0.0024280474100548755
1557	0.002422534693799529
1558	0.002422079052074161
1559	0.0024164059943878654
1560	0.002412951102461838
1561	0.002406277240961219
1562	0.00240147013631223
1563	0.0024012164852694733
1564	0.0023885749857089234
1565	0.002388514996594738
1566	0.0023827577893144906
1567	0.002375950609296963
1568	0.0023696166272664564
1569	0.0023668167463426846
1570	0.002345457016466742
1571	0.00233383928525384
1572	0.0023278055446489324
1573	0.0023127118639712854
1574	0.0023041050061229354
1575	0.0022763657568470757
1576	0.002266585522946995
1577	0.0022616438043477497
1578	0.002246787927094402
1579	0.0022373740706122785
1580	0.0022105011969275937
1581	0.0021786815980063467
1582	0.002157242860940626
1583	0.0021269503276575125
1584	0.002123876043632829
1585	0.0021088773772989923
1586	0.0020731996278657862
1587	0.0020556612928266734
1588	0.0020449129521274783
1589	0.0020448799074715496
1590	0.0020441651241093666
1591	0.0020438155885108495
1592	0.002043759869466981
1593	0.002043632401319848
1594	0.0020434271242182585
1595	0.0020434006600277685
1596	0.0020433770562327774
1597	0.0020433288932122967
1598	0.0020432093036742366
1599	0.0020431179206627137
1600	0.002043058078226485
1601	0.0020428991516639006
1602	0.0020428870660351
1603	0.002042783646691509
1604	0.0020427115188294573
1605	0.0020425517822430426
1606	0.002042324369296184
1607	0.0020422723414993105
1608	0.0020421102287284127
1609	0.002041919943045171
1610	0.0020417465613902126
1611	0.002041457871512532
1612	0.0020412853078051714
1613	0.0020410627907575885
1614	0.002040841930336009
1615	0.002040531227776359
1616	0.002040454856065285
1617	0.002039913617865818
1618	0.002039698789809653
1619	0.0020391319873452524
1620	0.0020388025699622
1621	0.0020383718646526006
1622	0.002037889010107198
1623	0.0020373987485716445
1624	0.0020366222915974676
1625	0.0020355952739157866
1626	0.0020354518610950726
1627	0.0020348364791188895
1628	0.002033686199191112
1629	0.0020326199138622192
1630	0.0020320432313585732
1631	0.002030633219551491
1632	0.0020286141108639246
1633	0.002027574694695821
1634	0.0020267448941000154
1635	0.0020259484040445436
1636	0.002024150028508548
1637	0.0020233281848584645
1638	0.0020197985954750666
1639	0.0020179212415060077
1640	0.0020165452608077667
1641	0.0020163061821810847
1642	0.0020120601068450562
1643	0.0020091405797320046
1644	0.0020059427740437815
1645	0.0020010904250139855
1646	0.001999268718528301
1647	0.0019950409452682305
1648	0.0019877174837904495
1649	0.0019852614392940992
1650	0.001983333308607414
1651	0.001976133085083005
1652	0.001967552170099159
1653	0.0019651187986031433
1654	0.0019594067826685575
1655	0.001953836648719355
1656	0.001949511397842059
1657	0.0019452473063551606
1658	0.0019326504016084307
1659	0.0019298987842601425
1660	0.0019223265721540683
1661	0.0019171950168092177
1662	0.001910032146303837
1663	0.0019056325642658454
1664	0.0019017572133398738
1665	0.0018952927641484169
1666	0.0018900190072485405
1667	0.0018861401044766757
1668	0.0018765796318541725
1669	0.0018759533173678532
1670	0.0018718594170186434
1671	0.0018702410584415722
1672	0.0018687615161736848
1673	0.0018683162020116655
1674	0.0018677957441035772
1675	0.0018676247065688148
1676	0.0018670106633641122
1677	0.0018663641787548197
1678	0.0018661365949778894
1679	0.0018649540403307967
1680	0.0018647260844621603
1681	0.001864086253045173
1682	0.0018630902709385422
1683	0.001862204173238682
1684	0.0018616652249749117
1685	0.001860662732092978
1686	0.0018601966811103228
1687	0.001859722664574681
1688	0.0018593936685654911
1689	0.0018586297688721514
1690	0.0018577199850904795
1691	0.0018569833872935644
1692	0.0018562558506346049
1693	0.0018554703419989722
1694	0.0018549229068539111
1695	0.0018532061165684238
1696	0.0018510454059026717
1697	0.0018505888272833187
1698	0.0018485162909546618
1699	0.0018476375020033734
1700	0.001844737795936676
1701	0.0018442258577558363
1702	0.001843015463995029
1703	0.0018413339219193728
1704	0.0018395236439363444
1705	0.001835232509191871
1706	0.0018345831388683405
1707	0.0018335374374762003
1708	0.001830710900120363
1709	0.0018223968047430148
1710	0.0018218412220420003
1711	0.0018185405475882321
1712	0.0018175750553455312
1713	0.0018099475232683112
1714	0.0018077762388519496
1715	0.001805767772905327
1716	0.0018044143933579901
1717	0.0017982380595852618
1718	0.0017960821150012586
1719	0.001792395668858624
1720	0.0017859734034674144
1721	0.0017771875104557516
1722	0.0017768050716707744
1723	0.0017745968032503022
1724	0.0017678483876506811
1725	0.0017650248723387817
1726	0.0017648308951290503
1727	0.0017600841943208629
1728	0.0017575371063178172
1729	0.0017540843109259152
1730	0.0017532561097103746
1731	0.0017515755859845458
1732	0.0017499379312983171
1733	0.0017495851198993473
1734	0.0017494409494900802
1735	0.0017493039007367213
1736	0.0017479370787647276
1737	0.0017473594230820117
1738	0.0017456429840425668
1739	0.0017448143242041747
1740	0.0017428276956959262
1741	0.0017418599347873878
1742	0.00174120468315678
1743	0.0017389625666159815
1744	0.001738774002438925
1745	0.0017343214466231818
1746	0.001733796539874523
1747	0.001732735565384951
1748	0.0017297484481085404
1749	0.0017291996686876665
1750	0.0017285631140088813
1751	0.0017248914779350853
1752	0.0017233104210320426
1753	0.0017179767266998095
1754	0.0017149313029356157
1755	0.001714771332886916
1756	0.0017081698258064539
1757	0.001706094195767401
1758	0.0017026791065590304
1759	0.0017010582363083864
1760	0.001693845590476456
1761	0.001685856012932668
1762	0.0016789811383587491
1763	0.001674997404329549
1764	0.001669945317098065
1765	0.0016566583686484623
1766	0.0016557710424510578
1767	0.0016444024072910222
1768	0.0016385226902970356
1769	0.0016348678405806877
1770	0.0016271515404334984
1771	0.0016201487202981647
1772	0.001618309033376752
1773	0.0016164243922278858
1774	0.0016160544674091064
1775	0.0016157499974531599
1776	0.0016150966020946316
1777	0.001614377033956761
1778	0.0016143136584891387
1779	0.001613763744328508
1780	0.0016130544109426307
1781	0.0016127047375706354
1782	0.0016112172162708197
1783	0.0016106418133913852
1784	0.0016091018960063238
1785	0.00160855971262553
1786	0.0016077409287888463
1787	0.0016067108150029834
1788	0.0016050153655753794
1789	0.00160423047344731
1790	0.0016023805734697576
1791	0.0016012662240152526
1792	0.0015986980007308123
1793	0.001594875154917216
1794	0.001594613776811397
1795	0.001590322373467223
1796	0.0015875697416416659
1797	0.0015848985047611237
1798	0.0015831463876466677
1799	0.0015787526641542979
1800	0.001572433258211437
1801	0.0015622811797947602
1802	0.0015558413145922276
1803	0.001555234056611447
1804	0.0015443316184352762
1805	0.0015425015823922648
1806	0.0015274560516327128
1807	0.001526779586593901
1808	0.00152361881356233
1809	0.0015206638659709735
1810	0.0015100787755698809
1811	0.0015014525105616844
1812	0.0014965706458065493
1813	0.0014858517402380512
1814	0.001481972164338838
1815	0.0014618139436020292
1816	0.0014522430261108671
1817	0.0014308744183898188
1818	0.0014144223031049765
1819	0.0013814404973199576
1820	0.0013614821039605706
1821	0.0013363629876903098
1822	0.0013218691580093454
1823	0.0012909041468237438
1824	0.0012381566275397268
1825	0.0011798634925133775
1826	0.0011554753132033398
1827	0.0011218551456775951
1828	0.0010720787219557384
1829	9.507974419650854E-4
1830	9.249599029075449E-4
1831	8.614735693773184E-4
1832	8.574992784009638E-4
1833	8.512380367343699E-4
1834	7.865008944011777E-4
1835	7.249043395130313E-4
1836	7.099795264451715E-4
1837	6.56413734515887E-4
1838	6.171820947237001E-4
1839	5.996198611154491E-4
1840	5.941237363250799E-4
1841	5.825702663105314E-4
1842	5.818607645451234E-4
1843	5.800137240233661E-4
1844	5.796013173987797E-4
1845	5.792284386448968E-4
1846	5.784551811637949E-4
1847	5.776824656319118E-4
1848	5.772037929806668E-4
1849	5.755584883411695E-4
1850	5.754729160502229E-4
1851	5.748681589268887E-4
1852	5.74747294327958E-4
1853	5.745896248419126E-4
1854	5.738967060238411E-4
1855	5.737994117948729E-4
1856	5.733973339726524E-4
1857	5.73289953293133E-4
1858	5.728305698571165E-4
1859	5.724872097869219E-4
1860	5.723116879501857E-4
1861	5.718498973689348E-4
1862	5.717227937101135E-4
1863	5.715497015102673E-4
1864	5.713514578818458E-4
1865	5.710769480024809E-4
1866	5.709288346279492E-4
1867	5.705341198228626E-4
1868	5.703120556528621E-4
1869	5.700426094749313E-4
1870	5.694032794300877E-4
1871	5.692368442789165E-4
1872	5.689192601849025E-4
1873	5.689064137175886E-4
1874	5.686478910028969E-4
1875	5.680322210954485E-4
1876	5.677531910750031E-4
1877	5.674415460534047E-4
1878	5.668872231415639E-4
1879	5.666731629386687E-4
1880	5.663446516405736E-4
1881	5.66176413716222E-4
1882	5.66140713106192E-4
1883	5.661170588083448E-4
1884	5.660551786041731E-4
1885	5.660051972097139E-4
1886	5.659394690274223E-4
1887	5.658574247275619E-4
1888	5.658364220932043E-4
1889	5.657776828004345E-4
1890	5.657524274173408E-4
1891	5.656945616944196E-4
1892	5.656450617020379E-4
1893	5.65573001542575E-4
1894	5.655170010427427E-4
1895	5.654695729983524E-4
1896	5.653811584474204E-4
1897	5.653396526419765E-4
1898	5.65286284544983E-4
1899	5.652246575982668E-4
1900	5.652069641164608E-4
1901	5.65123422279156E-4
1902	5.650905407967027E-4
1903	5.650298433819892E-4
1904	5.649590784818204E-4
1905	5.649207126356634E-4
1906	5.648642417041024E-4
1907	5.648433114417212E-4
1908	5.647774265401004E-4
1909	5.646702371852242E-4
1910	5.646174882790818E-4
1911	5.645652160228096E-4
1912	5.645064611428783E-4
1913	5.644362521471721E-4
1914	5.643446401763457E-4
1915	5.642417826364841E-4
1916	5.641580984502649E-4
1917	5.6404666236887E-4
1918	5.639809966745801E-4
1919	5.638195331100083E-4
1920	5.635857983049569E-4
1921	5.633598847462769E-4
1922	5.633100058761119E-4
1923	5.632757221778318E-4
1924	5.629765943549251E-4
1925	5.628132074554152E-4
1926	5.627479176879589E-4
1927	5.627421396325153E-4
1928	5.626084775216612E-4
1929	5.62381863633587E-4
1930	5.621578275097922E-4
1931	5.617732747750863E-4
1932	5.616118618728078E-4
1933	5.613356472642362E-4
1934	5.611054097803707E-4
1935	5.607956678767359E-4
1936	5.602086523572215E-4
1937	5.594986398192617E-4
1938	5.591613209177328E-4
1939	5.58804729062488E-4
1940	5.575570046523124E-4
1941	5.572239389830487E-4
1942	5.571016049793239E-4
1943	5.557830985590265E-4
1944	5.551867521009609E-4
1945	5.542771227551993E-4
1946	5.517128403937359E-4
1947	5.498596699011498E-4
1948	5.462428807271032E-4
1949	5.462408037651349E-4
1950	5.447865590696465E-4
1951	5.420125241431598E-4
1952	5.410382469335353E-4
1953	5.341790454679909E-4
1954	5.341783310098512E-4
1955	5.28964970977772E-4
1956	5.226619178744836E-4
1957	5.188631405109143E-4
1958	5.1884258716099E-4
1959	5.151178881714682E-4
1960	5.039903599215126E-4
1961	5.018585822841308E-4
1962	4.930634961738996E-4
1963	4.912054740960644E-4
1964	4.8258439144498687E-4
1965	4.7652062244473895E-4
1966	4.602504500121589E-4
1967	4.4477256104626247E-4
1968	4.434366704994496E-4
1969	4.3647005692084683E-4
1970	4.2013567356235214E-4
1971	4.038554984390204E-4
1972	3.9094985517112383E-4
1973	3.8093022221742065E-4
1974	3.5666823796708027E-4
1975	3.409647460769752E-4
1976	3.0468127014833177E-4
1977	2.9727525927464977E-4
1978	2.922207380398361E-4
1979	2.5460409671492715E-4
1980	2.2727115497359992E-4
1981	2.2723432398116686E-4
1982	1.9694128545654844E-4
1983	1.9653901377595474E-4
1984	1.8036590587883515E-4
1985	1.704955572247291E-4
1986	1.6881207581025438E-4
1987	1.5712780604139727E-4
1988	1.5657419048613404E-4
1989	1.5639995945274584E-4
1990	1.5639947288755457E-4
1991	1.563362207555878E-4
1992	1.5629488463464754E-4
1993	1.56150818118686E-4
1994	1.5599484434115113E-4
1995	1.558860215087618E-4
1996	1.5579973707780808E-4
1997	1.5573432686749684E-4
1998	1.5549784634764167E-4
1999	1.5532306120748742E-4
2000	1.5515716411672854E-4
2001	1.551521025013304E-4
2002	1.5478160416785897E-4
2003	1.5476177041605756E-4
2004	1.5469248617370018E-4
2005	1.543634242601479E-4
2006	1.5421954173337288E-4
2007	1.5421106291500366E-4
2008	1.5394631561113016E-4
2009	1.5379530147765038E-4
2010	1.535161678403249E-4
2011	1.5338610618759895E-4
2012	1.5309333268953576E-4
2013	1.5303275115989293E-4
2014	1.5278496119031296E-4
2015	1.52784184504793E-4
2016	1.5233865471203263E-4
2017	1.52216828775916E-4
2018	1.518485013754059E-4
2019	1.518346854119109E-4
2020	1.5173704229538875E-4
2021	1.517273007041176E-4
2022	1.5158716791655545E-4
2023	1.5153276426539894E-4
2024	1.5142278493543077E-4
2025	1.5142242520108426E-4
2026	1.5136673213501424E-4
2027	1.5136639117970592E-4
2028	1.51302607594379E-4
2029	1.5127792181469303E-4
2030	1.5125801326145924E-4
2031	1.512343794333444E-4
2032	1.5122869665197986E-4
2033	1.5121864138311912E-4
2034	1.5121698091251308E-4
2035	1.5121660850227848E-4
2036	1.5121613277494184E-4
2037	1.5121564392476977E-4
2038	1.51215228943088E-4
2039	1.512147967660426E-4
2040	1.5121432222851315E-4
2041	1.5121410505752563E-4
2042	1.5121325455803817E-4
2043	1.5121251682027905E-4
2044	1.512121953643086E-4
2045	1.5121119540155938E-4
2046	1.5121089972500572E-4
2047	1.5121038564534548E-4
2048	1.5120941119150982E-4
2049	1.512084554806577E-4
2050	1.5120782891471296E-4
2051	1.5120724993785586E-4
2052	1.5120687719230464E-4
2053	1.5120620525830086E-4
2054	1.5120506527650318E-4
2055	1.5120300735116464E-4
2056	1.5120186382594145E-4
2057	1.5120029697304906E-4
2058	1.5119881577333168E-4
2059	1.5119734052641015E-4
2060	1.5119625940517866E-4
2061	1.5119489359731025E-4
2062	1.5119389264270106E-4
2063	1.5119343246923513E-4
2064	1.5119242241969384E-4
2065	1.5119119911452295E-4
2066	1.5119060082119945E-4
2067	1.5118981324746878E-4
2068	1.5118913592731374E-4
2069	1.5118842833008558E-4
2070	1.5118760505902656E-4
2071	1.5118645140897174E-4
2072	1.511859636864834E-4
2073	1.5118500452055228E-4
2074	1.511842493901048E-4
2075	1.511832020520728E-4
2076	1.5118122094018947E-4
2077	1.5117942706194167E-4
2078	1.51178890419747E-4
2079	1.5117635731523558E-4
2080	1.511748090199002E-4
2081	1.5117338722156771E-4
2082	1.5117095604150993E-4
2083	1.5117006381244944E-4
2084	1.511674408248086E-4
2085	1.5116627279699462E-4
2086	1.511639823738409E-4
2087	1.511625916412191E-4
2088	1.5116001839296254E-4
2089	1.5115608761980407E-4
2090	1.5115296275730342E-4
2091	1.511511282458894E-4
2092	1.5114769798044297E-4
2093	1.5114509232318758E-4
2094	1.511410116136228E-4
2095	1.5113454499145497E-4
2096	1.5113238118970743E-4
2097	1.5113027995091176E-4
2098	1.511230996888985E-4
2099	1.5112042927951255E-4
2100	1.511136595076596E-4
2101	1.5110827237884079E-4
2102	1.5110256936478404E-4
2103	1.5109471049071075E-4
2104	1.5108306658936577E-4
2105	1.5107371053797974E-4
2106	1.5106126308949807E-4
2107	1.5105654091371594E-4
2108	1.5104038076905012E-4
2109	1.5102649858016935E-4
2110	1.510176848304087E-4
2111	1.509948813947977E-4
2112	1.509889030722404E-4
2113	1.5097462979096903E-4
2114	1.5095511099151376E-4
2115	1.509366398485136E-4
2116	1.5091575205003762E-4
2117	1.5089029878584558E-4
2118	1.5085830742632352E-4
2119	1.5079424904035287E-4
2120	1.5076516591549922E-4
2121	1.5072648620157887E-4
2122	1.5068804850285254E-4
2123	1.5063896789750892E-4
2124	1.5058626867094383E-4
2125	1.5054107845544594E-4
2126	1.504897187833615E-4
2127	1.5044986436073369E-4
2128	1.5040901790456623E-4
2129	1.5031349788515903E-4
2130	1.5025408627566484E-4
2131	1.50197094105311E-4
2132	1.5011331284306404E-4
2133	1.5004128238583933E-4
2134	1.499617775458473E-4
2135	1.4993367638091532E-4
2136	1.4980920545040012E-4
2137	1.4975536520218778E-4
2138	1.4965465865455127E-4
2139	1.4960399136797645E-4
2140	1.4945016023307082E-4
2141	1.493665895542177E-4
2142	1.4912367240231861E-4
2143	1.49122458227486E-4
2144	1.489617529827353E-4
2145	1.489437920186501E-4
2146	1.4885653608605185E-4
2147	1.486589103440506E-4
2148	1.4846493202960896E-4
2149	1.4819738503339628E-4
2150	1.481851058446869E-4
2151	1.479308690302319E-4
2152	1.477625822655874E-4
2153	1.474529355333191E-4
2154	1.4730213560774818E-4
2155	1.4701891719606861E-4
2156	1.4676061937536977E-4
2157	1.467111248600971E-4
2158	1.46395452345581E-4
2159	1.4626919813569178E-4
2160	1.4599137474980944E-4
2161	1.452397268424947E-4
2162	1.4376288422507415E-4
2163	1.4376269817856783E-4
2164	1.4276919483944007E-4
2165	1.4243276210739779E-4
2166	1.4096143561644097E-4
2167	1.3966707761721986E-4
2168	1.392307876687614E-4
2169	1.3923066796370736E-4
2170	1.3645349827157317E-4
2171	1.363756094076441E-4
2172	1.336085229947354E-4
2173	1.3276436239038938E-4
2174	1.2946630749258357E-4
2175	1.294662759463493E-4
2176	1.287525321199669E-4
2177	1.2508337005742918E-4
2178	1.2201191978100133E-4
2179	1.2099861314523285E-4
2180	1.2019001350915132E-4
2181	1.0943516454346577E-4
2182	1.094351138292698E-4
2183	1.091211501446833E-4
2184	1.0436440719120047E-4
2185	1.0145486364599967E-4
2186	9.657793630750838E-5
2187	9.211997891181254E-5
2188	8.969604774889443E-5
2189	8.813314053087679E-5
2190	8.31100599698768E-5
2191	8.039114144142881E-5
2192	7.500697995586711E-5
2193	7.24177571103381E-5
2194	6.430594519246352E-5
2195	6.0000088799854393E-5
2196	5.028457206663102E-5
2197	4.427858260758577E-5
2198	4.4217827557279594E-5
2199	3.719016019416507E-5
2200	3.2176965675339746E-5
2201	3.217659391617323E-5
2202	2.9453631914050452E-5
2203	2.4938194947910077E-5
2204	2.063011563726929E-5
2205	1.9980441263140344E-5
2206	1.993023252972449E-5
2207	1.9929661900689544E-5
2208	1.988920384716987E-5
2209	1.9888795675806963E-5
2210	1.9888401085537697E-5
2211	1.9887985584485218E-5
2212	1.9843653212341896E-5
2213	1.982029293821232E-5
2214	1.981165034952255E-5
2215	1.980487695061244E-5
2216	1.97741819944221E-5
2217	1.977376719881005E-5
2218	1.9772646307338234E-5
2219	1.975417051835525E-5
2220	1.974742155250857E-5
2221	1.9746996994930848E-5
2222	1.974650714229669E-5
2223	1.9724840723320743E-5
2224	1.9708488387525407E-5
2225	1.969759998413731E-5
2226	1.9697019166927005E-5
2227	1.968034601890448E-5
2228	1.966867803989589E-5
2229	1.966140190338348E-5
2230	1.9652994200234215E-5
2231	1.9644539161283375E-5
2232	1.9639081586346792E-5
2233	1.9637337005778313E-5
2234	1.9633339371849582E-5
2235	1.9627218530725193E-5
2236	1.962298493730088E-5
2237	1.961811948581918E-5
2238	1.96098002497523E-5
2239	1.96069881883657E-5
2240	1.960114534389773E-5
2241	1.9595823832650788E-5
2242	1.9583702290190644E-5
2243	1.9575480792896982E-5
2244	1.956245229808513E-5
2245	1.95624366849984E-5
2246	1.954592868333358E-5
2247	1.9545915970260388E-5
2248	1.9533393487834046E-5
2249	1.9519628273645122E-5
2250	1.9518336073017456E-5
2251	1.9509639981666036E-5
2252	1.948730110651971E-5
2253	1.9481971024213763E-5
2254	1.9476254118272707E-5
2255	1.9469987564074926E-5
2256	1.9463871449553635E-5
2257	1.9458668161445055E-5
2258	1.9457171961608144E-5
2259	1.9456934507938912E-5
2260	1.9456391575562087E-5
2261	1.9456342304614627E-5
2262	1.9456315795961817E-5
2263	1.945625878276901E-5
2264	1.945623899639147E-5
2265	1.945620771263815E-5
2266	1.9456155408120327E-5
2267	1.945610124028846E-5
2268	1.9456063516957425E-5
2269	1.9456015311781135E-5
2270	1.9455929757985892E-5
2271	1.9455904071036668E-5
2272	1.945584944350064E-5
2273	1.945579540271171E-5
2274	1.9455739108755884E-5
2275	1.9455595186904434E-5
2276	1.945550090170396E-5
2277	1.945544307253866E-5
2278	1.945535908051849E-5
2279	1.9455233268764435E-5
2280	1.9455115581574184E-5
2281	1.9454871303352222E-5
2282	1.9454828044316363E-5
2283	1.9454546681071347E-5
2284	1.945447674960231E-5
2285	1.9454306224309372E-5
2286	1.9454120310497683E-5
2287	1.9453983772927475E-5
2288	1.9453625216134634E-5
2289	1.9453508918325984E-5
2290	1.9452974689682138E-5
2291	1.9452685858929108E-5
2292	1.9452612465534594E-5
2293	1.9452180180588006E-5
2294	1.945189253111693E-5
2295	1.9451700715512612E-5
2296	1.9451537395872228E-5
2297	1.9451213155500663E-5
2298	1.9450959069695834E-5
2299	1.945071837060256E-5
2300	1.9450419525716286E-5
2301	1.9450381606895116E-5
2302	1.9450259659509902E-5
2303	1.9450186583987805E-5
2304	1.94499890951809E-5
2305	1.944994030935817E-5
2306	1.944992446916728E-5
2307	1.944990528454166E-5
2308	1.944989294753835E-5
2309	1.944986561487587E-5
2310	1.9449832120051588E-5
2311	1.9449789289395374E-5
2312	1.9449772272188774E-5
2313	1.9449746685362232E-5
2314	1.9449708171498364E-5
2315	1.9449670544454966E-5
2316	1.9449634695112256E-5
2317	1.944958447504774E-5
2318	1.944953889247328E-5
2319	1.944950747223052E-5
2320	1.944944194230151E-5
2321	1.944938806768899E-5
2322	1.944933586610038E-5
2323	1.944925730183397E-5
2324	1.944919362515887E-5
2325	1.9449137158299888E-5
2326	1.944906703079731E-5
2327	1.9449038003459286E-5
2328	1.9448955530991483E-5
2329	1.944889099282502E-5
2330	1.9448835661593506E-5
2331	1.9448769212079812E-5
2332	1.944871365234229E-5
2333	1.9448674183028378E-5
2334	1.944865332223076E-5
2335	1.9448614727922595E-5
2336	1.944857043093883E-5
2337	1.944853267210049E-5
2338	1.9448480759540407E-5
2339	1.944842633290562E-5
2340	1.9448380725732585E-5
2341	1.9448283314006652E-5
2342	1.9448243561261577E-5
2343	1.9448147588249037E-5
2344	1.9448090911926435E-5
2345	1.9448003261786394E-5
2346	1.944787511584596E-5
2347	1.944782318258167E-5
2348	1.944775082100271E-5
2349	1.944759413003019E-5
2350	1.944747209997803E-5
2351	1.9447388800571493E-5
2352	1.944725562690617E-5
2353	1.9447045009109424E-5
2354	1.9447016267829676E-5
2355	1.9446959339462057E-5
2356	1.944677377025597E-5
2357	1.9446686453709207E-5
2358	1.944654625755061E-5
2359	1.944623625894292E-5
2360	1.944620462386738E-5
2361	1.9445978155708914E-5
2362	1.944570608715103E-5
2363	1.944544325699808E-5
2364	1.944526664670025E-5
2365	1.9445116055432582E-5
2366	1.9444801876652226E-5
2367	1.9444401931808154E-5
2368	1.944418185371452E-5
2369	1.9443877845270115E-5
2370	1.944377951294925E-5
2371	1.9443146827374105E-5
2372	1.944247030368297E-5
2373	1.9442040809984106E-5
2374	1.9441493588414196E-5
2375	1.9441073923994407E-5
2376	1.944076357538718E-5
2377	1.944008243888997E-5
2378	1.943898948890062E-5
2379	1.943817652170665E-5
2380	1.943782848982271E-5
2381	1.9437161424762396E-5
2382	1.9435472360610803E-5
2383	1.9434625425327024E-5
2384	1.943323225550644E-5
2385	1.943012738256993E-5
2386	1.9429997998549737E-5
2387	1.942936502786098E-5
2388	1.942717988637328E-5
2389	1.942394463503629E-5
2390	1.9423877120534187E-5
2391	1.941902550996762E-5
2392	1.941434735369632E-5
2393	1.941338368438535E-5
2394	1.9405270148496636E-5
2395	1.9397646481969033E-5
2396	1.9392485460725953E-5
2397	1.9379704405038383E-5
2398	1.9376327573203916E-5
2399	1.9364977743392952E-5
2400	1.936007303175626E-5
2401	1.9354665020396086E-5
2402	1.934118974897296E-5
2403	1.9340015961943672E-5
2404	1.932178014444995E-5
2405	1.9303649189147404E-5
2406	1.9302761661965367E-5
2407	1.928117007287991E-5
2408	1.924434211905404E-5
2409	1.9232314419215942E-5
2410	1.9221489015217268E-5
2411	1.919168457272558E-5
2412	1.915354228605725E-5
2413	1.913983599467121E-5
2414	1.912916553699735E-5
2415	1.906667565986246E-5
2416	1.905560562716493E-5
2417	1.901722124610407E-5
2418	1.8966291224046093E-5
2419	1.8928202263347495E-5
2420	1.890500311739535E-5
2421	1.889859469692052E-5
2422	1.88808148643562E-5
2423	1.887688442890351E-5
2424	1.8875444848061184E-5
2425	1.8871827202815648E-5
2426	1.886354769844457E-5
2427	1.8862660908243968E-5
2428	1.8859574129693464E-5
2429	1.8857750362976658E-5
2430	1.885764199325993E-5
2431	1.885686061574121E-5
2432	1.8856700056862604E-5
2433	1.885660497847873E-5
2434	1.8856324325294035E-5
2435	1.88561086865851E-5
2436	1.8855777784945636E-5
2437	1.8855434042792808E-5
2438	1.8855123962439006E-5
2439	1.8854963336041403E-5
2440	1.885473453060735E-5
2441	1.8854659806840745E-5
2442	1.885450537769368E-5
2443	1.885449856045078E-5
2444	1.8854385875699855E-5
2445	1.885428811225909E-5
2446	1.8854232298236303E-5
2447	1.885418798513785E-5
2448	1.8854145981583476E-5
2449	1.8853944532369934E-5
2450	1.8853883620173932E-5
2451	1.8853770169357347E-5
2452	1.8853709636032985E-5
2453	1.8853631309693043E-5
2454	1.8853602478183937E-5
2455	1.8853589228757885E-5
2456	1.88535771360213E-5
2457	1.8853571028502922E-5
2458	1.8853564685741245E-5
2459	1.8853543827776256E-5
2460	1.8853541512367503E-5
2461	1.885353226216E-5
2462	1.8853521724936074E-5
2463	1.8853517757512673E-5
2464	1.8853512787959312E-5
2465	1.8853503536167705E-5
2466	1.8853496657689514E-5
2467	1.8853490945932857E-5
2468	1.885348538865616E-5
2469	1.885347973983729E-5
2470	1.8853470902111684E-5
2471	1.8853464548564893E-5
2472	1.8853456281094705E-5
2473	1.8853450002116422E-5
2474	1.88534407838598E-5
2475	1.885343264248472E-5
2476	1.885342642753058E-5
2477	1.8853411631458513E-5
2478	1.885340012939853E-5
2479	1.8853389321783732E-5
2480	1.8853367153131727E-5
2481	1.885335241270307E-5
2482	1.8853322996389116E-5
2483	1.8853313329103417E-5
2484	1.885327884360486E-5
2485	1.8853241045397113E-5
2486	1.885322177640913E-5
2487	1.8853212270930733E-5
2488	1.885315618645274E-5
2489	1.8853131174686392E-5
2490	1.885306108387968E-5
2491	1.885298101388817E-5
2492	1.8852959164080296E-5
2493	1.8852934049001717E-5
2494	1.8852823729469382E-5
2495	1.885279361016806E-5
2496	1.8852734241603036E-5
2497	1.885264825041935E-5
2498	1.8852605024861843E-5
2499	1.8852433114324443E-5
2500	1.8852351404914558E-5
2501	1.8852191778408795E-5
2502	1.885213403698974E-5
2503	1.885201403326851E-5
2504	1.8851966064396773E-5
2505	1.885183894328455E-5
2506	1.8851795461338268E-5
2507	1.8851652323433022E-5
2508	1.885137391316836E-5
2509	1.8851340291125525E-5
2510	1.88511143314491E-5
2511	1.8850872058249564E-5
2512	1.8850502813040388E-5
2513	1.8850494339193695E-5
2514	1.8849931393381734E-5
2515	1.8849682178299765E-5
2516	1.8849634766615317E-5
2517	1.8849187699816917E-5
2518	1.884860778033119E-5
2519	1.88485785353294E-5
2520	1.8848221168393085E-5
2521	1.8848146756507252E-5
2522	1.8847459780786507E-5
2523	1.8847069571351102E-5
2524	1.884606773327726E-5
2525	1.8846054712934553E-5
2526	1.884590690178818E-5
2527	1.8845197461417802E-5
2528	1.8844882858837494E-5
2529	1.884484878695903E-5
2530	1.884384382328519E-5
2531	1.884373806582383E-5
2532	1.8842237261518683E-5
2533	1.88415946375193E-5
2534	1.8841527087728093E-5
2535	1.884041488060557E-5
2536	1.8838364775011905E-5
2537	1.883830061747528E-5
2538	1.8837454287560982E-5
2539	1.8836453655871007E-5
2540	1.883488587969715E-5
2541	1.883477645891297E-5
2542	1.8834412686479634E-5
2543	1.8833908752523255E-5
2544	1.883361450708933E-5
2545	1.8833432083742088E-5
2546	1.8833336873802566E-5
2547	1.8833026601565207E-5
2548	1.883285571849133E-5
2549	1.883255658548565E-5
2550	1.8832476737665426E-5
2551	1.8832138812799927E-5
2552	1.8831644375728523E-5
2553	1.883142454411153E-5
2554	1.8830952755038425E-5
2555	1.883068787904224E-5
2556	1.8830218389199334E-5
2557	1.8829579048580927E-5
2558	1.8829212833287424E-5
2559	1.88287856496324E-5
2560	1.8827617424729424E-5
2561	1.8826829574306675E-5
2562	1.8826282273681347E-5
2563	1.8825583278966603E-5
2564	1.882482886242471E-5
2565	1.8824257644853658E-5
2566	1.882334253897141E-5
2567	1.8822907832778943E-5
2568	1.88219721193767E-5
2569	1.8821366405680016E-5
2570	1.8820325208992646E-5
2571	1.8818844151649825E-5
2572	1.8817083588548934E-5
2573	1.8817000925287475E-5
2574	1.8814969732518867E-5
2575	1.8814241326846754E-5
2576	1.8814150271055378E-5
2577	1.881216515457096E-5
2578	1.8810544823330254E-5
2579	1.8808896538782013E-5
2580	1.880652813004316E-5
2581	1.8804763006534102E-5
2582	1.880343961807242E-5
2583	1.880016802988746E-5
2584	1.8795810330836596E-5
2585	1.8793328910882987E-5
2586	1.8792312189683E-5
2587	1.8789161459043546E-5
2588	1.8787293445230468E-5
2589	1.8784731938162466E-5
2590	1.878283394164228E-5
2591	1.8781055310049135E-5
2592	1.8780236932641224E-5
2593	1.8780084646868433E-5
2594	1.8779831774884443E-5
2595	1.877956387482554E-5
2596	1.8779314319510924E-5
2597	1.8779282850849202E-5
2598	1.877919916535427E-5
2599	1.8779197294159008E-5
2600	1.8779181554649357E-5
2601	1.8779163213473482E-5
2602	1.877916074843462E-5
2603	1.8779158236791625E-5
2604	1.8779116683271194E-5
2605	1.8779078014435143E-5
2606	1.87790173107781E-5
2607	1.8779015201967883E-5
2608	1.8779007185150188E-5
2609	1.8778998800009333E-5
2610	1.8778966284855257E-5
2611	1.8778937861132683E-5
2612	1.877893514073952E-5
2613	1.8778914742702313E-5
2614	1.8778891756359127E-5
2615	1.8778881754988535E-5
2616	1.8778861225115622E-5
2617	1.8778857710036037E-5
2618	1.8778845750462196E-5
2619	1.877883236111017E-5
2620	1.8778822706108173E-5
2621	1.8778813713066893E-5
2622	1.8778798412969526E-5
2623	1.8778783376630924E-5
2624	1.877875069146092E-5
2625	1.8778746052114694E-5
2626	1.8778719808295527E-5
2627	1.877871146591375E-5
2628	1.8778693594101294E-5
2629	1.8778655506135255E-5
2630	1.877864773952092E-5
2631	1.877862005684868E-5
2632	1.877861896138428E-5
2633	1.8778591191311274E-5
2634	1.8778550620455994E-5
2635	1.877854866794881E-5
2636	1.8778510373458846E-5
2637	1.8778454088929475E-5
2638	1.8778414018977232E-5
2639	1.8778396521116403E-5
2640	1.8778321456073212E-5
2641	1.877827855427884E-5
2642	1.8778226828403695E-5
2643	1.8778167355114137E-5
2644	1.8778127161844333E-5
2645	1.8778052623334745E-5
2646	1.877804393444495E-5
2647	1.8777894298661915E-5
2648	1.8777836069666427E-5
2649	1.8777631830644577E-5
2650	1.8777625184017965E-5
2651	1.877759192357666E-5
2652	1.8777503081347377E-5
2653	1.877740505376521E-5
2654	1.8777274165749436E-5
2655	1.8776941310092543E-5
2656	1.8776864001478335E-5
2657	1.8776551122740612E-5
2658	1.8776542332086515E-5
2659	1.877606774225625E-5
2660	1.877594967705435E-5
2661	1.877567345158674E-5
2662	1.877537421501953E-5
2663	1.8775053340952924E-5
2664	1.8775028423040697E-5
2665	1.877420075295294E-5
2666	1.8773219376875418E-5
2667	1.877321263712063E-5
2668	1.8772870008566094E-5
2669	1.8772450553858585E-5
2670	1.8771522403570174E-5
2671	1.8771499037135387E-5
2672	1.8771000065851394E-5
2673	1.8770589704185265E-5
2674	1.876927855529454E-5
2675	1.8768978268479462E-5
2676	1.876856245258372E-5
2677	1.8768286351791394E-5
2678	1.876719890373322E-5
2679	1.8766583465453167E-5
2680	1.876572768437139E-5
2681	1.8765269087427288E-5
2682	1.8764707969561212E-5
2683	1.876453521309015E-5
2684	1.8763928964237897E-5
2685	1.8763726634392382E-5
2686	1.87634477785658E-5
2687	1.8763357554776212E-5
2688	1.876332567643266E-5
2689	1.8763309297740014E-5
2690	1.8763232561869718E-5
2691	1.8763216716729672E-5
2692	1.876317004107605E-5
2693	1.8763134310897686E-5
2694	1.876306563352079E-5
2695	1.876303570246271E-5
2696	1.8763027505388598E-5
2697	1.8763008434069506E-5
2698	1.8762984779004962E-5
2699	1.876296464901683E-5
2700	1.876291226201121E-5
2701	1.876291007172093E-5
2702	1.8762892682654997E-5
2703	1.8762860645994722E-5
2704	1.876284429150443E-5
2705	1.8762826304423015E-5
2706	1.876279081874985E-5
2707	1.87627582282274E-5
2708	1.8762729529826662E-5
2709	1.876269882232491E-5
2710	1.876266446028899E-5
2711	1.8762649114749372E-5
2712	1.876261818630484E-5
2713	1.8762584404933037E-5
2714	1.8762548299663235E-5
2715	1.8762505380855984E-5
2716	1.8762498215359475E-5
2717	1.8762495939142083E-5
2718	1.876243673591532E-5
2719	1.8762411643991905E-5
2720	1.8762353732364544E-5
2721	1.876230134846911E-5
2722	1.8762248969645987E-5
2723	1.8762218567599516E-5
2724	1.8762169969774343E-5
2725	1.8762100505410957E-5
2726	1.8762049827327798E-5
2727	1.8761983728554384E-5
2728	1.876192322256666E-5
2729	1.87618401139083E-5
2730	1.8761783744923855E-5
2731	1.8761744690687962E-5
2732	1.876170171804148E-5
2733	1.8761682476183333E-5
2734	1.8761668422317952E-5
2735	1.8761632282424726E-5
2736	1.8761618892124674E-5
2737	1.8761593598316407E-5
2738	1.87615569858137E-5
2739	1.8761502029238333E-5
2740	1.8761442260202705E-5
2741	1.8761372253604835E-5
2742	1.8761312954434457E-5
2743	1.876122077570928E-5
2744	1.8761152025819365E-5
2745	1.8761053451177927E-5
2746	1.8761023159960002E-5
2747	1.8760893377087948E-5
2748	1.876086423886066E-5
2749	1.8760651861129992E-5
2750	1.8760576467424092E-5
2751	1.8760419027896755E-5
2752	1.8760281141635295E-5
2753	1.876010003022114E-5
2754	1.875985126206037E-5
2755	1.875976828666444E-5
2756	1.8759520364707644E-5
2757	1.8759271935243435E-5
2758	1.8759116040759962E-5
2759	1.875888171143715E-5
2760	1.875829616524841E-5
2761	1.8757871789072058E-5
2762	1.875786871739792E-5
2763	1.8757607358029125E-5
2764	1.8757349428119174E-5
2765	1.8756537675804526E-5
2766	1.8755993016759898E-5
2767	1.8755307085569453E-5
2768	1.875499435965849E-5
2769	1.8753994421019197E-5
2770	1.8753914752060125E-5
2771	1.8752898072673515E-5
2772	1.8752453281325404E-5
2773	1.875192907159471E-5
2774	1.8750533735836623E-5
2775	1.874998993361677E-5
2776	1.8748303166926697E-5
2777	1.8747853134181293E-5
2778	1.874732681589219E-5
2779	1.874632500594669E-5
2780	1.874509057995429E-5
2781	1.8744181865049203E-5
2782	1.8743245575182233E-5
2783	1.8742200331608173E-5
2784	1.874161777898038E-5
2785	1.8741105047736608E-5
2786	1.8740758051873582E-5
2787	1.8740656863021122E-5
2788	1.8740429343797782E-5
2789	1.8740315113181456E-5
2790	1.8739972978252625E-5
2791	1.873983999273773E-5
2792	1.8739717648647005E-5
2793	1.8739628773102217E-5
2794	1.8739605519488318E-5
2795	1.8739552790621913E-5
2796	1.8739465724496682E-5
2797	1.8739449368560525E-5
2798	1.8739419423673054E-5
2799	1.8739400651344537E-5
2800	1.873937405734959E-5
2801	1.8739349505103818E-5
2802	1.8739329393305656E-5
2803	1.8739310523252488E-5
2804	1.8739282012775343E-5
2805	1.873925370926053E-5
2806	1.8739221607401356E-5
2807	1.8739200021047923E-5
2808	1.873916677024544E-5
2809	1.8739141995375373E-5
2810	1.8739094632880675E-5
2811	1.873902788441451E-5
2812	1.8738978967528508E-5
2813	1.873891973325758E-5
2814	1.8738866714908257E-5
2815	1.8738825627777076E-5
2816	1.8738772283957568E-5
2817	1.8738701335089863E-5
2818	1.873865727894728E-5
2819	1.873857421072512E-5
2820	1.873851598749657E-5
2821	1.8738474409746878E-5
2822	1.873847141033613E-5
2823	1.8738428226948946E-5
2824	1.8738362831422316E-5
2825	1.8738307617741297E-5
2826	1.8738288077227863E-5
2827	1.873822692714974E-5
2828	1.8738209712758023E-5
2829	1.873811473643174E-5
2830	1.8737963553419582E-5
2831	1.8737946755247527E-5
2832	1.8737676866800497E-5
2833	1.8737656721530893E-5
2834	1.8737456960580134E-5
2835	1.8737422453136065E-5
2836	1.8737157838922437E-5
2837	1.8737022700424264E-5
2838	1.873690593411267E-5
2839	1.873674246874464E-5
2840	1.8736663270379383E-5
2841	1.8736550471893723E-5
2842	1.873629814766825E-5
2843	1.8736035448633352E-5
2844	1.8735405199663366E-5
2845	1.8735069483090318E-5
2846	1.8734510719721814E-5
2847	1.873418839211084E-5
2848	1.8733987694030437E-5
2849	1.8733809374517808E-5
2850	1.8733176795579605E-5
2851	1.8732863535869004E-5
2852	1.8732260419557334E-5
2853	1.8731967132552063E-5
2854	1.873156228686533E-5
2855	1.8730462155037278E-5
2856	1.8730017116033917E-5
2857	1.8728298759326473E-5
2858	1.87282804846178E-5
2859	1.872783601027872E-5
2860	1.872595646771228E-5
2861	1.8725716432058902E-5
2862	1.8723726043259232E-5
2863	1.8719267527352012E-5
2864	1.8716665919323747E-5
2865	1.8716095382686668E-5
2866	1.871345931517821E-5
2867	1.8708633210910156E-5
2868	1.870863245751574E-5
2869	1.870569276718264E-5
2870	1.8704366274731725E-5
2871	1.86972202733346E-5
2872	1.869539499728531E-5
2873	1.869431189818635E-5
2874	1.869183400972601E-5
2875	1.8686681668659813E-5
2876	1.8679450950397028E-5
2877	1.8676949083830666E-5
2878	1.8668392776473135E-5
2879	1.8665405974595932E-5
2880	1.865251433096884E-5
2881	1.8648462738651015E-5
2882	1.863257007663705E-5
2883	1.8625257831013167E-5
2884	1.8625256247128583E-5
2885	1.8617795642923702E-5
2886	1.8607774838894313E-5
2887	1.8588116187839862E-5
2888	1.8588113645502194E-5
2889	1.8561558800798854E-5
2890	1.8552216352485607E-5
2891	1.8536627468658768E-5
2892	1.8502292900234615E-5
2893	1.848291058216144E-5
2894	1.844706189752748E-5
2895	1.8447047675357936E-5
2896	1.8432743417486573E-5
2897	1.8432735787956027E-5
2898	1.8404033687200357E-5
2899	1.8363879605621362E-5
2900	1.8354175179269342E-5
2901	1.8298738328470787E-5
2902	1.8297812993000155E-5
2903	1.8263466324154734E-5
2904	1.8241092056931048E-5
2905	1.820715986332672E-5
2906	1.818713898789742E-5
2907	1.818395036640557E-5
2908	1.8183334927042045E-5
2909	1.8181734578200454E-5
2910	1.8181573159024298E-5
2911	1.8181336688218776E-5
2912	1.818060400194096E-5
2913	1.818057447098777E-5
2914	1.8179197584537138E-5
2915	1.8179170530164778E-5
2916	1.8179057331878455E-5
2917	1.8178898963892822E-5
2918	1.8178572400124503E-5
2919	1.8178091506530907E-5
2920	1.817807630493213E-5
2921	1.8178033354086147E-5
2922	1.8177479979013395E-5
2923	1.817736016827878E-5
2924	1.817687798677835E-5
2925	1.817685471360265E-5
2926	1.817673483990135E-5
2927	1.8176724510025674E-5
2928	1.8176723693535193E-5
2929	1.817670967621295E-5
2930	1.8176709604790035E-5
2931	1.817670950544674E-5
2932	1.8176709436798658E-5
2933	1.817670915851799E-5
2934	1.8176709142155032E-5
2935	1.817670894779447E-5
2936	1.8176708810460372E-5
2937	1.8176708649125024E-5
2938	1.8176708542683804E-5
2939	1.817670794372281E-5
2940	1.8176707840998445E-5
2941	1.817670766087923E-5
2942	1.8176707442091785E-5
2943	1.817670725365183E-5
2944	1.8176706326649367E-5
2945	1.8176705880537954E-5
2946	1.8176705564467488E-5
2947	1.8176705120193432E-5
2948	1.8176704794307114E-5
2949	1.817670463673632E-5
2950	1.817670404144099E-5
2951	1.8176703967251944E-5
2952	1.8176703440026325E-5
2953	1.817670340475762E-5
2954	1.817670273403507E-5
2955	1.817670235991551E-5
2956	1.8176702244954902E-5
2957	1.817670124559453E-5
2958	1.8176700185009202E-5
2959	1.8176699565509176E-5
2960	1.8176698513254793E-5
2961	1.8176697621536385E-5
2962	1.817669696715658E-5
2963	1.817669628345048E-5
2964	1.817669438475964E-5
2965	1.817669280828765E-5
2966	1.8176689771189764E-5
2967	1.817668861538936E-5
2968	1.8176686403523518E-5
2969	1.81766834016914E-5
2970	1.8176678289295794E-5
2971	1.8176676367150838E-5
2972	1.8176673455102235E-5
2973	1.8176668557270854E-5
2974	1.8176663225703818E-5
2975	1.817666306736115E-5
2976	1.817665826914126E-5
2977	1.8176650283305282E-5
2978	1.8176643973032495E-5
2979	1.817664204525108E-5
2980	1.817663031069948E-5
2981	1.817662495955056E-5
2982	1.8176621707463885E-5
2983	1.817660734918409E-5
2984	1.8176597455139906E-5
2985	1.817658540145198E-5
2986	1.81765848650666E-5
2987	1.8176551172046656E-5
2988	1.8176550432214622E-5
2989	1.8176518675762516E-5
2990	1.817651305890572E-5
2991	1.8176496262937686E-5
2992	1.8176490953774268E-5
2993	1.817647357177615E-5
2994	1.8176433471514803E-5
2995	1.817642094358967E-5
2996	1.8176396221680157E-5
2997	1.8176351840392843E-5
2998	1.8176333372929106E-5
2999	1.8176274317903598E-5
3000	1.8176215391376684E-5
