1	20.26311858406433
2	19.92242706640283
3	19.700870892900337
4	19.40053985725349
5	19.263703392480952
6	19.097530496265232
7	18.873220330088184
8	18.702082252330744
9	18.48377858020775
10	18.2896091106475
11	18.093422577463794
12	17.832747172891697
13	17.62187301580063
14	17.410221890319015
15	17.17903479057267
16	16.931968461792305
17	16.592102660348704
18	16.404199845332574
19	16.2445464336507
20	16.039435574198617
21	15.820520277442991
22	15.626408510035468
23	15.300206786889476
24	15.067318312716939
25	14.804233979476331
26	14.475025882048795
27	14.357745833675514
28	14.147384008231475
29	13.846313996497901
30	13.589724253820368
31	13.343131237669638
32	13.121868611357938
33	12.86840429662894
34	12.710258584133213
35	12.356825237435139
36	12.212309651993552
37	11.946252340653508
38	11.726991658038584
39	11.607714050849568
40	11.402104998052216
41	11.18166431916467
42	11.020028153289559
43	10.78012039681609
44	10.64706159400825
45	10.45914372655851
46	10.268088694370551
47	10.143898452530062
48	9.940864204998089
49	9.867331437367959
50	9.733742318491693
51	9.518355663710183
52	9.397384029989809
53	9.249526958589852
54	9.137214515007008
55	9.007148610203705
56	8.804639509443934
57	8.663554799461528
58	8.466877937579293
59	8.31810817304601
60	8.187997055539984
61	7.962760194764162
62	7.843173402512311
63	7.6974253320187245
64	7.52833232808799
65	7.375370814579047
66	7.32140606952351
67	7.1966382480005615
68	7.116733576242977
69	7.060188644597579
70	6.971360554799059
71	6.844087695450485
72	6.739435443595851
73	6.61727778653278
74	6.499093161589489
75	6.4312893631579096
76	6.315785521941321
77	6.237607220885343
78	6.143883239704705
79	6.065394279861651
80	5.949557349748043
81	5.9049511608208
82	5.869630306541156
83	5.759163363166691
84	5.663007499520342
85	5.570885381310801
86	5.469320988558582
87	5.38693084219311
88	5.337988450181961
89	5.236744356114269
90	5.205165306902475
91	5.166234961873738
92	5.1422501999644545
93	5.111496975160668
94	5.053567968065524
95	4.95254665685276
96	4.902214452886693
97	4.784386546695055
98	4.75690488750892
99	4.724924643055171
100	4.656178290691613
101	4.618132769006313
102	4.486696479014866
103	4.437150127554958
104	4.399944505419848
105	4.337442668956641
106	4.303211327192702
107	4.272391427772928
108	4.217500589126527
109	4.165463484319613
110	4.13588369909578
111	4.101411432106756
112	4.0662786119351235
113	4.030516981123861
114	4.005816458402211
115	3.9484276130675853
116	3.86600095451571
117	3.8352398449964835
118	3.805233036288141
119	3.7618585634089206
120	3.7286894309217384
121	3.678696819414149
122	3.6557857973773045
123	3.6369344612866663
124	3.598072036894336
125	3.5502678155883975
126	3.512630331114535
127	3.494660276442501
128	3.44707388036214
129	3.4265373942282045
130	3.393249040713826
131	3.3324340282691507
132	3.275358570440332
133	3.246445342956874
134	3.212510044368824
135	3.1671160680417683
136	3.135710088154448
137	3.0993737256572897
138	3.0753326011975934
139	3.0204722951095713
140	3.0111313903411037
141	2.9803687672813726
142	2.9560542528379012
143	2.938976898315123
144	2.9198413413517463
145	2.9022758894007348
146	2.8858518882644035
147	2.8573532026005566
148	2.8091347332364824
149	2.7825391024546966
150	2.7590081323759104
151	2.730196467814295
152	2.699890552311053
153	2.680043023410813
154	2.6609279896903164
155	2.6147185911347806
156	2.5566667497484317
157	2.529703152162943
158	2.501870945008938
159	2.4773147369072968
160	2.450917104413343
161	2.4393930814120806
162	2.4244336019264905
163	2.390951148406143
164	2.3495327066824854
165	2.32850630204963
166	2.2940911258371535
167	2.248447788422038
168	2.2240968327558566
169	2.1929541529879075
170	2.176965116799987
171	2.149822295223102
172	2.1276812913414416
173	2.1069321161262877
174	2.085065472311841
175	2.0593113381370234
176	2.033110736305643
177	1.9910825673806307
178	1.956500705444864
179	1.9220590128262118
180	1.9056798929591041
181	1.8834007767403291
182	1.839953813951938
183	1.8145275662667453
184	1.7634008282267088
185	1.7438352004605473
186	1.714237237838905
187	1.6823330039553213
188	1.6616487784289022
189	1.6419463032516026
190	1.6236842238480602
191	1.6016138961031587
192	1.5735669412025606
193	1.5433671312987967
194	1.5283218637418203
195	1.4993949265266855
196	1.4832778274979692
197	1.465585430932772
198	1.4358398889815163
199	1.4016611068001426
200	1.3813223896035687
201	1.3633067258746387
202	1.3465325603825775
203	1.3323876614621306
204	1.3097980973782224
205	1.2771348385601604
206	1.2413405263792112
207	1.233061690463305
208	1.2108957148825576
209	1.1966613483486523
210	1.1802200580300293
211	1.1653733737629979
212	1.1513788195101824
213	1.1273464986359714
214	1.1013598289397721
215	1.0709895905141689
216	1.055438374483233
217	1.0450040398652995
218	1.039126617114008
219	1.0198723631478548
220	1.0090998847486143
221	0.9970135820919096
222	0.9834271736859072
223	0.9698314422185016
224	0.9640076026016052
225	0.9509613511399455
226	0.9353574540201586
227	0.9277020889896819
228	0.9090435113207211
229	0.9005913965243891
230	0.8951014856621342
231	0.8868402849495008
232	0.8740159662904762
233	0.8673228186670224
234	0.8547019041015954
235	0.8387052659849448
236	0.8238241559463637
237	0.8104534077353214
238	0.8026291786244801
239	0.7972631096863695
240	0.7897755369946804
241	0.7836171170526858
242	0.7769461741938428
243	0.772020323481127
244	0.7617391023022314
245	0.7533759901100638
246	0.7464549255193961
247	0.7403426378391984
248	0.7381753965575168
249	0.730302303374017
250	0.7213000376924888
251	0.7112550855654144
252	0.7030337289029415
253	0.6984423683493423
254	0.6885817658212116
255	0.6845263176567811
256	0.6822565276327608
257	0.6769119193049374
258	0.6686269031269775
259	0.6618255731895663
260	0.6573785902181127
261	0.648766482951204
262	0.6446523874940208
263	0.63782555810883
264	0.6281184977029228
265	0.6190454105991527
266	0.6119749718285926
267	0.6015061052589633
268	0.599520566723119
269	0.5928540022548681
270	0.5901968320879866
271	0.5830156013292045
272	0.5782203041996721
273	0.5750289079434054
274	0.5699549890958405
275	0.5648334485480241
276	0.5611192224985282
277	0.5570983809306552
278	0.5525815702573136
279	0.5485457047868578
280	0.5445737101654164
281	0.5427680872064304
282	0.5402543144123219
283	0.5300459367775837
284	0.5268162195585744
285	0.5194914362478046
286	0.5154260509497496
287	0.5102275963142977
288	0.5074142730974995
289	0.5048892356157303
290	0.499531371355126
291	0.4953541369941873
292	0.4940656452718636
293	0.49147036999226235
294	0.4900320982876317
295	0.48150352326682533
296	0.47692112467545494
297	0.47260179264979923
298	0.4689496374610053
299	0.46522766302732205
300	0.4608906689745283
301	0.4581490781258764
302	0.45365561780566227
303	0.44967277877658496
304	0.4453050518952619
305	0.44359544922035493
306	0.44027443654834136
307	0.43553316295515493
308	0.42996749446498256
309	0.4278869022939113
310	0.4222314329162519
311	0.4120758823673793
312	0.41044920565154713
313	0.40861676347540343
314	0.40381574431524586
315	0.38751741926606825
316	0.38258002596461077
317	0.37630422783075534
318	0.37047545966734513
319	0.3627954809656763
320	0.3594581810386474
321	0.3498426281790245
322	0.33867116480385223
323	0.3324597423882789
324	0.3290031417867887
325	0.3218454520807624
326	0.31838683600028284
327	0.3094699623112547
328	0.3068144407975133
329	0.3050540431341376
330	0.29650456301176503
331	0.2945326340793943
332	0.2933944783809152
333	0.29182718660065476
334	0.2898744630028029
335	0.2872321897682481
336	0.2856184709381576
337	0.28407526858129517
338	0.2815930573827875
339	0.2773285378567609
340	0.273712393432802
341	0.2713341851138161
342	0.2665100201033489
343	0.2658117001715265
344	0.2649680142787814
345	0.2609550332257625
346	0.2591846658863202
347	0.2573396722240632
348	0.2564662359333262
349	0.2559764152891712
350	0.25459448257138945
351	0.2535541599906081
352	0.2518782611206169
353	0.2509587153692632
354	0.2483488078175571
355	0.24526228477189846
356	0.24236456761412103
357	0.23817802355555173
358	0.2341949447373493
359	0.23281826913903209
360	0.2323441725497344
361	0.23165766100707508
362	0.23078515757776047
363	0.2303946386215171
364	0.2300078805597945
365	0.22943640099696908
366	0.22895321119252318
367	0.22869464922683846
368	0.22823094802242244
369	0.22796511607272965
370	0.22738694633367598
371	0.22674673183713429
372	0.22652136754879837
373	0.2260663800721968
374	0.2254860095199799
375	0.22511909609156835
376	0.22476132756036643
377	0.2243855889342452
378	0.2240913112783526
379	0.2237297728460105
380	0.22301085349161648
381	0.22272967941339986
382	0.22223592133316655
383	0.22201894809437353
384	0.22167872824444146
385	0.22131969746373012
386	0.22112899677035797
387	0.2208868799951664
388	0.22055791817593484
389	0.22020594642552696
390	0.21980389136876136
391	0.21950490456556176
392	0.21912728350663926
393	0.2189513354437338
394	0.21844628754513593
395	0.21809905711107713
396	0.21790619434605601
397	0.21766839223886608
398	0.21736108766377443
399	0.21717538431143749
400	0.21673577684595577
401	0.21657481581420596
402	0.21629148204635687
403	0.21604391797757383
404	0.2156218131858817
405	0.21536840415316832
406	0.21506202184566436
407	0.21478140161667186
408	0.2144195248239992
409	0.2140157139049593
410	0.21370747324073303
411	0.21345732837402617
412	0.21311089771896227
413	0.21281219826753908
414	0.21236183876031495
415	0.21205435645681944
416	0.2115743886228144
417	0.21070308476168478
418	0.2099200673142506
419	0.20983686943216082
420	0.2084613857143962
421	0.20670086364649604
422	0.20563366949994216
423	0.2054778921401215
424	0.20125134331301855
425	0.19889426595539159
426	0.19863703652945894
427	0.19452729894150103
428	0.19161683753786776
429	0.19118394317168666
430	0.19106923552859875
431	0.19075277556474662
432	0.1905846620725032
433	0.1904673594534584
434	0.18859924335672656
435	0.18846265829470893
436	0.1882768697289597
437	0.1881684051880438
438	0.18802941979767032
439	0.18783193112549287
440	0.18770419631050733
441	0.18748855409025153
442	0.1873210016575414
443	0.18714540016601872
444	0.18701704158245172
445	0.1869180992285863
446	0.18230310831233046
447	0.1822051007656483
448	0.18015948789395367
449	0.17966217344036764
450	0.17909685306508832
451	0.17879567485960704
452	0.17870807406951214
453	0.1785111713156723
454	0.17838424128454441
455	0.17817137210492356
456	0.17803850634369886
457	0.1779042972597654
458	0.17779952933078777
459	0.17758558052316947
460	0.1774539149703027
461	0.1773648796029771
462	0.17726019274616475
463	0.17702426321568207
464	0.17691876535511752
465	0.17682718762366942
466	0.1767656539560564
467	0.17662662626877085
468	0.1764685726039946
469	0.17636545441923232
470	0.17625213105060128
471	0.17608827699253304
472	0.17600986612133215
473	0.17586199754597012
474	0.17576091903797078
475	0.17569743193335682
476	0.17560068709965276
477	0.1755111119512483
478	0.1753741629211186
479	0.1752822529927687
480	0.17518118802247742
481	0.17500542845077197
482	0.1749030006691172
483	0.17486008221322233
484	0.174785914317146
485	0.17470260716100552
486	0.1746293528881545
487	0.17456048686351047
488	0.1744726376898571
489	0.17437413977553332
490	0.17429017313910453
491	0.17421660899258923
492	0.17410202659396645
493	0.17402209959699283
494	0.17395302957234046
495	0.17383434535051442
496	0.17377936152593082
497	0.17369869708769775
498	0.17359015114108534
499	0.17351176845513178
500	0.17344538058211664
501	0.17331550183015054
502	0.1732569223600961
503	0.17314627453722686
504	0.17305335132128186
505	0.1729382422414566
506	0.1728045726627648
507	0.17270594534026465
508	0.17259743002606534
509	0.17252916440151173
510	0.17226606537162414
511	0.17223416521195348
512	0.1721033297735766
513	0.17188925866468457
514	0.17178059968381584
515	0.17158211032104156
516	0.17138159141517678
517	0.17129875557688318
518	0.17092091396339323
519	0.17079792222992635
520	0.1705593708612403
521	0.1699804111188658
522	0.1696811797146518
523	0.1684233583893547
524	0.1683364595047624
525	0.1680031695230778
526	0.16742155617355525
527	0.16492110400670448
528	0.16353430422783252
529	0.1634574401379004
530	0.16051212995377187
531	0.15880441074706544
532	0.15581044868064456
533	0.15207082897416824
534	0.15166141513678405
535	0.15099872636005426
536	0.15068315256879428
537	0.1505799976284244
538	0.15035006557366867
539	0.1502520872360057
540	0.15012916968997378
541	0.15002937450280512
542	0.14989316051875004
543	0.1498158683202541
544	0.1497038670757245
545	0.14964120597834246
546	0.1495576041796211
547	0.14943349301155726
548	0.14932146606009303
549	0.1492217036404651
550	0.1491323964781076
551	0.14908164242426175
552	0.14900682881960287
553	0.14892607907155417
554	0.1488199665759572
555	0.14877173986407585
556	0.14867739457648665
557	0.14862080810174408
558	0.14855921843859585
559	0.14848091087749107
560	0.14838368611681488
561	0.1482992154209545
562	0.14824186878123777
563	0.14814907889377382
564	0.1480838156306826
565	0.1480421159496605
566	0.14799656414697002
567	0.14794819504562526
568	0.14788160897309668
569	0.14783072716023513
570	0.14777241072020192
571	0.14770739648461578
572	0.14767300198967984
573	0.14761893432100318
574	0.14753122734268584
575	0.1475107390829696
576	0.14746662355872356
577	0.14737494520965919
578	0.1473343678528549
579	0.14728586562012086
580	0.14725335777461218
581	0.1472220981900065
582	0.14717236317824717
583	0.14712595639157616
584	0.14709104103588613
585	0.14705446651111448
586	0.14701347813727728
587	0.14698220858791416
588	0.1469466321357663
589	0.14690897794116628
590	0.14686791244354844
591	0.14683074426849455
592	0.1467814626709157
593	0.14674896850643088
594	0.14672272967062053
595	0.14668713055865862
596	0.14664474149667425
597	0.1465841654824642
598	0.14654946130828994
599	0.14651415587348562
600	0.14645687822926076
601	0.14640765559172766
602	0.14634979173790794
603	0.14630040314814047
604	0.1462598106305845
605	0.14621181199837516
606	0.14615491595801477
607	0.14611308861127895
608	0.14605766807709958
609	0.14600143059869106
610	0.14594228466778528
611	0.14589353781873682
612	0.14584473866623957
613	0.1457939272159978
614	0.14574732546421953
615	0.14571425063006957
616	0.14566358390957423
617	0.14563444897585814
618	0.14559378902925468
619	0.1455456074347767
620	0.14550175540424606
621	0.14547039660829925
622	0.14542377191410277
623	0.14538468553175704
624	0.14537137519104298
625	0.14533670026386594
626	0.14530914264029868
627	0.14527150558598417
628	0.14523129692327547
629	0.14520844936556884
630	0.14517681739587754
631	0.1451480470842637
632	0.14511237382232864
633	0.14507450301124053
634	0.14505763001080582
635	0.14502907551961497
636	0.14498992999538282
637	0.1449631055221176
638	0.14492651125938408
639	0.144892345386458
640	0.14486112762484515
641	0.14483365501247147
642	0.14479966844168332
643	0.1447824658876886
644	0.14473804687367223
645	0.14469410419688092
646	0.1446680798827504
647	0.144620662450518
648	0.1446017876507068
649	0.14456632476176756
650	0.14451738222503935
651	0.14447495574129415
652	0.14443386799298194
653	0.1443826650635093
654	0.14434541840744067
655	0.14429229328557033
656	0.14426155298116822
657	0.14419478979469114
658	0.14417220394514413
659	0.1441463047469374
660	0.14410207460837177
661	0.14405950904149398
662	0.14402965598065784
663	0.14400687461211606
664	0.14398001364700558
665	0.14394084868862952
666	0.14389300112345144
667	0.14386223170178095
668	0.1438180092819242
669	0.1437953705270814
670	0.14376222733575875
671	0.14371034061445073
672	0.1436750429237694
673	0.14363763172215843
674	0.14360156867933443
675	0.14357211735465278
676	0.1435373316033267
677	0.1434900788775961
678	0.14345140680616686
679	0.14340920739482307
680	0.14338213190884289
681	0.14334337214030837
682	0.14332101675918757
683	0.14329807633917774
684	0.14327225586257458
685	0.14324678954914036
686	0.14322548973244703
687	0.14319907882926416
688	0.14316933288208167
689	0.14315153977068257
690	0.1431293615467763
691	0.14309906141337145
692	0.1430819696370458
693	0.14305263325090806
694	0.1430271888723369
695	0.1430061248205348
696	0.14298555055110648
697	0.14294559763824516
698	0.14292793598704928
699	0.1429073920043136
700	0.14288000692983163
701	0.14282593399781793
702	0.14279361514331937
703	0.1427398641585604
704	0.14270926923197685
705	0.14267118815041338
706	0.14263765446947446
707	0.142605489447398
708	0.14255755011300913
709	0.14252816964542783
710	0.14245674088401444
711	0.1424174238633283
712	0.14237711574138456
713	0.1423400254595929
714	0.14230271590700663
715	0.1422649027594179
716	0.1422082174672585
717	0.1421792920144965
718	0.14214979252624416
719	0.14211742560652624
720	0.14209759051859214
721	0.14208375907518844
722	0.1420638469983926
723	0.14204564936712313
724	0.1420268615388553
725	0.1420115417555377
726	0.14199508481555295
727	0.14197550431035505
728	0.1419596256571021
729	0.14194097059795074
730	0.14193122183394324
731	0.1419178451464199
732	0.1418930135807418
733	0.1418762680063165
734	0.14185559246225946
735	0.1418369544174357
736	0.14181072428260794
737	0.14178875542584052
738	0.14176265002875074
739	0.141739078393671
740	0.14171694499965565
741	0.14169511712315358
742	0.14166408852693377
743	0.141641849233126
744	0.14160659807944376
745	0.14156411541458794
746	0.14152180974561188
747	0.14147930591660188
748	0.1414398206419605
749	0.14141251199972252
750	0.1413650466743347
751	0.14133677906113495
752	0.14131785881361086
753	0.14127098802103513
754	0.14123953424231042
755	0.1411827089980048
756	0.1411448387765079
757	0.141094515217708
758	0.14106757044342885
759	0.14104169312908227
760	0.14101748582874796
761	0.14099570872361106
762	0.14097383729189666
763	0.140951175060063
764	0.1409277551690768
765	0.1409162777967746
766	0.14088883840042163
767	0.14087256188025146
768	0.14086272637111225
769	0.14085264758049035
770	0.14083178445600308
771	0.14081624895201442
772	0.1408004671351893
773	0.1407730568916399
774	0.1407593011632734
775	0.14074643806385992
776	0.1407183925814358
777	0.14070549609062544
778	0.14068140011577399
779	0.14065844770509045
780	0.14064130584971482
781	0.1406189048941531
782	0.14058866079622112
783	0.140568916799351
784	0.14054544969153476
785	0.14052584572947646
786	0.14050698458927505
787	0.1404789705961479
788	0.1404655278648229
789	0.14044403672854383
790	0.14041863765516008
791	0.14040468566795208
792	0.1403892151950985
793	0.14037094231670305
794	0.14035497054155519
795	0.14033372371856184
796	0.140317680684943
797	0.1403045318762327
798	0.14029313765978352
799	0.14027456075188757
800	0.14025988546617643
801	0.1402397317657758
802	0.14022792880524343
803	0.1402086156942811
804	0.1401998400892805
805	0.14018915132458298
806	0.14018044415434672
807	0.140171013031919
808	0.14016004130504264
809	0.14014751164160097
810	0.14013201267350767
811	0.1401177049013405
812	0.14011038722061686
813	0.1400944035560011
814	0.14008626964728063
815	0.14007505215780702
816	0.14005524644951536
817	0.14004199359755828
818	0.14002454555043575
819	0.14000160182158364
820	0.13999095435500022
821	0.1399723321033555
822	0.13995845349536287
823	0.13994663411948235
824	0.13992837167105832
825	0.13991439495518915
826	0.13989652969977712
827	0.1398697712500425
828	0.13985767501554405
829	0.13983991140365631
830	0.13982809811889368
831	0.13981475601999457
832	0.139796695055292
833	0.13977370266184505
834	0.1397590501665264
835	0.1397434797977824
836	0.13971363167303344
837	0.13970182633294898
838	0.13967472950777776
839	0.13965437545736145
840	0.139635269882953
841	0.1396053667085361
842	0.13959225458648997
843	0.1395540244082113
844	0.13953631586648743
845	0.13951508431185547
846	0.13949919377253234
847	0.13947143565200285
848	0.13946101474312594
849	0.1394464391180238
850	0.13944046066857227
851	0.13943350575671506
852	0.13942769235524358
853	0.13941814613925343
854	0.13941444002817577
855	0.13941124711824668
856	0.13940374660693738
857	0.13939945689759597
858	0.13939044627021574
859	0.13938422231632422
860	0.13937638295180788
861	0.13937226582842668
862	0.1393638730534269
863	0.1393562546352117
864	0.13934743924367402
865	0.1393456403193737
866	0.13934148876578284
867	0.1393343948349096
868	0.13932654542117442
869	0.13931958753911156
870	0.13931440647075818
871	0.13930706647201782
872	0.13930363506463275
873	0.1392980308873092
874	0.1392947877085575
875	0.13929226565932326
876	0.13928886300550258
877	0.13928565323647638
878	0.13928094500947888
879	0.13927801729768238
880	0.13927636606491148
881	0.1392722126222582
882	0.13926927420794324
883	0.13926443863790477
884	0.1392611023168566
885	0.13925776320473224
886	0.1392538280231896
887	0.13924906668050582
888	0.13924587430111066
889	0.1392409454981667
890	0.13923686741378297
891	0.13923013307243456
892	0.13922434065428696
893	0.1392192444927462
894	0.13921489347541452
895	0.13920853124637864
896	0.13920119543103432
897	0.13919203538063743
898	0.13918758593926292
899	0.1391817146600124
900	0.13917547162949165
901	0.13916726550619846
902	0.13915697601399749
903	0.1391490965403445
904	0.13914373444218014
905	0.1391339338262214
906	0.13912390771341482
907	0.13911271068841627
908	0.13910909594646492
909	0.13908800526761522
910	0.1390783305333478
911	0.13906759702637475
912	0.13904905831289993
913	0.13903510121218898
914	0.1390162299220744
915	0.13899552742352292
916	0.1389876771567228
917	0.1389682277955509
918	0.13895759571410357
919	0.13893693509257365
920	0.13892778979142356
921	0.13890902983493586
922	0.1388960325289634
923	0.1388808385079123
924	0.13887023031612822
925	0.13885944840881484
926	0.13885210795752032
927	0.13884501380184225
928	0.138835028648234
929	0.13882300786161225
930	0.13881573143326445
931	0.13880345120855073
932	0.13878619327700667
933	0.13878078907296468
934	0.1387717678557815
935	0.1387530201252166
936	0.13874814918469988
937	0.13873270316221634
938	0.1387210385565494
939	0.13870732083286486
940	0.13870004538361605
941	0.13869405243198943
942	0.13868579992810467
943	0.1386784009913359
944	0.13867167676649628
945	0.13866804450022424
946	0.1386620901595023
947	0.1386567267464561
948	0.13864877074924728
949	0.13864384687774592
950	0.13863907518369947
951	0.13863463061170497
952	0.13862795583640056
953	0.13862014826046368
954	0.13861610149610265
955	0.13860737312161062
956	0.13860009966615955
957	0.13859153174651573
958	0.13858170657921162
959	0.13857242438447956
960	0.13856207124987607
961	0.13855047466649043
962	0.13853278325874163
963	0.1385218588629457
964	0.13851330355478947
965	0.1384994948710248
966	0.13848273338731162
967	0.1384708060015152
968	0.13845820339300893
969	0.13843991038136538
970	0.13841767605369226
971	0.1383955961229201
972	0.13836846555794874
973	0.13834572051185162
974	0.13831879443658446
975	0.13829516662591965
976	0.1382839276849367
977	0.13826068195953237
978	0.1382293032764052
979	0.1382145798054948
980	0.13817464562412035
981	0.13813616598357928
982	0.13809404358546234
983	0.13806351095436264
984	0.138035222294442
985	0.13800729634076628
986	0.13796461967385573
987	0.13793241070977597
988	0.13790773255263516
989	0.13787578730227315
990	0.1378429072332384
991	0.1378309683442875
992	0.13779642903533243
993	0.13779115000073996
994	0.13776133274910202
995	0.13774201543388498
996	0.13773569667568825
997	0.13772834373959666
998	0.13770011157164175
999	0.13768993731847295
1000	0.137683923413471
1001	0.13767892272358
1002	0.13767233436686957
1003	0.13766827130430856
1004	0.13766355229356053
1005	0.13765941512660165
1006	0.13765522411966744
1007	0.13765205495071836
1008	0.13764516261957593
1009	0.13764043842865978
1010	0.13763427151026292
1011	0.1376294105134403
1012	0.1376244820879628
1013	0.13762143343542219
1014	0.1376157987843483
1015	0.1376118321785616
1016	0.13760841190339354
1017	0.1376048461637489
1018	0.13760215169609735
1019	0.1375971725250373
1020	0.13759510313458156
1021	0.1375897769787779
1022	0.13758386917350462
1023	0.13758128391130323
1024	0.13757633083465715
1025	0.13757046652921542
1026	0.13756475973896048
1027	0.13755891198549455
1028	0.13755547430833012
1029	0.13754786862723767
1030	0.13753953312633968
1031	0.13753445846725726
1032	0.13752368363102752
1033	0.1375103011893331
1034	0.13750228240112092
1035	0.13749282471271154
1036	0.1374851866231098
1037	0.13747673293081109
1038	0.1374687668329418
1039	0.1374552711650416
1040	0.13744619319064275
1041	0.13743231667998743
1042	0.13741654785773946
1043	0.1373965232094883
1044	0.1373773661090632
1045	0.13736124673113984
1046	0.1373248061381717
1047	0.137318212263195
1048	0.13729697547719225
1049	0.13728087462534164
1050	0.13724691634720707
1051	0.13722859529077594
1052	0.13722476484019827
1053	0.13722316544387542
1054	0.13719455238449743
1055	0.13717106666687148
1056	0.13715418822972233
1057	0.13714803092076844
1058	0.13714421503205007
1059	0.13714307245180915
1060	0.13714055256124416
1061	0.13713707077883236
1062	0.13713136251934133
1063	0.13712977201803306
1064	0.1371269288355177
1065	0.13712407792889758
1066	0.13712245512723684
1067	0.13712000620207818
1068	0.13711883351384707
1069	0.13711476098077022
1070	0.1371131976624736
1071	0.13711074907109214
1072	0.13710753321360689
1073	0.13710491103645828
1074	0.13710166686484818
1075	0.13709887103210833
1076	0.13709602952156622
1077	0.13709271208528795
1078	0.1370880204113991
1079	0.13708552460383905
1080	0.13708403160352048
1081	0.13708070410790574
1082	0.13707539263951635
1083	0.13707303876270827
1084	0.13706782738805556
1085	0.13706583963038296
1086	0.1370623290498315
1087	0.13706012871582443
1088	0.1370549318243771
1089	0.13705187059972698
1090	0.1370472320953799
1091	0.13704340608621743
1092	0.13703907638514357
1093	0.13703352456738344
1094	0.13703029442789433
1095	0.13702499941002838
1096	0.13702272460565956
1097	0.1370166998070594
1098	0.13701263168696012
1099	0.13700894618695575
1100	0.13700438829049266
1101	0.1370009581534134
1102	0.13699801821125865
1103	0.136992195610809
1104	0.13698881148119152
1105	0.13698393645227183
1106	0.13697751076167225
1107	0.13697203504460623
1108	0.13696472896598755
1109	0.1369603240707435
1110	0.13695186761329003
1111	0.13694738773105894
1112	0.13693865597733496
1113	0.13693320769278186
1114	0.13692888421528038
1115	0.13692023868443223
1116	0.1369130790086243
1117	0.1369061038016537
1118	0.13689860130059547
1119	0.1368893038703554
1120	0.13688107928074383
1121	0.13687354933155094
1122	0.1368672323861004
1123	0.13686034770038882
1124	0.1368550627564179
1125	0.1368495522452651
1126	0.13684174377680292
1127	0.1368385779221681
1128	0.13683542075401017
1129	0.1368304176072719
1130	0.13682434377951827
1131	0.136822302819149
1132	0.13681812930916956
1133	0.13681226613779965
1134	0.13680916036643193
1135	0.13680276879664044
1136	0.13679946380126026
1137	0.13679451628669037
1138	0.13679096511420505
1139	0.13678498070161044
1140	0.1367815769230373
1141	0.13677674024891048
1142	0.13677357327635725
1143	0.13677045275381952
1144	0.1367649913800677
1145	0.13676173759327429
1146	0.1367582865252418
1147	0.13675446107841163
1148	0.13674866815665512
1149	0.13674403320127254
1150	0.13673888059687486
1151	0.1367352643790596
1152	0.13672658489003534
1153	0.1367226688619413
1154	0.13671193310862373
1155	0.13670323720344923
1156	0.1366974856510829
1157	0.13668593587033795
1158	0.13668251869037945
1159	0.1366751429049877
1160	0.1366684556345776
1161	0.13666008178908634
1162	0.13665401350815248
1163	0.13664647418353923
1164	0.13664100023129983
1165	0.1366323795509448
1166	0.13662681587566536
1167	0.13662235605623166
1168	0.13661379917124442
1169	0.13660293495321005
1170	0.13659627335843688
1171	0.13659465669354118
1172	0.13659188052905213
1173	0.13658874176154645
1174	0.13658262919879716
1175	0.1365796275893512
1176	0.1365747427257151
1177	0.13656998492065459
1178	0.13656757722535942
1179	0.13656516717422168
1180	0.13656285163404513
1181	0.1365608388557561
1182	0.13655869211087052
1183	0.13655617899005934
1184	0.13655408417193995
1185	0.13655074289077804
1186	0.13654983399458465
1187	0.13654788340543242
1188	0.13654548391416527
1189	0.13654117023578474
1190	0.1365392535198656
1191	0.13653544677549473
1192	0.1365341729006149
1193	0.13653016530355275
1194	0.1365273635909216
1195	0.13652561229460997
1196	0.13652304294084852
1197	0.13651797491869724
1198	0.13651495070779004
1199	0.1365102486312421
1200	0.1365065787974837
1201	0.13650325244734782
1202	0.13650035536563185
1203	0.13649690465724296
1204	0.136495584322499
1205	0.13649151094761836
1206	0.13648932247636927
1207	0.13648638987277298
1208	0.13647914248071985
1209	0.13647543690133873
1210	0.13647216586711647
1211	0.13646742179671606
1212	0.13645838973106683
1213	0.1364535691385016
1214	0.1364469674907289
1215	0.13643921703905054
1216	0.13643519226651762
1217	0.13642847367658198
1218	0.13642314248609808
1219	0.13641477802099505
1220	0.13640880408078096
1221	0.13639927438050609
1222	0.13638971787597068
1223	0.1363822562167435
1224	0.1363762657180693
1225	0.13637095007516614
1226	0.13636542824497436
1227	0.13635881634958927
1228	0.13635473863948666
1229	0.1363506172301375
1230	0.1363399801471955
1231	0.1363357546490558
1232	0.1363310965256334
1233	0.13632238567589433
1234	0.13631143553995892
1235	0.1363061792568809
1236	0.13629175500454757
1237	0.1362826882151689
1238	0.13627941216497616
1239	0.1362636197885128
1240	0.13625190253287334
1241	0.1362440309976624
1242	0.13622777964741883
1243	0.13621591809585623
1244	0.1362050004820704
1245	0.1361977196240938
1246	0.13619413585737422
1247	0.13618713017952624
1248	0.1361860303573266
1249	0.13618219895070385
1250	0.13618031133084824
1251	0.13617567544803377
1252	0.13617361841231856
1253	0.13617287377768064
1254	0.1361701962852515
1255	0.13616658574521295
1256	0.1361649042010762
1257	0.13616148790247726
1258	0.13615936834535533
1259	0.13615759424726806
1260	0.1361542953374183
1261	0.13615362108359255
1262	0.13615163535666364
1263	0.13615038102973592
1264	0.13614904139561945
1265	0.1361478190105431
1266	0.13614722566302312
1267	0.13614664949779653
1268	0.13614616166701834
1269	0.13614548358541148
1270	0.1361441952808577
1271	0.13614367392845408
1272	0.1361424217355195
1273	0.13614164424569836
1274	0.13614103403531386
1275	0.13614004550341835
1276	0.13613853650296984
1277	0.13613765454635224
1278	0.13613686284774737
1279	0.13613550291385518
1280	0.13613438224011257
1281	0.1361329253621581
1282	0.1361314113769224
1283	0.1361301214691439
1284	0.13612850068917348
1285	0.13612649447458133
1286	0.1361254887452457
1287	0.13612247309269832
1288	0.13611980909413393
1289	0.13611773425900273
1290	0.13611511189602982
1291	0.13611211464854125
1292	0.13611012540879613
1293	0.1361062241836194
1294	0.13610425616541186
1295	0.1361025479118725
1296	0.13609900892286467
1297	0.13609495643277264
1298	0.13609406405263724
1299	0.13609145481284068
1300	0.13608701761687134
1301	0.1360836056655401
1302	0.13607798422860695
1303	0.13607626168673936
1304	0.13606909719170313
1305	0.1360679249195745
1306	0.13606458667180196
1307	0.13606180912653995
1308	0.1360561201272142
1309	0.13605157517508942
1310	0.136043970240116
1311	0.13603731146229778
1312	0.13603001398568784
1313	0.1360189955439684
1314	0.13600698578334597
1315	0.1359979687749516
1316	0.13599249316216672
1317	0.13598516669475305
1318	0.13597934664527936
1319	0.13597247821132574
1320	0.135965493599935
1321	0.13595906480065306
1322	0.1359558158106741
1323	0.13595207008953591
1324	0.1359458854904653
1325	0.13594036264642673
1326	0.13593794068804554
1327	0.13593564649614173
1328	0.13593380071877195
1329	0.13593162365005915
1330	0.1359305240541907
1331	0.1359285649887193
1332	0.1359277401464015
1333	0.13592568814567024
1334	0.13592259880067661
1335	0.1359208156320375
1336	0.1359190585976828
1337	0.13591712545238174
1338	0.1359148822836829
1339	0.13591264655255803
1340	0.13591054766099708
1341	0.13590692090238193
1342	0.13590428604574684
1343	0.13590105678727318
1344	0.13589950546947885
1345	0.13589499342235264
1346	0.1358910929898685
1347	0.1358864473682017
1348	0.1358853339765654
1349	0.13587871920719657
1350	0.13587848915773124
1351	0.13587452385787543
1352	0.135870231694426
1353	0.13586334457468618
1354	0.13586255275568979
1355	0.13585735227920717
1356	0.13585719640671157
1357	0.13585000191248112
1358	0.13584629191602102
1359	0.13584065886420982
1360	0.13583382390494897
1361	0.13582740455569497
1362	0.13582340803883625
1363	0.13581694607510164
1364	0.1358164970344835
1365	0.13581259798311882
1366	0.1358102832616424
1367	0.1358099239773255
1368	0.1358095516051231
1369	0.13580910415617778
1370	0.13580861988036802
1371	0.13580827747085644
1372	0.13580773892277553
1373	0.13580713033584285
1374	0.13580667236211388
1375	0.13580616790165978
1376	0.13580578213894354
1377	0.1358053927663113
1378	0.13580483973714833
1379	0.13580416365058853
1380	0.13580366161809818
1381	0.13580302592324853
1382	0.13580272261270562
1383	0.13580248034897513
1384	0.13580182337316613
1385	0.1358013977804335
1386	0.13580061817768188
1387	0.13579988291651
1388	0.13579958646597973
1389	0.13579930402281623
1390	0.13579879092122646
1391	0.13579814786082045
1392	0.13579726970854436
1393	0.13579636059145922
1394	0.1357957161660883
1395	0.13579504060779504
1396	0.13579431089243252
1397	0.13579373951707613
1398	0.13579334056503317
1399	0.13579271730791828
1400	0.1357919008848989
1401	0.13579148750698755
1402	0.13579074728617668
1403	0.13578973587746654
1404	0.13578920943227463
1405	0.1357881574423975
1406	0.1357875040538336
1407	0.1357865462873416
1408	0.13578575723549446
1409	0.13578421812694197
1410	0.1357829875122951
1411	0.135781713161728
1412	0.13578084811281857
1413	0.13577888531655266
1414	0.13577747355136033
1415	0.1357755005691519
1416	0.13577408847191466
1417	0.13577229206019778
1418	0.1357692429683594
1419	0.13576820922233196
1420	0.13576721370176417
1421	0.13576413929083803
1422	0.1357622043981192
1423	0.13576029700789324
1424	0.13575698909705272
1425	0.13575342479539473
1426	0.13575156829528934
1427	0.13574727398001393
1428	0.13574663729241185
1429	0.1357422374687524
1430	0.13574002799313806
1431	0.13573713228979292
1432	0.13573024101134903
1433	0.13572439333656705
1434	0.1357191237106954
1435	0.13571279398163638
1436	0.1357106330435635
1437	0.13570357970527427
1438	0.13569529593583546
1439	0.13568893601961168
1440	0.1356811305388015
1441	0.13567409257278956
1442	0.1356633271675683
1443	0.1356576358550492
1444	0.13565171265355605
1445	0.13563306648613851
1446	0.13562321836927452
1447	0.13562297621720926
1448	0.1356073077337214
1449	0.13560462319813996
1450	0.13559373167553584
1451	0.1355897962410606
1452	0.1355879271844602
1453	0.13558324328747817
1454	0.13557280139840033
1455	0.1355709942155935
1456	0.1355675797481024
1457	0.13556463689786336
1458	0.13555699528544793
1459	0.13555211194847958
1460	0.13554002001334509
1461	0.13553717059168788
1462	0.13552853762358053
1463	0.1355162945083479
1464	0.1355028660747212
1465	0.13547644887183424
1466	0.1354692774287476
1467	0.13546763046725444
1468	0.13545512332089726
1469	0.13543461876358925
1470	0.13541811056787761
1471	0.13540589252481583
1472	0.13540178614558013
1473	0.13539886147869337
1474	0.13539534071262488
1475	0.13539293260099064
1476	0.13538596189381708
1477	0.13538580853264218
1478	0.1353848738608017
1479	0.1353807108481992
1480	0.13537953642687967
1481	0.13537625365051154
1482	0.1353718906756885
1483	0.13536379416899638
1484	0.13536116145295585
1485	0.13535064040744513
1486	0.13533806847891366
1487	0.1353327603841098
1488	0.13532681293003945
1489	0.13532223756406217
1490	0.13531993995600872
1491	0.13531614263266348
1492	0.13530440324204857
1493	0.13529663104991718
1494	0.13528997168034987
1495	0.13528229174282105
1496	0.13528131427502949
1497	0.13527388555346898
1498	0.13527250574365507
1499	0.13527189819099183
1500	0.13527117082436363
1501	0.13526957280355167
1502	0.13526374185629123
1503	0.13526221653420428
1504	0.13526178280523452
1505	0.1352614539298007
1506	0.13526038652209788
1507	0.1352599887785152
1508	0.13525969130592463
1509	0.13525941870656183
1510	0.13525896646027222
1511	0.13525880387513575
1512	0.1352582386187895
1513	0.13525777585552262
1514	0.13525745177342693
1515	0.1352565295537316
1516	0.13525610997875417
1517	0.13525526116498882
1518	0.135254872271841
1519	0.13525400663962392
1520	0.13525314235743346
1521	0.13525226546110547
1522	0.13525134006884215
1523	0.13524987395662208
1524	0.13524869338680204
1525	0.13524713191654703
1526	0.1352445783940131
1527	0.1352441062298833
1528	0.1352423004120409
1529	0.1352398945984872
1530	0.13523616413150288
1531	0.1352331896040488
1532	0.13523064786980515
1533	0.13522897702804662
1534	0.13522270974528786
1535	0.13521947347379468
1536	0.13521451820958624
1537	0.13520943477168226
1538	0.1352062794498277
1539	0.13520138660654893
1540	0.13519510780664026
1541	0.13518931518479022
1542	0.1351757644287153
1543	0.1351712189879619
1544	0.13515833569504326
1545	0.13515576219227723
1546	0.1351423667847829
1547	0.13512086562254674
1548	0.13511344095371228
1549	0.13510143048974077
1550	0.13508707957237548
1551	0.13506798198214176
1552	0.13505776133506703
1553	0.1350349953249066
1554	0.13501227815058015
1555	0.13499283933628173
1556	0.13498256150379123
1557	0.1349755398676849
1558	0.13495152450842432
1559	0.13493505689831203
1560	0.1349223640200822
1561	0.13489011965319936
1562	0.13487826791765142
1563	0.13485345954745986
1564	0.1348192922273668
1565	0.13481108869168337
1566	0.13479748133108957
1567	0.13479250457373584
1568	0.1347886757505943
1569	0.134783350877779
1570	0.13477919944886863
1571	0.13477324636370827
1572	0.13476720310005438
1573	0.1347641612689796
1574	0.13476172514116092
1575	0.13475757399811786
1576	0.13475092549913759
1577	0.13474532510720333
1578	0.1347406033448236
1579	0.1347349428247336
1580	0.1347328227439021
1581	0.13473081644439017
1582	0.13472645307718092
1583	0.134725390968745
1584	0.13472443079059054
1585	0.13472317294771655
1586	0.13472217453355842
1587	0.1347207297772005
1588	0.1347191677217284
1589	0.13471845953517628
1590	0.13471704664779052
1591	0.13471571314965974
1592	0.13471513330719842
1593	0.13471409875129198
1594	0.1347127021636075
1595	0.13471234421336584
1596	0.1347111493420783
1597	0.13471055575375349
1598	0.13471026363480154
1599	0.13471010457975127
1600	0.134709808729499
1601	0.1347096215501031
1602	0.13470923694916534
1603	0.13470877203264692
1604	0.13470828190186734
1605	0.13470779695448684
1606	0.1347069829079963
1607	0.13470680944713034
1608	0.13470619011967785
1609	0.13470546634158392
1610	0.13470492324502953
1611	0.13470403541777248
1612	0.1347036772353187
1613	0.13470228855965347
1614	0.13470053001834742
1615	0.1346996050533158
1616	0.134698888357979
1617	0.13469737574239432
1618	0.13469420637416396
1619	0.13469414470642674
1620	0.13469186192081523
1621	0.134689259132955
1622	0.13468735229719017
1623	0.13468539012778272
1624	0.1346839601473399
1625	0.13468164271263344
1626	0.13467862720891294
1627	0.134675973372461
1628	0.13467460842801887
1629	0.13467019424390422
1630	0.134668774699625
1631	0.1346656380149568
1632	0.13466356829989518
1633	0.1346592556425765
1634	0.1346556719151221
1635	0.1346513666129843
1636	0.13464701121694592
1637	0.13464189665183388
1638	0.13463947984751418
1639	0.1346300941158657
1640	0.13462948356786789
1641	0.13462511012137382
1642	0.13462159294546958
1643	0.1346188570433701
1644	0.13460921733136616
1645	0.1346004627580575
1646	0.13459350596568925
1647	0.13459167390886906
1648	0.13458317999224645
1649	0.13458150702501787
1650	0.13457613857724954
1651	0.13456831337884526
1652	0.1345575677600936
1653	0.13454731188421823
1654	0.1345402156361076
1655	0.13451862701653233
1656	0.1345182163959792
1657	0.13449923482000156
1658	0.13448803107442073
1659	0.13446778287040523
1660	0.13446617829513555
1661	0.13445284193808052
1662	0.13445194128190735
1663	0.1344503244826248
1664	0.1344492755406379
1665	0.1344485803169013
1666	0.1344469432317691
1667	0.1344461421954553
1668	0.13444456834680946
1669	0.13444343026746763
1670	0.1344420247994976
1671	0.13443949477247227
1672	0.13443682042571165
1673	0.13443504236478634
1674	0.13443380261970087
1675	0.13442984508940592
1676	0.13442778550115805
1677	0.1344243867650231
1678	0.13442057368545499
1679	0.13441663979632848
1680	0.13441361596828114
1681	0.13441134866489218
1682	0.1344087408917237
1683	0.13440481051072858
1684	0.1344025289278504
1685	0.13440067861704696
1686	0.13439801717244343
1687	0.13439568174589203
1688	0.13439283957010875
1689	0.13439079997347153
1690	0.1343905939513881
1691	0.13438985440566636
1692	0.13438949840348646
1693	0.13438934116209972
1694	0.13438904147888744
1695	0.1343886374972213
1696	0.13438775365463168
1697	0.13438716548065602
1698	0.13438691696185875
1699	0.13438576514158157
1700	0.1343854567253732
1701	0.13438468939045226
1702	0.13438373535233644
1703	0.13438305283790947
1704	0.13438276735638804
1705	0.13438224888030795
1706	0.13438142469767256
1707	0.13438038251122247
1708	0.13437934289579656
1709	0.13437849727932608
1710	0.13437782904330833
1711	0.13437747592441102
1712	0.13437656516031338
1713	0.13437517290991724
1714	0.13437428270206964
1715	0.1343740222040748
1716	0.13437294823541418
1717	0.13437147074702524
1718	0.1343706873895493
1719	0.13437013541234225
1720	0.13436795810562782
1721	0.13436748960992645
1722	0.13436729647783444
1723	0.13436565372104575
1724	0.13436521393727252
1725	0.13436465929861527
1726	0.13436366716153308
1727	0.13436336175277594
1728	0.13436314720606762
1729	0.13436266306398392
1730	0.1343618744281298
1731	0.13436164346477683
1732	0.13436098174260278
1733	0.1343604156532631
1734	0.13435938201886513
1735	0.13435848508504758
1736	0.13435837977882967
1737	0.13435689806907472
1738	0.13435492793672366
1739	0.13435471698412912
1740	0.13435186538252386
1741	0.13435045683669394
1742	0.13434813142848023
1743	0.134346144375385
1744	0.1343460243990197
1745	0.13434273191859772
1746	0.13434078713753747
1747	0.13433928749169508
1748	0.1343383854571038
1749	0.13433460501548528
1750	0.13433046205322402
1751	0.1343287337379955
1752	0.1343241263963231
1753	0.13432256401556536
1754	0.13432198794997155
1755	0.13432089559634486
1756	0.13432072306140538
1757	0.13432027025869867
1758	0.13431992573820203
1759	0.1343192558220573
1760	0.13431901129100957
1761	0.13431846563645491
1762	0.13431789308564637
1763	0.13431729602481796
1764	0.1343166395565924
1765	0.134316389606138
1766	0.13431576676350032
1767	0.1343153498610147
1768	0.1343142604762827
1769	0.13431424850306362
1770	0.13431398698796793
1771	0.13431336808812894
1772	0.1343129230160072
1773	0.1343125476933674
1774	0.13431241495573223
1775	0.13431238192345155
1776	0.13431235763822386
1777	0.1343123209585973
1778	0.13431231042834624
1779	0.13431228145958535
1780	0.13431223871898662
1781	0.13431221558872636
1782	0.13431217801012835
1783	0.13431212847781007
1784	0.13431208689467194
1785	0.13431204752427606
1786	0.13431202389082234
1787	0.13431198480416998
1788	0.13431189401868618
1789	0.13431181152498792
1790	0.13431176981356677
1791	0.13431171445408419
1792	0.13431162137254005
1793	0.13431149238810092
1794	0.13431143670604273
1795	0.13431131426291484
1796	0.1343112280946955
1797	0.1343110662429462
1798	0.1343109272667888
1799	0.134310857542543
1800	0.13431071614802415
1801	0.13431045317755516
1802	0.1343101533076981
1803	0.13431002719643478
1804	0.13430969442286314
1805	0.13430958939601073
1806	0.1343092411534467
1807	0.13430908084680646
1808	0.1343085786171291
1809	0.13430855160008745
1810	0.1343082988749863
1811	0.134308012891222
1812	0.1343073944434311
1813	0.13430670437078768
1814	0.13430620594887463
1815	0.13430596679529533
1816	0.13430562940751065
1817	0.13430504794270262
1818	0.13430413080412906
1819	0.13430341611214583
1820	0.13430271321932694
1821	0.13430160984710157
1822	0.1343004225718798
1823	0.13429990465274644
1824	0.13429835197501308
1825	0.13429692941207916
1826	0.13429626894471433
1827	0.13429445736762366
1828	0.13429367662298922
1829	0.1342916010987084
1830	0.13429068878618647
1831	0.13428736509589187
1832	0.13428495475059193
1833	0.13428371099004197
1834	0.13428096897982617
1835	0.1342766316075528
1836	0.1342743296656132
1837	0.13427131363726266
1838	0.13426914951221625
1839	0.13426710785590854
1840	0.1342628883858347
1841	0.13425943935391169
1842	0.13425787954904617
1843	0.13425555451917193
1844	0.13425219655258777
1845	0.1342519807954449
1846	0.13425113854089174
1847	0.13425092493712407
1848	0.1342494070691381
1849	0.13424845908419197
1850	0.13424703764717102
1851	0.1342468777119195
1852	0.13424619776153954
1853	0.13424589496559833
1854	0.13424562339191531
1855	0.13424522443840722
1856	0.134244949823537
1857	0.13424471024772358
1858	0.13424447713671314
1859	0.13424408149246783
1860	0.1342436747217077
1861	0.13424332849935075
1862	0.13424303576336513
1863	0.13424272216590447
1864	0.13424246026828573
1865	0.1342421856895478
1866	0.13424190140408448
1867	0.1342414057400842
1868	0.1342411130514482
1869	0.13424061084631017
1870	0.13424011799731053
1871	0.1342395790396272
1872	0.1342391598179907
1873	0.13423864624562312
1874	0.13423775849071792
1875	0.13423677847025456
1876	0.13423605553379553
1877	0.1342353735769979
1878	0.1342343980661887
1879	0.13423347007054096
1880	0.13423183896914478
1881	0.1342305072855103
1882	0.1342292946257701
1883	0.13422840811023642
1884	0.13422692746083992
1885	0.1342248839525459
1886	0.13422245150467244
1887	0.13422055280368803
1888	0.13421920407943513
1889	0.13421589770136022
1890	0.13421270435913468
1891	0.13420840082165725
1892	0.13420720453587795
1893	0.13420370625845482
1894	0.13420014553526322
1895	0.13419438394327785
1896	0.13419207287017723
1897	0.1341887989988914
1898	0.1341864295665395
1899	0.1341817441164618
1900	0.13417883252877832
1901	0.13417439860720462
1902	0.13417389442189778
1903	0.1341676902190895
1904	0.1341662083979263
1905	0.134158242395886
1906	0.13415457949423493
1907	0.13414276882592882
1908	0.1341350166586475
1909	0.13412879297231167
1910	0.13412228316176433
1911	0.13411648525976394
1912	0.13410409399457063
1913	0.13409995834976754
1914	0.13408966039616171
1915	0.1340779700671286
1916	0.13407228324460427
1917	0.13406427958079326
1918	0.13405468950276617
1919	0.1340408378422148
1920	0.13403861865175057
1921	0.13403369621352987
1922	0.13402500188845912
1923	0.13401284140112463
1924	0.1339918451770298
1925	0.13398613406375295
1926	0.13398164640937435
1927	0.13397853955202613
1928	0.13397229887519227
1929	0.13397145969512864
1930	0.13396632805745504
1931	0.13396609674739296
1932	0.1339650990675854
1933	0.1339647244371047
1934	0.13396356428246767
1935	0.13396286749036385
1936	0.1339626820480847
1937	0.13396266895848966
1938	0.13396251757821587
1939	0.1339624073969601
1940	0.13396222856361353
1941	0.13396204238279863
1942	0.13396162946389673
1943	0.13396145534765552
1944	0.133961407349541
1945	0.13396114204839155
1946	0.133961056058227
1947	0.13396094632851
1948	0.13396055420362987
1949	0.1339599349699792
1950	0.13395965245738017
1951	0.133959289696104
1952	0.13395905352001825
1953	0.13395883412400603
1954	0.13395799611863402
1955	0.13395692845549403
1956	0.13395610893035778
1957	0.13395597362304565
1958	0.133955636624623
1959	0.13395478615401304
1960	0.1339545813569832
1961	0.1339534189820277
1962	0.13395282626126467
1963	0.13395199053896453
1964	0.13395121285989708
1965	0.13395054945008575
1966	0.13394919162580168
1967	0.13394838737074813
1968	0.1339467418776884
1969	0.1339461532423006
1970	0.1339451069347363
1971	0.13394419729386392
1972	0.13394360351581283
1973	0.133943409599032
1974	0.1339431708731208
1975	0.13394270400083405
1976	0.13394178680523613
1977	0.13394129736334634
1978	0.13394080298168207
1979	0.13393965143590505
1980	0.1339389168794659
1981	0.1339378213761744
1982	0.133937510014643
1983	0.13393651265836412
1984	0.13393585474507702
1985	0.1339338827590907
1986	0.13393295983303727
1987	0.13393272698861797
1988	0.13393140977292323
1989	0.1339300791934158
1990	0.1339280360459819
1991	0.13392617644299312
1992	0.13392535716544715
1993	0.13392326270227112
1994	0.13392134083819654
1995	0.1339189279272955
1996	0.13391848214190516
1997	0.1339162449891701
1998	0.1339144474716813
1999	0.13391154479673148
2000	0.13390908022788475
2001	0.13390534749283237
2002	0.13390460984407052
2003	0.1338997865997619
2004	0.13389782953479695
2005	0.1338942165351119
2006	0.13388801791980615
2007	0.13388519659683604
2008	0.1338813829366754
2009	0.13388012896290258
2010	0.13387662571407508
2011	0.1338744433783156
2012	0.13387193356178823
2013	0.1338709233606856
2014	0.13386975358788775
2015	0.13386721873057453
2016	0.1338645231306845
2017	0.13386366746095435
2018	0.13386091418221524
2019	0.13385774230864303
2020	0.13385614172219684
2021	0.13385478223246408
2022	0.133853104373093
2023	0.13385080843649602
2024	0.1338476959483942
2025	0.13384372920706436
2026	0.13383881334169317
2027	0.13383285135549672
2028	0.13382947766497913
2029	0.13382674565570704
2030	0.1338212844274391
2031	0.13381445497890126
2032	0.13381125626212265
2033	0.13380828159508953
2034	0.13379953331400213
2035	0.1337876840031916
2036	0.1337752549426336
2037	0.13376618347731042
2038	0.13376287719054167
2039	0.13375679213787808
2040	0.13373699975020037
2041	0.13373616961732593
2042	0.13373197112800986
2043	0.13371562722379665
2044	0.13370647956791634
2045	0.13369798859558435
2046	0.13369050262337484
2047	0.13366515842793894
2048	0.13366496337644576
2049	0.13364677339360417
2050	0.1336460290165303
2051	0.13363356960818912
2052	0.13363081993842127
2053	0.13362930078174134
2054	0.1336272768289197
2055	0.13362631239140532
2056	0.1336258921446994
2057	0.13362541174386586
2058	0.13362471463844025
2059	0.13362341815979292
2060	0.1336221912773317
2061	0.133621347123377
2062	0.133620572467919
2063	0.13362002486198366
2064	0.13361954472587334
2065	0.13361793164384142
2066	0.13361769556996597
2067	0.13361723049449425
2068	0.13361673663970466
2069	0.13361634268586242
2070	0.133615466074704
2071	0.1336153646697345
2072	0.13361470026787606
2073	0.1336144063461944
2074	0.13361401460467776
2075	0.13361379037786061
2076	0.13361349299649652
2077	0.13361312170547643
2078	0.13361287721762116
2079	0.1336126602794993
2080	0.1336123846331908
2081	0.13361189280433985
2082	0.13361159988632954
2083	0.13361107312387366
2084	0.1336107085894363
2085	0.13360985440863649
2086	0.13360964107803766
2087	0.1336088408451342
2088	0.13360829951365405
2089	0.13360783993111894
2090	0.1336071035957419
2091	0.1336062879080451
2092	0.13360565950298436
2093	0.1336047510390256
2094	0.13360438029197264
2095	0.13360357487369098
2096	0.13360332988533666
2097	0.1336024231606496
2098	0.13360201084675624
2099	0.13360155535482987
2100	0.1336013549570328
2101	0.13360088859248795
2102	0.13360044788233205
2103	0.13360003671672252
2104	0.13360003338376847
2105	0.13359961669795217
2106	0.1335990830968871
2107	0.13359905096220556
2108	0.1335990096850312
2109	0.13359854398307264
2110	0.1335983255021375
2111	0.13359813316731578
2112	0.13359808906698836
2113	0.13359794389207874
2114	0.1335979385463229
2115	0.13359785546011194
2116	0.13359782748449472
2117	0.13359782055837935
2118	0.13359777459814887
2119	0.13359772677274007
2120	0.13359772262319938
2121	0.13359770740271495
2122	0.13359770157494408
2123	0.13359769482583414
2124	0.13359768764779664
2125	0.13359768311426884
2126	0.133597675324739
2127	0.13359766869523387
2128	0.13359766040427995
2129	0.13359765560598627
2130	0.13359764295203716
2131	0.13359763264255706
2132	0.13359762599776473
2133	0.13359761535715658
2134	0.13359760628384393
2135	0.13359759552673364
2136	0.1335975851530526
2137	0.13359757092088478
2138	0.13359756101599887
2139	0.13359755254206088
2140	0.1335975347279126
2141	0.13359752918667084
2142	0.13359751567299166
2143	0.13359750073444512
2144	0.13359749179460864
2145	0.13359747314372716
2146	0.13359745775014278
2147	0.13359744694147174
2148	0.13359743447971023
2149	0.13359740903326126
2150	0.13359740023155367
2151	0.13359737723767748
2152	0.13359735707950451
2153	0.1335973456691467
2154	0.1335973265736393
2155	0.1335973089570295
2156	0.13359729154481997
2157	0.13359727498501128
2158	0.13359727188756165
2159	0.13359726568461996
2160	0.13359725738988462
2161	0.13359725340829612
2162	0.1335972443750821
2163	0.13359724329633815
2164	0.13359723670322773
2165	0.13359722637153196
2166	0.13359722149233302
2167	0.133597213709638
2168	0.13359720977750944
2169	0.133597207735747
2170	0.13359719624488411
2171	0.13359718536929768
2172	0.13359717612062924
2173	0.1335971643008914
2174	0.1335971599782965
2175	0.13359715361933608
2176	0.1335971481329217
2177	0.133597140021367
2178	0.13359713228951664
2179	0.13359713123016576
2180	0.1335971270592323
2181	0.13359712271450716
2182	0.13359711926526166
2183	0.1335971148745146
2184	0.13359710476060369
2185	0.1335971036154448
2186	0.1335970929015959
2187	0.13359708822690494
2188	0.13359708334337894
2189	0.13359707191843642
2190	0.13359705999458701
2191	0.133597048805111
2192	0.13359704399108188
2193	0.13359703094510028
2194	0.13359700909781222
2195	0.13359699817401843
2196	0.13359697924099748
2197	0.1335969533948829
2198	0.1335969363942639
2199	0.13359692813215435
2200	0.13359689901693114
2201	0.1335968814824461
2202	0.13359685120437784
2203	0.1335968357197161
2204	0.13359680361624127
2205	0.13359675589227485
2206	0.13359674552586692
2207	0.13359671783792432
2208	0.13359666146009827
2209	0.133596629260289
2210	0.13359658190240073
2211	0.13359651121740995
2212	0.13359649404049334
2213	0.13359641395075678
2214	0.1335963395059651
2215	0.13359626320251067
2216	0.13359622099941335
2217	0.13359608605444875
2218	0.13359602049133043
2219	0.13359596040236246
2220	0.13359581870849643
2221	0.1335957122755643
2222	0.13359567608996423
2223	0.1335955305646822
2224	0.1335953219287328
2225	0.1335950717614101
2226	0.13359498603726208
2227	0.13359488871594272
2228	0.1335945653687748
2229	0.13359439575582746
2230	0.13359424521441488
2231	0.1335938715620803
2232	0.13359368498796
2233	0.13359357418218634
2234	0.13359322093472578
2235	0.13359273607733407
2236	0.13359195966092072
2237	0.1335915795028897
2238	0.1335909804711189
2239	0.1335906986140384
2240	0.13358996263583095
2241	0.13358917718734795
2242	0.13358810311927624
2243	0.13358772173546377
2244	0.1335871998721546
2245	0.13358692779484718
2246	0.13358516277326962
2247	0.13358396304415357
2248	0.13358334218413798
2249	0.13358155173539582
2250	0.13358064879030312
2251	0.13357929196158477
2252	0.1335781769993122
2253	0.13357658651147702
2254	0.13357420980067422
2255	0.13357243512117198
2256	0.13357066279087204
2257	0.13356833269886956
2258	0.13356612689111655
2259	0.13356385188757172
2260	0.13356135726650603
2261	0.13355919893877663
2262	0.1335581210731901
2263	0.13355642496030654
2264	0.1335552406537367
2265	0.133552091737204
2266	0.13354841618545044
2267	0.13354586632140267
2268	0.13354291324379597
2269	0.13353985059347145
2270	0.1335368144759922
2271	0.13353204477277952
2272	0.13352536183873456
2273	0.13352289950638788
2274	0.13351918491314133
2275	0.13351418605983587
2276	0.13351348518845668
2277	0.1335078262703323
2278	0.13349999818504416
2279	0.1334985585520267
2280	0.13349618310969283
2281	0.13348769813899108
2282	0.1334794780349875
2283	0.1334792448899268
2284	0.13347564858017594
2285	0.13346740860428297
2286	0.13346384982382153
2287	0.1334514185742365
2288	0.13344779533695642
2289	0.13342624855879323
2290	0.13342092648222417
2291	0.1334067037557317
2292	0.13340474937729113
2293	0.13338051193142736
2294	0.13337473118808876
2295	0.13335501756664866
2296	0.13334512218238748
2297	0.13332810304811316
2298	0.13330512613296622
2299	0.1332772973810961
2300	0.13326728067299037
2301	0.13326265080688388
2302	0.13325618916532073
2303	0.13325473680560132
2304	0.13325354109573312
2305	0.13325180996891886
2306	0.13324947443637045
2307	0.13324832605560777
2308	0.13323945331008516
2309	0.13323295150095057
2310	0.13323106402412402
2311	0.13322855411268691
2312	0.1332199386723618
2313	0.13321721266781034
2314	0.13321330070973222
2315	0.13320717612554842
2316	0.1332011907927294
2317	0.13320098099560682
2318	0.13320076888656454
2319	0.13319643274413168
2320	0.13319563296054052
2321	0.13319533633278444
2322	0.13319454706410688
2323	0.13319367153194384
2324	0.13319356841295293
2325	0.13319232274243106
2326	0.1331916125939319
2327	0.13319158290752897
2328	0.13319111445686369
2329	0.1331903407240402
2330	0.13318937367446784
2331	0.13318870029613458
2332	0.13318814565603423
2333	0.13318635835226517
2334	0.13318543427184942
2335	0.13318360039557678
2336	0.13318172056942781
2337	0.1331802445525537
2338	0.13317758641322883
2339	0.133176397957137
2340	0.13317596000603063
2341	0.13317323879608833
2342	0.1331681837027556
2343	0.13316550801173016
2344	0.13316548673076326
2345	0.13316386493397359
2346	0.13316384080156776
2347	0.13315953789167484
2348	0.13315415281521376
2349	0.13314772048622384
2350	0.13314769114167346
2351	0.13313915027187717
2352	0.13313836225175668
2353	0.1331289232642498
2354	0.13312459276313063
2355	0.1331211564368498
2356	0.13311811021550246
2357	0.1331109600745917
2358	0.13310559849129205
2359	0.13310456330628162
2360	0.13309382669107514
2361	0.1330927148499679
2362	0.13308171398053092
2363	0.13306965138658086
2364	0.1330467121614101
2365	0.1330396344331003
2366	0.13303925517836612
2367	0.13303666125867186
2368	0.13303641150598564
2369	0.1330361237933502
2370	0.13303585871311605
2371	0.13303575701947848
2372	0.13303554457638306
2373	0.1330352048502811
2374	0.13303509946095363
2375	0.1330348901155305
2376	0.13303470141640483
2377	0.13303460558411542
2378	0.13303439226379768
2379	0.1330340323733222
2380	0.13303391465385034
2381	0.13303337771052143
2382	0.13303308270100145
2383	0.1330325341687576
2384	0.13303245880027398
2385	0.13303213919342705
2386	0.13303165261935854
2387	0.13303119147050646
2388	0.1330307385374682
2389	0.1330301890682514
2390	0.13302995390978223
2391	0.13302979387109223
2392	0.13302938128735925
2393	0.13302875507312986
2394	0.13302852174788524
2395	0.13302843795088817
2396	0.13302841168700869
2397	0.13302840836894464
2398	0.13302836372961524
2399	0.1330283609913511
2400	0.13302830901956933
2401	0.13302828263088076
2402	0.13302824188620047
2403	0.13302822284992663
2404	0.133028178061841
2405	0.13302812936027328
2406	0.1330280627889968
2407	0.13302803894103876
2408	0.1330279790824285
2409	0.13302793981293465
2410	0.13302780517833748
2411	0.1330277767474618
2412	0.13302768436799156
2413	0.13302749754469423
2414	0.1330274553878561
2415	0.13302735400850507
2416	0.13302715503113977
2417	0.1330270629822743
2418	0.13302649563243843
2419	0.13302649420206616
2420	0.1330264880218114
2421	0.13302617724779736
2422	0.13302592130145258
2423	0.133025740040915
2424	0.13302532405619974
2425	0.13302487488061
2426	0.13302475298015617
2427	0.13302439089992146
2428	0.13302389259934672
2429	0.13302334766358917
2430	0.13302293872055898
2431	0.1330224669628227
2432	0.1330220047927774
2433	0.13302102338684205
2434	0.1330205245176317
2435	0.13301983851487403
2436	0.13301825368696685
2437	0.13301825072694765
2438	0.1330169435680647
2439	0.13301666267384235
2440	0.13301647014337148
2441	0.13301643696479823
2442	0.13301632343425032
2443	0.13301631255080376
2444	0.13301618907265325
2445	0.13301608339501383
2446	0.13301600560560028
2447	0.1330159382653883
2448	0.13301591222087691
2449	0.1330158915233389
2450	0.1330158145069224
2451	0.1330157522086054
2452	0.1330157230415859
2453	0.1330156938711668
2454	0.13301566374292037
2455	0.13301562783779272
2456	0.13301557977906392
2457	0.1330155557677777
2458	0.1330155091461325
2459	0.13301548038005484
2460	0.13301542525560253
2461	0.133015322566732
2462	0.13301526732526503
2463	0.13301517915188354
2464	0.13301510939546946
2465	0.1330150429421285
2466	0.13301491887431185
2467	0.13301490344269357
2468	0.13301480280862701
2469	0.13301463834128818
2470	0.13301453300467586
2471	0.13301442883630737
2472	0.1330142862237681
2473	0.13301409644221276
2474	0.13301398653238233
2475	0.1330136867340087
2476	0.13301344770984197
2477	0.13301318369020226
2478	0.13301291788892142
2479	0.133012494517477
2480	0.13301231030723099
2481	0.1330118283081038
2482	0.1330110922979584
2483	0.13301050970817163
2484	0.13301012924172406
2485	0.13300971523298696
2486	0.1330090597709824
2487	0.13300816509419264
2488	0.13300805695058573
2489	0.1330071037111447
2490	0.13300631055434317
2491	0.13300594520917133
2492	0.133004541583231
2493	0.13300412860826846
2494	0.13300261029213217
2495	0.13300253099007073
2496	0.13300052798074893
2497	0.13300023119284649
2498	0.13299899744724528
2499	0.13299780671117586
2500	0.1329969707231054
2501	0.13299676909641447
2502	0.13299604827851322
2503	0.13299594541072818
2504	0.13299510697355557
2505	0.13299452248406884
2506	0.13299383601529036
2507	0.1329931099537025
2508	0.13299288675009438
2509	0.1329928716574784
2510	0.13299285068619313
2511	0.1329927567783753
2512	0.13299272837399564
2513	0.13299271480566305
2514	0.1329926568254297
2515	0.13299263739699657
2516	0.1329925935815037
2517	0.13299257799970082
2518	0.13299249530719506
2519	0.13299241503844295
2520	0.1329923790274082
2521	0.13299232211844805
2522	0.13299230750147897
2523	0.13299217438197147
2524	0.1329920767458348
2525	0.1329920458710551
2526	0.1329919121898264
2527	0.13299187807372267
2528	0.13299175804477803
2529	0.13299161924823671
2530	0.13299143290832113
2531	0.13299125126522623
2532	0.1329909046792842
2533	0.13299065572297997
2534	0.13299060799197931
2535	0.1329899607844364
2536	0.1329894610309837
2537	0.1329891842274449
2538	0.13298887060292358
2539	0.13298881288751802
2540	0.13298780728439868
2541	0.1329877457883981
2542	0.13298669906728486
2543	0.13298587684552457
2544	0.13298575122546324
2545	0.1329854750840899
2546	0.1329852990248284
2547	0.13298452767613797
2548	0.13298385679170327
2549	0.13298301540688215
2550	0.1329825683687756
2551	0.13298177345180293
2552	0.1329812336154649
2553	0.13298120090008914
2554	0.1329811638468649
2555	0.13298113833754616
2556	0.13298106895183132
2557	0.1329809539867502
2558	0.13298092635394937
2559	0.1329808303343095
2560	0.13298073982081446
2561	0.13298063366430013
2562	0.13298050505071374
2563	0.13298043392719908
2564	0.13298032618454944
2565	0.13298014827216845
2566	0.1329800794075166
2567	0.13298001395572376
2568	0.13297987232382136
2569	0.13297969878686008
2570	0.1329796074768707
2571	0.13297931728264117
2572	0.13297921188593387
2573	0.13297907060907355
2574	0.13297876509395706
2575	0.13297857073159322
2576	0.13297809620739967
2577	0.13297766253864685
2578	0.13297757072780608
2579	0.13297710713148728
2580	0.13297671821583762
2581	0.13297658685866443
2582	0.13297599022629283
2583	0.1329755595495559
2584	0.1329747832789279
2585	0.1329738672876099
2586	0.13297330590222362
2587	0.1329722864095181
2588	0.13297162367227253
2589	0.1329710400491784
2590	0.13296995060395292
2591	0.13296901664682179
2592	0.13296819275819488
2593	0.13296692272916422
2594	0.1329655626100013
2595	0.13296432361373112
2596	0.13296368389688923
2597	0.13296198482986268
2598	0.13296106044865394
2599	0.13295950547818014
2600	0.13295797639807125
2601	0.13295628019869285
2602	0.13295534787138572
2603	0.13295357294793292
2604	0.1329528627877252
2605	0.1329523504688134
2606	0.13295174448071434
2607	0.13295134019569324
2608	0.13294974079238278
2609	0.13294913792311974
2610	0.13294886853872148
2611	0.13294777014196044
2612	0.13294610342309332
2613	0.13294603914325817
2614	0.13294601546338483
2615	0.13294406851723364
2616	0.13294068920518826
2617	0.13294063689331917
2618	0.13293917864424107
2619	0.13293625560323158
2620	0.1329328777928385
2621	0.13293191289213124
2622	0.13292614254196958
2623	0.1329226840867716
2624	0.1329154270687566
2625	0.13291415357744324
2626	0.13291382076595903
2627	0.13290689289087879
2628	0.13290418975732593
2629	0.13289611450023714
2630	0.13288661742437896
2631	0.1328862885865612
2632	0.13287431009137604
2633	0.13285918913932196
2634	0.13285029887909963
2635	0.13283969411140478
2636	0.13283764087758795
2637	0.1328241057557844
2638	0.13282159844447033
2639	0.13282007915054245
2640	0.13281846562513624
2641	0.13281810334801442
2642	0.13281768853354078
2643	0.1328169757434609
2644	0.13281677041657844
2645	0.13281636766077745
2646	0.13281595049189573
2647	0.13281494511638667
2648	0.13281412451248029
2649	0.13281328413327312
2650	0.13281180845607407
2651	0.13281158263648776
2652	0.13281010575438743
2653	0.13280936067733703
2654	0.13280861362944943
2655	0.13280855357245208
2656	0.13280779509151489
2657	0.13280770892872715
2658	0.13280744760329474
2659	0.13280721586614155
2660	0.1328064962163433
2661	0.1328057238551519
2662	0.1328054732035389
2663	0.1328049606554477
2664	0.13280449795146093
2665	0.13280386494078972
2666	0.13280367995185768
2667	0.13280344312080278
2668	0.1328026478531754
2669	0.13280223023108997
2670	0.13280119028140733
2671	0.13280108690638964
2672	0.13280088471626222
2673	0.13280001637697933
2674	0.13279965680264777
2675	0.13279942539908265
2676	0.13279926018303476
2677	0.13279900306503475
2678	0.13279887957794598
2679	0.13279887547488747
2680	0.13279887379510666
2681	0.13279886830783877
2682	0.1327988667202973
2683	0.13279886260252782
2684	0.13279885591706722
2685	0.13279884665382555
2686	0.13279884282229076
2687	0.1327988313641821
2688	0.13279882693475745
2689	0.13279882005671112
2690	0.13279881789740988
2691	0.1327988109077535
2692	0.1327987935450816
2693	0.1327987759595975
2694	0.13279877361746165
2695	0.13279875502601599
2696	0.13279875146793427
2697	0.1327987419323161
2698	0.1327987176106912
2699	0.132798716204329
2700	0.13279869038006067
2701	0.1327986791889183
2702	0.13279865128822868
2703	0.1327986332229669
2704	0.1327986084543596
2705	0.13279856161762385
2706	0.13279853178428497
2707	0.1327985117482357
2708	0.1327984928827221
2709	0.1327984503493271
2710	0.13279840343482024
2711	0.13279839666157764
2712	0.1327983592122546
2713	0.13279829595535278
2714	0.13279826652243598
2715	0.13279825804021353
2716	0.1327981078922087
2717	0.13279809948970062
2718	0.13279796681871886
2719	0.13279789266453762
2720	0.1327978640832698
2721	0.13279776890184783
2722	0.13279769458082274
2723	0.13279756191799566
2724	0.1327974340982519
2725	0.13279734244337513
2726	0.1327972710976085
2727	0.1327971283948135
2728	0.13279687329630302
2729	0.13279659893343151
2730	0.13279656213112856
2731	0.13279642749367146
2732	0.13279605979269105
2733	0.13279551256140568
2734	0.13279549696871706
2735	0.13279547295095637
2736	0.13279535278273621
2737	0.13279481371964943
2738	0.1327945291965619
2739	0.1327940749737847
2740	0.13279387081516747
2741	0.13279316023800947
2742	0.13279260000316867
2743	0.13279128397955053
2744	0.13279126805454167
2745	0.13278954678625915
2746	0.13278953302483004
2747	0.13278772054725368
2748	0.13278588272100564
2749	0.13278476494061933
2750	0.13278387965326824
2751	0.13278347665787496
2752	0.13278258853404473
2753	0.1327825564720452
2754	0.13277884681687951
2755	0.13277882380216122
2756	0.13277880267960887
2757	0.13277769333989023
2758	0.13277763433511725
2759	0.13277758773835915
2760	0.13277751966063056
2761	0.13277745141915848
2762	0.132777439441753
2763	0.1327773852474698
2764	0.13277733696504854
2765	0.13277720069668908
2766	0.13277715735467632
2767	0.13277703005565616
2768	0.13277693398868406
2769	0.1327768658957243
2770	0.13277678731023962
2771	0.13277670944675637
2772	0.13277661941341476
2773	0.13277650577750225
2774	0.13277646602745757
2775	0.13277642541405632
2776	0.13277633556699947
2777	0.13277630074600683
2778	0.13277622680354578
2779	0.13277615014131164
2780	0.13277613401966823
2781	0.13277606430278058
2782	0.13277598315141784
2783	0.13277595009594637
2784	0.13277591276440606
2785	0.13277588097258286
2786	0.1327758576762684
2787	0.13277583975387275
2788	0.13277581959531431
2789	0.13277581344435688
2790	0.1327757969757138
2791	0.13277578296546175
2792	0.13277577841190835
2793	0.1327757514831237
2794	0.13277574675639162
2795	0.13277572869827436
2796	0.13277569577627005
2797	0.13277569186994045
2798	0.13277565127162452
2799	0.13277564949730172
2800	0.1327756012617064
2801	0.1327755873248603
2802	0.13277558575893378
2803	0.13277555336115437
2804	0.13277552047470326
2805	0.1327754808810001
2806	0.13277542495506067
2807	0.1327754176548643
2808	0.1327753524994154
2809	0.13277532003148376
2810	0.13277522759604954
2811	0.13277518456828993
2812	0.13277513776121946
2813	0.13277509478357183
2814	0.1327750516237099
2815	0.1327749369974038
2816	0.13277484473353557
2817	0.13277478734446585
2818	0.1327747699332146
2819	0.13277463182628865
2820	0.13277453995260075
2821	0.1327744393622468
2822	0.1327744152387487
2823	0.13277436780660196
2824	0.13277419565432813
2825	0.13277404305671808
2826	0.1327737554131141
2827	0.13277375517566053
2828	0.1327734906983997
2829	0.13277334811793423
2830	0.1327732556122008
2831	0.13277311625395827
2832	0.1327727959741023
2833	0.13277279575943537
2834	0.13277266693972162
2835	0.1327725044338031
2836	0.13277215683252436
2837	0.13277206120655902
2838	0.13277179060711275
2839	0.13277164596415877
2840	0.1327715559672634
2841	0.13277140068956833
2842	0.13277116078819703
2843	0.13277095517425516
2844	0.13277088015252897
2845	0.13277074155797494
2846	0.13277057168095607
2847	0.1327705715616943
2848	0.1327705331219526
2849	0.1327704616831339
2850	0.13277043862511642
2851	0.13277043623403187
2852	0.13277032890121426
2853	0.1327703279085174
2854	0.13277032666790822
2855	0.1327702905862029
2856	0.13277028769449303
2857	0.13277028566685772
2858	0.13277026223535413
2859	0.13277024951957536
2860	0.13277024286307174
2861	0.1327702415766873
2862	0.1327702339760744
2863	0.13277023070156344
2864	0.1327702291193625
2865	0.13277022708654238
2866	0.13277022649010156
2867	0.13277022627741267
2868	0.1327702246803884
2869	0.13277022334742516
2870	0.13277022289313598
2871	0.13277022167466415
2872	0.13277022089142235
2873	0.13277021851740184
2874	0.13277021739132744
2875	0.13277021568851793
2876	0.1327702125509899
2877	0.1327702099723532
2878	0.13277020732008263
2879	0.13277020622393937
2880	0.1327702019530908
2881	0.1327702008086324
2882	0.13277019719318253
2883	0.13277019358712203
2884	0.13277019093591075
2885	0.13277018754218053
2886	0.13277018378687594
2887	0.1327701809361561
2888	0.13277017509406283
2889	0.13277017336366034
2890	0.13277016930850236
2891	0.13277016806991293
2892	0.13277016505646932
2893	0.13277015967065145
2894	0.1327701584569259
2895	0.13277015322910785
2896	0.1327701469447055
2897	0.13277013918800973
2898	0.1327701381470427
2899	0.1327701330313259
2900	0.1327701228037142
2901	0.13277011549981402
2902	0.13277010425388694
2903	0.13277009495272774
2904	0.1327700861438926
2905	0.13277008322090464
2906	0.13277006640369154
2907	0.13277005471285738
2908	0.1327700491198565
2909	0.13277003042475402
2910	0.1327700220293832
2911	0.13277000006896822
2912	0.13276998043347155
2913	0.1327699566110868
2914	0.1327699427603658
2915	0.1327699110911556
2916	0.13276987656915767
2917	0.13276984175151638
2918	0.13276981550173134
2919	0.13276974946079698
2920	0.13276969854252055
2921	0.13276962429243205
2922	0.13276960266975257
2923	0.1327695799555248
2924	0.13276951413387422
2925	0.13276938863178586
2926	0.13276928163570487
2927	0.13276921461748173
2928	0.132769109282007
2929	0.13276902684877223
2930	0.13276888375000823
2931	0.13276878888072152
2932	0.13276864439823224
2933	0.1327685323335482
2934	0.13276843556492546
2935	0.13276818557690762
2936	0.1327680708277223
2937	0.13276754729694729
2938	0.13276720400377384
2939	0.13276695213941528
2940	0.1327667894185263
2941	0.13276650770594947
2942	0.13276598088878463
2943	0.1327654976610059
2944	0.1327653732233302
2945	0.13276501627042317
2946	0.13276381795528006
2947	0.13276345530028294
2948	0.13276302593561135
2949	0.13276242014017384
2950	0.13276176123147368
2951	0.1327615287147896
2952	0.13276061003382422
2953	0.13275938882968955
2954	0.13275884954781553
2955	0.13275732681531993
2956	0.13275614896155494
2957	0.13275433259601083
2958	0.13275362890545575
2959	0.13275170283530507
2960	0.13274964747342735
2961	0.13274771992503326
2962	0.13274682913596705
2963	0.1327468252881691
2964	0.13274645711992383
2965	0.13274611760973512
2966	0.1327461144816477
2967	0.1327457462065562
2968	0.1327455657984528
2969	0.1327455603617867
2970	0.13274551116248345
2971	0.13274550472167254
2972	0.13274544678446304
2973	0.13274524668121163
2974	0.13274513990072778
2975	0.13274509055045222
2976	0.13274508125040219
2977	0.13274507194897214
2978	0.1327450118904496
2979	0.13274497257774376
2980	0.13274492119573222
2981	0.132744902669139
2982	0.13274485258891563
2983	0.1327448366230052
2984	0.1327448043174589
2985	0.13274479109155163
2986	0.1327447389732833
2987	0.13274469707099412
2988	0.1327446654833276
2989	0.13274459066067903
2990	0.1327445387722593
2991	0.13274447061094033
2992	0.13274438362833954
2993	0.13274433505883806
2994	0.13274428776478706
2995	0.13274427354769283
2996	0.132744223603933
2997	0.13274417106710776
2998	0.132744137762387
2999	0.13274405855502916
3000	0.13274404048663546
