1	463.1823819419837
2	406.65804158813916
3	376.46583214723233
4	343.1767539613938
5	313.16189145116715
6	292.96600041073054
7	271.06270466771394
8	245.5879736482086
9	230.9923926168036
10	214.67122119142215
11	197.2867120134519
12	183.68737918028327
13	174.00697438650843
14	161.8923578832032
15	149.74148826291034
16	144.12098796880557
17	132.7871409354749
18	123.94118224634867
19	114.06484302822209
20	109.06686205552708
21	104.49450380111817
22	99.12741862447706
23	89.96940974004309
24	84.20058061351105
25	79.69386164787268
26	76.15685311923225
27	69.5281512330204
28	63.820304208743416
29	59.94318498933995
30	57.058667406919604
31	55.123086588887396
32	51.78402846930758
33	49.104699243626754
34	46.62473722631047
35	44.902278228767635
36	42.70303692156162
37	39.917084625296376
38	38.40894346817331
39	36.15653202488766
40	33.6151940818836
41	31.55169411640257
42	29.84334847764772
43	27.82205706151081
44	26.142111851176306
45	24.37495926440805
46	23.424465152415458
47	22.343700483233405
48	21.136908969060666
49	20.756334424820025
50	20.12469419749871
51	18.956052313726715
52	17.97996803641022
53	16.694446056207216
54	15.787415699399508
55	15.352650058860307
56	14.995707344097534
57	14.331661305181594
58	13.451276110964102
59	13.099967774834536
60	12.60135917742637
61	11.996152254708479
62	11.515381069414634
63	11.18826481311663
64	10.332590880151368
65	10.075053344191357
66	9.54973635873033
67	9.180676006901484
68	8.55515730124122
69	8.190696498935552
70	7.934796157179204
71	7.694366873405083
72	7.491299488425907
73	7.155492901242728
74	6.843688499101246
75	6.515090324533618
76	6.300327516339141
77	6.001130269040739
78	5.826973218239724
79	5.423185248093858
80	5.234255134398869
81	5.049931972150806
82	4.810119320153091
83	4.574904930920349
84	4.448866996052271
85	4.302773719672786
86	4.197813403815004
87	3.966830424296296
88	3.8350977690099577
89	3.651864208425841
90	3.531869401941717
91	3.3714901433590905
92	3.3004871516420784
93	3.235851989587049
94	3.152440640316103
95	3.0678209998463966
96	2.940863812135537
97	2.873098768423702
98	2.81278954152494
99	2.7380079364617402
100	2.700486227535627
101	2.6307684198770858
102	2.57869567369292
103	2.5405114923380157
104	2.4720871289229924
105	2.38397582155512
106	2.3670298321776584
107	2.295835584786023
108	2.2397838145679834
109	2.1895554207101187
110	2.14059026545699
111	2.1064801970248825
112	2.0781122661172917
113	2.040677226793023
114	1.9963864403249894
115	1.965825799429801
116	1.9246225303181401
117	1.8715832551330385
118	1.8545769657320408
119	1.8033134627748275
120	1.7770977090649183
121	1.7525883503561852
122	1.7218504469916458
123	1.6960795224893388
124	1.6715016031739645
125	1.6431589165561389
126	1.6216092486387848
127	1.6001366017197343
128	1.5668268446661886
129	1.5446302811041375
130	1.5325237048166762
131	1.5194556355709523
132	1.4975558885959062
133	1.4722847265192593
134	1.4619282150318718
135	1.4494983625638982
136	1.4428339570327615
137	1.430273203213997
138	1.4177029879578857
139	1.3956732774945313
140	1.387324752425207
141	1.3665665004585066
142	1.3507193412268825
143	1.3413720295702454
144	1.3234709724916691
145	1.3106201256221104
146	1.2932134510655537
147	1.2858201542325538
148	1.2800268003850759
149	1.2765090120458686
150	1.2682580651523687
151	1.2591760082315362
152	1.250685167679788
153	1.2471736687728483
154	1.2421789400083878
155	1.2351744913946878
156	1.2231772073603366
157	1.214146056447961
158	1.2089202954265308
159	1.2015156817449024
160	1.1938175261956099
161	1.1867495846422915
162	1.1813809420076828
163	1.1788075109512512
164	1.1747272220345515
165	1.1668986115831763
166	1.15957056766143
167	1.1533058352356407
168	1.1492983225812283
169	1.1445332514987079
170	1.1412814583078985
171	1.1369738549967918
172	1.133494214251544
173	1.130397914722493
174	1.1276747971567702
175	1.1239875444493213
176	1.1211985856360547
177	1.117527156792424
178	1.114769931558683
179	1.11222520935826
180	1.1100206386844282
181	1.1077920100282577
182	1.104627412774648
183	1.1007810362357806
184	1.0977224760151927
185	1.0952981022999537
186	1.0932068495467817
187	1.0912678873683928
188	1.0874507525728734
189	1.0848556830575093
190	1.081808542329396
191	1.0806882615407383
192	1.0782318260195347
193	1.0766841848039426
194	1.0755051459695777
195	1.0742666890479158
196	1.0724945587290569
197	1.0706084826140623
198	1.0685107644955731
199	1.0640956923179037
200	1.062567733602335
201	1.061284217192392
202	1.0601918151454301
203	1.0578855788968344
204	1.0570109098151084
205	1.0542828887771287
206	1.0534682761872611
207	1.0511103563967892
208	1.048061139054814
209	1.046481772458185
210	1.0442306286036867
211	1.041946829464598
212	1.0388187244049603
213	1.036926600087182
214	1.035928058103208
215	1.0349608867590463
216	1.0329461410361018
217	1.0308949132736687
218	1.0292484229162695
219	1.0281829502829145
220	1.0262653495113117
221	1.0244683091258862
222	1.0211779584474894
223	1.0199777271256147
224	1.0179547658928634
225	1.015525934187692
226	1.014511373739975
227	1.0128030791908516
228	1.0114856838381276
229	1.006902891493794
230	1.0056519870310627
231	1.003532720783128
232	1.0007979897730666
233	0.9983065274118836
234	0.9958173149736351
235	0.9931182812335796
236	0.9886456089970344
237	0.987401173524569
238	0.982477419882365
239	0.9801547112002521
240	0.977467394121648
241	0.9764277007481389
242	0.9732492841662996
243	0.9705327981115208
244	0.9683136650859139
245	0.9663967378497949
246	0.9599643502767345
247	0.9552385818506394
248	0.9536147729489434
249	0.9421218803711731
250	0.9390112054075371
251	0.9359840123351855
252	0.9307329042802459
253	0.9289571509689066
254	0.9241238903157178
255	0.9215845989291582
256	0.9179473658149194
257	0.9155385169410831
258	0.9092590654929094
259	0.9066301409761441
260	0.9036628238315784
261	0.9000009479602454
262	0.8941633964787227
263	0.8919003084777362
264	0.889078483987363
265	0.8855411439652455
266	0.8833392313726918
267	0.8781301810474784
268	0.8757557622866879
269	0.8726414477541271
270	0.8682675338775787
271	0.8620082237234943
272	0.8579458661696702
273	0.852610812370489
274	0.8485077260521631
275	0.8465550408457422
276	0.8422679275660482
277	0.8357875033034117
278	0.8332790038578545
279	0.8304620068353965
280	0.825562228392777
281	0.8218343423881916
282	0.8161446325643846
283	0.8135165948772751
284	0.8072190388971262
285	0.8005002626277815
286	0.7983620102345712
287	0.7951321256834056
288	0.7931674774886297
289	0.7874079577888515
290	0.7800442771409519
291	0.7760347349453421
292	0.76418713294402
293	0.7623376198300361
294	0.7614454738424606
295	0.7543053135129888
296	0.7518051269109586
297	0.7475774486136328
298	0.7437440119703257
299	0.7403467042909853
300	0.7346833552882447
301	0.7287767707458216
302	0.7267858130163949
303	0.7240247672758805
304	0.7210363599623465
305	0.7191654717591867
306	0.7148561830239034
307	0.711731480918576
308	0.7021549908316923
309	0.6978744842999425
310	0.6941812391938328
311	0.6910358771506773
312	0.6855911331705254
313	0.682277933421938
314	0.6782196937736965
315	0.676613286573337
316	0.6725922159128397
317	0.6675740373499356
318	0.6611325848396852
319	0.6540668810649166
320	0.6525652801301731
321	0.6493262743223999
322	0.6440671467853074
323	0.6408159709054821
324	0.639221313729383
325	0.6377567054006427
326	0.6312620618223472
327	0.6281114894176973
328	0.622626777360719
329	0.6182805452155947
330	0.6149676590375904
331	0.6134885620680446
332	0.609785609495158
333	0.6066871994135209
334	0.5996491388613314
335	0.5967293947042943
336	0.5935870267860829
337	0.5887709305642856
338	0.5843695829536327
339	0.5813013329257423
340	0.5782174381684606
341	0.5719573963241292
342	0.5693041066725342
343	0.5638067272537999
344	0.5594012325422868
345	0.5547379096938233
346	0.5512558804946831
347	0.5480738841403543
348	0.545623280934682
349	0.5436230421889537
350	0.5394706936836949
351	0.5365039144075421
352	0.5329199212940153
353	0.5285379951218302
354	0.5273201284666349
355	0.5250798404464126
356	0.523351129055621
357	0.5204619275618759
358	0.5170876067416544
359	0.5131312213503022
360	0.5078147349608287
361	0.5047017261731239
362	0.5019619018993345
363	0.4985856065470304
364	0.49583490587927437
365	0.49087305476108156
366	0.4876588711312678
367	0.4857946660970266
368	0.483358478258749
369	0.47851898962605427
370	0.4761218905051237
371	0.47325848251864955
372	0.4713701797473037
373	0.4679606819010255
374	0.46636157467023814
375	0.464415439715817
376	0.46087054823406315
377	0.45903315154270785
378	0.45735067057029005
379	0.4551440708031796
380	0.4533367077384637
381	0.45043262079737745
382	0.4481068992926539
383	0.4467142265851651
384	0.4444254448727942
385	0.44088955039500966
386	0.43957098182599363
387	0.4374115707125315
388	0.43545206055038055
389	0.4325397770036021
390	0.4301596544079981
391	0.42897967688859723
392	0.4271206611140077
393	0.4247271859775899
394	0.4235510041705622
395	0.4220104502822682
396	0.4199465847907059
397	0.4186273315860536
398	0.41361222235019274
399	0.4118534479373536
400	0.411326176620235
401	0.4104971200894328
402	0.40871775638911445
403	0.40605307195147794
404	0.4047644768662085
405	0.4028073189015657
406	0.4011782550851341
407	0.3998827688053337
408	0.3989149545133942
409	0.3962825449598243
410	0.39454616605210885
411	0.3942129228310687
412	0.39270754935598695
413	0.3914311723454853
414	0.39080570389509534
415	0.38839651355726923
416	0.3872449035069118
417	0.3854838994609928
418	0.38412738278000913
419	0.38324058595693417
420	0.3826694683502475
421	0.3813219208752064
422	0.38044433599708616
423	0.37825808288838686
424	0.3771685674082701
425	0.3751507233979701
426	0.3739783536853137
427	0.3719814295718067
428	0.3705967684674836
429	0.3696840552709848
430	0.36857364710013535
431	0.3655471237750467
432	0.36491702215289235
433	0.3635004795648999
434	0.3625953560606089
435	0.3618964059391594
436	0.36107239091247045
437	0.36046028671995894
438	0.35933052190905446
439	0.3579152700495413
440	0.3571580566075599
441	0.3556411171975596
442	0.3546208343580098
443	0.3538957470207734
444	0.3530448202399837
445	0.3516329421051591
446	0.3504458020635227
447	0.3493886883764154
448	0.3480449678868416
449	0.3463812576489583
450	0.345659383032084
451	0.3451457774773555
452	0.3441269919523837
453	0.343536153135428
454	0.3423142531726454
455	0.34176906957643166
456	0.34132841087861887
457	0.340509289083655
458	0.3393130512151228
459	0.338820927696833
460	0.33823444524884394
461	0.33633374691268253
462	0.33536484837459063
463	0.33474118905497974
464	0.33411605777206393
465	0.332755244723645
466	0.33195845867256296
467	0.3313848163886164
468	0.3304911271277619
469	0.33017293749853954
470	0.32975507228986856
471	0.3291349365608447
472	0.32862803463668727
473	0.327957589540409
474	0.3273358057292169
475	0.32668977845384484
476	0.32584102805583487
477	0.3250620527125232
478	0.3241402167884068
479	0.3231998415417929
480	0.32289422497076514
481	0.32154116221183915
482	0.3205747090102745
483	0.3200559717641546
484	0.3197731837632121
485	0.31895644067495604
486	0.31865792698798534
487	0.31791779378561513
488	0.31773503894876104
489	0.3170827295364373
490	0.3167161978011086
491	0.31596509315844407
492	0.31540323891427935
493	0.3148923137853342
494	0.31450206840846323
495	0.31408140007004476
496	0.31340494850148287
497	0.3127310619473155
498	0.3121215836853243
499	0.31133891962873456
500	0.31057213279829554
501	0.3099482029268746
502	0.30976195962442526
503	0.3090339416996146
504	0.3085570887018323
505	0.3079930407453206
506	0.3075900677060171
507	0.3065920666993309
508	0.30591810941399444
509	0.30547187037048157
510	0.30516910129904723
511	0.30480826635506325
512	0.3039365168393177
513	0.30350036836760635
514	0.30312268775991913
515	0.3026514113308892
516	0.3023122997877869
517	0.3019846945523754
518	0.30168764916242813
519	0.30134953612349924
520	0.30098106950220516
521	0.30075269705616725
522	0.30039901988981477
523	0.30016413863214375
524	0.29956166400231304
525	0.29905217251406235
526	0.2985271133804929
527	0.29771319212424624
528	0.2973846011235005
529	0.2969954600440232
530	0.2962969040243354
531	0.29574428129104013
532	0.2954709631664624
533	0.29510888084230547
534	0.2950312970860276
535	0.2948651804375262
536	0.2945009101808174
537	0.2942454367773933
538	0.29400743696849474
539	0.29360538695210453
540	0.29319413606285266
541	0.29253747612625924
542	0.292248511013921
543	0.29210545378144853
544	0.2918038256960683
545	0.291337653047072
546	0.29105900801811696
547	0.29075674201769314
548	0.29049988782824354
549	0.29021916243356805
550	0.2900064032647294
551	0.28986293674762625
552	0.2896487016491713
553	0.2894447636436946
554	0.2892477556712319
555	0.28901376135750856
556	0.2887090919832379
557	0.28847113701320914
558	0.2882939198791456
559	0.28791821125087563
560	0.28749545029053714
561	0.2870153125648683
562	0.28679668186478924
563	0.28669993476376565
564	0.2866538338047613
565	0.2862020331081792
566	0.28603872477315756
567	0.2859332898045754
568	0.2856373147693762
569	0.2853649867152573
570	0.28524335259149747
571	0.28505777044316927
572	0.28485229103423293
573	0.2844760894828271
574	0.2842971540831329
575	0.28411346387898545
576	0.2838194590995885
577	0.283631481750275
578	0.28329708496503425
579	0.2831574074899489
580	0.2830363412213636
581	0.28274403691375194
582	0.2825182009417021
583	0.28222647940157153
584	0.28205011010572983
585	0.2818769676223087
586	0.28176261562398974
587	0.2816604533324932
588	0.2814488398555678
589	0.2813322407563426
590	0.28122748825634486
591	0.28099093791171226
592	0.2806753480442632
593	0.2805533465743152
594	0.28036092187592904
595	0.28013821153887075
596	0.2800741396725645
597	0.27986375672185937
598	0.27971168231539983
599	0.2794727771033562
600	0.27931278536674603
601	0.27919003246289903
602	0.2790469814694441
603	0.2788257366034554
604	0.27866155679180504
605	0.27851947860554366
606	0.2784727578233536
607	0.278221487757811
608	0.2774110042999799
609	0.27717230767420425
610	0.2770180713851913
611	0.2769347322091929
612	0.2766813967973448
613	0.2765414632650599
614	0.2764546065994666
615	0.27628317615580733
616	0.2761950751840853
617	0.27602237437995697
618	0.27569500279526493
619	0.2754292365449315
620	0.2753883801159318
621	0.2753155392254875
622	0.27507406178211985
623	0.27501476651305556
624	0.2746474487385163
625	0.2744705767051135
626	0.27422736564012307
627	0.2739428862420752
628	0.27386701289082693
629	0.27343800116802974
630	0.27330883387946325
631	0.27314355808044344
632	0.2728961288360188
633	0.27274365893354285
634	0.2723781194139855
635	0.2721933727162545
636	0.27182811068905294
637	0.2717667799866286
638	0.2716703565316899
639	0.2716061977373202
640	0.27137290308856016
641	0.27090572800940715
642	0.27070210041987564
643	0.2705990592590318
644	0.27040560530706276
645	0.27029550632766075
646	0.27006283784954593
647	0.2696140866543372
648	0.2694096221379102
649	0.2692896443156557
650	0.2689995054319804
651	0.2687734630512144
652	0.2685028561309063
653	0.2680918452520734
654	0.2677500895828551
655	0.2676101267425461
656	0.2673312084186818
657	0.26690482948639144
658	0.2664409434212642
659	0.26569665662994607
660	0.2655083863845642
661	0.2645764867870058
662	0.26446352212449015
663	0.26436552341089903
664	0.2638673145356327
665	0.263500226752204
666	0.26342513937520634
667	0.26257105048939583
668	0.2625172682295146
669	0.2617822329786654
670	0.2613737873090029
671	0.2613180124307834
672	0.2609009359334207
673	0.2605909013275573
674	0.2603523767550336
675	0.26032760564045593
676	0.26012323938441484
677	0.25997301163948916
678	0.25981876112542934
679	0.25976410770795894
680	0.2596738683225107
681	0.2595095252290996
682	0.2594121730522692
683	0.25926936084668684
684	0.2591773294810975
685	0.25909766590689054
686	0.25905174551015436
687	0.25894961025178886
688	0.2588171754996649
689	0.2583363689257779
690	0.25823853436579336
691	0.2581339615205777
692	0.258081170922918
693	0.25803283551239686
694	0.25760392909676655
695	0.25753823388440505
696	0.25750676846573534
697	0.2574383667643903
698	0.25739617995201763
699	0.25731492013744695
700	0.25721827738978054
701	0.25715814811331283
702	0.2569959022135363
703	0.25693747902174496
704	0.25684789207890674
705	0.2567752435216038
706	0.2566820151951896
707	0.2566209926467066
708	0.25659136663902615
709	0.2565164831069727
710	0.25645362161230073
711	0.25638826467721254
712	0.25635269006509415
713	0.2562810110864111
714	0.25619658586935207
715	0.2560693162762951
716	0.25604245013282956
717	0.25593987127447915
718	0.2558160806850155
719	0.25566611822188945
720	0.2555948559851841
721	0.25556836705186614
722	0.25537557731504346
723	0.2553054079757038
724	0.2552633568939441
725	0.25509395508764976
726	0.25506403331002186
727	0.25498695424860257
728	0.25491601976426537
729	0.25479298825870134
730	0.2547598806774783
731	0.2546927925908384
732	0.2544069759366509
733	0.25426745641784815
734	0.25417381590484767
735	0.25416321293901106
736	0.25400013274460664
737	0.25381256875034675
738	0.2537832126174246
739	0.25375786937724
740	0.25371656422767885
741	0.25359283219822076
742	0.25354402898546496
743	0.2534468291862012
744	0.25341389115883645
745	0.25332769935942573
746	0.2532532087628982
747	0.2532058198973856
748	0.25315505960417406
749	0.253095644660074
750	0.2530792049681269
751	0.2530276010447464
752	0.25296539043149147
753	0.25285393247860694
754	0.2528056191346064
755	0.2527720901246953
756	0.2526176710896313
757	0.25256970523510575
758	0.2525307057355254
759	0.2523500194447222
760	0.25216183378644647
761	0.25203467620146314
762	0.2519472495554125
763	0.2519013784166933
764	0.2518742994815297
765	0.2518359139733847
766	0.2517283268727653
767	0.2516700389289229
768	0.25164378694101225
769	0.2515672823330538
770	0.2515048537821258
771	0.2514180104801685
772	0.2513750872123345
773	0.25128475856529053
774	0.25123461831857197
775	0.25114596164178743
776	0.2510829591717803
777	0.2510225027920492
778	0.250955839289034
779	0.25090879305705416
780	0.2508123009964443
781	0.2507631277722699
782	0.2506621975153556
783	0.2505350096182099
784	0.25045178444069355
785	0.25019968041247825
786	0.2500952258004414
787	0.25006571833136104
788	0.2499790902968879
789	0.24994493056259973
790	0.2498777470982769
791	0.2498353355978845
792	0.2497399941697346
793	0.24965350873869732
794	0.2495860197732685
795	0.24957360564759504
796	0.24955856864129766
797	0.249516175208381
798	0.2494600959246739
799	0.24943025990313536
800	0.24938793458181643
801	0.24935101971189783
802	0.24933170327053097
803	0.24927859651331824
804	0.24922742811796184
805	0.24919283698190295
806	0.24913788866607836
807	0.24912590807271434
808	0.2490870113644724
809	0.2490277084234729
810	0.24899709465640898
811	0.24895622634691308
812	0.24894267313497076
813	0.24891339677424865
814	0.24889846801647217
815	0.24881129509982353
816	0.24878290371500716
817	0.24860930758835195
818	0.24830483052312247
819	0.24825916459832714
820	0.2482252771120463
821	0.2481636791048283
822	0.2481122423017906
823	0.24804768837016355
824	0.2478769478026788
825	0.2478680709023249
826	0.2478397139839211
827	0.2478235847304671
828	0.24778934564846994
829	0.24764165978370076
830	0.24761906261082486
831	0.2475987322621284
832	0.24754499968877666
833	0.2474486174789486
834	0.24742543263094838
835	0.24735187037016054
836	0.247311905001224
837	0.24729570371286388
838	0.24727209776924344
839	0.24724432569922866
840	0.24721615544206693
841	0.24717351915440056
842	0.24714768730898307
843	0.24712447616355585
844	0.24708191095995805
845	0.24706909721349105
846	0.24702311560412837
847	0.24698350784647946
848	0.24694573431101394
849	0.2469086337359306
850	0.24689949108335377
851	0.24687309535752383
852	0.24682665054603284
853	0.24681859751713464
854	0.24680569747064382
855	0.24678199041358798
856	0.2466856584409158
857	0.2466604072547632
858	0.24659342523340957
859	0.24657708474549012
860	0.24652761154181307
861	0.24651516838547777
862	0.2464375462876417
863	0.24641864309425263
864	0.24636891861037952
865	0.24633857744135265
866	0.2463185245275468
867	0.24625780339104697
868	0.24624090794096135
869	0.24615197214410225
870	0.24610670458724523
871	0.2460750933879033
872	0.24606526303279058
873	0.2459631002783422
874	0.24590927038186633
875	0.24588860774460308
876	0.2458631941809498
877	0.2457693500646691
878	0.2457459346571948
879	0.24560896880085725
880	0.24556347636052797
881	0.24554070764554747
882	0.24548269806690123
883	0.24544648663159077
884	0.2453556936889589
885	0.24534056564355874
886	0.24531527182673404
887	0.24518011285496985
888	0.2451150619094196
889	0.2450480117563766
890	0.2450149585785444
891	0.24474426133030755
892	0.24470353549066226
893	0.24459307915904593
894	0.2445250250131215
895	0.24447854197100946
896	0.24446934724365071
897	0.24440236401092413
898	0.24439334700047416
899	0.2441613666973365
900	0.2441228911381711
901	0.24405835241894522
902	0.24382944354303243
903	0.24382102207558945
904	0.24369841023104527
905	0.24368658125724973
906	0.2435045508009119
907	0.2432570650364664
908	0.24321184998397055
909	0.2431967230214022
910	0.24314609674601792
911	0.24314176054149195
912	0.2430183465624767
913	0.24261986959043694
914	0.2424585738547542
915	0.24242157450481192
916	0.24221495138000765
917	0.24219633946636115
918	0.24189733561282162
919	0.24182411553876856
920	0.24143684560622292
921	0.2414222646206892
922	0.2413526770345917
923	0.24122885841779965
924	0.24121721681764174
925	0.24115919613097414
926	0.2411335463652525
927	0.24112612431735556
928	0.2410947412376547
929	0.24107635274647662
930	0.24106545076013308
931	0.2410549522498112
932	0.24104422824273844
933	0.24102949109074956
934	0.24100853496755884
935	0.2409751726007008
936	0.2406128453004012
937	0.24059716005686438
938	0.2405907650854033
939	0.24058268910878203
940	0.24057023500066602
941	0.2405577632888104
942	0.2405493273360141
943	0.24053497820850317
944	0.24052717283993322
945	0.24051126493830619
946	0.2405038022490363
947	0.24047669953817516
948	0.24047066427939454
949	0.24046589772644775
950	0.24045079452081292
951	0.24043146132710466
952	0.2404091873730547
953	0.24040428555967455
954	0.2403999752734052
955	0.24038690761078021
956	0.24038365990042726
957	0.24037455166191324
958	0.24037027461316035
959	0.2403583461943092
960	0.24033116930014647
961	0.2403292942512677
962	0.24030587599120273
963	0.24030118448952692
964	0.24029566135355865
965	0.24028925558718395
966	0.2402531488879414
967	0.24025080554672992
968	0.24024473643901578
969	0.24024019285136367
970	0.2402088884048759
971	0.240203306506492
972	0.24019098793706734
973	0.24017921955189409
974	0.24017506349548737
975	0.2401686728490778
976	0.2401545445921061
977	0.24013575269820306
978	0.24012283399031087
979	0.2401112024833173
980	0.24008164113982838
981	0.24001657166314372
982	0.2400151002592946
983	0.2400100431789549
984	0.24000465081751077
985	0.24000229498990483
986	0.23998989319736444
987	0.23997236807318661
988	0.23996200134268744
989	0.23995830419487577
990	0.23993133567633046
991	0.23992542950437437
992	0.23989894988356839
993	0.23989633573042354
994	0.23989227885907963
995	0.23988483614992387
996	0.23987886494008817
997	0.23987409065608364
998	0.23986799551314017
999	0.23986410319878199
1000	0.23985558070001353
1001	0.23985231451709732
1002	0.23984656371326957
1003	0.23983915366018035
1004	0.23973172858184497
1005	0.23972387118613842
1006	0.239717657947549
1007	0.23971189171782178
1008	0.23970487517131855
1009	0.2396967489883594
1010	0.2396896949293836
1011	0.23967919203679225
1012	0.23967008706849324
1013	0.23966551515981574
1014	0.2396490553715855
1015	0.23963993952279433
1016	0.23963455211262527
1017	0.23962597675782296
1018	0.2396123566137382
1019	0.23960768322299972
1020	0.23959841803936116
1021	0.23958754490944842
1022	0.2395796571602165
1023	0.23957426978348118
1024	0.23956379221600557
1025	0.23956203753079602
1026	0.23955039628795655
1027	0.23954433410316398
1028	0.2395369179567591
1029	0.23947572870602998
1030	0.23947001405404003
1031	0.23945668351516552
1032	0.23945273274890327
1033	0.23944293809887698
1034	0.23942283136023482
1035	0.23940611850836468
1036	0.23939577387086328
1037	0.23938629362149327
1038	0.2393716112205539
1039	0.23934032231814376
1040	0.23932034370237312
1041	0.23930724991593735
1042	0.23930007215721766
1043	0.23928591131278848
1044	0.23925997669159296
1045	0.2392461467174475
1046	0.23921072473414368
1047	0.23917858431100308
1048	0.23917053997740872
1049	0.2391665756867476
1050	0.23913697282007376
1051	0.23912160414665587
1052	0.2391180087097158
1053	0.23911169906696944
1054	0.23909907318940338
1055	0.23908532359050008
1056	0.2390821723425828
1057	0.23907784216287536
1058	0.23907523788458213
1059	0.23906946438288135
1060	0.2390680813884361
1061	0.23906360020234937
1062	0.2390555650730236
1063	0.23905193085979862
1064	0.2390485974102194
1065	0.2390438358923971
1066	0.23904193549253236
1067	0.23902972701554914
1068	0.23902190468398934
1069	0.2390191614109925
1070	0.2390118986558439
1071	0.2390065769739094
1072	0.238995498433443
1073	0.23899158292818087
1074	0.23898597881236242
1075	0.23897527540583313
1076	0.2389668128607897
1077	0.23894989324272425
1078	0.2389431820706408
1079	0.2389317066556946
1080	0.23892257600832215
1081	0.2389179257583586
1082	0.23890943435124065
1083	0.2389011001920077
1084	0.23888097719490706
1085	0.23887094496800493
1086	0.23885967331283192
1087	0.2388473395321146
1088	0.2388348620005968
1089	0.23881851809293603
1090	0.2388130756182356
1091	0.23879227940326295
1092	0.23878753518024123
1093	0.23877731430001933
1094	0.23877400354016212
1095	0.23875345643266094
1096	0.23874164804931183
1097	0.2387311111721264
1098	0.23870651456116165
1099	0.23870317751993106
1100	0.2386956256655774
1101	0.23869283175391587
1102	0.23866997871489073
1103	0.2386613212058216
1104	0.23863303851802845
1105	0.23862788030431695
1106	0.23859552682344584
1107	0.23858179272499996
1108	0.23858038520590083
1109	0.23857050294714766
1110	0.23854270975432307
1111	0.23853901427098148
1112	0.23852998006586984
1113	0.23851687906086028
1114	0.23850381970851228
1115	0.23850250480425708
1116	0.2384826918058275
1117	0.2384711246182715
1118	0.23846487984535839
1119	0.23846313678442665
1120	0.2384383734187409
1121	0.23842930833663223
1122	0.23842588358984296
1123	0.23838389112547242
1124	0.23838218935113092
1125	0.2383658176655955
1126	0.23835733680674825
1127	0.23835084187011216
1128	0.23833540406943582
1129	0.2383292015114401
1130	0.23832606473758228
1131	0.23832440239307184
1132	0.23829221570676218
1133	0.2382735611585193
1134	0.23824951818693638
1135	0.23823864391634983
1136	0.23820893413152747
1137	0.23817576080364475
1138	0.23815667277862337
1139	0.23811873405506964
1140	0.23810886441786944
1141	0.23807738873823267
1142	0.23806070693437686
1143	0.2380326316469157
1144	0.2380117643177956
1145	0.2380054030997466
1146	0.23796807200694114
1147	0.23794553817890537
1148	0.23790823447217396
1149	0.23788848126233417
1150	0.23788630919505993
1151	0.23785989777183542
1152	0.23781610645096057
1153	0.23781263283484336
1154	0.23772922663346688
1155	0.2376704115417599
1156	0.23762995076759483
1157	0.23762836717196065
1158	0.23754801131740083
1159	0.23749714961927557
1160	0.23744248792009304
1161	0.23735842562123113
1162	0.23730074841184906
1163	0.23717916935753788
1164	0.2371021968025893
1165	0.23706738655636034
1166	0.23700652056939728
1167	0.23677851270687006
1168	0.23675591275299343
1169	0.2367096310167827
1170	0.23652305444488472
1171	0.2361798994606633
1172	0.23609636736763043
1173	0.23597764991816997
1174	0.23566763835601925
1175	0.23553867922102362
1176	0.23524220155017597
1177	0.23512242112331452
1178	0.2350085660561899
1179	0.23476357185790614
1180	0.23475882503024528
1181	0.2346210542679521
1182	0.23442090427052867
1183	0.23421881130546016
1184	0.23398120456665653
1185	0.23363065813508446
1186	0.23362813311253963
1187	0.23330540414982714
1188	0.23319768485137213
1189	0.2331709226217854
1190	0.23296563372077103
1191	0.2328616820185854
1192	0.2328499415081828
1193	0.2328406435466909
1194	0.23283363936829185
1195	0.23282601825912727
1196	0.2328195246687052
1197	0.23280909004403547
1198	0.2328030916966731
1199	0.23279344122394643
1200	0.23278820337412223
1201	0.23277733207749068
1202	0.2327565413715803
1203	0.23274873664620135
1204	0.23273828277028255
1205	0.2327225360453857
1206	0.23271611240039902
1207	0.2326966047760079
1208	0.23268293801981205
1209	0.2326697173675738
1210	0.23265986443834008
1211	0.2326422758877334
1212	0.23263176590725554
1213	0.23262632147827267
1214	0.23261035265385477
1215	0.2325846028337508
1216	0.23257291134769972
1217	0.2325517461057841
1218	0.23254975726115232
1219	0.23252014123505446
1220	0.23250031394912238
1221	0.23246152903972592
1222	0.2323944049500562
1223	0.2323572986555768
1224	0.23233074780643476
1225	0.23228232116672531
1226	0.2322036691591978
1227	0.23220098460954752
1228	0.23213352228000766
1229	0.23206040774805686
1230	0.2319589807313172
1231	0.23186554853690558
1232	0.23181022459955755
1233	0.23168242817060639
1234	0.23161200118721043
1235	0.23141002622237056
1236	0.23133174324236816
1237	0.23130017217000437
1238	0.23118987551324816
1239	0.23105503231164218
1240	0.230983783211667
1241	0.2308456592745453
1242	0.2307875635130544
1243	0.2306207681956098
1244	0.2303524364913582
1245	0.2303313605783403
1246	0.23021220561595906
1247	0.2302106805872297
1248	0.22996883567107845
1249	0.22980910459853973
1250	0.22978589468242153
1251	0.22972340988424184
1252	0.2296702769231871
1253	0.22961190683737984
1254	0.22958735722179088
1255	0.22956479743842298
1256	0.2295261717623465
1257	0.2295147714595633
1258	0.22949850198363983
1259	0.22945805874386763
1260	0.22945616468870567
1261	0.2294493718404174
1262	0.22938268031541206
1263	0.22936691703987297
1264	0.22931558500039526
1265	0.2293042595215725
1266	0.22928578307135752
1267	0.2292814538788263
1268	0.2292402897641282
1269	0.22922922754499334
1270	0.22913394551523458
1271	0.22907907064612576
1272	0.22902068936190895
1273	0.2290151076101082
1274	0.22893109161242978
1275	0.2288934759019782
1276	0.22887405969512528
1277	0.22886518497121194
1278	0.22875650078443657
1279	0.22870659232825974
1280	0.22867503816349533
1281	0.2285956020903702
1282	0.22858564778043536
1283	0.22847752725549217
1284	0.22844590734851705
1285	0.22836039594223562
1286	0.22830281813354053
1287	0.22825140613543654
1288	0.22821584682965987
1289	0.22821471666760818
1290	0.2281790791182372
1291	0.22817719689844662
1292	0.2281685816269947
1293	0.2281643468115884
1294	0.22816058266341865
1295	0.22815846320110425
1296	0.2281552715164694
1297	0.2281517114554213
1298	0.2281511477488512
1299	0.228146969899276
1300	0.22814540397528635
1301	0.22814326243362396
1302	0.22814034656982357
1303	0.22813615096761983
1304	0.22813249191943127
1305	0.22812855838835275
1306	0.22812497737826712
1307	0.22812049608617016
1308	0.22811827257161585
1309	0.22810747697495432
1310	0.2281055481937101
1311	0.22810273436296694
1312	0.2280977504742652
1313	0.22809653623184756
1314	0.22809233021649788
1315	0.22808681245457632
1316	0.22808335692445653
1317	0.2280795401315854
1318	0.22807546989922428
1319	0.2280590835170798
1320	0.22805389236397333
1321	0.22804361633245013
1322	0.22804153486832873
1323	0.22804032033674165
1324	0.22802842826682748
1325	0.22802465397352192
1326	0.2280153634846233
1327	0.2279996171630211
1328	0.22798992454628322
1329	0.22798853865113505
1330	0.22797552528523723
1331	0.22796043584642148
1332	0.227954393421247
1333	0.22794094542996463
1334	0.22791076285127645
1335	0.22789327893646996
1336	0.22786260665085425
1337	0.2278604920444507
1338	0.22782665355091794
1339	0.2278156486692512
1340	0.22773782030204912
1341	0.22770425342470074
1342	0.22769565006483516
1343	0.22767483870964758
1344	0.22764372470082125
1345	0.22755921470931384
1346	0.2275203909044773
1347	0.22743861424840586
1348	0.2273514365076185
1349	0.22726622321189074
1350	0.22716666554130843
1351	0.22713449593432833
1352	0.2270118212698176
1353	0.2269782157959551
1354	0.22673222124947584
1355	0.22659707451607314
1356	0.22650166546012293
1357	0.22624231190651165
1358	0.22623938162582805
1359	0.22600996794547715
1360	0.22592532944882598
1361	0.22589059008511697
1362	0.2258135496589186
1363	0.22558997531014502
1364	0.2253911914668924
1365	0.22530267676246113
1366	0.22522692350850917
1367	0.22519349632690683
1368	0.225164214808633
1369	0.2251575480657668
1370	0.22514250153284757
1371	0.22512935639564485
1372	0.22512424057292568
1373	0.22511070780733372
1374	0.2251086220743123
1375	0.2250761423208853
1376	0.22504220851100257
1377	0.22503965638144832
1378	0.22502072987041724
1379	0.224983164584239
1380	0.2249488514478443
1381	0.22492942389191317
1382	0.2248929303511855
1383	0.22486149039090364
1384	0.22483473316067668
1385	0.22482766930939657
1386	0.22473314420032559
1387	0.22464391852859414
1388	0.22464168065475987
1389	0.2246157270593026
1390	0.22455489296154774
1391	0.22451251357943308
1392	0.2245115283738392
1393	0.22441900684885122
1394	0.22426358755656248
1395	0.22426329760606287
1396	0.2240796110270513
1397	0.22405697472022998
1398	0.22393768414808254
1399	0.22378759344566584
1400	0.2236542375172134
1401	0.22337342652871245
1402	0.22313097571681065
1403	0.22312887538486195
1404	0.2229611447207055
1405	0.2228543871429861
1406	0.2228415402498636
1407	0.2225737553167946
1408	0.22231934394455333
1409	0.22231753236820792
1410	0.2222512399093321
1411	0.22224853010700912
1412	0.22223934684047628
1413	0.222238019929191
1414	0.22223568379089315
1415	0.22223490445133814
1416	0.2222304398275708
1417	0.22222750246862386
1418	0.2222262142963336
1419	0.2221934348251916
1420	0.22219175080296866
1421	0.22218796940645616
1422	0.22218520049704177
1423	0.2221820970208742
1424	0.22217961723028187
1425	0.22217634397247485
1426	0.22217402837877845
1427	0.22217092998088425
1428	0.2221696806094718
1429	0.22216856062926318
1430	0.2221675674211379
1431	0.22216707649339762
1432	0.22216557384131513
1433	0.22216254369135283
1434	0.2221609795084433
1435	0.22216056899637068
1436	0.22215697342938664
1437	0.22215516210797054
1438	0.22215335735143307
1439	0.22215006584076588
1440	0.2221465446954465
1441	0.2221423318138322
1442	0.22213799190538533
1443	0.22213414040836363
1444	0.22208425026630857
1445	0.22208372928926326
1446	0.22207742451844792
1447	0.22207355572818954
1448	0.22207012647503513
1449	0.22206738514931354
1450	0.22206376238308823
1451	0.22205964030694147
1452	0.22204877611904494
1453	0.22204113149383314
1454	0.22202973488683705
1455	0.2220253702770284
1456	0.2220218421965465
1457	0.22201212812294865
1458	0.22201059645791701
1459	0.22200708453076307
1460	0.22197673194431777
1461	0.22196868824202654
1462	0.221962737495273
1463	0.22194530417533803
1464	0.22193505300973765
1465	0.22191789335491865
1466	0.2219096931364533
1467	0.22188385423394583
1468	0.22186936179873204
1469	0.2218567688541415
1470	0.22182944584181563
1471	0.22182817665085341
1472	0.22181719230230806
1473	0.22180187478965563
1474	0.22166303829377665
1475	0.2216238735492577
1476	0.22160768352647495
1477	0.22157914185519387
1478	0.22153152538527618
1479	0.22146102288411829
1480	0.2214532421108261
1481	0.2214227047982135
1482	0.22141166652925476
1483	0.22138860286820886
1484	0.22131783559759652
1485	0.22129472654479143
1486	0.22122358291453934
1487	0.22118062165811833
1488	0.2211740984443553
1489	0.22115085737637014
1490	0.22114689277551444
1491	0.22112454160245468
1492	0.22112147576367247
1493	0.22111439651286083
1494	0.22108867869073295
1495	0.22108800407886722
1496	0.2210866378717478
1497	0.22108642194731584
1498	0.22108432107304432
1499	0.22108299635657194
1500	0.22108219244115473
1501	0.2210812026666822
1502	0.22107839949355723
1503	0.22107790665198948
1504	0.22107758059833726
1505	0.22107704835109088
1506	0.22107680433941523
1507	0.22107618830086936
1508	0.22107545510252768
1509	0.22107455919973715
1510	0.22107412892781483
1511	0.22107323971123638
1512	0.22107237072782138
1513	0.22107140005146408
1514	0.22107025890577386
1515	0.2210697897454779
1516	0.22106907007211204
1517	0.22106807631940364
1518	0.22106748100089868
1519	0.22106723288623567
1520	0.22106671382807266
1521	0.22106580961890548
1522	0.2210651699566641
1523	0.22106446671493132
1524	0.2210636741469501
1525	0.22106300370212834
1526	0.2210625773825032
1527	0.22106226856101488
1528	0.2210619581552386
1529	0.22106130441516386
1530	0.22106039275549913
1531	0.2210595026901726
1532	0.22105861776952407
1533	0.2210583106606781
1534	0.22105790194112926
1535	0.22105674384936944
1536	0.2210554752630686
1537	0.22105496828609122
1538	0.22105440252554137
1539	0.22105333828267598
1540	0.22105291218694345
1541	0.22105237411570935
1542	0.22105166959288997
1543	0.22105074043382672
1544	0.2210432689631886
1545	0.22104286834141287
1546	0.22104255642275555
1547	0.22104159702908283
1548	0.22104108547727563
1549	0.22104028157307753
1550	0.22103938994311834
1551	0.2210390505358323
1552	0.22103875431719633
1553	0.22103797652639676
1554	0.22103769912192114
1555	0.22103732776912408
1556	0.22103486964016994
1557	0.22103342487163416
1558	0.22103286504628353
1559	0.22103241448196262
1560	0.22103183011632418
1561	0.22103095395264175
1562	0.22102966964028575
1563	0.22102869496393276
1564	0.22102762520728772
1565	0.22102640485180192
1566	0.22102551208891505
1567	0.22102420587736413
1568	0.22102179138523603
1569	0.22102158192590945
1570	0.2210210687728332
1571	0.2210200117152229
1572	0.2210184996127413
1573	0.22101586948592808
1574	0.2210141494109546
1575	0.2210129279324052
1576	0.22101086869208103
1577	0.22100983699803634
1578	0.2210083037389334
1579	0.22100643362861677
1580	0.22100482938996382
1581	0.2210028958881111
1582	0.22100162881957525
1583	0.22100089079129345
1584	0.22099613255954378
1585	0.22099329129645254
1586	0.22099169009644035
1587	0.22098606941575408
1588	0.2209854835221265
1589	0.22098125416554457
1590	0.22097825799368848
1591	0.22097662303699042
1592	0.22096968693609706
1593	0.22096668102087647
1594	0.22095965008403265
1595	0.2209564562349806
1596	0.22095210113902486
1597	0.2209447908512546
1598	0.2209364180368634
1599	0.22093044091539363
1600	0.22092168784763333
1601	0.22092005313243127
1602	0.22091287887325511
1603	0.22090894851899368
1604	0.2208933179786146
1605	0.22089187162501991
1606	0.22088319070269213
1607	0.22087547060809515
1608	0.22085767581819615
1609	0.22084544830929395
1610	0.22084053567897327
1611	0.2208319117566785
1612	0.22082040187315707
1613	0.220796517242056
1614	0.22079093797269683
1615	0.22077441263854797
1616	0.22075518182042356
1617	0.220738800426201
1618	0.22072099250093882
1619	0.22069985627366429
1620	0.22066614501199433
1621	0.22061682717448522
1622	0.22060103818523644
1623	0.22056475479973703
1624	0.22052959953288348
1625	0.22052123450858252
1626	0.22047779720190377
1627	0.22044173432484931
1628	0.22038495409864842
1629	0.22036213976220723
1630	0.22035726370640826
1631	0.22030120000397477
1632	0.22025824567103888
1633	0.22023118146981735
1634	0.22020634472245296
1635	0.22014337252211338
1636	0.22012766352471488
1637	0.22008953168602652
1638	0.22006524279905723
1639	0.22003581098079023
1640	0.21999608390913147
1641	0.2199822423383936
1642	0.21997547527276748
1643	0.21995559575836454
1644	0.21994478185960117
1645	0.21992650643458497
1646	0.21988820874209034
1647	0.21988184958542834
1648	0.21986067312962607
1649	0.2198469868889467
1650	0.21981111525725044
1651	0.21978959477856239
1652	0.2197624372924953
1653	0.21976112016221966
1654	0.219743700936327
1655	0.21970475432580225
1656	0.21970269405471346
1657	0.21965658016184975
1658	0.2196388938128627
1659	0.21959255077919587
1660	0.21951926820943538
1661	0.2194902962941011
1662	0.21948922581079636
1663	0.21947285244418685
1664	0.2194589983411685
1665	0.21941584775598041
1666	0.21937067675405422
1667	0.21926832417988587
1668	0.21926758833466756
1669	0.21923078582708355
1670	0.21920949546987548
1671	0.21920686741073
1672	0.2191989015283683
1673	0.2191924459765751
1674	0.21919175192030713
1675	0.21918930951169038
1676	0.21918434832211273
1677	0.21918363785044725
1678	0.219181105091251
1679	0.21917998036472663
1680	0.21917724239701994
1681	0.21917540532556806
1682	0.21916965893460313
1683	0.21916871045143188
1684	0.2191674545182859
1685	0.2191659379879867
1686	0.2191642415129359
1687	0.2191600567321861
1688	0.2191582066966583
1689	0.21915071256621674
1690	0.21914718256446833
1691	0.21914483342344107
1692	0.2191341373791154
1693	0.2191313314755751
1694	0.21912840401840014
1695	0.21912546613715475
1696	0.21911982161149926
1697	0.2191137794187584
1698	0.21911268595788538
1699	0.21911066364569784
1700	0.21910897850733477
1701	0.2191048615031567
1702	0.21909746320588377
1703	0.2190933055879448
1704	0.21908627508220338
1705	0.21908359339364217
1706	0.21908287546740154
1707	0.21907268663922663
1708	0.2190687108723182
1709	0.21905978780881782
1710	0.21905895865460195
1711	0.21905497130279628
1712	0.21904863356922277
1713	0.21904691135845075
1714	0.2190438781605777
1715	0.21904285398933732
1716	0.21904224545525533
1717	0.21904105001096708
1718	0.21904057044263012
1719	0.21903950880584988
1720	0.21903881148286286
1721	0.21903760147111492
1722	0.21903706252529023
1723	0.21903655709154385
1724	0.21903486660769006
1725	0.21903457861751086
1726	0.21903232990773447
1727	0.21903180425070215
1728	0.21903036633800121
1729	0.2190293104145851
1730	0.21902674278671774
1731	0.2190252007788337
1732	0.21902282298900078
1733	0.21902223715025484
1734	0.2190217477175165
1735	0.2190190609658563
1736	0.2190168949396071
1737	0.21901449818700763
1738	0.21901152764522344
1739	0.21900819280721953
1740	0.21900619117769163
1741	0.21900001634341598
1742	0.21899995214645682
1743	0.2189971811379992
1744	0.21899626082773402
1745	0.21899334065072087
1746	0.21898679350102793
1747	0.21897759853430496
1748	0.2189752031583366
1749	0.2189612540253897
1750	0.21895528746656281
1751	0.21895474201806428
1752	0.2189495182475472
1753	0.21892934420374435
1754	0.21891837372079914
1755	0.2189082994016541
1756	0.21890512057221295
1757	0.2189036439252714
1758	0.2189015705714255
1759	0.2188705651468115
1760	0.21885429245548751
1761	0.2188301623876202
1762	0.21881234329796123
1763	0.2187986127651324
1764	0.21877521359688903
1765	0.21876001597505967
1766	0.21871661217171773
1767	0.21870398245709283
1768	0.21865058683530028
1769	0.21858858086345875
1770	0.2185715314048821
1771	0.2185117174276253
1772	0.21851065274105938
1773	0.21843771717503405
1774	0.2183653327535794
1775	0.21828142279555893
1776	0.21823373077443367
1777	0.21821509696436958
1778	0.21808431809705545
1779	0.21799102029898235
1780	0.21786114523730316
1781	0.21786028414238276
1782	0.217780399069904
1783	0.21770399067615598
1784	0.21765302594519886
1785	0.21755000410733943
1786	0.21754835086981644
1787	0.21746359693528902
1788	0.2174598672551853
1789	0.21742627605186754
1790	0.21741805446172624
1791	0.21741184565275262
1792	0.21740758112110287
1793	0.21740394670047636
1794	0.21740191908682197
1795	0.2173950895379851
1796	0.21739383578842583
1797	0.2173932309229486
1798	0.21739108952547467
1799	0.21738763169656364
1800	0.2173859874303138
1801	0.2173848385432677
1802	0.21738194111906467
1803	0.21737999242949518
1804	0.21737825299958582
1805	0.21737751607415506
1806	0.21737477031733624
1807	0.2173720969784124
1808	0.2173713165797482
1809	0.21736879226838007
1810	0.21736729410656536
1811	0.21736680395578373
1812	0.21736353654586626
1813	0.21736144577869668
1814	0.21735906693450335
1815	0.21735573577922102
1816	0.21735119581225298
1817	0.21734901845680246
1818	0.21734681415492726
1819	0.21734209599789017
1820	0.21733325433705364
1821	0.217331065096852
1822	0.21732699595268645
1823	0.21732467351695373
1824	0.21732106544616428
1825	0.2173185164666119
1826	0.2173160753197407
1827	0.21731300946106308
1828	0.21730788887288
1829	0.2173073741167279
1830	0.21730570935433488
1831	0.2173045362908725
1832	0.21730193658393157
1833	0.21729988058891583
1834	0.21729962979881648
1835	0.21729840679417817
1836	0.217297087968254
1837	0.21729637781177893
1838	0.21729492054186267
1839	0.21729456742890377
1840	0.2172943313693036
1841	0.21729379136804816
1842	0.21729330683995554
1843	0.21729273107667127
1844	0.21729199042265457
1845	0.21729043241688423
1846	0.21728792152982815
1847	0.21728723665801028
1848	0.21728679660234623
1849	0.21728652504991816
1850	0.2172858780476556
1851	0.21728562218848807
1852	0.2172851987674087
1853	0.2172848926069165
1854	0.2172843744613347
1855	0.2172841928715409
1856	0.21728374654310564
1857	0.2172833913673754
1858	0.21728302612380734
1859	0.21728279677152992
1860	0.2172822819513417
1861	0.21728193683204072
1862	0.21728166388122758
1863	0.21728121156014096
1864	0.2172808141436489
1865	0.21728054555047174
1866	0.21728024366017712
1867	0.2172800310913193
1868	0.217279821919672
1869	0.217279485244497
1870	0.21727932732557606
1871	0.21727881904005533
1872	0.2172787652443346
1873	0.21727843660978713
1874	0.21727797233069676
1875	0.21727764465145472
1876	0.21727720989785276
1877	0.21727688009642462
1878	0.2172765087726024
1879	0.217276173565183
1880	0.21727582527632477
1881	0.21727548300838798
1882	0.21727522777558464
1883	0.21727479229094032
1884	0.21727446120583008
1885	0.21727405617972853
1886	0.21727310475986672
1887	0.2172727121182295
1888	0.21727229817786328
1889	0.21727195571343266
1890	0.21727141162463923
1891	0.21727119489837204
1892	0.2172703657999588
1893	0.2172694744505306
1894	0.2172687652470543
1895	0.21726789906907484
1896	0.21726738721680935
1897	0.2172669316274209
1898	0.21726625104143676
1899	0.2172649966241545
1900	0.2172641429794143
1901	0.21726338391875716
1902	0.21726243975977402
1903	0.2172617210493297
1904	0.21726055100383074
1905	0.21725905208054624
1906	0.21725698145303998
1907	0.21725632241908568
1908	0.21725517303269978
1909	0.21725371703822632
1910	0.2172516075301606
1911	0.21724923001829113
1912	0.21724752214305762
1913	0.21724562574483872
1914	0.21724378075858078
1915	0.21724138369874785
1916	0.21723947488402368
1917	0.21723811131494433
1918	0.21723635428782456
1919	0.2172350730909066
1920	0.2172304762301786
1921	0.2172289324010714
1922	0.21722581472504227
1923	0.21722442948180967
1924	0.21722207551973757
1925	0.21721908074703716
1926	0.2172186401217491
1927	0.21721515875719538
1928	0.21721336145976625
1929	0.21721110746083042
1930	0.21720928871852405
1931	0.21720542568044043
1932	0.21720107429492438
1933	0.21719760299475285
1934	0.21719350210331329
1935	0.21718898658179697
1936	0.21718100422697859
1937	0.2171804416741952
1938	0.21717443168416165
1939	0.2171674518946631
1940	0.21716652845849532
1941	0.21715688790515608
1942	0.2171521454382447
1943	0.21714958094266598
1944	0.2171423399893223
1945	0.21713736771093373
1946	0.21712603505217842
1947	0.2171252661066631
1948	0.21709966701875366
1949	0.21709857615396969
1950	0.21708083645853
1951	0.21707699268841862
1952	0.2170680466366459
1953	0.21705683693238698
1954	0.21705632830815838
1955	0.2170523804893073
1956	0.21705100244312525
1957	0.2170504044201577
1958	0.2170493280490985
1959	0.2170476171917369
1960	0.2170468814326328
1961	0.21704521413864644
1962	0.2170444814760811
1963	0.2170423023999274
1964	0.21704048025389622
1965	0.21704019638170233
1966	0.21703917558594737
1967	0.2170379896047589
1968	0.21703599800308124
1969	0.21703371897333076
1970	0.21703299814247584
1971	0.21703081978921876
1972	0.21702599837146747
1973	0.2170233134577171
1974	0.2170215701998853
1975	0.21701942796252982
1976	0.21701737717847855
1977	0.21701299525069467
1978	0.21701208764548516
1979	0.21700929047812678
1980	0.2170059451562503
1981	0.21700150424272285
1982	0.21699807019917522
1983	0.21699552271104128
1984	0.2169905112944015
1985	0.216985500108069
1986	0.2169785602684291
1987	0.21696825613024268
1988	0.21696718273168564
1989	0.21696010663622267
1990	0.2169492164374591
1991	0.21693588792862398
1992	0.21692677285062512
1993	0.21692631204609777
1994	0.21691300180343304
1995	0.21690019383568476
1996	0.21688699118352256
1997	0.21687028946419082
1998	0.21686581181034117
1999	0.21685210270501143
2000	0.2168378420976983
2001	0.2168339790025923
2002	0.21682520039110315
2003	0.21680337957451293
2004	0.21680214307203807
2005	0.21677781702293436
2006	0.21677589068291148
2007	0.21677387558495245
2008	0.2167673599882209
2009	0.2167648852125526
2010	0.21676209728653767
2011	0.21676074423750796
2012	0.21675904742286853
2013	0.21675549288081916
2014	0.2167519209588686
2015	0.2167513314162657
2016	0.21674855688462244
2017	0.21674674629912863
2018	0.21674502621817326
2019	0.21673283889664333
2020	0.21673224645626302
2021	0.21673108519429896
2022	0.21672955383583778
2023	0.21672215346970333
2024	0.21671130314826176
2025	0.21671021004337668
2026	0.21670310007647656
2027	0.21669275662997484
2028	0.2166874859492438
2029	0.21667364041447063
2030	0.21667285615367782
2031	0.21666557322801136
2032	0.21665148644838833
2033	0.2166372632325716
2034	0.21663513772527399
2035	0.21660915624375085
2036	0.21660335752726526
2037	0.21658247507283704
2038	0.2165508016656671
2039	0.21653795073667162
2040	0.21651960491281871
2041	0.2165167245555189
2042	0.21650413313828817
2043	0.21647706532775773
2044	0.21646346632598032
2045	0.21642184560007433
2046	0.216403048881084
2047	0.21639099987588972
2048	0.21637034319700219
2049	0.21635264894021108
2050	0.21632446533551294
2051	0.2162995304210145
2052	0.2162901602231916
2053	0.21627350331935283
2054	0.2162413797076284
2055	0.21621608089745306
2056	0.2162061518560481
2057	0.21619373361879515
2058	0.21618148582645316
2059	0.21615453588818256
2060	0.21614597482725076
2061	0.2161169981629051
2062	0.21609778219465972
2063	0.2160917262901284
2064	0.21608709850886215
2065	0.21606922391686703
2066	0.21606225823409858
2067	0.2160569495970621
2068	0.21604576117897217
2069	0.2160404553785148
2070	0.2160320372291279
2071	0.21602375147303493
2072	0.21601595111726937
2073	0.21601197268652908
2074	0.21600894673348228
2075	0.21600259069675648
2076	0.2159994946590862
2077	0.21599297099211537
2078	0.21598911301192109
2079	0.21598413574783581
2080	0.21598055204530522
2081	0.2159754252984323
2082	0.21597072150044813
2083	0.21596899019095994
2084	0.2159663110564923
2085	0.2159638016759848
2086	0.21596154343762464
2087	0.2159574836589984
2088	0.21595547878748325
2089	0.21595029580756145
2090	0.2159441950864794
2091	0.21594086425572984
2092	0.21593874366561927
2093	0.21593485660844638
2094	0.2159328513638693
2095	0.21592867383827144
2096	0.21592609422879944
2097	0.21592035029802537
2098	0.21591873066892772
2099	0.2159078869947069
2100	0.215899359007648
2101	0.2158963232893329
2102	0.2158888739234907
2103	0.21588187955204016
2104	0.21587799839561245
2105	0.21586340714512708
2106	0.21585512657563974
2107	0.2158459381530073
2108	0.21583880901857064
2109	0.21582503705270117
2110	0.21580759484379858
2111	0.21579519447085257
2112	0.21578433227048993
2113	0.2157641772568957
2114	0.21576239894735388
2115	0.21574318592123173
2116	0.21570027060976454
2117	0.21566698205491747
2118	0.2156649418146818
2119	0.21564350214630737
2120	0.2156129824378317
2121	0.2155987755619529
2122	0.21552514415046808
2123	0.21549231334122965
2124	0.21548805222586098
2125	0.21544926819294372
2126	0.2153994639911972
2127	0.21535605823862466
2128	0.21532117026080003
2129	0.21523548197786113
2130	0.21521112938679146
2131	0.2151989058255299
2132	0.21519262400594572
2133	0.2151692018539716
2134	0.21516333702912033
2135	0.2151603771639382
2136	0.2151551409293219
2137	0.21514706405260087
2138	0.21514400751825963
2139	0.21513571968177522
2140	0.2151335751290625
2141	0.21513164547449717
2142	0.2151246192407494
2143	0.2151165337170936
2144	0.21511054029315785
2145	0.2151053918392787
2146	0.21509985724909583
2147	0.21508912120499277
2148	0.21507853969925025
2149	0.2150731905711955
2150	0.21506447214160768
2151	0.21505627703686078
2152	0.21504499606853236
2153	0.21502566380446592
2154	0.21502088895115617
2155	0.21501281201367903
2156	0.21499996158198417
2157	0.21498687573071373
2158	0.21498318400703803
2159	0.21494926940714448
2160	0.214940904080896
2161	0.21493251613776335
2162	0.21492012459754703
2163	0.21490643788648764
2164	0.21490190604604692
2165	0.2148731078710454
2166	0.21485894322387267
2167	0.21484224128495197
2168	0.21481254823272236
2169	0.21480809790206423
2170	0.21478049091346826
2171	0.2147701833210668
2172	0.21475949248481843
2173	0.2147393431417961
2174	0.21473534500198194
2175	0.21472830501915383
2176	0.2147233880857806
2177	0.2147210363137291
2178	0.21471171991408092
2179	0.21470810704091867
2180	0.21469170761209042
2181	0.21468720363263508
2182	0.21468633040033816
2183	0.21467750041254594
2184	0.21466890234480676
2185	0.2146572192547992
2186	0.21465628042142854
2187	0.2146369382303003
2188	0.21463508735566633
2189	0.21462346793941237
2190	0.21460306920257632
2191	0.21459715426213014
2192	0.2145850593903514
2193	0.21456677791677872
2194	0.21455925360190906
2195	0.21453230923529093
2196	0.2145279342634997
2197	0.21452488494057664
2198	0.21448803440630917
2199	0.2144617818228799
2200	0.21445823171137696
2201	0.2144310425782033
2202	0.21437867228017118
2203	0.21433718481366879
2204	0.21432105474243565
2205	0.21431798391493556
2206	0.21431324077343625
2207	0.2142517554231769
2208	0.2142411743281932
2209	0.2141469940088374
2210	0.21413719688530192
2211	0.21406591990345453
2212	0.21400162683414348
2213	0.21395449148653586
2214	0.21388837624804588
2215	0.21383980893990065
2216	0.21371243832193662
2217	0.21369038564710674
2218	0.21360169488718317
2219	0.2134759323649997
2220	0.21345385926571256
2221	0.21327243744523777
2222	0.2131992526821141
2223	0.21314513100735102
2224	0.21291809255839608
2225	0.21279115780345811
2226	0.21267878616027078
2227	0.21264162925369007
2228	0.2126350969097238
2229	0.212406920234835
2230	0.21215350399250557
2231	0.21204055315697237
2232	0.21202490825413794
2233	0.21194503987786145
2234	0.2119075439477321
2235	0.2118530611568716
2236	0.21184084427828367
2237	0.2118304230058821
2238	0.21182417251849076
2239	0.21182398735368785
2240	0.21181058622059512
2241	0.2118055177977636
2242	0.21180251409508177
2243	0.2117996399485591
2244	0.2117928902535845
2245	0.21178190520996437
2246	0.21177296068402507
2247	0.21176908175566284
2248	0.21176528799026734
2249	0.21176451117281314
2250	0.21176310046921293
2251	0.21176239335734054
2252	0.21176181422632348
2253	0.21176060097806515
2254	0.21175962644284085
2255	0.21175927479492304
2256	0.21175867863143133
2257	0.21175790101885106
2258	0.21175772400393225
2259	0.2117570068820263
2260	0.21175613433392887
2261	0.21175592676917593
2262	0.21175579754927115
2263	0.21175510271747153
2264	0.2117538856081638
2265	0.21175291686006106
2266	0.2117515178457074
2267	0.21175036833904418
2268	0.2117495849020901
2269	0.2117492194002579
2270	0.2117481743456968
2271	0.2117464552143873
2272	0.2117461592559026
2273	0.21174384336736826
2274	0.21174320726424714
2275	0.2117404910128572
2276	0.2117390307798244
2277	0.21173740485532158
2278	0.21173610224037334
2279	0.21173478384745026
2280	0.2117335851174719
2281	0.2117293608653146
2282	0.2117288326835737
2283	0.2117258656782935
2284	0.21172294052679058
2285	0.21172018818905025
2286	0.21171710072700015
2287	0.21171522306256813
2288	0.21171360212174198
2289	0.21171189343139715
2290	0.2117084774803076
2291	0.2117059606496475
2292	0.21170395722168422
2293	0.21170211594837668
2294	0.211701763228549
2295	0.2116999791998579
2296	0.21169886363257553
2297	0.2116963701809467
2298	0.21169598396950226
2299	0.21169356425892866
2300	0.21169178588668963
2301	0.21168908647896956
2302	0.2116871139443947
2303	0.21168359032716835
2304	0.21168189127674378
2305	0.21167829540555375
2306	0.21167429381852496
2307	0.21167341635661105
2308	0.21166770114215078
2309	0.21166298468804792
2310	0.2116616728307952
2311	0.2116522428983304
2312	0.21164644469997151
2313	0.2116355387567811
2314	0.21162904455100268
2315	0.21161069893022974
2316	0.21160579685895078
2317	0.2115910606561823
2318	0.2115855812599987
2319	0.21157366534198782
2320	0.2115627047540238
2321	0.21156038756916687
2322	0.2115579824352076
2323	0.21153320158096137
2324	0.2115198151595293
2325	0.211513941278319
2326	0.21149550057050387
2327	0.21148774627819922
2328	0.21148426004095353
2329	0.21148087674886248
2330	0.2114762226523698
2331	0.21147119858508825
2332	0.2114672117488802
2333	0.21146241667769244
2334	0.2114555926740736
2335	0.21145458344359355
2336	0.21144944417380807
2337	0.21144619656621444
2338	0.21144389382903334
2339	0.21144113895094813
2340	0.21143855292617814
2341	0.2114371557173437
2342	0.21143402807739653
2343	0.21143186007052092
2344	0.21142985442627055
2345	0.21142740021140813
2346	0.21142279178642287
2347	0.211420858134563
2348	0.21141782572927134
2349	0.21141220487569465
2350	0.21140909746980918
2351	0.211404269397787
2352	0.21139786833481714
2353	0.21139659977932185
2354	0.21139309589799654
2355	0.21138695732656881
2356	0.21138335118333185
2357	0.21138265444589727
2358	0.21137949031530895
2359	0.2113760163553275
2360	0.21137264777372133
2361	0.21137035919870492
2362	0.21136615302862966
2363	0.21135932849317132
2364	0.21135689946721462
2365	0.21135552446361036
2366	0.21134945313421713
2367	0.21134249015965645
2368	0.21134238255483537
2369	0.2113388297515374
2370	0.21133060600220954
2371	0.2113258435558589
2372	0.21132267449723138
2373	0.2113175111130952
2374	0.2113128641912627
2375	0.2113105862716612
2376	0.2112983005794805
2377	0.21129381237635597
2378	0.21128807460951846
2379	0.21128791119939372
2380	0.21128236822445598
2381	0.2112792715753406
2382	0.21127733899359566
2383	0.2112711002694168
2384	0.21126642539442658
2385	0.2112602618096266
2386	0.21125963003677214
2387	0.2112585158692844
2388	0.21125686617026787
2389	0.2112523642384006
2390	0.21124626211240222
2391	0.2112459241909074
2392	0.2112423633160541
2393	0.21123517609168843
2394	0.21123148137012038
2395	0.21122794303091258
2396	0.21122737444572592
2397	0.21122721012253037
2398	0.21122596335230603
2399	0.21122540069580448
2400	0.21122351924951469
2401	0.2112221875164522
2402	0.21122074268616958
2403	0.21121958832523596
2404	0.21121864583034888
2405	0.2112172763401585
2406	0.21121638609407686
2407	0.2112150442913419
2408	0.2112132134633256
2409	0.21121225567215593
2410	0.21121058809840706
2411	0.21120926293855163
2412	0.21120855213685485
2413	0.21120715673673976
2414	0.21120460644804293
2415	0.21120287932358545
2416	0.21120216854042909
2417	0.21120182084581338
2418	0.2111987800742704
2419	0.21119788684159427
2420	0.21119654539433094
2421	0.21119458730840968
2422	0.2111932745873598
2423	0.21119169426483214
2424	0.21119019359564242
2425	0.21118882529956925
2426	0.21118789100935098
2427	0.2111870035001439
2428	0.21118601036786896
2429	0.21118355390942997
2430	0.21118173002699778
2431	0.21117885567440503
2432	0.2111767842128154
2433	0.21117576587057835
2434	0.21117229768028664
2435	0.21116855037550467
2436	0.21116554152658812
2437	0.2111604526506816
2438	0.21115766711693634
2439	0.21115204794143108
2440	0.21114496359995918
2441	0.2111431539378435
2442	0.21113696922580563
2443	0.21112787812653938
2444	0.21112251269338803
2445	0.21111437773448108
2446	0.21109658232033465
2447	0.2110878119230845
2448	0.2110761977093579
2449	0.21107271973031222
2450	0.2110624622865531
2451	0.2110463704805928
2452	0.21103108720816136
2453	0.21100561432344886
2454	0.21099575997425996
2455	0.2109711269077869
2456	0.21094203360732092
2457	0.21093197653192033
2458	0.21090635450857534
2459	0.21086516039394015
2460	0.2108308935292332
2461	0.2108103679680539
2462	0.21076069820651577
2463	0.21072486384221453
2464	0.21068015262167758
2465	0.21065957906240013
2466	0.2106001429444487
2467	0.21051520725631165
2468	0.21044088442477835
2469	0.21040091978817316
2470	0.21033281191853737
2471	0.21025650115046565
2472	0.21021062316764985
2473	0.21008729038917104
2474	0.21003168597092647
2475	0.20999124046379247
2476	0.2098817272471532
2477	0.2098397981469299
2478	0.20977258494576784
2479	0.20969652203102815
2480	0.2096647431197144
2481	0.20958796011279437
2482	0.20956648357633326
2483	0.2095161734225598
2484	0.2094662889503005
2485	0.2094028923596323
2486	0.20933512882602764
2487	0.2092599368314958
2488	0.20923640595486775
2489	0.20916781795064987
2490	0.20906121495566563
2491	0.20900047610826525
2492	0.20885731244768085
2493	0.2087817842016801
2494	0.2086431932648802
2495	0.2085170197164774
2496	0.2084457889677422
2497	0.20828194675258693
2498	0.20825778438168693
2499	0.2081715666963519
2500	0.2080899126611131
2501	0.2080179411621865
2502	0.20800903787308078
2503	0.20797288708683936
2504	0.2079714562599032
2505	0.20794879665124102
2506	0.2079279023647224
2507	0.20791055157397897
2508	0.20790064839969047
2509	0.20789988444647253
2510	0.2078958369671388
2511	0.20789304743014644
2512	0.20789032367989982
2513	0.20788829557096594
2514	0.20788333487085253
2515	0.20787937784515903
2516	0.2078785326879816
2517	0.20787823074487907
2518	0.20787659479339482
2519	0.20787070475689376
2520	0.20786945183998487
2521	0.20786593947851773
2522	0.20786074771770527
2523	0.20785996466023332
2524	0.20785575735840203
2525	0.20785377627757154
2526	0.20784961969671792
2527	0.20784924029904708
2528	0.20784770222634388
2529	0.207845925387448
2530	0.207845282992903
2531	0.2078428611861584
2532	0.20784076437790489
2533	0.20783796500184576
2534	0.20783675986685524
2535	0.2078331690911054
2536	0.20783089512630518
2537	0.20782809730158702
2538	0.20782573874996996
2539	0.20782422681151
2540	0.20782130800037954
2541	0.20781872480640062
2542	0.20781689800399938
2543	0.2078121385496853
2544	0.20780860691065356
2545	0.2078056852990341
2546	0.20780077266321267
2547	0.20779530880398386
2548	0.2077924247237482
2549	0.20778684809120737
2550	0.20778520869793177
2551	0.20778176574519597
2552	0.20777432907329338
2553	0.20776455343949216
2554	0.20776241548699786
2555	0.20775611174014463
2556	0.207754483274692
2557	0.20775202613341362
2558	0.20774209459686857
2559	0.20773592187614637
2560	0.20773069092083177
2561	0.20772789804053365
2562	0.20772153870088594
2563	0.20771785323508887
2564	0.2077110506459747
2565	0.20770718307822156
2566	0.2077032590630764
2567	0.20769936676046183
2568	0.20769627195331203
2569	0.20769574575258773
2570	0.2076929412893462
2571	0.20768780884717417
2572	0.20768297465971208
2573	0.20767605612028775
2574	0.20767229116686148
2575	0.2076716422658785
2576	0.2076694287860797
2577	0.2076645790170442
2578	0.2076576699309402
2579	0.20764878950582846
2580	0.20764137799708024
2581	0.20763262625056747
2582	0.20762424396588938
2583	0.20761319227572045
2584	0.207602382058779
2585	0.2075770874035454
2586	0.20756821739825
2587	0.2075556014873203
2588	0.20754974316806424
2589	0.20754357994021025
2590	0.20752819719596213
2591	0.2075127382607208
2592	0.20750766991523573
2593	0.20750341914456236
2594	0.2074991411314505
2595	0.20749627944737037
2596	0.20749470194495698
2597	0.20748915503875007
2598	0.2074884166029464
2599	0.20748631818648847
2600	0.20748441795282868
2601	0.20748420525206626
2602	0.20748133548023942
2603	0.20748042391815905
2604	0.20747888346056817
2605	0.20747780205021665
2606	0.20747589436704106
2607	0.20747538505228574
2608	0.2074746453171134
2609	0.20747350281540203
2610	0.2074727278415284
2611	0.20747240406415138
2612	0.20747154567680565
2613	0.20747097702971615
2614	0.20747032359012169
2615	0.20746885485439523
2616	0.20746743436638593
2617	0.20746612158187225
2618	0.20746330078406122
2619	0.20746223995380664
2620	0.20746082284228973
2621	0.20745917075529208
2622	0.20745758920806637
2623	0.20745651577358792
2624	0.2074525651177617
2625	0.2074503546656792
2626	0.20744676039999094
2627	0.20744538976929705
2628	0.2074417813245452
2629	0.20743865099119468
2630	0.20743272023867937
2631	0.20742941126796208
2632	0.20742544603127963
2633	0.2074216708982339
2634	0.20741771659222835
2635	0.20741097805327124
2636	0.20740533006723608
2637	0.2074022984880631
2638	0.2073951143239623
2639	0.20738554226536396
2640	0.20738035387916198
2641	0.20737918470620234
2642	0.20737141169142667
2643	0.2073637716631989
2644	0.2073515353107804
2645	0.20734047679203518
2646	0.2073278563454336
2647	0.2073135187683039
2648	0.207298391303478
2649	0.20728017166904664
2650	0.20726137265198996
2651	0.20725183007241502
2652	0.20724280676730647
2653	0.20722596578496616
2654	0.2072133038153659
2655	0.20721105130778614
2656	0.20718988035562197
2657	0.20715982709408762
2658	0.207139136825839
2659	0.20712890333732595
2660	0.20711629685644992
2661	0.20709481080997397
2662	0.20706528233920268
2663	0.20706008281961197
2664	0.2070446858236575
2665	0.2070245418793836
2666	0.20701968226225495
2667	0.2070003686387187
2668	0.2069754027926988
2669	0.20696332182368915
2670	0.2069556412924829
2671	0.20694023053230134
2672	0.20692817711659206
2673	0.20692067144082008
2674	0.20691296086800598
2675	0.20690485335732176
2676	0.20690015918677024
2677	0.20689246885551507
2678	0.20687942818792882
2679	0.2068696956985323
2680	0.2068616464177308
2681	0.20685503329658772
2682	0.20685058435795856
2683	0.20684529767333107
2684	0.20682848643261936
2685	0.2068125141541263
2686	0.2068036818243253
2687	0.20679485532525038
2688	0.2067796759613715
2689	0.2067701852380385
2690	0.2067527274504873
2691	0.20674434040943387
2692	0.20671989251032194
2693	0.20670252344606901
2694	0.20668493247320902
2695	0.20667397090738707
2696	0.20665974943724133
2697	0.20664150392042935
2698	0.20662004191892136
2699	0.2065976179327014
2700	0.2065878410549644
2701	0.20657306078300466
2702	0.20656463576587247
2703	0.20656036652583254
2704	0.2065294247426803
2705	0.20650502589890737
2706	0.2064884457342989
2707	0.20648657892604605
2708	0.20646829276582548
2709	0.20645068358145727
2710	0.20643097055952897
2711	0.206424190237568
2712	0.20640633412228895
2713	0.20640487480835076
2714	0.206402841853327
2715	0.20639974873522726
2716	0.20639597073990318
2717	0.20639402351681957
2718	0.2063847710640233
2719	0.2063833653102127
2720	0.20638119787430886
2721	0.20637587298652182
2722	0.20637170549962608
2723	0.20636458800693636
2724	0.20636387322377855
2725	0.2063564279991752
2726	0.2063556857416039
2727	0.20634625672110601
2728	0.20634380418112755
2729	0.20633830883473847
2730	0.20633404724946433
2731	0.20633044664953387
2732	0.2063287733211612
2733	0.2063227905748474
2734	0.20632003161161422
2735	0.2063173687893646
2736	0.20631632778783376
2737	0.20631415896421076
2738	0.20631216843087732
2739	0.20631048271094005
2740	0.20630926358215246
2741	0.20630782681502868
2742	0.20630477794826393
2743	0.20630362925506784
2744	0.20629966005052644
2745	0.20629443028312758
2746	0.20629358343536452
2747	0.20628934053959527
2748	0.20628709911963924
2749	0.20628239303773116
2750	0.20627829893932806
2751	0.20627081938380545
2752	0.2062669293970957
2753	0.20626445995742484
2754	0.20625451221704189
2755	0.20624629543382458
2756	0.20624066670175242
2757	0.2062338020373543
2758	0.20622051375638747
2759	0.20621131002204507
2760	0.20619418023666852
2761	0.20618565072401612
2762	0.20617666464611345
2763	0.2061604424680946
2764	0.2061478732781679
2765	0.20613958323218093
2766	0.20611931770125344
2767	0.2061146294692297
2768	0.2061067864944213
2769	0.20609471691782283
2770	0.20608590305430677
2771	0.20607638386937294
2772	0.20607022132260597
2773	0.2060574005555266
2774	0.20604571330590385
2775	0.2060428380903891
2776	0.20603373345689166
2777	0.20602616376898608
2778	0.20601397565921306
2779	0.20600324198629696
2780	0.2060031100293533
2781	0.20600109045707007
2782	0.20600023221465988
2783	0.2059823973216211
2784	0.20597702743184954
2785	0.20596966702122027
2786	0.205969527751175
2787	0.20594398359820584
2788	0.20593818284995272
2789	0.20591501497394457
2790	0.20591368430146098
2791	0.20588708423512023
2792	0.20588604702519572
2793	0.2058662315334331
2794	0.2058359907250252
2795	0.20581262430048838
2796	0.20581238431597645
2797	0.20580917368100518
2798	0.20580404055596585
2799	0.2057581842127781
2800	0.2057523476020059
2801	0.20572311676044455
2802	0.2056882965946399
2803	0.2056523167389876
2804	0.20564941345538645
2805	0.2056319304211511
2806	0.2056048114159717
2807	0.2055678305606173
2808	0.20552333230575304
2809	0.20547965985497849
2810	0.20541976375319596
2811	0.20533478763628618
2812	0.20532803258031576
2813	0.20531967407751062
2814	0.20521562376530328
2815	0.20516347812787808
2816	0.2049592425179901
2817	0.20495114156174837
2818	0.2048617817437795
2819	0.20472502277823762
2820	0.2046265005623151
2821	0.204592505858234
2822	0.20436992355478018
2823	0.20406121514260314
2824	0.203979078504593
2825	0.2038162718218264
2826	0.20375036251668918
2827	0.2033660607721736
2828	0.20322727919588726
2829	0.20301135440538
2830	0.20282126658444558
2831	0.20254222137066918
2832	0.2023679643404687
2833	0.20218808980702702
2834	0.20183787417546728
2835	0.20140172720031918
2836	0.20130569297682943
2837	0.20108677136814077
2838	0.20088927499923565
2839	0.20085989651252573
2840	0.20085527780942267
2841	0.20084804441651177
2842	0.2008346916017687
2843	0.20083332936483042
2844	0.2008302990275261
2845	0.2008165383861003
2846	0.20080217100728204
2847	0.20079517387782664
2848	0.20078948493526536
2849	0.20078835287536514
2850	0.20078121371668536
2851	0.20076168012146686
2852	0.20075814441966022
2853	0.20074479111914256
2854	0.20072752533360252
2855	0.20071048285369728
2856	0.20070628667177565
2857	0.20068837961048525
2858	0.2006645341704976
2859	0.2006593309085316
2860	0.20064680455414324
2861	0.20063310931072212
2862	0.20062569094389776
2863	0.20062148148685993
2864	0.2006190273109145
2865	0.20061049702196126
2866	0.20060675715043438
2867	0.20059891199313168
2868	0.20059084116406734
2869	0.20058548416997496
2870	0.2005813992135022
2871	0.20057381133494442
2872	0.20056680856005463
2873	0.20056258608974364
2874	0.20055612431350198
2875	0.20054252786518803
2876	0.20053498781703946
2877	0.20052761878101605
2878	0.20051811552702273
2879	0.20051026542123437
2880	0.2004898801759345
2881	0.20048427196567667
2882	0.2004818863684483
2883	0.200475816359023
2884	0.20047197310303533
2885	0.2004368358067063
2886	0.20040818190613177
2887	0.2003866006647436
2888	0.20037343787493755
2889	0.20035175714485798
2890	0.20032981151781898
2891	0.20029371976032173
2892	0.20027400690542643
2893	0.20023423176036656
2894	0.2002227141216196
2895	0.20019414116353584
2896	0.20017981126824536
2897	0.20017262222042168
2898	0.200160135792105
2899	0.2001236750891561
2900	0.20011287654438006
2901	0.20010148495754893
2902	0.20008977409031542
2903	0.20007118922557543
2904	0.2000637358898349
2905	0.20006158581808148
2906	0.20005919327876012
2907	0.20005491240330456
2908	0.2000535691569519
2909	0.20004901742861525
2910	0.20004849152851076
2911	0.20004506866550537
2912	0.20004113077513844
2913	0.20003818068711646
2914	0.20003760814623484
2915	0.2000325526403731
2916	0.20003022059014058
2917	0.20002426294198808
2918	0.2000221796460354
2919	0.20001968264044764
2920	0.20001716275114695
2921	0.20001499792142496
2922	0.20001462560343192
2923	0.20001319364580336
2924	0.20001209660969246
2925	0.20000943633651794
2926	0.2000076736672985
2927	0.20000719774216844
2928	0.2000055476498138
2929	0.20000246147185932
2930	0.1999982236656858
2931	0.1999929864503586
2932	0.19999228753068185
2933	0.19998722866503443
2934	0.1999819341645866
2935	0.19997814527334157
2936	0.1999748423897282
2937	0.19996724395976825
2938	0.19996501097478897
2939	0.19995874782308806
2940	0.1999562570236436
2941	0.19994582428600527
2942	0.19993916230188916
2943	0.19992436743848874
2944	0.19991725037574115
2945	0.19990226947269954
2946	0.19988991277178852
2947	0.19987559175053088
2948	0.19986469570068296
2949	0.19985939079294307
2950	0.19984181324173378
2951	0.199827242969723
2952	0.19981012904987044
2953	0.19978182816990245
2954	0.1997566598121509
2955	0.19974484938246037
2956	0.19973841127655517
2957	0.19970342307247815
2958	0.19969915506143496
2959	0.19967357538212513
2960	0.19961725253346377
2961	0.199588559741466
2962	0.19957601831904997
2963	0.19956683753173532
2964	0.19951482267635684
2965	0.19946692742492747
2966	0.19943992259173804
2967	0.199397599131889
2968	0.19933548173299132
2969	0.19926748209760856
2970	0.19924418051938844
2971	0.19912448401198488
2972	0.1990766784383297
2973	0.19887932348519324
2974	0.19884296141244326
2975	0.19884284728743007
2976	0.1986055904809302
2977	0.19851695651096582
2978	0.198417662811154
2979	0.19830504785392583
2980	0.19824308159376197
2981	0.1980776004996903
2982	0.19787036728443455
2983	0.1978487616716898
2984	0.1978185810788148
2985	0.19778605211706363
2986	0.19777438781873266
2987	0.19776027321833317
2988	0.19774432506551415
2989	0.19772400886686045
2990	0.19771894330844422
2991	0.19770799755212146
2992	0.19770268237579997
2993	0.19769442875501408
2994	0.1976862835971641
2995	0.1976851988842105
2996	0.1976848659368033
2997	0.19768367794995803
2998	0.1976832792104241
2999	0.19768300422169766
3000	0.19768216914883122
