1	3.405640316922522E8
2	2.5855296447455636E8
3	2.155077005925412E8
4	1.6261350318011835E8
5	1.3084166335431238E8
6	1.0884066619008392E8
7	7.277914095600055E7
8	6.174277608442701E7
9	5.668220305635297E7
10	4.4697174882794246E7
11	3.516945782986787E7
12	2.983562549331156E7
13	2.5395758766119312E7
14	2.210959686552773E7
15	1.8099805452081975E7
16	1.3272815692210214E7
17	1.032214450039201E7
18	8399546.833917413
19	7465554.171490586
20	6378182.214952365
21	4389192.6071790205
22	3080783.2842132077
23	2562551.1460418575
24	2132019.992162231
25	1708104.4332942008
26	1304160.8884634613
27	1061190.2559710687
28	878067.6077717316
29	759472.2788770178
30	558186.0975353655
31	482940.34295218677
32	340421.29793080915
33	227791.78459162003
34	214937.34254815077
35	153005.43342556656
36	71428.02743979717
37	52934.075030409425
38	43480.51802487169
39	36258.8388488836
40	22943.712534129947
41	22544.7832571745
42	15664.700930439813
43	12181.36558392682
44	7031.315214666424
45	5461.70034977169
46	4191.618653610595
47	1851.7929623249336
48	1184.3575846774659
49	1034.1133869979192
50	789.0796172694004
51	761.826376962506
52	477.8946002911983
53	235.4485083715064
54	167.16246741377188
55	92.42646235206935
56	54.57395386234103
57	53.32527150270356
58	44.034331047960315
59	23.554790331447734
60	22.165287712280524
61	21.111470719814573
62	20.071955866497625
63	18.702062148017287
64	17.959493864997278
65	17.005626786251312
66	16.444722644279754
67	16.162825228218896
68	15.0783652575382
69	14.322976640560315
70	13.793686715749498
71	13.17014988966727
72	12.452823943842962
73	11.678037378345893
74	11.266148181456764
75	10.918585728677057
76	10.415018013856159
77	10.230738478176802
78	9.755008052778349
79	9.230193488061705
80	8.945942589625107
81	8.385458349723711
82	8.06711151551816
83	7.744951881046928
84	7.533402944976699
85	7.204533781945959
86	7.064424497812
87	6.966088876616623
88	6.687167548534328
89	6.4459447754990595
90	6.2760527980387035
91	6.163768415024317
92	5.936350641290686
93	5.739911138682632
94	5.656280501079049
95	5.495044308345404
96	5.1907376477376435
97	5.069269396594017
98	4.9113236889854015
99	4.777129339922779
100	4.630283925942964
101	4.4584463903845775
102	4.302529209827191
103	4.1776546080459935
104	4.001087027212639
105	3.9453479452470503
106	3.8276394402804224
107	3.737867747425695
108	3.5652372256600207
109	3.492806146259342
110	3.378508101943719
111	3.2485518050060054
112	3.0386350647835685
113	2.9793287850157983
114	2.9128580385635887
115	2.8563863527823674
116	2.7900694280590423
117	2.7344042061079943
118	2.6135040424555944
119	2.4838890495522525
120	2.4220159693658805
121	2.3056410073866074
122	2.2030750895065037
123	2.1414953813065885
124	2.0595570054327523
125	2.0211402492100072
126	1.9994020804813253
127	1.969351134515665
128	1.91520077090627
129	1.8361460034995496
130	1.7621197407639833
131	1.6775303038875642
132	1.6581535332802106
133	1.6085118246381116
134	1.577238083561317
135	1.5164847687932383
136	1.4482755765407584
137	1.4040272591587455
138	1.3542407468392887
139	1.3187150262970053
140	1.279690529178037
141	1.1947393791684853
142	1.1931430392101992
143	1.186312658923098
144	1.1495299703817432
145	1.129082835070568
146	1.1226269125078232
147	1.082979658062844
148	1.0296413372778703
149	0.9871758794590639
150	0.9635725802404569
151	0.9402561059461314
152	0.9180017707020842
153	0.8736811568609159
154	0.8419802825403219
155	0.8126263708104339
156	0.7942460032655717
157	0.7772747735502704
158	0.7614542579150352
159	0.7382897885730269
160	0.709223049391451
161	0.6992856338118268
162	0.6788032248767629
163	0.6408013028834619
164	0.6284340675226084
165	0.6230250803672639
166	0.6127630936356622
167	0.5882444021507137
168	0.5633505353907943
169	0.5554655144706422
170	0.5454882907492459
171	0.5296214360146493
172	0.5215283810431884
173	0.5120269606433828
174	0.5047049326956886
175	0.49061749126698906
176	0.4805749072896577
177	0.45855448493979617
178	0.4443866329873247
179	0.43390373340300936
180	0.430056193998982
181	0.4174919761998183
182	0.4111480027579057
183	0.39388150495302554
184	0.3820744764944313
185	0.3737752947850193
186	0.3590648520541328
187	0.34172406451355675
188	0.3307592054889283
189	0.3260820317466065
190	0.3164682381791019
191	0.31048561946316605
192	0.3002665191466693
193	0.29664933343609623
194	0.28997463319816547
195	0.2867584212306571
196	0.285709761655861
197	0.2774903875547393
198	0.2688405228409836
199	0.2645232518980515
200	0.261411590012411
201	0.25645974577149827
202	0.24529043246950633
203	0.24254431806035165
204	0.23691846337164646
205	0.22565951607441478
206	0.22235360086203335
207	0.2175253511680575
208	0.21364154685404602
209	0.2107460181602244
210	0.2067544470185914
211	0.20492068684523776
212	0.19971123362777063
213	0.1937801328362224
214	0.18903065706459365
215	0.1864309898303199
216	0.17972768096229821
217	0.175564744227441
218	0.1705303040143119
219	0.16638366533050622
220	0.16342901340695823
221	0.16034549274390617
222	0.15561166356307868
223	0.14492499133059233
224	0.13996804958764777
225	0.13590366907523255
226	0.13221288948995477
227	0.13001097619023214
228	0.12833225678524146
229	0.1234146616728054
230	0.12083411717152641
231	0.11705271690635793
232	0.1145966818414214
233	0.11264360333700288
234	0.10670330824480487
235	0.10363154683501968
236	0.1001944024787618
237	0.09819565092032496
238	0.09606352254050128
239	0.09266536066192135
240	0.08948774326473057
241	0.08847752907582346
242	0.08747289712162461
243	0.0864075807192402
244	0.08404951684048544
245	0.08010863716667371
246	0.07860322466195459
247	0.07647213456132333
248	0.07466180146229266
249	0.07387390315570437
250	0.07307733613115014
251	0.06819344973519947
252	0.06677015004711669
253	0.06546204538257747
254	0.06526682014306726
255	0.06351370814778942
256	0.062417110132340956
257	0.06138607452254101
258	0.06041341662803205
259	0.0590218312365516
260	0.05727494289382668
261	0.056611956728049084
262	0.055352707127251016
263	0.05371732278327025
264	0.05338998500735328
265	0.052105740914657146
266	0.05186794848418814
267	0.051169204487890044
268	0.049200030670014085
269	0.04809399382643172
270	0.047276671024884157
271	0.04657126992617857
272	0.04569178733376477
273	0.04479595325346211
274	0.04407418895284625
275	0.043004846722830385
276	0.041955566639930345
277	0.04135652289548685
278	0.04039647336297447
279	0.03965168617518574
280	0.039114082774742036
281	0.03839080451269468
282	0.0373964234551511
283	0.03698573212762676
284	0.036699423448176595
285	0.03582905163583097
286	0.03506006068026569
287	0.034326345038755535
288	0.03387940949991134
289	0.03336176964476849
290	0.03290781146344451
291	0.03250224949009836
292	0.031899261230452496
293	0.03166133190934194
294	0.031462801926084694
295	0.030989066691446396
296	0.030619453820555118
297	0.030337549690647267
298	0.029756407390786287
299	0.029373233192435292
300	0.028976422939930184
301	0.028602538801822775
302	0.027753361460448225
303	0.027519891444100452
304	0.027165496953321787
305	0.026897585623112934
306	0.026396667224094488
307	0.026181201987623026
308	0.025643262776757887
309	0.02528927459609406
310	0.02469950746101193
311	0.024411545237314394
312	0.02409694228705693
313	0.023889744691128114
314	0.02366577010579972
315	0.023128246515368052
316	0.022921801713763672
317	0.02263836265467264
318	0.022467924844715704
319	0.022014654720624447
320	0.02087660749705679
321	0.020183047996853335
322	0.019661534217934415
323	0.019385994320907363
324	0.018240709290661062
325	0.017446231579895728
326	0.01696148396404468
327	0.01666390692337712
328	0.016505962530917167
329	0.016063088945009595
330	0.015877353923578547
331	0.015528890597242386
332	0.015429529661214931
333	0.015091521273523591
334	0.014746188889534568
335	0.014657441052339902
336	0.014375948242728524
337	0.0140620062499978
338	0.013952213313055677
339	0.013550060627889483
340	0.01332275118864092
341	0.013062869681967139
342	0.012729843778696844
343	0.012382439120099183
344	0.01218234703962882
345	0.011810778404026724
346	0.011734946540605584
347	0.011650556985889238
348	0.011527732607447853
349	0.011467619513088159
350	0.011295069379897023
351	0.011123070884210716
352	0.01094983817777292
353	0.010605523800897824
354	0.010300712726874781
355	0.010041502336213794
356	0.009816595741214658
357	0.00929822993831488
358	0.00921495541626696
359	0.008771503769322378
360	0.008336063524378408
361	0.007961616364424185
362	0.007592542039217153
363	0.007468680983591088
364	0.007380001599031166
365	0.007210187718926534
366	0.006828497578374005
367	0.006640299992384505
368	0.006541051561947934
369	0.006417953968063586
370	0.006296295304062185
371	0.006091262169930619
372	0.006037728410636291
373	0.005990810011184766
374	0.005889916386057281
375	0.005822524668119946
376	0.005771531819806045
377	0.005704108786246561
378	0.005661180588278061
379	0.00553614928679911
380	0.005280163910057229
381	0.005255071194049881
382	0.005216768910860956
383	0.005165823292877195
384	0.004984937853230483
385	0.0049363408635988565
386	0.004840190418815782
387	0.004715452538626841
388	0.004662540943284878
389	0.004560617866212127
390	0.004517844997278762
391	0.004410837583024882
392	0.004350820928791586
393	0.004220624233545941
394	0.004079775192317569
395	0.003989930380199121
396	0.003909442140786106
397	0.0038349861684471307
398	0.003792827537941321
399	0.0037254154907760276
400	0.0036997860178685188
401	0.003531683743819809
402	0.003506215759562974
403	0.003482720562741098
404	0.003316514409187778
405	0.0032976920345986088
406	0.0032579526086573495
407	0.003134852232554213
408	0.0031167967056041175
409	0.0031002597994865496
410	0.0030806716027926384
411	0.0030247111758262214
412	0.002948642578447175
413	0.0029281145479709203
414	0.002917941979429487
415	0.002887912162840861
416	0.0028697325107410656
417	0.002807984207666794
418	0.0027749703396480517
419	0.0027439762305093993
420	0.0027257537326639573
421	0.002707037797284736
422	0.0026911498978304358
423	0.002668797399719149
424	0.002650062341902141
425	0.0026363691525762537
426	0.002617708116327801
427	0.0025992305895778034
428	0.0025810447709103943
429	0.0025688947934096183
430	0.0025599034897282936
431	0.0025488019128703343
432	0.0025335818488269085
433	0.0025117508737807857
434	0.002493446970201085
435	0.0024814905721523913
436	0.0024695391190196264
437	0.0024565510930046027
438	0.002452649794085742
439	0.002442891691305495
440	0.0024371846644699754
441	0.0024211095847103768
442	0.0024092977042569448
443	0.0023950214145813543
444	0.002386040641704561
445	0.0023791693499703027
446	0.0023663351760881525
447	0.002357125225901949
448	0.0023404077796019152
449	0.002324481594560865
450	0.002312459165018109
451	0.0022997656211598268
452	0.0022884127281194455
453	0.002277643525414796
454	0.002272716684345442
455	0.002268366537862945
456	0.0022616038802947573
457	0.0022421292254005865
458	0.002231033355737177
459	0.0022223483585783904
460	0.002212467928663471
461	0.0021982290160577366
462	0.0021915724022692506
463	0.002185920465268403
464	0.0021768367222040727
465	0.002168417594229388
466	0.002159387567706638
467	0.002153280074688318
468	0.002145763112264711
469	0.002135881328709811
470	0.00213106977841983
471	0.0021192047779381535
472	0.0021107758659423205
473	0.0021041738441482357
474	0.0020976222300325927
475	0.002089490742006789
476	0.0020854763450411083
477	0.0020777098502709813
478	0.0020676056358229448
479	0.0020597033344264136
480	0.0020557416562264745
481	0.0020457316146567602
482	0.0020365866160654026
483	0.0020321554960207214
484	0.0020224520365228404
485	0.002016705212900314
486	0.0020117328438395855
487	0.002005284543442036
488	0.0019999047601101734
489	0.00199756428167704
490	0.0019891489390660246
491	0.0019855111278038115
492	0.0019807651822012244
493	0.0019759761277259266
494	0.001970980731874393
495	0.0019675553662052278
496	0.0019581658388339064
497	0.0019539145742371545
498	0.001946737468538986
499	0.0019426863200480197
500	0.0019345242431529454
501	0.0019298347204966928
502	0.0019191162636054166
503	0.0019152449035404534
504	0.0019102515159568156
505	0.0019017167867251123
506	0.0018987942942093891
507	0.001895409463681061
508	0.001892481712014877
509	0.0018885499946782625
510	0.0018804972479869353
511	0.0018752119404391234
512	0.0018718186885568154
513	0.001867671765791428
514	0.0018574606891606953
515	0.0018473157109376976
516	0.0018439348803394888
517	0.0018416377716482181
518	0.001837837757538389
519	0.0018325836782686529
520	0.0018277204549119364
521	0.0018186358714532688
522	0.0018160461364357698
523	0.001808715396023115
524	0.0018055270934013762
525	0.0018007771513012956
526	0.0017914257622137265
527	0.0017816927439076144
528	0.00177584372118242
529	0.0017723264879880264
530	0.0017646035564081145
531	0.0017568395883508653
532	0.0017505876548760564
533	0.0017433878053526772
534	0.0017355850283771656
535	0.0017319185093587074
536	0.0017269872859578517
537	0.0017143820691216721
538	0.0017005364236238974
539	0.0016902875893398887
540	0.0016758762058475005
541	0.0016695647588387816
542	0.0016635975490603215
543	0.0016566939250302897
544	0.0016513302375220057
545	0.0016480200627554318
546	0.0016402120535919918
547	0.0016293634823154857
548	0.0016211875173186357
549	0.001611817729411922
550	0.0015943450663980392
551	0.0015895705347216454
552	0.0015759134427944248
553	0.0015740052625679338
554	0.0015618089159001155
555	0.0015539412958549593
556	0.0015496995030236827
557	0.0015418803608775052
558	0.0015354952975578375
559	0.001527148403718589
560	0.0015212167332998752
561	0.001511103496740779
562	0.001508028286085076
563	0.0015027740999229249
564	0.0014997841529575822
565	0.0014974004203488105
566	0.0014854963662275205
567	0.0014817107284048024
568	0.0014756127770602612
569	0.0014728083636557823
570	0.0014713304720835791
571	0.0014649675770221078
572	0.001460149389914091
573	0.0014571315950654472
574	0.001452709298383256
575	0.001449757912418711
576	0.0014465785537502822
577	0.0014423105686013084
578	0.0014400140315944672
579	0.0014362822135889177
580	0.0014355280104033595
581	0.0014319705206339826
582	0.0014300345893510354
583	0.001427280561988194
584	0.0014230172372644142
585	0.0014183947739676553
586	0.001417089469865782
587	0.0014134469466120748
588	0.0014109911156040213
589	0.0014086825174716878
590	0.0014060226288523509
591	0.001403423537903545
592	0.0014004351616456756
593	0.001398467969628863
594	0.0013954288315074256
595	0.0013913206616299669
596	0.0013892211844202646
597	0.001386382478444299
598	0.001383569124774125
599	0.0013815998811680518
600	0.001379700198618577
601	0.0013771372729833315
602	0.0013763346557228821
603	0.001373529813764121
604	0.0013703243115299518
605	0.0013677188431826211
606	0.0013658517029024194
607	0.0013624582338486145
608	0.0013612623529559126
609	0.0013599532591748154
610	0.0013586579767950588
611	0.0013561308778652131
612	0.0013539345184779299
613	0.001351336538593195
614	0.0013493776134655586
615	0.0013470064078868497
616	0.0013452915997886439
617	0.0013431140959624468
618	0.0013414825449847834
619	0.0013386763320756372
620	0.0013352268023087582
621	0.001333796624051787
622	0.0013322118266089228
623	0.0013301138602578482
624	0.0013286478336106667
625	0.0013259325980908758
626	0.0013231179729129498
627	0.001320726418680854
628	0.0013183185581575414
629	0.0013152758260313842
630	0.001312627382546429
631	0.0013088860648232776
632	0.0013047634617156549
633	0.0013034791694635538
634	0.0013019588532300521
635	0.001299075082787582
636	0.001295192507156657
637	0.0012914499532745334
638	0.0012876954532014058
639	0.0012829282754423198
640	0.0012795531092968852
641	0.0012755934796726681
642	0.0012705802979204703
643	0.001268494386379124
644	0.0012653408029385212
645	0.00126134353284683
646	0.0012575801979922438
647	0.0012515311466170785
648	0.0012457323583709573
649	0.0012437842624173127
650	0.0012410543787546044
651	0.0012383954037991217
652	0.0012319978731443223
653	0.0012257442917114332
654	0.0012203128740206548
655	0.0012169232450668509
656	0.001207873008253718
657	0.0012011478706005431
658	0.0011969488870479529
659	0.0011869070454087957
660	0.0011849243304713805
661	0.0011828577658349502
662	0.0011798866881050497
663	0.0011773677543047165
664	0.0011741144779183646
665	0.0011719196029869676
666	0.0011693757644749081
667	0.001166293028097095
668	0.0011635124150747823
669	0.0011613160467223958
670	0.001159659754217937
671	0.0011555852152734603
672	0.0011533929492115304
673	0.0011493494488238293
674	0.001146495859262514
675	0.0011437591850105532
676	0.001138118697945495
677	0.0011364744194612719
678	0.0011339281549996713
679	0.001133145516156395
680	0.0011285394977505686
681	0.00112597289376328
682	0.0011234367208660721
683	0.001120184247534508
684	0.0011152218893928517
685	0.0011129207099843366
686	0.0011111571501409394
687	0.0011084264518274327
688	0.0011059538027190202
689	0.0011027910774422376
690	0.0011007006746974809
691	0.0010978899868116186
692	0.0010945544025239033
693	0.0010907586350728034
694	0.001087411994784652
695	0.001082779764850376
696	0.0010799991806842552
697	0.0010787929360508428
698	0.0010771545967758962
699	0.0010724108022675464
700	0.0010668528815320673
701	0.001063392876983274
702	0.0010567215816727144
703	0.0010558211693840775
704	0.0010528136274779768
705	0.0010513598509900406
706	0.0010506991618613867
707	0.0010439120226015878
708	0.0010389766066599307
709	0.0010370000123537252
710	0.0010292919340717049
711	0.0010242511130396158
712	0.0010211247230163469
713	0.0010185769280762328
714	0.001011469334842261
715	0.0010062894206496805
716	0.0010006066655009577
717	9.98957074187834E-4
718	9.927017849418124E-4
719	9.868482039040705E-4
720	9.813392263403266E-4
721	9.761016320063444E-4
722	9.64854492546668E-4
723	9.61043990584E-4
724	9.505246387225876E-4
725	9.423097378006298E-4
726	9.390909905552017E-4
727	9.307773749457755E-4
728	9.162297497680427E-4
729	9.113124968248149E-4
730	9.065510675113555E-4
731	8.938183005159697E-4
732	8.914325626723188E-4
733	8.881608603413727E-4
734	8.776736427517737E-4
735	8.757083364048728E-4
736	8.738785167828835E-4
737	8.734607002738235E-4
738	8.720847716892549E-4
739	8.712395288435379E-4
740	8.703327341247202E-4
741	8.691205131735185E-4
742	8.683795900136678E-4
743	8.678194339883231E-4
744	8.671881211848243E-4
745	8.6631614637299E-4
746	8.659267246504169E-4
747	8.651426140706726E-4
748	8.644984728804698E-4
749	8.639963504487018E-4
750	8.633869396728384E-4
751	8.626925770254841E-4
752	8.621171800867691E-4
753	8.615131258664296E-4
754	8.609733208839518E-4
755	8.607357036146689E-4
756	8.596163310833736E-4
757	8.589394364829511E-4
758	8.585185900346505E-4
759	8.577988049043618E-4
760	8.570815343090672E-4
761	8.565580156109038E-4
762	8.557833732351589E-4
763	8.551970423855144E-4
764	8.543711590380267E-4
765	8.533873537604596E-4
766	8.520128906977959E-4
767	8.514862662653595E-4
768	8.508681626498832E-4
769	8.501312801775116E-4
770	8.491242938422236E-4
771	8.480405605267386E-4
772	8.468782618071598E-4
773	8.46076417491587E-4
774	8.452405740185658E-4
775	8.440304980009033E-4
776	8.423118049407195E-4
777	8.408957630779593E-4
778	8.401243667589463E-4
779	8.378688723773862E-4
780	8.367141981619933E-4
781	8.346619561081073E-4
782	8.330941847324267E-4
783	8.31379856731624E-4
784	8.298733899673916E-4
785	8.26967836698681E-4
786	8.254361717132942E-4
787	8.232472350131997E-4
788	8.218308814269698E-4
789	8.196366780038935E-4
790	8.167572030439878E-4
791	8.142096011472873E-4
792	8.127494654143941E-4
793	8.103610095143061E-4
794	8.07329806999886E-4
795	8.055735474475831E-4
796	8.036545768379128E-4
797	8.015825346934669E-4
798	7.993778335868089E-4
799	7.975412041310034E-4
800	7.950840190001763E-4
801	7.937683779385815E-4
802	7.92362585435776E-4
803	7.911132950406027E-4
804	7.89595883177317E-4
805	7.882145048043597E-4
806	7.868996251605048E-4
807	7.861576253017705E-4
808	7.852784182725913E-4
809	7.84272586504093E-4
810	7.833742532221417E-4
811	7.830582150810254E-4
812	7.82315289216906E-4
813	7.8140086943203E-4
814	7.805209572465447E-4
815	7.797405108924402E-4
816	7.79075720445378E-4
817	7.782089268884518E-4
818	7.772561321571799E-4
819	7.764075213660999E-4
820	7.759199332707113E-4
821	7.753219289534637E-4
822	7.74558441150189E-4
823	7.73588537670691E-4
824	7.724490918846253E-4
825	7.721632487100995E-4
826	7.707485850454526E-4
827	7.702399489266843E-4
828	7.696289226210045E-4
829	7.686312757478105E-4
830	7.676686849268678E-4
831	7.668023165834863E-4
832	7.655711948442479E-4
833	7.648492402546125E-4
834	7.638774417222931E-4
835	7.628677971710459E-4
836	7.609674542637731E-4
837	7.602056308285681E-4
838	7.596833890187997E-4
839	7.585899578916342E-4
840	7.570880251106496E-4
841	7.565142939092707E-4
842	7.553420310661622E-4
843	7.541704290531709E-4
844	7.531745147484122E-4
845	7.524559139827639E-4
846	7.518892008993981E-4
847	7.500323972239234E-4
848	7.495028778191278E-4
849	7.488425304481046E-4
850	7.482092587085856E-4
851	7.466711861726168E-4
852	7.456770117782017E-4
853	7.443990917470545E-4
854	7.437219335412584E-4
855	7.416466855343876E-4
856	7.398250097816109E-4
857	7.389157064197887E-4
858	7.366526478069236E-4
859	7.357639786819229E-4
860	7.345369915476227E-4
861	7.331413956834676E-4
862	7.31957397961127E-4
863	7.31113824811699E-4
864	7.301367305243725E-4
865	7.293843870190611E-4
866	7.287814555664562E-4
867	7.275176973781295E-4
868	7.269815651238237E-4
869	7.263051598930965E-4
870	7.254364415608649E-4
871	7.247686018724554E-4
872	7.239833255215971E-4
873	7.233724206054534E-4
874	7.226701936075016E-4
875	7.220294704729479E-4
876	7.213705307445103E-4
877	7.207805276151401E-4
878	7.203375595356656E-4
879	7.19413981823462E-4
880	7.182695989699754E-4
881	7.176216721268521E-4
882	7.171799063535271E-4
883	7.16147055744522E-4
884	7.153912744105299E-4
885	7.14562851759054E-4
886	7.141201886341464E-4
887	7.136051728384144E-4
888	7.1214402298393E-4
889	7.116060275453295E-4
890	7.105449533645527E-4
891	7.099083967259903E-4
892	7.084919707585609E-4
893	7.068977740988419E-4
894	7.060117349128608E-4
895	7.041847242789934E-4
896	7.028371020709921E-4
897	7.014132213024007E-4
898	6.993001414300539E-4
899	6.96369902278474E-4
900	6.94884187010282E-4
901	6.935897068641977E-4
902	6.920300239073406E-4
903	6.899234759735042E-4
904	6.886107466084651E-4
905	6.869493850514194E-4
906	6.855173089715062E-4
907	6.843502082179447E-4
908	6.82795922324863E-4
909	6.807620082116444E-4
910	6.794848994422149E-4
911	6.778499452147951E-4
912	6.769549999140779E-4
913	6.752292022102181E-4
914	6.738186403773474E-4
915	6.723360848623514E-4
916	6.708759989135771E-4
917	6.693083780753208E-4
918	6.683579505053833E-4
919	6.678847908658507E-4
920	6.666981230568953E-4
921	6.660485536755421E-4
922	6.655738437440125E-4
923	6.651325608136604E-4
924	6.643999089974349E-4
925	6.639295832830828E-4
926	6.634301265225518E-4
927	6.629622628183991E-4
928	6.62556461876164E-4
929	6.620625280470269E-4
930	6.618012861427605E-4
931	6.613934198718865E-4
932	6.610209254662615E-4
933	6.606069266680473E-4
934	6.601890070154976E-4
935	6.598165904169047E-4
936	6.594506924916585E-4
937	6.591313738934934E-4
938	6.585573300000065E-4
939	6.579689501414191E-4
940	6.574531968461455E-4
941	6.567240004291764E-4
942	6.56206637992728E-4
943	6.55852663820472E-4
944	6.55127920105876E-4
945	6.546593592157237E-4
946	6.541659692242471E-4
947	6.538063799601725E-4
948	6.533999598459558E-4
949	6.531874184334264E-4
950	6.525577320856373E-4
951	6.515831540815965E-4
952	6.512903724286723E-4
953	6.506995771228487E-4
954	6.502187971712442E-4
955	6.49202013788015E-4
956	6.488466633130806E-4
957	6.480080375715708E-4
958	6.470147381368293E-4
959	6.464717145870158E-4
960	6.45243772308446E-4
961	6.447133387982762E-4
962	6.436332507487282E-4
963	6.428560488475427E-4
964	6.41745395038671E-4
965	6.407809078170549E-4
966	6.392933101691721E-4
967	6.381955231252146E-4
968	6.373769643434247E-4
969	6.355949162533671E-4
970	6.325808198774274E-4
971	6.322218839844E-4
972	6.298082900124405E-4
973	6.293561734505048E-4
974	6.283546599139887E-4
975	6.254994186323792E-4
976	6.243913410298792E-4
977	6.231755518358198E-4
978	6.219016400504818E-4
979	6.209655295776721E-4
980	6.204135955013342E-4
981	6.199480570259291E-4
982	6.193285293930141E-4
983	6.191047237406662E-4
984	6.187022014794839E-4
985	6.181759164681288E-4
986	6.178183823201959E-4
987	6.17619613982097E-4
988	6.173047848668029E-4
989	6.169379272582192E-4
990	6.166535854769446E-4
991	6.163565318598953E-4
992	6.159367598200326E-4
993	6.155552176060514E-4
994	6.153044658508429E-4
995	6.149377959680644E-4
996	6.145527701727705E-4
997	6.141734822649835E-4
998	6.13777264703085E-4
999	6.132927433186942E-4
1000	6.129148827071231E-4
1001	6.124166534401363E-4
1002	6.119184222694623E-4
1003	6.115828522670179E-4
1004	6.11164128558323E-4
1005	6.107618292545753E-4
1006	6.10460431758913E-4
1007	6.101437944993071E-4
1008	6.097826381136046E-4
1009	6.093746723848449E-4
1010	6.090977054061194E-4
1011	6.087134592547798E-4
1012	6.081584057190734E-4
1013	6.077955421464486E-4
1014	6.075602276730032E-4
1015	6.069373543520697E-4
1016	6.066594913957129E-4
1017	6.060001960118456E-4
1018	6.056000974918312E-4
1019	6.050271600319877E-4
1020	6.047632500193682E-4
1021	6.041723555294675E-4
1022	6.03687174195912E-4
1023	6.033867100462297E-4
1024	6.027388786445945E-4
1025	6.022356962113023E-4
1026	6.018582624365472E-4
1027	6.014346781344585E-4
1028	6.009634399856173E-4
1029	6.007442645296051E-4
1030	6.003495487277386E-4
1031	5.99952653002162E-4
1032	5.995565316531199E-4
1033	5.992024963581158E-4
1034	5.987788603408566E-4
1035	5.983340157543401E-4
1036	5.982132655011089E-4
1037	5.980234819412759E-4
1038	5.976534654505547E-4
1039	5.975484098717802E-4
1040	5.97241642512211E-4
1041	5.969707195633625E-4
1042	5.966019544895618E-4
1043	5.959759840140677E-4
1044	5.954880646745897E-4
1045	5.952119899162814E-4
1046	5.947441470487394E-4
1047	5.941456405870269E-4
1048	5.936948601075737E-4
1049	5.928801983277734E-4
1050	5.925655635379551E-4
1051	5.921893543308581E-4
1052	5.912968936772318E-4
1053	5.907058804817281E-4
1054	5.900948197031547E-4
1055	5.892970135860855E-4
1056	5.883894965725792E-4
1057	5.878263427796815E-4
1058	5.869131916893858E-4
1059	5.86399472428219E-4
1060	5.859128171297491E-4
1061	5.853613493056935E-4
1062	5.850803447348181E-4
1063	5.844675974135858E-4
1064	5.836100544597309E-4
1065	5.832197793592761E-4
1066	5.823559659149539E-4
1067	5.817105127263567E-4
1068	5.809227423743524E-4
1069	5.802925602869192E-4
1070	5.79488949815438E-4
1071	5.782377114203034E-4
1072	5.765191448101705E-4
1073	5.748694731296183E-4
1074	5.741875001917287E-4
1075	5.734045063488837E-4
1076	5.708730069628521E-4
1077	5.700693118864964E-4
1078	5.67674058220989E-4
1079	5.653748304609752E-4
1080	5.649111415364439E-4
1081	5.638246383826398E-4
1082	5.626102256333085E-4
1083	5.58308333602676E-4
1084	5.576523648932091E-4
1085	5.541816348007682E-4
1086	5.500170249056679E-4
1087	5.48396692897845E-4
1088	5.430457602281874E-4
1089	5.381161427856291E-4
1090	5.376204351456185E-4
1091	5.341051019312494E-4
1092	5.264997249720895E-4
1093	5.229747422009919E-4
1094	5.194262972692607E-4
1095	5.139806250544254E-4
1096	5.111276800527741E-4
1097	5.04396098998563E-4
1098	4.942863381682682E-4
1099	4.8749742413923294E-4
1100	4.8743373568287997E-4
1101	4.829386532285273E-4
1102	4.766237325962577E-4
1103	4.6565273545252857E-4
1104	4.6398152688603906E-4
1105	4.569266190553922E-4
1106	4.56141724913125E-4
1107	4.512229473524769E-4
1108	4.477807141508946E-4
1109	4.465344355928321E-4
1110	4.463352819953501E-4
1111	4.461497773529511E-4
1112	4.4601064750210846E-4
1113	4.458399297006107E-4
1114	4.457855810383887E-4
1115	4.4556251498657486E-4
1116	4.454159913708712E-4
1117	4.4509583828225986E-4
1118	4.4497812794033715E-4
1119	4.448057784868136E-4
1120	4.446890510304757E-4
1121	4.445126075388125E-4
1122	4.4432841497821815E-4
1123	4.4418242491869734E-4
1124	4.439921998799833E-4
1125	4.4388534941871964E-4
1126	4.437828818917789E-4
1127	4.436516819153289E-4
1128	4.435173474142408E-4
1129	4.4337867645310563E-4
1130	4.4324631891078255E-4
1131	4.4313700660340085E-4
1132	4.4296638644727196E-4
1133	4.428263454194596E-4
1134	4.4269813532458004E-4
1135	4.4258985301555946E-4
1136	4.4240128623968206E-4
1137	4.4226357555216884E-4
1138	4.420234342132373E-4
1139	4.419124326389801E-4
1140	4.4166261513528207E-4
1141	4.4149921161748594E-4
1142	4.4138059115078935E-4
1143	4.41245486858712E-4
1144	4.409963295099285E-4
1145	4.4073455883047845E-4
1146	4.406172198959336E-4
1147	4.4049517617959934E-4
1148	4.403702656318006E-4
1149	4.401969501737358E-4
1150	4.400800821341068E-4
1151	4.399479618166393E-4
1152	4.39780826879346E-4
1153	4.3958230678991687E-4
1154	4.3946683399548016E-4
1155	4.393184325269549E-4
1156	4.3925335745652636E-4
1157	4.389997112478003E-4
1158	4.387817399320384E-4
1159	4.386785625692969E-4
1160	4.385363696921902E-4
1161	4.3823557006768304E-4
1162	4.3813074960459124E-4
1163	4.380499902170312E-4
1164	4.3783831053663603E-4
1165	4.3776024437029465E-4
1166	4.3749717313471416E-4
1167	4.373113672051937E-4
1168	4.370199522146922E-4
1169	4.3690398784414187E-4
1170	4.3667093841730356E-4
1171	4.3642210072586016E-4
1172	4.361875655978234E-4
1173	4.358180581171801E-4
1174	4.353796163949047E-4
1175	4.3507430932123895E-4
1176	4.345012463231032E-4
1177	4.3414644500435867E-4
1178	4.3397259126330467E-4
1179	4.329628281692293E-4
1180	4.3277647804107255E-4
1181	4.324971875170074E-4
1182	4.321008580627245E-4
1183	4.314999099043621E-4
1184	4.3129304747076296E-4
1185	4.3087656661707575E-4
1186	4.301029933332966E-4
1187	4.2960398400806825E-4
1188	4.292370375059275E-4
1189	4.284906173457281E-4
1190	4.275806284479899E-4
1191	4.2672776916466594E-4
1192	4.2644648037170083E-4
1193	4.2546139993061697E-4
1194	4.247239007030236E-4
1195	4.238096624532745E-4
1196	4.227540291267453E-4
1197	4.2165816660281764E-4
1198	4.2073764387221837E-4
1199	4.194895896943211E-4
1200	4.175203753166704E-4
1201	4.164947481113801E-4
1202	4.1490586545095165E-4
1203	4.1349658111876553E-4
1204	4.117973818985729E-4
1205	4.084633800698325E-4
1206	4.0373444795401746E-4
1207	4.0324727725613946E-4
1208	3.988544871651416E-4
1209	3.9139915804943493E-4
1210	3.898549855024175E-4
1211	3.891974501134127E-4
1212	3.8190131505619546E-4
1213	3.762362231987943E-4
1214	3.664550808391865E-4
1215	3.633499403330293E-4
1216	3.582973143433142E-4
1217	3.5377146891393753E-4
1218	3.485449794563142E-4
1219	3.455370441463685E-4
1220	3.436106526048836E-4
1221	3.358506624477819E-4
1222	3.247064248307541E-4
1223	3.140253488037927E-4
1224	3.134385223134552E-4
1225	2.994023364122704E-4
1226	2.871808950176505E-4
1227	2.8372697162833734E-4
1228	2.741908503349551E-4
1229	2.6670793753050286E-4
1230	2.5894107556963285E-4
1231	2.5197457705332957E-4
1232	2.485305058734538E-4
1233	2.4827489640152244E-4
1234	2.4449827540960094E-4
1235	2.4409318646638993E-4
1236	2.4377540535598923E-4
1237	2.4353507127898935E-4
1238	2.4334450657025563E-4
1239	2.4315558565217622E-4
1240	2.427435158123348E-4
1241	2.4255654896540444E-4
1242	2.4229946681721815E-4
1243	2.4204951777220704E-4
1244	2.4177977746795096E-4
1245	2.4126147627338888E-4
1246	2.410448682317815E-4
1247	2.4071758591954755E-4
1248	2.4035118594554846E-4
1249	2.3994200343831857E-4
1250	2.3959313356294507E-4
1251	2.39128332500262E-4
1252	2.3865058212008624E-4
1253	2.382589539167561E-4
1254	2.374881038232619E-4
1255	2.3692223066595398E-4
1256	2.3653120045894206E-4
1257	2.3614493133325797E-4
1258	2.3556700122615275E-4
1259	2.3467571451808643E-4
1260	2.340844011124998E-4
1261	2.3317204807434943E-4
1262	2.3257502248762526E-4
1263	2.3211163147599377E-4
1264	2.3106881073519135E-4
1265	2.3039636020050057E-4
1266	2.2941964040445442E-4
1267	2.2919422048220357E-4
1268	2.2806344203809577E-4
1269	2.274598343445486E-4
1270	2.2590607200695593E-4
1271	2.255840995557682E-4
1272	2.2517691496311935E-4
1273	2.2412197636484615E-4
1274	2.228806116106797E-4
1275	2.2222601193847672E-4
1276	2.2156298005961223E-4
1277	2.2027625855497538E-4
1278	2.1947330403049967E-4
1279	2.1939048332777944E-4
1280	2.1846649041600065E-4
1281	2.176831513220383E-4
1282	2.1692388572262125E-4
1283	2.1658143194123113E-4
1284	2.1542677547352782E-4
1285	2.1482693908003535E-4
1286	2.1344890582435688E-4
1287	2.1324159982276828E-4
1288	2.1285968627197726E-4
1289	2.1158308158633534E-4
1290	2.1100190717220261E-4
1291	2.104138716459325E-4
1292	2.1016295568373656E-4
1293	2.0959942905874788E-4
1294	2.0941974846896632E-4
1295	2.0912356058641753E-4
1296	2.0901859841674603E-4
1297	2.087544265535763E-4
1298	2.0859494932252653E-4
1299	2.083804555899684E-4
1300	2.0822742998132565E-4
1301	2.0800428109465924E-4
1302	2.0780521872447216E-4
1303	2.0769243785588714E-4
1304	2.074553360887651E-4
1305	2.0709914942780783E-4
1306	2.0681206982807335E-4
1307	2.064021756612079E-4
1308	2.061370498528822E-4
1309	2.0585070220129688E-4
1310	2.0564868402059983E-4
1311	2.0536574584314633E-4
1312	2.0507012219635792E-4
1313	2.0484453399201814E-4
1314	2.0469768698357663E-4
1315	2.0409839245160861E-4
1316	2.0388469329635968E-4
1317	2.0342327040762448E-4
1318	2.0319821372845673E-4
1319	2.0284668978522106E-4
1320	2.0271265414307518E-4
1321	2.0233643599046471E-4
1322	2.0214651749757593E-4
1323	2.018978852674571E-4
1324	2.017147907144029E-4
1325	2.0148992907740893E-4
1326	2.012382878056794E-4
1327	2.0096501264992215E-4
1328	2.0076328203532501E-4
1329	2.0060662501947664E-4
1330	2.001456614524321E-4
1331	1.998727853800998E-4
1332	1.9956725121797312E-4
1333	1.9926049740448548E-4
1334	1.9894959912369694E-4
1335	1.9836331124354546E-4
1336	1.9801118270975932E-4
1337	1.976073855790837E-4
1338	1.9731383178584272E-4
1339	1.9685353607467294E-4
1340	1.9635146190002484E-4
1341	1.9623103880407467E-4
1342	1.9552175056122178E-4
1343	1.953535690442383E-4
1344	1.9478911405490558E-4
1345	1.9466721330168042E-4
1346	1.94503632600186E-4
1347	1.9406525565139238E-4
1348	1.9357420039372778E-4
1349	1.9331931407877274E-4
1350	1.9265342892101021E-4
1351	1.9246765993998898E-4
1352	1.9185371388528443E-4
1353	1.9116190867779403E-4
1354	1.9085232236014342E-4
1355	1.9051829767234284E-4
1356	1.8973019838036976E-4
1357	1.889831143794059E-4
1358	1.8852563671958067E-4
1359	1.8797402550753636E-4
1360	1.872323371766689E-4
1361	1.8674477828047617E-4
1362	1.8611177400830301E-4
1363	1.8555550288704966E-4
1364	1.8486158110487362E-4
1365	1.8410408648398557E-4
1366	1.8361612814701172E-4
1367	1.8295261969040604E-4
1368	1.817273077222837E-4
1369	1.8118734801260544E-4
1370	1.79902447401653E-4
1371	1.7950573223681602E-4
1372	1.778351149657083E-4
1373	1.7618428053967967E-4
1374	1.7496215242396356E-4
1375	1.737674041783821E-4
1376	1.7220509263675185E-4
1377	1.7141620740432386E-4
1378	1.6921649244726987E-4
1379	1.686974332250229E-4
1380	1.6779628935152332E-4
1381	1.6689054398642982E-4
1382	1.6573520518221735E-4
1383	1.6463745294013435E-4
1384	1.6313460645700446E-4
1385	1.6299761304006284E-4
1386	1.609912973609285E-4
1387	1.6065928605608987E-4
1388	1.6006843513951174E-4
1389	1.5948171491390246E-4
1390	1.5921316150350394E-4
1391	1.5879284677117176E-4
1392	1.5873451047471168E-4
1393	1.583848650220692E-4
1394	1.5828721234105407E-4
1395	1.581816087435709E-4
1396	1.5810160655220168E-4
1397	1.5793543155242379E-4
1398	1.5786711351630092E-4
1399	1.577563423693581E-4
1400	1.5761555111331888E-4
1401	1.5751400633927485E-4
1402	1.573999335356908E-4
1403	1.5725079308639034E-4
1404	1.570835862773815E-4
1405	1.5700430478322863E-4
1406	1.5682589488375507E-4
1407	1.566680428048967E-4
1408	1.5645975851899375E-4
1409	1.5632239086754265E-4
1410	1.56093064034806E-4
1411	1.5579705826520286E-4
1412	1.557209768778503E-4
1413	1.556353298269135E-4
1414	1.553937533567709E-4
1415	1.552479606737769E-4
1416	1.5489629107780313E-4
1417	1.548309581270034E-4
1418	1.5470288703948578E-4
1419	1.5455091559492306E-4
1420	1.5437925784343463E-4
1421	1.541139105198813E-4
1422	1.5395329770015296E-4
1423	1.5383471012651986E-4
1424	1.5373163005652247E-4
1425	1.5365118941657393E-4
1426	1.535346744583314E-4
1427	1.5335094820929338E-4
1428	1.5325639560462257E-4
1429	1.5321362118915092E-4
1430	1.5305409168466056E-4
1431	1.5296885618817745E-4
1432	1.527911434138438E-4
1433	1.5269072297406075E-4
1434	1.5257798850955078E-4
1435	1.5234161136332638E-4
1436	1.5211873180430015E-4
1437	1.518294818481248E-4
1438	1.517785292704871E-4
1439	1.5141920023645605E-4
1440	1.5111521988152998E-4
1441	1.509913843415884E-4
1442	1.5076897844280932E-4
1443	1.5025944621676227E-4
1444	1.5012399904050638E-4
1445	1.4978116114539882E-4
1446	1.4937318806844792E-4
1447	1.4910129396347458E-4
1448	1.489509462932608E-4
1449	1.485418576905597E-4
1450	1.4847217531403157E-4
1451	1.4823793287658944E-4
1452	1.4814649573653265E-4
1453	1.478847592411971E-4
1454	1.477785693575694E-4
1455	1.4760625377141414E-4
1456	1.4749804808474187E-4
1457	1.4734459648826326E-4
1458	1.4715141093266898E-4
1459	1.469907038227484E-4
1460	1.468045898311622E-4
1461	1.4667025400533286E-4
1462	1.4656382156597603E-4
1463	1.4644821178372657E-4
1464	1.463383688677574E-4
1465	1.46265028814355E-4
1466	1.461996465730829E-4
1467	1.4606899731537938E-4
1468	1.459768766757365E-4
1469	1.4594584634776604E-4
1470	1.4581454613657265E-4
1471	1.457869528761715E-4
1472	1.4570344396833249E-4
1473	1.4552927988466458E-4
1474	1.454668960087791E-4
1475	1.4529515039605359E-4
1476	1.4515303066632942E-4
1477	1.4499259229484488E-4
1478	1.44846689052601E-4
1479	1.4469942393599244E-4
1480	1.4453233837549156E-4
1481	1.4446236638945446E-4
1482	1.4436612976793717E-4
1483	1.4418768169373252E-4
1484	1.4411579684529897E-4
1485	1.4388150785508999E-4
1486	1.4372927590958952E-4
1487	1.436714882163112E-4
1488	1.4350199205824237E-4
1489	1.4332571390205715E-4
1490	1.431876113561966E-4
1491	1.4316397945158348E-4
1492	1.430713745868214E-4
1493	1.4301349805326193E-4
1494	1.4298861196988452E-4
1495	1.4294946152219664E-4
1496	1.4291459677689036E-4
1497	1.4285310449961382E-4
1498	1.4281432311504704E-4
1499	1.4276779906630918E-4
1500	1.4272426777675454E-4
1501	1.4270717068185258E-4
1502	1.4265402584094628E-4
1503	1.4258786136937674E-4
1504	1.4253123514337235E-4
1505	1.4248973209802146E-4
1506	1.4245155133050806E-4
1507	1.423612908710824E-4
1508	1.423232492015931E-4
1509	1.4221353560464663E-4
1510	1.421613793171741E-4
1511	1.4206626117518978E-4
1512	1.4196704261469728E-4
1513	1.419476932329936E-4
1514	1.4181329777849692E-4
1515	1.4171938757036304E-4
1516	1.4163405326024934E-4
1517	1.415401147448424E-4
1518	1.414035712716725E-4
1519	1.4133624027740316E-4
1520	1.412390068859585E-4
1521	1.412114675249102E-4
1522	1.4107698240419238E-4
1523	1.4089466071069083E-4
1524	1.4083901392401005E-4
1525	1.4070551702513408E-4
1526	1.406272759251114E-4
1527	1.4039081205837698E-4
1528	1.4016730722791522E-4
1529	1.3999922802502375E-4
1530	1.397774517768086E-4
1531	1.3965737629367385E-4
1532	1.3941764803661503E-4
1533	1.392259042527938E-4
1534	1.3907934426979506E-4
1535	1.3895800834954925E-4
1536	1.3873068399871568E-4
1537	1.3864043482538353E-4
1538	1.384998370114159E-4
1539	1.3843565339093157E-4
1540	1.3836161682345227E-4
1541	1.38262273039161E-4
1542	1.3814359383006804E-4
1543	1.3807668767877956E-4
1544	1.3799615604667071E-4
1545	1.3788464030386108E-4
1546	1.377920191338762E-4
1547	1.377000375866149E-4
1548	1.3764031329226788E-4
1549	1.3759767208993535E-4
1550	1.3750774875793948E-4
1551	1.374371887644348E-4
1552	1.3737710418639456E-4
1553	1.372865863653494E-4
1554	1.3724229871284264E-4
1555	1.3716125742707609E-4
1556	1.370321258725628E-4
1557	1.3697075326099325E-4
1558	1.3690168444219287E-4
1559	1.3682968260515725E-4
1560	1.367465618741127E-4
1561	1.3664803420889227E-4
1562	1.365569536848393E-4
1563	1.3649999572723238E-4
1564	1.3646244361239642E-4
1565	1.3638624637192943E-4
1566	1.363410652798176E-4
1567	1.3628516145456208E-4
1568	1.3623906715026112E-4
1569	1.3620915534132022E-4
1570	1.3618718351151123E-4
1571	1.361579824546799E-4
1572	1.361373297339254E-4
1573	1.3612936683964972E-4
1574	1.3611327723923864E-4
1575	1.3609217533229153E-4
1576	1.3603646850182398E-4
1577	1.360262218888082E-4
1578	1.360119370988172E-4
1579	1.3599817095549487E-4
1580	1.35949861493703E-4
1581	1.3589394933149392E-4
1582	1.3587518901540962E-4
1583	1.358510132675065E-4
1584	1.3580487531086115E-4
1585	1.3578028720470837E-4
1586	1.3572657029691567E-4
1587	1.3565937885432614E-4
1588	1.3564569400949058E-4
1589	1.3560494677325303E-4
1590	1.355894393366529E-4
1591	1.3556355462437434E-4
1592	1.355332685348704E-4
1593	1.3552370604213954E-4
1594	1.3551173606116823E-4
1595	1.354934959820442E-4
1596	1.354774072718923E-4
1597	1.354654952011742E-4
1598	1.354518683651363E-4
1599	1.3543474339158205E-4
1600	1.354144598415099E-4
1601	1.3540496099807758E-4
1602	1.3538776995139886E-4
1603	1.353761760249609E-4
1604	1.353597847152278E-4
1605	1.353359593017476E-4
1606	1.353294200285012E-4
1607	1.3531044772754604E-4
1608	1.352987662861591E-4
1609	1.3528375150230677E-4
1610	1.352662353529658E-4
1611	1.3525304690542383E-4
1612	1.3523586749272394E-4
1613	1.3520982925475838E-4
1614	1.351929858065136E-4
1615	1.35183639316362E-4
1616	1.3516980681295155E-4
1617	1.3515943613016482E-4
1618	1.3514849842582636E-4
1619	1.3513823352134251E-4
1620	1.351263477152234E-4
1621	1.3511428598095458E-4
1622	1.3509771224747474E-4
1623	1.3509112068142424E-4
1624	1.3507752109794682E-4
1625	1.3506264872361E-4
1626	1.3504438099390742E-4
1627	1.350283367690465E-4
1628	1.350142047296579E-4
1629	1.3500063681491165E-4
1630	1.3498496270907226E-4
1631	1.3496816849899347E-4
1632	1.3494426195524795E-4
1633	1.349235447614411E-4
1634	1.3489430608164924E-4
1635	1.3487339482887048E-4
1636	1.3484454726705886E-4
1637	1.348278686617614E-4
1638	1.3480193459171005E-4
1639	1.3476573565924114E-4
1640	1.3471836156678065E-4
1641	1.3468636530021035E-4
1642	1.346093709708474E-4
1643	1.345724011375317E-4
1644	1.3452767566447823E-4
1645	1.3448144751453654E-4
1646	1.3439979738358432E-4
1647	1.343507617367081E-4
1648	1.3429926117806151E-4
1649	1.3423076520226754E-4
1650	1.3415904408306805E-4
1651	1.3411158406091684E-4
1652	1.3405030127032635E-4
1653	1.3394572811220378E-4
1654	1.339182433985638E-4
1655	1.3379662155370793E-4
1656	1.3373536225200897E-4
1657	1.3359689799345318E-4
1658	1.3345586901465596E-4
1659	1.3336199629107446E-4
1660	1.3317536073174254E-4
1661	1.329715591469018E-4
1662	1.328449450985245E-4
1663	1.3273895708326307E-4
1664	1.3257759498545296E-4
1665	1.3239918017864284E-4
1666	1.3229131914286053E-4
1667	1.3213470976747988E-4
1668	1.3196478008361789E-4
1669	1.3185623099655385E-4
1670	1.3177402917759673E-4
1671	1.3166474216869424E-4
1672	1.3156128169253877E-4
1673	1.3146572664035383E-4
1674	1.313569323360744E-4
1675	1.3120050553866504E-4
1676	1.311202639636626E-4
1677	1.3099797348562712E-4
1678	1.309521545330721E-4
1679	1.3090767816223493E-4
1680	1.3085179378509283E-4
1681	1.307954675575355E-4
1682	1.307504531359864E-4
1683	1.306580442581604E-4
1684	1.3060830652266318E-4
1685	1.305520225764473E-4
1686	1.3048332473466123E-4
1687	1.304698982182683E-4
1688	1.3037639526861105E-4
1689	1.3026185739742487E-4
1690	1.3020738604075592E-4
1691	1.3006241602175943E-4
1692	1.2999601650290555E-4
1693	1.2995289039133924E-4
1694	1.2983693586258592E-4
1695	1.2979415481216544E-4
1696	1.2972308028852655E-4
1697	1.2970143479054157E-4
1698	1.2966988531894894E-4
1699	1.2960419582303117E-4
1700	1.2955858902048E-4
1701	1.2954102080279858E-4
1702	1.2951174482256432E-4
1703	1.2948342310732493E-4
1704	1.2947295139670629E-4
1705	1.2943148563661315E-4
1706	1.2940919432087117E-4
1707	1.2938344060632855E-4
1708	1.2936363198378734E-4
1709	1.2933841774228125E-4
1710	1.2931336180707574E-4
1711	1.2930021391821439E-4
1712	1.2927598656571515E-4
1713	1.2925930100132147E-4
1714	1.2922747342455375E-4
1715	1.2920599448244707E-4
1716	1.2919116170642897E-4
1717	1.2916028769333914E-4
1718	1.2913901546223602E-4
1719	1.2911138758767816E-4
1720	1.2907850031088956E-4
1721	1.2903742555393907E-4
1722	1.2899707972123075E-4
1723	1.2893686380949435E-4
1724	1.2890576701302887E-4
1725	1.288501688246298E-4
1726	1.287511986110355E-4
1727	1.2870227444366963E-4
1728	1.2862442638593414E-4
1729	1.2852403124232273E-4
1730	1.2845919116405256E-4
1731	1.283517915379144E-4
1732	1.2829295183916043E-4
1733	1.281511501992193E-4
1734	1.2810392708779297E-4
1735	1.2800093781864167E-4
1736	1.2789636535831368E-4
1737	1.2782933151720167E-4
1738	1.2766563010819788E-4
1739	1.2758031168131205E-4
1740	1.274208678783405E-4
1741	1.2729084335521068E-4
1742	1.2720764882612431E-4
1743	1.269361925792812E-4
1744	1.2681133245393572E-4
1745	1.2670300104520614E-4
1746	1.2665069730224534E-4
1747	1.2647402790496388E-4
1748	1.2639836292970585E-4
1749	1.261520308519932E-4
1750	1.2595857873278805E-4
1751	1.2571461189008577E-4
1752	1.2556707129714135E-4
1753	1.2522656528896457E-4
1754	1.252104085749462E-4
1755	1.2486309075942665E-4
1756	1.247987517583149E-4
1757	1.247443505964226E-4
1758	1.2453806368219365E-4
1759	1.2414320599260948E-4
1760	1.2393856627249746E-4
1761	1.2387279524495032E-4
1762	1.2384704091608224E-4
1763	1.2368517602322898E-4
1764	1.2364453912229394E-4
1765	1.2363070257598603E-4
1766	1.2361109917597012E-4
1767	1.2358399482864237E-4
1768	1.2356935655296743E-4
1769	1.2354255801506032E-4
1770	1.2352143718806743E-4
1771	1.2351032578398834E-4
1772	1.234903779354792E-4
1773	1.2346355681788627E-4
1774	1.2345111600838056E-4
1775	1.2344040788921765E-4
1776	1.2342687824500303E-4
1777	1.2340959696977244E-4
1778	1.2338909557474805E-4
1779	1.233699807379842E-4
1780	1.2334466081803287E-4
1781	1.2332408104204768E-4
1782	1.2330368633792422E-4
1783	1.2329185097989428E-4
1784	1.2326140683948509E-4
1785	1.2323694854589E-4
1786	1.232161200952267E-4
1787	1.2319144218069075E-4
1788	1.231726539917374E-4
1789	1.2315171591113143E-4
1790	1.2314220015441856E-4
1791	1.2311836193148716E-4
1792	1.2311465647624187E-4
1793	1.230749348980747E-4
1794	1.2305948814212973E-4
1795	1.2303273800372673E-4
1796	1.2301463606647546E-4
1797	1.2298059643528402E-4
1798	1.2295101124922193E-4
1799	1.229044420085286E-4
1800	1.2285899992249747E-4
1801	1.228495884653198E-4
1802	1.228002605872863E-4
1803	1.227273321904419E-4
1804	1.2265558344024414E-4
1805	1.2259266775635437E-4
1806	1.2256061613365117E-4
1807	1.2249017043134767E-4
1808	1.2236401200910616E-4
1809	1.2228386401774165E-4
1810	1.2225202807444416E-4
1811	1.221891680743958E-4
1812	1.2206635982975403E-4
1813	1.2199535565240373E-4
1814	1.2192144686652032E-4
1815	1.2185853746381492E-4
1816	1.217951144730963E-4
1817	1.2168859646076758E-4
1818	1.2155322909133589E-4
1819	1.2149374511922371E-4
1820	1.2143519141264363E-4
1821	1.213487941584925E-4
1822	1.2127018152317924E-4
1823	1.2121358337559015E-4
1824	1.2115195186540286E-4
1825	1.2108211774258596E-4
1826	1.210187683451721E-4
1827	1.2087094217742817E-4
1828	1.2076355669183759E-4
1829	1.206717105280146E-4
1830	1.205082582947633E-4
1831	1.2036563152747427E-4
1832	1.202297307124332E-4
1833	1.1997659901042589E-4
1834	1.1964417493631787E-4
1835	1.1951934103171619E-4
1836	1.1933041596324822E-4
1837	1.1907974028209752E-4
1838	1.1890520113954713E-4
1839	1.1872345922606281E-4
1840	1.1850381909666879E-4
1841	1.1819843076118106E-4
1842	1.1786911280539323E-4
1843	1.1759075425712371E-4
1844	1.1701953262523993E-4
1845	1.1642907179173551E-4
1846	1.1632106618520642E-4
1847	1.1582293510417303E-4
1848	1.1531985384630232E-4
1849	1.150221921433434E-4
1850	1.144835538778468E-4
1851	1.1425908674632272E-4
1852	1.1366167033345771E-4
1853	1.130522324812665E-4
1854	1.12381655665354E-4
1855	1.1192403763116585E-4
1856	1.1157110194760791E-4
1857	1.1113082112558228E-4
1858	1.1079069248965034E-4
1859	1.105619953632611E-4
1860	1.1039557953343897E-4
1861	1.0971615465645753E-4
1862	1.0907682004117998E-4
1863	1.0839796341501308E-4
1864	1.0795237955142168E-4
1865	1.0761892280475709E-4
1866	1.0744412293045742E-4
1867	1.0661733236661791E-4
1868	1.0593677193213584E-4
1869	1.0573291206707102E-4
1870	1.0501795925168636E-4
1871	1.0499043988869793E-4
1872	1.044861360124588E-4
1873	1.0360691102490669E-4
1874	1.0299678864734167E-4
1875	1.0297414734545349E-4
1876	1.0269613728957837E-4
1877	1.0194698171725984E-4
1878	1.0144736459667523E-4
1879	1.0064541381549337E-4
1880	1.0062573274366092E-4
1881	1.0048740717143273E-4
1882	1.003607952203595E-4
1883	1.0033432286421902E-4
1884	1.002847074407531E-4
1885	1.0025626840258463E-4
1886	1.0016373870319224E-4
1887	1.0013265454210538E-4
1888	1.0006132760274226E-4
1889	1.0004743314550209E-4
1890	9.999157039580372E-5
1891	9.998018183955271E-5
1892	9.996643314779046E-5
1893	9.991821613866339E-5
1894	9.989300314031589E-5
1895	9.98600582498588E-5
1896	9.98306522472842E-5
1897	9.980717326956573E-5
1898	9.978225073106619E-5
1899	9.973855131714686E-5
1900	9.970691535006334E-5
1901	9.967196489931013E-5
1902	9.964787104060315E-5
1903	9.96144606821303E-5
1904	9.958682364824897E-5
1905	9.952652625979714E-5
1906	9.949445626735969E-5
1907	9.939592225263072E-5
1908	9.938194629100267E-5
1909	9.935073790458204E-5
1910	9.928853120098083E-5
1911	9.922679973304045E-5
1912	9.91595816694802E-5
1913	9.912211366187344E-5
1914	9.906772679442375E-5
1915	9.896234330031947E-5
1916	9.887168413793438E-5
1917	9.87398867163275E-5
1918	9.870379368996262E-5
1919	9.861391907712472E-5
1920	9.856501961642375E-5
1921	9.841492854954923E-5
1922	9.836098737106928E-5
1923	9.83002315350311E-5
1924	9.825791511589958E-5
1925	9.820625930714524E-5
1926	9.817883199976355E-5
1927	9.812103268935078E-5
1928	9.808101484549553E-5
1929	9.805357739026597E-5
1930	9.797488352063725E-5
1931	9.794539509494314E-5
1932	9.793411160166717E-5
1933	9.789398570128154E-5
1934	9.780960641419976E-5
1935	9.773466398611629E-5
1936	9.769001107606186E-5
1937	9.762340637433705E-5
1938	9.754021724626975E-5
1939	9.748475389453479E-5
1940	9.738427450617814E-5
1941	9.725276061713152E-5
1942	9.717594635616635E-5
1943	9.698824297803877E-5
1944	9.672327880287898E-5
1945	9.668181802982239E-5
1946	9.651615698283325E-5
1947	9.62524457011282E-5
1948	9.608699572518896E-5
1949	9.606467404580411E-5
1950	9.579884881435537E-5
1951	9.545251781836941E-5
1952	9.516385705122609E-5
1953	9.471692061259067E-5
1954	9.44742236231031E-5
1955	9.404672984922664E-5
1956	9.39068535860427E-5
1957	9.3385021254272E-5
1958	9.272198524888044E-5
1959	9.242740602103884E-5
1960	9.190933255864775E-5
1961	9.179828896658856E-5
1962	9.155527980081289E-5
1963	9.103785505988074E-5
1964	9.030964317946724E-5
1965	8.989217896342504E-5
1966	8.98894049790204E-5
1967	8.910701476512025E-5
1968	8.827801018943598E-5
1969	8.806701174608809E-5
1970	8.749427906327524E-5
1971	8.729892197987191E-5
1972	8.726017677596144E-5
1973	8.697151676440615E-5
1974	8.646391986464634E-5
1975	8.479314785548107E-5
1976	8.417791576259948E-5
1977	8.416325395384821E-5
1978	8.376972597358904E-5
1979	8.312028551815013E-5
1980	8.285474844998263E-5
1981	8.158517828101121E-5
1982	8.05591458562686E-5
1983	7.888267167750919E-5
1984	7.864049565778967E-5
1985	7.732398403384134E-5
1986	7.683412139463271E-5
1987	7.637955997422256E-5
1988	7.501724973938425E-5
1989	7.48115886755705E-5
1990	7.474776430939464E-5
1991	7.466548263571006E-5
1992	7.458128784698668E-5
1993	7.452792556039056E-5
1994	7.444912140925108E-5
1995	7.441435459382058E-5
1996	7.435483858017023E-5
1997	7.429119842567098E-5
1998	7.423955749844688E-5
1999	7.420882330578404E-5
2000	7.415218601375708E-5
2001	7.412538244006642E-5
2002	7.40864625984595E-5
2003	7.405862708804622E-5
2004	7.404603235544454E-5
2005	7.39959720816308E-5
2006	7.39631646947791E-5
2007	7.391373227180021E-5
2008	7.390668923921345E-5
2009	7.385902938403696E-5
2010	7.382076341024566E-5
2011	7.376513456274914E-5
2012	7.372689913682029E-5
2013	7.369602187103425E-5
2014	7.364883182143542E-5
2015	7.360167017592267E-5
2016	7.35339348491279E-5
2017	7.349222046243563E-5
2018	7.344109389485744E-5
2019	7.340235306249398E-5
2020	7.339051431023358E-5
2021	7.333914517442411E-5
2022	7.330212983556009E-5
2023	7.323200357109853E-5
2024	7.3194039136076E-5
2025	7.314073409923109E-5
2026	7.311810414905318E-5
2027	7.306136416538454E-5
2028	7.300470609230521E-5
2029	7.296307501263995E-5
2030	7.28821161398356E-5
2031	7.284863884959709E-5
2032	7.28175374364169E-5
2033	7.279394601134053E-5
2034	7.269582503607057E-5
2035	7.265467540023671E-5
2036	7.262229858005735E-5
2037	7.256824882881504E-5
2038	7.254202005269171E-5
2039	7.25088418715921E-5
2040	7.247755841490133E-5
2041	7.245511971720713E-5
2042	7.243155674249386E-5
2043	7.241721812688038E-5
2044	7.237891452445824E-5
2045	7.235079415672547E-5
2046	7.233506939307393E-5
2047	7.227282086278031E-5
2048	7.225321789430983E-5
2049	7.221080247861785E-5
2050	7.219150887908824E-5
2051	7.216868974112297E-5
2052	7.211826773819658E-5
2053	7.207266316821569E-5
2054	7.203922415308217E-5
2055	7.199894158646242E-5
2056	7.197209063575017E-5
2057	7.191847147280875E-5
2058	7.189288406315779E-5
2059	7.185417557258579E-5
2060	7.183126135763498E-5
2061	7.180773349355212E-5
2062	7.178732906111886E-5
2063	7.175077023362364E-5
2064	7.170886997585312E-5
2065	7.166831487618617E-5
2066	7.164717613951107E-5
2067	7.164319466326506E-5
2068	7.158731985571097E-5
2069	7.152387229190646E-5
2070	7.15097418819483E-5
2071	7.142907571487886E-5
2072	7.139736503798726E-5
2073	7.138067363937766E-5
2074	7.131358107153963E-5
2075	7.126199009876446E-5
2076	7.12214852836417E-5
2077	7.119777620080318E-5
2078	7.113641236867828E-5
2079	7.109798853301091E-5
2080	7.105178677465321E-5
2081	7.098325985915846E-5
2082	7.098285929762075E-5
2083	7.09162334862419E-5
2084	7.086165188454271E-5
2085	7.078949679792615E-5
2086	7.072271842637279E-5
2087	7.067598985620048E-5
2088	7.0600806214539E-5
2089	7.050502101604705E-5
2090	7.037442796214031E-5
2091	7.037272819102919E-5
2092	7.030904400996027E-5
2093	7.026333929121229E-5
2094	7.021234954656751E-5
2095	7.020991953670476E-5
2096	7.01756544510245E-5
2097	7.011719591769264E-5
2098	7.010143139311406E-5
2099	7.009881792683141E-5
2100	7.009656760089398E-5
2101	7.009351149537039E-5
2102	7.009223584901287E-5
2103	7.009120824393387E-5
2104	7.008863961099982E-5
2105	7.008599347214868E-5
2106	7.008364884839236E-5
2107	7.008308073595315E-5
2108	7.00774858232003E-5
2109	7.007511058256423E-5
2110	7.007094779981655E-5
2111	7.006979419441063E-5
2112	7.006427104202963E-5
2113	7.00629118198625E-5
2114	7.005561583964145E-5
2115	7.005152028523425E-5
2116	7.004638118316657E-5
2117	7.003838716462747E-5
2118	7.003582923320756E-5
2119	7.002708550597438E-5
2120	7.002425165258982E-5
2121	7.001257664122904E-5
2122	7.00006376696289E-5
2123	6.999829737852438E-5
2124	6.998713916446178E-5
2125	6.997811553374724E-5
2126	6.996363161600442E-5
2127	6.99579863059334E-5
2128	6.993383974911647E-5
2129	6.991523722351339E-5
2130	6.991153783934408E-5
2131	6.989745853918469E-5
2132	6.987215971217519E-5
2133	6.984725109495541E-5
2134	6.984214176436523E-5
2135	6.978604931056034E-5
2136	6.975020814925256E-5
2137	6.971391479726779E-5
2138	6.969502648482417E-5
2139	6.968349881830569E-5
2140	6.967436426496008E-5
2141	6.963121920084504E-5
2142	6.961966330283578E-5
2143	6.959038283040365E-5
2144	6.958223764356924E-5
2145	6.955935779313118E-5
2146	6.954555026377999E-5
2147	6.951277943298612E-5
2148	6.950839768012604E-5
2149	6.948889935629463E-5
2150	6.946599491969614E-5
2151	6.945394862089391E-5
2152	6.943435236414578E-5
2153	6.941226760645854E-5
2154	6.938736000591259E-5
2155	6.934747352027353E-5
2156	6.934408464994963E-5
2157	6.931939826380473E-5
2158	6.928458805390704E-5
2159	6.924098823654485E-5
2160	6.921196619375575E-5
2161	6.91995050342771E-5
2162	6.913433683177897E-5
2163	6.908656131296687E-5
2164	6.903416999115961E-5
2165	6.901872228828566E-5
2166	6.899307408755392E-5
2167	6.895757327521545E-5
2168	6.888643452431704E-5
2169	6.885895920921988E-5
2170	6.880944745638013E-5
2171	6.877349572737289E-5
2172	6.867851138062561E-5
2173	6.865176306852513E-5
2174	6.855728756921645E-5
2175	6.84680986399032E-5
2176	6.840930094503913E-5
2177	6.838419773890277E-5
2178	6.836836607944603E-5
2179	6.832234003273869E-5
2180	6.830880688059349E-5
2181	6.828370790782299E-5
2182	6.824437800138458E-5
2183	6.822408342067848E-5
2184	6.819769201719845E-5
2185	6.817619874854866E-5
2186	6.814976525209626E-5
2187	6.813564484899133E-5
2188	6.812434146292846E-5
2189	6.811892443288915E-5
2190	6.811454728812017E-5
2191	6.811182828813107E-5
2192	6.810792990060117E-5
2193	6.810648548830875E-5
2194	6.810098231325923E-5
2195	6.809566834167494E-5
2196	6.809407858325378E-5
2197	6.809159958808045E-5
2198	6.808688441013298E-5
2199	6.808213432816121E-5
2200	6.807842796235088E-5
2201	6.807428742397476E-5
2202	6.806927120405912E-5
2203	6.806039315696187E-5
2204	6.805426643871661E-5
2205	6.804846147475508E-5
2206	6.804232027211636E-5
2207	6.803134062240353E-5
2208	6.802721506899106E-5
2209	6.802074945506715E-5
2210	6.801181590201957E-5
2211	6.800542706067862E-5
2212	6.799192350968223E-5
2213	6.797309971142414E-5
2214	6.79551384393616E-5
2215	6.793696141520547E-5
2216	6.791799340529304E-5
2217	6.790771705961921E-5
2218	6.787505534170763E-5
2219	6.786761390538243E-5
2220	6.783418612501957E-5
2221	6.781972678496473E-5
2222	6.777002977562333E-5
2223	6.77360755748047E-5
2224	6.76882616187892E-5
2225	6.768195168587173E-5
2226	6.763519366392601E-5
2227	6.760779496260084E-5
2228	6.756868190408271E-5
2229	6.753827392099877E-5
2230	6.747534440027532E-5
2231	6.745189871123549E-5
2232	6.740725231525918E-5
2233	6.735252938406518E-5
2234	6.73163295142316E-5
2235	6.728422522207728E-5
2236	6.725241533367052E-5
2237	6.724241650211182E-5
2238	6.72345858983242E-5
2239	6.722559170577552E-5
2240	6.721922297566695E-5
2241	6.720793985920343E-5
2242	6.7201046069374E-5
2243	6.719864905992425E-5
2244	6.718418275248356E-5
2245	6.717590498534695E-5
2246	6.71536632988467E-5
2247	6.714294438286866E-5
2248	6.712171540859205E-5
2249	6.711378755506517E-5
2250	6.708611025623456E-5
2251	6.707396327558533E-5
2252	6.704596547874332E-5
2253	6.703793350436825E-5
2254	6.701531728857399E-5
2255	6.700088593888375E-5
2256	6.697966328275528E-5
2257	6.69613828743702E-5
2258	6.694440848084096E-5
2259	6.692835861829631E-5
2260	6.689661161779067E-5
2261	6.687792514577331E-5
2262	6.685766648452347E-5
2263	6.685161776690663E-5
2264	6.683565018224152E-5
2265	6.682999629872843E-5
2266	6.682417532478893E-5
2267	6.682194065022544E-5
2268	6.681650423193297E-5
2269	6.681302435429897E-5
2270	6.680816757058995E-5
2271	6.67990943916063E-5
2272	6.67936946528707E-5
2273	6.679286461000351E-5
2274	6.677635959444648E-5
2275	6.677202942523919E-5
2276	6.676947966112051E-5
2277	6.676870011103949E-5
2278	6.67615309781613E-5
2279	6.674684136575013E-5
2280	6.673979063195915E-5
2281	6.673920606663106E-5
2282	6.673852546384322E-5
2283	6.672399260299155E-5
2284	6.672072052386289E-5
2285	6.671465083708359E-5
2286	6.671002449305974E-5
2287	6.670141246560897E-5
2288	6.669778497646161E-5
2289	6.669455303523086E-5
2290	6.669242588003469E-5
2291	6.669164095493897E-5
2292	6.669103402045761E-5
2293	6.66889345489387E-5
2294	6.668806625621787E-5
2295	6.668531757059859E-5
2296	6.668289116604063E-5
2297	6.66816905425185E-5
2298	6.667991987528412E-5
2299	6.667642444806481E-5
2300	6.667436550616427E-5
2301	6.667216816300123E-5
2302	6.666748410238825E-5
2303	6.666635010923148E-5
2304	6.66628446323412E-5
2305	6.66603512919928E-5
2306	6.665519480684053E-5
2307	6.665343249842747E-5
2308	6.665035182087942E-5
2309	6.664609625072538E-5
2310	6.66402250660351E-5
2311	6.663831369278537E-5
2312	6.663622278615829E-5
2313	6.6629428022481E-5
2314	6.662836254766173E-5
2315	6.662475686104034E-5
2316	6.662351709125244E-5
2317	6.662336436032575E-5
2318	6.662326301845107E-5
2319	6.662315669370818E-5
2320	6.662308132973093E-5
2321	6.662288081806097E-5
2322	6.662286831579817E-5
2323	6.662278233437E-5
2324	6.66225256384032E-5
2325	6.662243849790109E-5
2326	6.662219656615979E-5
2327	6.662201843793003E-5
2328	6.6621883052345E-5
2329	6.662179670137311E-5
2330	6.662135321764568E-5
2331	6.662123488323596E-5
2332	6.662097979315779E-5
2333	6.66207505989041E-5
2334	6.662050667182583E-5
2335	6.662030801539197E-5
2336	6.662000323928789E-5
2337	6.661977257159655E-5
2338	6.661961179769979E-5
2339	6.661849676195333E-5
2340	6.661777657886015E-5
2341	6.661705900916515E-5
2342	6.661665329931678E-5
2343	6.661608265605758E-5
2344	6.6615293209333E-5
2345	6.661457309828973E-5
2346	6.661397202095897E-5
2347	6.661377685272914E-5
2348	6.661234753919351E-5
2349	6.661165455652629E-5
2350	6.661035154858117E-5
2351	6.660950595345631E-5
2352	6.660886150233914E-5
2353	6.660797936128289E-5
2354	6.660689829540497E-5
2355	6.660447318682703E-5
2356	6.660308088339246E-5
2357	6.660258650279798E-5
2358	6.659957852521992E-5
2359	6.659907403724235E-5
2360	6.659746388058793E-5
2361	6.659573015463499E-5
2362	6.659362679192695E-5
2363	6.659128253436179E-5
2364	6.658688045539627E-5
2365	6.658463150591437E-5
2366	6.658232304828788E-5
2367	6.657684617914242E-5
2368	6.657454784328783E-5
2369	6.657226791798299E-5
2370	6.656802798549775E-5
2371	6.656404783019743E-5
2372	6.655831994875993E-5
2373	6.655569454751431E-5
2374	6.654663116086903E-5
2375	6.653974784088642E-5
2376	6.653512987772899E-5
2377	6.652870209232816E-5
2378	6.652363042101757E-5
2379	6.651597024153395E-5
2380	6.64996710651799E-5
2381	6.649445494350823E-5
2382	6.648786735574521E-5
2383	6.648580826623866E-5
2384	6.647210603903187E-5
2385	6.646964232079481E-5
2386	6.645195969866742E-5
2387	6.643521670733881E-5
2388	6.642074168728333E-5
2389	6.639178708874524E-5
2390	6.639028028050248E-5
2391	6.636570758357476E-5
2392	6.634861195160398E-5
2393	6.633219683126818E-5
2394	6.632512892295269E-5
2395	6.631555505496606E-5
2396	6.629979231863012E-5
2397	6.629734007209365E-5
2398	6.628620736647285E-5
2399	6.628400751549913E-5
2400	6.627740029185807E-5
2401	6.627395596252649E-5
2402	6.627061582900265E-5
2403	6.626386769441702E-5
2404	6.626174212107055E-5
2405	6.625738788046123E-5
2406	6.625212542369197E-5
2407	6.624910641507058E-5
2408	6.624190294641225E-5
2409	6.622908369607121E-5
2410	6.622409546383162E-5
2411	6.621301055772971E-5
2412	6.620592080984108E-5
2413	6.618812497984358E-5
2414	6.618282019763482E-5
2415	6.617204683156009E-5
2416	6.615683675625326E-5
2417	6.613145864215971E-5
2418	6.611944201060097E-5
2419	6.610892602658588E-5
2420	6.608589147553635E-5
2421	6.60681981696528E-5
2422	6.604547901944436E-5
2423	6.601975802987293E-5
2424	6.600119536317007E-5
2425	6.599199597762669E-5
2426	6.595703388400635E-5
2427	6.593540096053513E-5
2428	6.591253741018337E-5
2429	6.588629579040326E-5
2430	6.584863867919773E-5
2431	6.581120571392751E-5
2432	6.577876737879666E-5
2433	6.575537939137167E-5
2434	6.574525351814139E-5
2435	6.571724840059695E-5
2436	6.569340702972717E-5
2437	6.568329665202205E-5
2438	6.566663293216073E-5
2439	6.564482311494244E-5
2440	6.563093099260455E-5
2441	6.560996889981996E-5
2442	6.559521444355342E-5
2443	6.557065975449017E-5
2444	6.554142105639751E-5
2445	6.553067384388782E-5
2446	6.550264210067315E-5
2447	6.548096523570337E-5
2448	6.544548263029504E-5
2449	6.541880286892091E-5
2450	6.53852157520455E-5
2451	6.532918975337101E-5
2452	6.530407700566166E-5
2453	6.522459450045864E-5
2454	6.517927311436589E-5
2455	6.51568537798891E-5
2456	6.514667145489387E-5
2457	6.508918252009845E-5
2458	6.503646806063968E-5
2459	6.49872079759907E-5
2460	6.492103542060265E-5
2461	6.486270793224556E-5
2462	6.477555992715437E-5
2463	6.468018591468359E-5
2464	6.45501697810326E-5
2465	6.454548136971693E-5
2466	6.448558269347961E-5
2467	6.429386761325524E-5
2468	6.412972460267308E-5
2469	6.399342116940519E-5
2470	6.397409361806039E-5
2471	6.36990505742133E-5
2472	6.350609951647405E-5
2473	6.328137875267636E-5
2474	6.291327091681088E-5
2475	6.26890739642438E-5
2476	6.261380839698438E-5
2477	6.242996390696758E-5
2478	6.242544464741603E-5
2479	6.237270186165017E-5
2480	6.229146810537199E-5
2481	6.225418314194382E-5
2482	6.224082322384826E-5
2483	6.223081489715177E-5
2484	6.222613799216848E-5
2485	6.22123419168056E-5
2486	6.220559299957324E-5
2487	6.219882924067994E-5
2488	6.219436300240372E-5
2489	6.219002409352672E-5
2490	6.218273393619976E-5
2491	6.217681810922275E-5
2492	6.216580535121531E-5
2493	6.215614073464545E-5
2494	6.214166719834085E-5
2495	6.213190292516773E-5
2496	6.212502783211527E-5
2497	6.21151660168939E-5
2498	6.210678125376432E-5
2499	6.209134892107637E-5
2500	6.208359386139873E-5
2501	6.207887312869331E-5
2502	6.206458295569353E-5
2503	6.20559671283201E-5
2504	6.204783164271378E-5
2505	6.204172264500193E-5
2506	6.203692088174704E-5
2507	6.202178675318827E-5
2508	6.200004564152047E-5
2509	6.198195771843661E-5
2510	6.197755260368663E-5
2511	6.195981526048113E-5
2512	6.194734413063838E-5
2513	6.193147238224881E-5
2514	6.191657260858664E-5
2515	6.189361721557524E-5
2516	6.186404930722997E-5
2517	6.183945073634503E-5
2518	6.181704505065207E-5
2519	6.179774351620035E-5
2520	6.178034343035758E-5
2521	6.174359487209991E-5
2522	6.16986115459908E-5
2523	6.168501116719005E-5
2524	6.166625569746329E-5
2525	6.160677828094268E-5
2526	6.159030081807489E-5
2527	6.153726581238015E-5
2528	6.152060675534281E-5
2529	6.147215294282751E-5
2530	6.14286276658636E-5
2531	6.142363323369452E-5
2532	6.140841357661202E-5
2533	6.13734833426657E-5
2534	6.135188687299586E-5
2535	6.132656338252537E-5
2536	6.131406516033508E-5
2537	6.129712439692041E-5
2538	6.128968010960534E-5
2539	6.128726289941922E-5
2540	6.127820394670548E-5
2541	6.126804769416972E-5
2542	6.12658884098425E-5
2543	6.125403479702107E-5
2544	6.12384641318256E-5
2545	6.122580174269565E-5
2546	6.120678104276768E-5
2547	6.119966940173128E-5
2548	6.118739260535062E-5
2549	6.118223334426127E-5
2550	6.117308880356905E-5
2551	6.117098707924428E-5
2552	6.116916346383875E-5
2553	6.116790191927598E-5
2554	6.116296761930065E-5
2555	6.115905264500239E-5
2556	6.115395577084194E-5
2557	6.115070253068331E-5
2558	6.115000040335229E-5
2559	6.114518123636347E-5
2560	6.113716158956719E-5
2561	6.112785494030521E-5
2562	6.112687077575868E-5
2563	6.111314438805954E-5
2564	6.110708642095886E-5
2565	6.11067691663044E-5
2566	6.10971824941115E-5
2567	6.108883624785411E-5
2568	6.108847856281447E-5
2569	6.108111970982126E-5
2570	6.106283270964064E-5
2571	6.106254203764252E-5
2572	6.106011376995781E-5
2573	6.104315792369736E-5
2574	6.101971160046264E-5
2575	6.101962583514731E-5
2576	6.099063179288349E-5
2577	6.097758171283985E-5
2578	6.096062898025446E-5
2579	6.0950332105896654E-5
2580	6.091524879329037E-5
2581	6.0879316371720384E-5
2582	6.084348483550274E-5
2583	6.084305474675427E-5
2584	6.080232547330174E-5
2585	6.079656226495172E-5
2586	6.076691540756039E-5
2587	6.07109306144643E-5
2588	6.0665391901820684E-5
2589	6.05784794699265E-5
2590	6.057738189794535E-5
2591	6.054237033403969E-5
2592	6.051116838007753E-5
2593	6.0487809477791816E-5
2594	6.046672732310252E-5
2595	6.045416527998537E-5
2596	6.045309446290043E-5
2597	6.044977615316021E-5
2598	6.04485294261036E-5
2599	6.044560466570248E-5
2600	6.0444676502431527E-5
2601	6.0442965916782575E-5
2602	6.043821179004512E-5
2603	6.043752449208498E-5
2604	6.043639248174219E-5
2605	6.04346305634454E-5
2606	6.043113147346436E-5
2607	6.04274715603019E-5
2608	6.042459955738827E-5
2609	6.042310928055395E-5
2610	6.041562945220674E-5
2611	6.0409785704130674E-5
2612	6.0407215471642996E-5
2613	6.0401727231006514E-5
2614	6.039793091619456E-5
2615	6.038872885304169E-5
2616	6.038745983338088E-5
2617	6.038301833094611E-5
2618	6.03764742137877E-5
2619	6.037392622846761E-5
2620	6.036920805418406E-5
2621	6.0362818891541235E-5
2622	6.035401735552359E-5
2623	6.0348191555908795E-5
2624	6.034506426027429E-5
2625	6.034398732235594E-5
2626	6.0334686403111E-5
2627	6.032548279604802E-5
2628	6.032025479440024E-5
2629	6.0300794252140716E-5
2630	6.029203138573008E-5
2631	6.0279693557551346E-5
2632	6.027446190068707E-5
2633	6.0257310942940886E-5
2634	6.025561814619389E-5
2635	6.0251359210971165E-5
2636	6.023240669166963E-5
2637	6.02168263442024E-5
2638	6.021258753919584E-5
2639	6.019660613322293E-5
2640	6.018830393679208E-5
2641	6.018178865855801E-5
2642	6.016786052392374E-5
2643	6.014317634175809E-5
2644	6.0123638243251375E-5
2645	6.0103156975427256E-5
2646	6.006463807593379E-5
2647	6.005383836335387E-5
2648	6.00288462870744E-5
2649	6.0026530456938646E-5
2650	6.000642659951777E-5
2651	5.9988718469712315E-5
2652	5.995790260356775E-5
2653	5.993515627509465E-5
2654	5.9896252597426635E-5
2655	5.9875213070504374E-5
2656	5.9816899781792474E-5
2657	5.97966728591894E-5
2658	5.979059788907256E-5
2659	5.976393244508491E-5
2660	5.973856131976179E-5
2661	5.972619414609593E-5
2662	5.971004918523745E-5
2663	5.9699672213954834E-5
2664	5.968991411364253E-5
2665	5.9678126889805555E-5
2666	5.965687473375894E-5
2667	5.9654204187269227E-5
2668	5.964393957879758E-5
2669	5.964030188273814E-5
2670	5.9631188866777495E-5
2671	5.9626641333860735E-5
2672	5.9612230164628606E-5
2673	5.960192458481098E-5
2674	5.959176807402433E-5
2675	5.9574412512734315E-5
2676	5.955590686812818E-5
2677	5.9540784125486603E-5
2678	5.9522612320441506E-5
2679	5.950305454037356E-5
2680	5.947606183542821E-5
2681	5.9463183013041865E-5
2682	5.94140319259662E-5
2683	5.939749066045587E-5
2684	5.936140643316501E-5
2685	5.933050295500478E-5
2686	5.927691301783815E-5
2687	5.925006409408035E-5
2688	5.916851336243025E-5
2689	5.911163324658768E-5
2690	5.907310263899057E-5
2691	5.896798137430722E-5
2692	5.894317505497931E-5
2693	5.8877736908977814E-5
2694	5.874693262346516E-5
2695	5.870747313640873E-5
2696	5.865507154232431E-5
2697	5.8564801925595234E-5
2698	5.85045773874791E-5
2699	5.842732094469701E-5
2700	5.834453627331037E-5
2701	5.8223500625968437E-5
2702	5.807322428046603E-5
2703	5.7994591897641E-5
2704	5.776684578895697E-5
2705	5.7707079209596966E-5
2706	5.7615578701494985E-5
2707	5.7516854938927795E-5
2708	5.74588755998739E-5
2709	5.742655078884322E-5
2710	5.740583013608278E-5
2711	5.7388671625199676E-5
2712	5.734943049268473E-5
2713	5.729780066718412E-5
2714	5.729454745662477E-5
2715	5.7256565785548866E-5
2716	5.72415725486588E-5
2717	5.720840767734023E-5
2718	5.715529475591011E-5
2719	5.70605830640544E-5
2720	5.7038848658008416E-5
2721	5.699312720610345E-5
2722	5.698478668246551E-5
2723	5.685713079025406E-5
2724	5.684378228161398E-5
2725	5.671967574411559E-5
2726	5.666699445356113E-5
2727	5.658923496340867E-5
2728	5.6537273389112724E-5
2729	5.652655631729194E-5
2730	5.63562552871878E-5
2731	5.625751849176788E-5
2732	5.613430787373432E-5
2733	5.606975074887508E-5
2734	5.591464239146731E-5
2735	5.5826348225149634E-5
2736	5.5575709680013305E-5
2737	5.5368515903792054E-5
2738	5.5228284189437574E-5
2739	5.507413717310463E-5
2740	5.4830444670907526E-5
2741	5.472119642932788E-5
2742	5.440223587627009E-5
2743	5.3989301789078246E-5
2744	5.359793182085574E-5
2745	5.296587618545205E-5
2746	5.296194024322748E-5
2747	5.287384579270433E-5
2748	5.256508946981022E-5
2749	5.246884326214219E-5
2750	5.1783993119185706E-5
2751	5.1582512288704094E-5
2752	5.141410670553214E-5
2753	5.1328966242383014E-5
2754	5.1216573347009855E-5
2755	5.117291744039368E-5
2756	5.1160289535571745E-5
2757	5.11512356114273E-5
2758	5.11390226834781E-5
2759	5.1138495022207616E-5
2760	5.113156682312729E-5
2761	5.112294820646137E-5
2762	5.111450023682417E-5
2763	5.1095016720832426E-5
2764	5.109157022953291E-5
2765	5.107112066769286E-5
2766	5.105798303550413E-5
2767	5.103513312377816E-5
2768	5.10056797765982E-5
2769	5.098886860412757E-5
2770	5.0966662354842346E-5
2771	5.0936548710453906E-5
2772	5.0886883609561734E-5
2773	5.086883506160397E-5
2774	5.085013296889628E-5
2775	5.081308344904166E-5
2776	5.0811853193731856E-5
2777	5.071437263752362E-5
2778	5.062874846238953E-5
2779	5.0509093382938806E-5
2780	5.036547692340649E-5
2781	5.024170693025321E-5
2782	5.015548628451167E-5
2783	5.002447820064062E-5
2784	4.9915202430693084E-5
2785	4.96733171699672E-5
2786	4.932890539315194E-5
2787	4.932216111796932E-5
2788	4.927853054178719E-5
2789	4.8973467428003015E-5
2790	4.8775542732481515E-5
2791	4.818151927619681E-5
2792	4.7940468512782076E-5
2793	4.7931988485375515E-5
2794	4.763444242135348E-5
2795	4.7466971742740944E-5
2796	4.7157062671769375E-5
2797	4.692018190032687E-5
2798	4.658008675069824E-5
2799	4.6433879601592586E-5
2800	4.630547777652533E-5
2801	4.6245593187643335E-5
2802	4.6112116388763395E-5
2803	4.6104499055375344E-5
2804	4.609488181558839E-5
2805	4.609150602459641E-5
2806	4.608872648428349E-5
2807	4.6082903298728904E-5
2808	4.607587326130809E-5
2809	4.607103371920718E-5
2810	4.606616278152247E-5
2811	4.606120977129438E-5
2812	4.605620308273095E-5
2813	4.6049130123334267E-5
2814	4.603649594542761E-5
2815	4.603419170191273E-5
2816	4.602011017642574E-5
2817	4.600329568310938E-5
2818	4.600174800585398E-5
2819	4.598597179728115E-5
2820	4.598001904525493E-5
2821	4.597375107602863E-5
2822	4.596061215490784E-5
2823	4.5947375161576676E-5
2824	4.592232139910479E-5
2825	4.5910750523304426E-5
2826	4.590856502050265E-5
2827	4.590235620295139E-5
2828	4.588176894714331E-5
2829	4.5872075487294845E-5
2830	4.585914412588478E-5
2831	4.585118195296329E-5
2832	4.584561702794351E-5
2833	4.583883005979201E-5
2834	4.583298085044751E-5
2835	4.582858288750128E-5
2836	4.582512295244521E-5
2837	4.5819612368338996E-5
2838	4.5813846904948084E-5
2839	4.580578319698965E-5
2840	4.579836087400366E-5
2841	4.579611827628123E-5
2842	4.5788531050014174E-5
2843	4.578172044979388E-5
2844	4.576926350278033E-5
2845	4.576200687678611E-5
2846	4.5757179133044975E-5
2847	4.5747316450577684E-5
2848	4.573417739096711E-5
2849	4.57257058104953E-5
2850	4.572159520184221E-5
2851	4.571616650577524E-5
2852	4.570810273569335E-5
2853	4.5698302306855034E-5
2854	4.5694982255740625E-5
2855	4.5691509872815586E-5
2856	4.5672853840027184E-5
2857	4.566863329986015E-5
2858	4.5652217900013946E-5
2859	4.5650121459684593E-5
2860	4.563908390965628E-5
2861	4.562951082190908E-5
2862	4.561737837933294E-5
2863	4.560645035470981E-5
2864	4.55966999796789E-5
2865	4.5580825914878996E-5
2866	4.55469700176581E-5
2867	4.5541628056451E-5
2868	4.5520629067739995E-5
2869	4.550053717751644E-5
2870	4.5473610050875914E-5
2871	4.545719568515854E-5
2872	4.5414740925977834E-5
2873	4.540294190766022E-5
2874	4.535129354029548E-5
2875	4.532341410348242E-5
2876	4.5294327932029286E-5
2877	4.5286076220767924E-5
2878	4.526328971296749E-5
2879	4.524936233793092E-5
2880	4.518434622750643E-5
2881	4.518353339177895E-5
2882	4.511825431982424E-5
2883	4.5022081297252706E-5
2884	4.496823747411639E-5
2885	4.4927767597129764E-5
2886	4.482353843005816E-5
2887	4.47811069263821E-5
2888	4.471396151243625E-5
2889	4.4695124686114994E-5
2890	4.462083183282646E-5
2891	4.456901948157483E-5
2892	4.454208306796971E-5
2893	4.454176285880566E-5
2894	4.447785427891377E-5
2895	4.4468318112897164E-5
2896	4.4468010536504376E-5
2897	4.446772056869116E-5
2898	4.446698923056133E-5
2899	4.4466633344480855E-5
2900	4.4466300679056866E-5
2901	4.446522551447529E-5
2902	4.4465202363445745E-5
2903	4.446470181290417E-5
2904	4.4463296680203826E-5
2905	4.446237301397963E-5
2906	4.446149595005254E-5
2907	4.4460754646042234E-5
2908	4.445955751559453E-5
2909	4.44584259904245E-5
2910	4.445809354604697E-5
2911	4.445602840471518E-5
2912	4.4454234497538424E-5
2913	4.445279332868696E-5
2914	4.445258715889197E-5
2915	4.444965051333983E-5
2916	4.4448367613362716E-5
2917	4.444673106357003E-5
2918	4.4444047149350725E-5
2919	4.444250244329789E-5
2920	4.444096965988823E-5
2921	4.4439593489288814E-5
2922	4.443314550428493E-5
2923	4.4432344040415843E-5
2924	4.443223929617689E-5
2925	4.442583061951832E-5
2926	4.441907657126213E-5
2927	4.441770574703656E-5
2928	4.441357659140249E-5
2929	4.44068919768745E-5
2930	4.4402479046986276E-5
2931	4.4394793485836535E-5
2932	4.4393702623623535E-5
2933	4.4388244937971905E-5
2934	4.438174955000338E-5
2935	4.4379972191128006E-5
2936	4.4376178743672685E-5
2937	4.437140626601035E-5
2938	4.436826966630458E-5
2939	4.4364305550586634E-5
2940	4.435744493021047E-5
2941	4.435636561643192E-5
2942	4.435022045477003E-5
2943	4.434935043437616E-5
2944	4.434660565666429E-5
2945	4.434301280728422E-5
2946	4.433585731511397E-5
2947	4.43300306955697E-5
2948	4.4324585599061434E-5
2949	4.431430581950038E-5
2950	4.431388133923274E-5
2951	4.430910741571874E-5
2952	4.429959865140234E-5
2953	4.42973639936765E-5
2954	4.428512283731184E-5
2955	4.428142154180942E-5
2956	4.427299445952456E-5
2957	4.4249655872141336E-5
2958	4.424399611150891E-5
2959	4.4242490869833835E-5
2960	4.4216754502273435E-5
2961	4.4209417470894323E-5
2962	4.420892706555262E-5
2963	4.419385402594566E-5
2964	4.4173743056286645E-5
2965	4.4158931373170556E-5
2966	4.413110980298004E-5
2967	4.4102322496945224E-5
2968	4.409036843893545E-5
2969	4.406457483798537E-5
2970	4.402792942313185E-5
2971	4.402424480790918E-5
2972	4.400237135504062E-5
2973	4.394308987904823E-5
2974	4.386360804680755E-5
2975	4.386344992171332E-5
2976	4.382243088291493E-5
2977	4.375483580220195E-5
2978	4.3725358976532635E-5
2979	4.3725248948975765E-5
2980	4.370788644396449E-5
2981	4.367572161144703E-5
2982	4.3648880605089336E-5
2983	4.363237396910768E-5
2984	4.360763791960815E-5
2985	4.359056037867937E-5
2986	4.357891915420383E-5
2987	4.3578730102572504E-5
2988	4.357817364026141E-5
2989	4.357792363014849E-5
2990	4.357775957679174E-5
2991	4.357766787894393E-5
2992	4.357749516166127E-5
2993	4.357729660995319E-5
2994	4.357717139335327E-5
2995	4.357699915752831E-5
2996	4.357689559804702E-5
2997	4.357681190029789E-5
2998	4.357667374276515E-5
2999	4.3576523793010577E-5
3000	4.357625628194162E-5
