1	6.476054141882719E8
2	5.383019643391545E8
3	4.3907243410802734E8
4	3.4095763757638323E8
5	2.9519425179166126E8
6	2.496974564857219E8
7	2.059508124355534E8
8	1.6894344585429317E8
9	1.4390672112825763E8
10	1.2670435127624339E8
11	1.1031471132384957E8
12	8.88919755590184E7
13	7.953546041467986E7
14	7.064934004751675E7
15	5.844502707369489E7
16	4.741602151727698E7
17	3.916254761258337E7
18	3.553510455615508E7
19	3.0569001314407792E7
20	2.6742086085378412E7
21	2.1920282149480447E7
22	2.018183377781942E7
23	1.7550596688720603E7
24	1.491950445317394E7
25	1.0743721053895604E7
26	9223816.317475693
27	7945703.323881582
28	7063962.819215822
29	6266315.040625225
30	5697483.707004253
31	5117549.116452175
32	4174230.0333742364
33	3422128.574450554
34	2646389.992610067
35	2297792.581838367
36	1948555.5642258867
37	1717784.9638268664
38	1401671.3405698999
39	1134253.2150384404
40	1060511.4348299291
41	942681.6110682207
42	852355.8449938108
43	675770.3714870635
44	559174.986606143
45	511168.2488990239
46	424966.08976866276
47	373271.5299016413
48	325941.6169983341
49	275977.0882211991
50	208844.0061797877
51	189591.07703415016
52	154594.52408376877
53	138941.04268407627
54	108552.12115448335
55	97322.33976526716
56	83950.39895068308
57	67156.84354840318
58	45825.43655076812
59	44038.17864345232
60	32730.431263701674
61	28139.84796195016
62	24115.22284577645
63	21870.23890502735
64	19729.89301831429
65	16714.541316087372
66	13966.971059488258
67	12146.93356684429
68	10166.407680859531
69	6902.551454023397
70	5386.348382668179
71	4977.0337204778325
72	4330.91057858172
73	2898.7926805739394
74	2517.9701318851994
75	1511.1990159962288
76	989.6225437611714
77	952.7185017718562
78	620.4657916151107
79	469.80759941213734
80	431.38275351808824
81	351.95369747434086
82	287.84926916872104
83	250.97159912793558
84	187.50379598398362
85	128.69830884440825
86	121.5109724078738
87	94.13349139081758
88	81.00160731943532
89	58.46216998126531
90	52.71422522015758
91	33.3852454749618
92	31.477935534524185
93	29.98993693637578
94	28.7566613096871
95	27.63524024485588
96	26.721540521475166
97	23.77507478757371
98	22.534548403040343
99	21.738742745927038
100	21.047956418088667
101	20.152339221836524
102	19.29733139896347
103	18.226772777662788
104	17.845211088143056
105	17.429701588562356
106	16.676994349961078
107	15.727470666592117
108	15.158691623435796
109	14.663539276313076
110	14.376197258627599
111	14.07289763054568
112	13.644676258723369
113	13.245368478543343
114	12.737773980244562
115	12.345721400106685
116	11.954240614058842
117	11.520103529867255
118	11.236348482752062
119	10.575282392048987
120	10.201817570904153
121	9.826958911052634
122	9.634617959335726
123	9.52274204271992
124	9.385495422316366
125	9.106412882950298
126	8.847516511039531
127	8.658063726996575
128	8.390209816229818
129	8.205404667147299
130	8.101843237193465
131	7.818439795334592
132	7.519272138650616
133	7.269496278765681
134	7.057771551065483
135	6.999171468635433
136	6.656210100049004
137	6.490965237609455
138	6.200941718711202
139	6.0773826830247835
140	5.934139898839946
141	5.849324382710525
142	5.756892064891343
143	5.61514249406618
144	5.45404211969534
145	5.316392423986758
146	5.193158235833803
147	5.090543353019497
148	5.014837853856188
149	4.88844531568336
150	4.653797206981003
151	4.584285997566768
152	4.47063362662984
153	4.365481585636378
154	4.168072131476567
155	4.0605006931210665
156	3.9731393201123564
157	3.9196364169593014
158	3.853093223262033
159	3.752495096047996
160	3.6615799334128822
161	3.5850961291196675
162	3.511671868475574
163	3.45121928551641
164	3.381512259835268
165	3.3500943215354173
166	3.26601663923195
167	3.1974238119067504
168	3.130610385956027
169	3.0637116648725664
170	2.987123758115147
171	2.9402246218719243
172	2.8855540331850973
173	2.8235388894418705
174	2.765902062832874
175	2.7253603872466523
176	2.6698220524881733
177	2.6384778219752807
178	2.6120663102423967
179	2.547953456593005
180	2.4834087167741337
181	2.442858970676386
182	2.3847326226018284
183	2.32313665964524
184	2.2950757514424835
185	2.2517417662140717
186	2.1576595435728954
187	2.105108204168984
188	2.042600823616433
189	1.9760839062324085
190	1.964127918691216
191	1.9195140479327422
192	1.8505952035707718
193	1.8365597721888585
194	1.8040959027666348
195	1.775989948639287
196	1.7113692398017952
197	1.6561300943751396
198	1.6220648813904157
199	1.5832989048079638
200	1.5430294071111297
201	1.4940792819177096
202	1.468790670888403
203	1.4424441230187746
204	1.390795048649687
205	1.3460624768057656
206	1.2960551542482237
207	1.2553191128738452
208	1.2156105830530268
209	1.1881214245643297
210	1.1636442726914444
211	1.1404576148841428
212	1.1077680550464166
213	1.074380977802709
214	1.0442312651817165
215	1.0149422870107816
216	1.007517190724043
217	0.9795542050706731
218	0.960681671515621
219	0.9211432930646138
220	0.908960613427239
221	0.8797659678155767
222	0.8535508864468138
223	0.8259148911477756
224	0.8107905880287797
225	0.7995491629520273
226	0.7782621458790785
227	0.766178753112212
228	0.7533659304495413
229	0.7434180954354118
230	0.7278092089701198
231	0.7155266031258649
232	0.6952668955810705
233	0.6743732425915105
234	0.6657177473365071
235	0.6539381108517613
236	0.6350386396753388
237	0.6159792597149402
238	0.6088374582394518
239	0.5980215029470262
240	0.5866397007952191
241	0.5787285229731212
242	0.5622161362831507
243	0.5574632613866721
244	0.5440274642053574
245	0.5369443075744781
246	0.5229088902135423
247	0.5164837487998344
248	0.5074401904760553
249	0.4950173026132825
250	0.48439854181531977
251	0.4760042964543934
252	0.46435585829944576
253	0.448526572792075
254	0.434087263257201
255	0.4275455416773774
256	0.4208044779768963
257	0.41433230601427107
258	0.4067573681194022
259	0.40244082770730993
260	0.39592955285588816
261	0.38204467097780337
262	0.37770636415279196
263	0.370209492934251
264	0.3621213297058399
265	0.3551755115406165
266	0.3466383273952944
267	0.3388097833607386
268	0.3325186785604183
269	0.32806945578093255
270	0.32503875423605877
271	0.31972066004275046
272	0.3156560826875802
273	0.31193019805421257
274	0.30470996149132323
275	0.29133374699387127
276	0.28346112164919884
277	0.277773322574461
278	0.2705542218626018
279	0.2652687020196626
280	0.25652836324613637
281	0.25160047755302856
282	0.24348506257936472
283	0.24093908912116166
284	0.23855506320342226
285	0.23585369644061302
286	0.23164360217810645
287	0.22839219111935596
288	0.22507564632104424
289	0.22048337968147524
290	0.2151326735986787
291	0.2114912002983032
292	0.20840514378282027
293	0.20576562033229504
294	0.19740867623955985
295	0.19056801493076211
296	0.1867086480892807
297	0.18457596243838073
298	0.1821017473515409
299	0.18013600642974487
300	0.17797888311647225
301	0.17339885228634874
302	0.16889912281370542
303	0.16667492411344617
304	0.1641795547381317
305	0.16145944612584476
306	0.15673182437499472
307	0.15042207666902951
308	0.1434007147898295
309	0.1396491273552511
310	0.13471560457941142
311	0.1287607946580644
312	0.12747176941890823
313	0.12440248364145427
314	0.12188963405110033
315	0.12096648935613559
316	0.1112314748378944
317	0.10832215417564589
318	0.10355907326805605
319	0.103238064058793
320	0.10092931651772279
321	0.0987364627895642
322	0.09528976391373906
323	0.09425789999732327
324	0.09042218281068977
325	0.08825537077322611
326	0.08368965177361286
327	0.08192675560757508
328	0.08127974941449558
329	0.07899341158475384
330	0.0779240557545272
331	0.07597117563618701
332	0.07437989763822106
333	0.07328149868061194
334	0.07128014458702724
335	0.06898767685283061
336	0.06767706642763735
337	0.0667979137321218
338	0.06477354350930238
339	0.06352127915700578
340	0.06236967196088332
341	0.06159466713155524
342	0.06008323822945493
343	0.05952185441439663
344	0.05850969674588815
345	0.05652685483438615
346	0.05531807785716576
347	0.05358325231858908
348	0.05310824896334087
349	0.051423677200536894
350	0.05079270833841257
351	0.04976511784573758
352	0.04913810173558005
353	0.04824605127815693
354	0.04716523090249888
355	0.04692698773947131
356	0.0456905631441861
357	0.04496724382543433
358	0.04403132552026334
359	0.043458698003680865
360	0.0421907970107358
361	0.04121320601667253
362	0.040582051939660295
363	0.03967581625813433
364	0.03879242072569425
365	0.03823042668658883
366	0.037890063618024564
367	0.037613832793187835
368	0.03638810317323131
369	0.036201719716913335
370	0.03596615004308175
371	0.035348010189374654
372	0.03488794444337675
373	0.03444761068011256
374	0.0340107517762418
375	0.03390319684836658
376	0.03351074105966399
377	0.0330590829491691
378	0.0326838260284094
379	0.032198146853117574
380	0.032014217538867254
381	0.03178815907076085
382	0.031454698364111126
383	0.031241893447214574
384	0.031081135986506657
385	0.030899766296642137
386	0.030614949641300217
387	0.030396517339853303
388	0.03018756875599875
389	0.030003523755393217
390	0.02956965890544474
391	0.02932697170320624
392	0.02904275568140723
393	0.028810259760828728
394	0.02855636148700446
395	0.02833483051935727
396	0.028123826127482158
397	0.027919054570046065
398	0.027745899330288155
399	0.02748572505113377
400	0.02731435611430037
401	0.027202967566455585
402	0.026996404728188574
403	0.026932810325209163
404	0.026815997246030496
405	0.026601304393253426
406	0.026429938779317284
407	0.026286330318326244
408	0.02611208416287045
409	0.025945626638323803
410	0.025794297923883325
411	0.025658629211725147
412	0.025529145563717083
413	0.02535282487537596
414	0.02521960541199824
415	0.025023938694666473
416	0.024957594785915138
417	0.02482985862189493
418	0.024741308194595146
419	0.02454969016646995
420	0.024372437446860747
421	0.024280949618050083
422	0.024214625073509136
423	0.02401057502741179
424	0.023915527020909787
425	0.023777806093526636
426	0.023669461945486373
427	0.023526746375812504
428	0.02341703817251213
429	0.023237502857214064
430	0.0231502090804699
431	0.023058491863858624
432	0.0229656492453801
433	0.02279396445186254
434	0.022631005878589187
435	0.0225509385607634
436	0.02246316008507291
437	0.0223625393396318
438	0.022202691410810514
439	0.0221179908056996
440	0.02195379486075044
441	0.021877346187174154
442	0.02177062049879201
443	0.021694125717130943
444	0.02158608484312417
445	0.021475630095523147
446	0.02135325733853453
447	0.0211681847293847
448	0.021006026643422823
449	0.020949774133241107
450	0.020889978427248046
451	0.02067467106049112
452	0.020625097287830543
453	0.020566144958713492
454	0.020403004543361226
455	0.020306482755098408
456	0.020261674773563925
457	0.020099246950853886
458	0.020051582243561173
459	0.019977444592151217
460	0.019879737061591195
461	0.019851950391561936
462	0.019731027686475975
463	0.0196387121583971
464	0.019590153986255462
465	0.019562073460438773
466	0.01952006314174006
467	0.019465796124799144
468	0.019366498252332755
469	0.019279415235954202
470	0.019223254378856677
471	0.019089766162840045
472	0.01903049024184318
473	0.018976897599246235
474	0.018930570328757744
475	0.0188775795172673
476	0.018791443742780124
477	0.018700956507828614
478	0.018635890230674693
479	0.01857568271145778
480	0.018541192053844625
481	0.018479352918752173
482	0.01839463385057279
483	0.018329091322709323
484	0.018290809458778236
485	0.01826394178965773
486	0.018134803685480594
487	0.018067583723188344
488	0.01803277260912719
489	0.01793894224331023
490	0.01786966125108171
491	0.01782128435971989
492	0.017770679211028484
493	0.017711903323115282
494	0.017639470687756603
495	0.017593681344764515
496	0.01753849890287697
497	0.01748225227949479
498	0.017449949811378675
499	0.017327953593694576
500	0.017264847067230214
501	0.01721068990948873
502	0.017137669826202493
503	0.01707745778147205
504	0.01697157782496185
505	0.016917658481971833
506	0.016881203465614152
507	0.016818446740793316
508	0.016730930041642514
509	0.016673237939876392
510	0.01664072574438766
511	0.016606660608810424
512	0.01653456502199762
513	0.016478539376461338
514	0.016414049045349283
515	0.016351939484793482
516	0.016315643508832915
517	0.016267222326814327
518	0.016186081295292375
519	0.016146563410699834
520	0.01612122035262663
521	0.01607175598328897
522	0.01596297325205218
523	0.015915143837134035
524	0.015893855314441086
525	0.015855158076579175
526	0.015805391120760855
527	0.015754640644150292
528	0.01571068223809346
529	0.015643825133609523
530	0.01560994415216461
531	0.015596026168152106
532	0.015550306064299567
533	0.01548773037743656
534	0.015430963010255089
535	0.015412474119820751
536	0.015359012487194708
537	0.01532708326600469
538	0.015258743504966346
539	0.01521101558023392
540	0.015184339790809397
541	0.015103753652872004
542	0.015040116614559246
543	0.014972288575643675
544	0.014926476287034179
545	0.014862920998345179
546	0.01485317049779485
547	0.014811703517478837
548	0.014781161124578538
549	0.014725711511264087
550	0.014677323349852158
551	0.014650558312729184
552	0.014597243057921977
553	0.014547275509188384
554	0.014492797616850345
555	0.014438307325408588
556	0.014385187201653736
557	0.014347695096959993
558	0.014283632985693937
559	0.0142133727004815
560	0.014139195942203999
561	0.014101477490059302
562	0.013980657472330342
563	0.01393689504170845
564	0.013829379372432057
565	0.013785156219846604
566	0.01369287316526538
567	0.013608780594113402
568	0.013582249382050835
569	0.013452096957998731
570	0.01336916539199461
571	0.013327508166115273
572	0.013242493156102519
573	0.013044016560579725
574	0.012987956276700081
575	0.012858920374018526
576	0.012736439673965165
577	0.012629997628737366
578	0.012519989516181152
579	0.012472980112884535
580	0.012384163055284843
581	0.012326626238872707
582	0.012220968780540234
583	0.012130751606427657
584	0.012018736458835909
585	0.01198205334619776
586	0.011942704661199345
587	0.011910392291850784
588	0.01188871515630663
589	0.011865912265016494
590	0.011788748378675386
591	0.011712170013148088
592	0.011648703134058021
593	0.01161677729517529
594	0.011589370844323762
595	0.011493433043931418
596	0.01139342571754985
597	0.011341372851953432
598	0.011247465980051271
599	0.011193654900104323
600	0.011109225149938168
601	0.010982008083442537
602	0.010909792472874427
603	0.010880492502690187
604	0.01077286071181844
605	0.010696381836937748
606	0.01064521009202043
607	0.01063547907092085
608	0.010591239457050209
609	0.010517443180192184
610	0.01045309731912832
611	0.010428525397949794
612	0.010393969703590116
613	0.01034936755061783
614	0.010320614920278097
615	0.010291302093556018
616	0.010251043972459628
617	0.010208685335183525
618	0.010181043163161754
619	0.010143275707301879
620	0.010117872028101502
621	0.010081479846164731
622	0.01001639151536044
623	0.009995010657880974
624	0.009955215979537553
625	0.009878664566433732
626	0.00979931421248752
627	0.009784553853046388
628	0.009725144524181002
629	0.009681498376843959
630	0.00966254175633841
631	0.009631495500648167
632	0.009587347457205974
633	0.00957145470548167
634	0.009553022065610258
635	0.009534901959992789
636	0.009526980156179017
637	0.009509253375137439
638	0.009494943401905483
639	0.00947326026259545
640	0.00945804951436438
641	0.009443620006183635
642	0.009430172470878224
643	0.009416636087245718
644	0.009398643056154284
645	0.009384983526117573
646	0.009363537872345586
647	0.009335546948870226
648	0.00931553205458174
649	0.009298211437957688
650	0.009285952713629635
651	0.009264550869197898
652	0.009254117937772838
653	0.009237007865830458
654	0.00921642004374375
655	0.009198761732100907
656	0.009185954194944022
657	0.009172954817635786
658	0.009156189413463868
659	0.009144082158996668
660	0.009117349673821462
661	0.009097274387391396
662	0.009082748074577153
663	0.009067832243918085
664	0.009051916829732406
665	0.009038869522218612
666	0.009019093312495834
667	0.008991766638504244
668	0.008982004451530575
669	0.00894721452778689
670	0.008925880456033198
671	0.00891804202202348
672	0.008892007654240424
673	0.008858011765520932
674	0.008821392513435302
675	0.008810730990424802
676	0.008787134650050463
677	0.008754441913220725
678	0.00870567050278172
679	0.008682245606442481
680	0.00864422781207634
681	0.008593259010510085
682	0.008572952718142169
683	0.00852064160544511
684	0.008515142435900984
685	0.00847471060144842
686	0.008445948206703746
687	0.00841245508476659
688	0.008378193715230891
689	0.008340258214926068
690	0.008309024183874665
691	0.008293312103617613
692	0.008282802255392678
693	0.008269794004067906
694	0.008254439031803859
695	0.00824136079795808
696	0.008223575940126527
697	0.008213332027236816
698	0.008198102176203417
699	0.008180653404227568
700	0.008176639029007197
701	0.008153525771129102
702	0.008141061078361924
703	0.00812117441454587
704	0.008116373866875404
705	0.00809804917261071
706	0.008076926489564863
707	0.008056368774936576
708	0.008027509418643764
709	0.008012046206349993
710	0.007996441571461803
711	0.007966594158146002
712	0.007932141738332206
713	0.007906385590915182
714	0.007872646257523703
715	0.007854508566243827
716	0.007819432575557167
717	0.007797296908083628
718	0.007757789045698603
719	0.007723663610827868
720	0.007686493919682134
721	0.007674128261720233
722	0.00762754511097864
723	0.0075907118525285954
724	0.00753701095951137
725	0.0075027189170456515
726	0.007469063634574472
727	0.007430392905751268
728	0.007405605802770902
729	0.007387517803608713
730	0.007361082654353267
731	0.007341128666176894
732	0.007326160751726111
733	0.007274667731994899
734	0.0072587968820563235
735	0.00722970338407684
736	0.007196221107518874
737	0.007173142304573133
738	0.00715769509455422
739	0.007128846786851872
740	0.007082248768970646
741	0.007050662941300589
742	0.00701855841470478
743	0.006981698790695019
744	0.006930266612432619
745	0.006902167192046158
746	0.0068812497780440665
747	0.0068409863675209645
748	0.006778459342687648
749	0.0067297271946661335
750	0.006703604723905802
751	0.006645206622302393
752	0.006600173123111021
753	0.0065387841086599705
754	0.006459756996513939
755	0.006442632473754801
756	0.0064229217828506895
757	0.006410820808275
758	0.006393700379190628
759	0.006370154906772882
760	0.006347863792669147
761	0.006337829433213277
762	0.006314694188446593
763	0.006309039434312738
764	0.006293418505773632
765	0.006271672041460319
766	0.006256968857523715
767	0.006236814554234208
768	0.006219925022002594
769	0.006201324877270602
770	0.006189663952985658
771	0.006174031688174562
772	0.006166670945285389
773	0.006153534087003042
774	0.0061450765720351954
775	0.006133611105915362
776	0.006116327976905151
777	0.006097545487966992
778	0.00608242547562387
779	0.006074743799077863
780	0.006055385380580259
781	0.006050435861533591
782	0.006035966610760015
783	0.006018297761461026
784	0.005996292207394408
785	0.005986648209478072
786	0.005972603569520827
787	0.005944877362510231
788	0.0059240243733291
789	0.005907850110038688
790	0.0058894816674627815
791	0.005874528301459506
792	0.005851089030089519
793	0.005843000291403441
794	0.005816894900780086
795	0.0057980670313142885
796	0.005790960173168339
797	0.00577086747192919
798	0.005750580693981111
799	0.005719724313603814
800	0.005691531665848786
801	0.005677637011308931
802	0.005636066311195305
803	0.005626346659494735
804	0.005597451080260512
805	0.005563677105717315
806	0.005513160126488518
807	0.00550200352228939
808	0.005463080097270508
809	0.005435896920199706
810	0.005390906475214933
811	0.005363528684947049
812	0.005341883853641884
813	0.005297479743279998
814	0.005279688383434006
815	0.005272349895131267
816	0.0052518566664666285
817	0.005233798684986508
818	0.00522012723826258
819	0.005217512981201153
820	0.005208090918817076
821	0.005185954483974741
822	0.005175956734893985
823	0.005159109217147642
824	0.005150550304407929
825	0.005147893652122207
826	0.005142545079064643
827	0.005121467943703764
828	0.005116806898607317
829	0.005099361847037643
830	0.005092017968465539
831	0.0050729544451360055
832	0.005063133554092807
833	0.005044411210739989
834	0.005020045933619903
835	0.005014314393776831
836	0.005009938334605183
837	0.004983583939013208
838	0.004967120779712706
839	0.004957260544694758
840	0.0049463229287984994
841	0.004940650116169392
842	0.00492549036236192
843	0.004914321569544519
844	0.004908378210130041
845	0.004906091872490071
846	0.004898544825521352
847	0.004897224295395031
848	0.004891520203365274
849	0.004884636858426269
850	0.004881555090971283
851	0.004875947047117969
852	0.004869488674912767
853	0.004864956392032696
854	0.004860720201678774
855	0.00485712652151776
856	0.004853573318870694
857	0.0048459449015827195
858	0.00484288374357189
859	0.004834938194158927
860	0.004830780488037941
861	0.004825038351555522
862	0.004819401732936034
863	0.004811899284123454
864	0.004807535287061831
865	0.0048056365722299686
866	0.004790214026844074
867	0.004780638751687769
868	0.004776551491971113
869	0.004766780055986564
870	0.004756209497062347
871	0.0047448026574885265
872	0.004737771036084772
873	0.0047169414962583535
874	0.00470644106587172
875	0.004687779206315541
876	0.004671516154348634
877	0.004657853813833179
878	0.004640565130184813
879	0.00460977860372058
880	0.004591434920563977
881	0.004576682644440973
882	0.0045646370868424905
883	0.00453689758794392
884	0.004506329981699156
885	0.0044900788256348
886	0.004481034940006308
887	0.0044488779319526005
888	0.004425675323686916
889	0.004384365182278961
890	0.004354382906002089
891	0.0042853683270185315
892	0.004281505628544884
893	0.0042633679627828176
894	0.0042141992405744415
895	0.00421214077214443
896	0.004188699412001651
897	0.004174292423664474
898	0.004143289990181949
899	0.004141786416321124
900	0.0041202530782599705
901	0.004099689242986063
902	0.0040804039757581425
903	0.004062535107190183
904	0.004045182619473035
905	0.004035044290274169
906	0.004018870940402365
907	0.004012661119212153
908	0.0039995546419725175
909	0.0039940102524316096
910	0.003977279640536076
911	0.003955283761780363
912	0.003948891153170448
913	0.003932994240684202
914	0.003928668309367824
915	0.003922463308961367
916	0.003917951012046222
917	0.00391604570356063
918	0.003913931994270945
919	0.003912911441728127
920	0.003911523343975724
921	0.003910082997968603
922	0.00390817008920129
923	0.0039057895767149443
924	0.0039044881683176335
925	0.003903156209857535
926	0.003901244689742332
927	0.003899950653635056
928	0.0038986119121124413
929	0.003896954588320127
930	0.0038959072085098614
931	0.003893856266440897
932	0.003892474802776688
933	0.003891158355982119
934	0.0038894375791821275
935	0.003887597698341503
936	0.003886270532311835
937	0.0038828624070029673
938	0.003881367270407758
939	0.003879210238726673
940	0.0038763198403939845
941	0.0038737612567577443
942	0.0038711668394014495
943	0.0038684245046538518
944	0.003865504607746334
945	0.003861207780714323
946	0.0038592361220937646
947	0.003852478245750698
948	0.0038499614669153985
949	0.0038463952786649256
950	0.003842052089447497
951	0.0038363207834798737
952	0.003831330032320585
953	0.003827564927706685
954	0.003823037935012102
955	0.0038151848979636003
956	0.003810497881361066
957	0.003802079782536839
958	0.0037935371859781396
959	0.0037901332801242712
960	0.003782720298030324
961	0.0037752185926762205
962	0.003772111153463341
963	0.003766081706322344
964	0.003760280403044283
965	0.0037485303998192315
966	0.0037436160950950707
967	0.0037319160740458177
968	0.003723516951873135
969	0.0037099144145433596
970	0.003693012584035727
971	0.0036908908074375795
972	0.0036820033429083823
973	0.0036702674945402617
974	0.0036582593585404296
975	0.003641912183091989
976	0.0036392982714839343
977	0.0036199024589157252
978	0.003609878891673306
979	0.0035965562811831353
980	0.0035820944943256313
981	0.0035675162379013225
982	0.003555909318844378
983	0.0035473779168447967
984	0.003546130861422759
985	0.003536580214621252
986	0.0035236944645720926
987	0.0035139144073983363
988	0.003512693947795798
989	0.0035073882438603934
990	0.0035010286368757594
991	0.003496582114025022
992	0.003496052864444252
993	0.003494357480222416
994	0.003493208121724738
995	0.00349160103752219
996	0.003490847992974677
997	0.0034898835301574987
998	0.00348876789292255
999	0.003487083608158274
1000	0.0034865549015463113
1001	0.003485859996880993
1002	0.003484833750396784
1003	0.003484274093951328
1004	0.0034836760190998595
1005	0.0034827271628487897
1006	0.0034812144422460283
1007	0.003480347765627445
1008	0.0034795857253200374
1009	0.0034788518050655705
1010	0.003478075608656671
1011	0.0034773712703260644
1012	0.0034766213850853656
1013	0.003476019349200611
1014	0.003475060969062295
1015	0.0034745551950134076
1016	0.0034732626435455883
1017	0.0034728288527334627
1018	0.00347202566445409
1019	0.0034714074502867538
1020	0.0034704944690021697
1021	0.003469851264248554
1022	0.0034693172625620975
1023	0.0034686807513642504
1024	0.0034680304479650257
1025	0.0034674455391919545
1026	0.003466679890149045
1027	0.003466243636023969
1028	0.0034655088522378345
1029	0.0034649876524303295
1030	0.0034641221736955454
1031	0.003463850361763223
1032	0.0034631816041284973
1033	0.0034625040574331315
1034	0.003461733595390414
1035	0.003460869312608889
1036	0.0034603562759043457
1037	0.0034593005621364197
1038	0.0034588322258459706
1039	0.003457532565995009
1040	0.0034564549348238983
1041	0.003455637584007619
1042	0.003454455598849621
1043	0.003453589628988593
1044	0.0034521885548343557
1045	0.003450450024334862
1046	0.0034495257346289286
1047	0.003446952073155332
1048	0.0034443353424110936
1049	0.003442842693212766
1050	0.0034402439050945656
1051	0.0034381519850721206
1052	0.00343425017792478
1053	0.003430608358522361
1054	0.00342886659602981
1055	0.0034259245725166924
1056	0.0034225557804663646
1057	0.0034202815307493397
1058	0.0034178611489166324
1059	0.003412774176874426
1060	0.003407462807282906
1061	0.0034021542507819574
1062	0.0034009266488915263
1063	0.0033995292574385064
1064	0.0033928593808375857
1065	0.0033907375037360724
1066	0.003384564273657448
1067	0.0033785476276705444
1068	0.0033705628949844903
1069	0.0033675596409039423
1070	0.003362265010821719
1071	0.0033552569880420198
1072	0.003352899039857467
1073	0.0033388235864405713
1074	0.0033348371539206985
1075	0.0033292974816254203
1076	0.0033198801970351567
1077	0.0033185165384037535
1078	0.0033087144893973112
1079	0.0033056828421837684
1080	0.0032950901828348853
1081	0.003282769749532497
1082	0.003271720238281683
1083	0.0032588396836564764
1084	0.0032533310985846725
1085	0.0032274636503882067
1086	0.0032027397782372234
1087	0.0031933270752321405
1088	0.003188638962788537
1089	0.0031584325280785645
1090	0.0031508419140955147
1091	0.0031290054998971907
1092	0.0031228012312720984
1093	0.0030974201246617133
1094	0.003090875359394807
1095	0.0030859705693600803
1096	0.003083065629823048
1097	0.003081043264470258
1098	0.0030763278772641053
1099	0.0030740255813015032
1100	0.003070274770620408
1101	0.003069010970512936
1102	0.003067166542648263
1103	0.003065172481301225
1104	0.003062607192936909
1105	0.0030593596572506725
1106	0.0030570559827252704
1107	0.003052340628612161
1108	0.0030478012063546683
1109	0.0030399430510907204
1110	0.0030392319547281107
1111	0.0030374490347960066
1112	0.003032684382166604
1113	0.0030320045380729677
1114	0.0030237258726047906
1115	0.00302234931135397
1116	0.0030164937281196864
1117	0.003007939399322259
1118	0.0030037640329773027
1119	0.003002377165356808
1120	0.0029976989664232405
1121	0.0029894677195210265
1122	0.002987250148102539
1123	0.0029804928622993655
1124	0.0029622566528949915
1125	0.0029581388674142567
1126	0.0029446550388190222
1127	0.0029431985751260954
1128	0.002928440269319077
1129	0.0029270107969304403
1130	0.0029181514277063485
1131	0.002904511609944574
1132	0.002902946620344516
1133	0.002889212096288258
1134	0.002875528415995384
1135	0.0028707533909224105
1136	0.0028566727027026216
1137	0.0028450712494011514
1138	0.0028411128830080966
1139	0.002808336879701989
1140	0.002797794125180962
1141	0.0027863392429496726
1142	0.002776033411603276
1143	0.002768661967236864
1144	0.0027654281731360844
1145	0.002753526727362642
1146	0.0027486064468703986
1147	0.0027411888704110274
1148	0.002736037597748997
1149	0.0027253430362641135
1150	0.0027162515143900586
1151	0.0027031956535414877
1152	0.002695244584859342
1153	0.00268321729797346
1154	0.0026716665219148573
1155	0.0026568703475930255
1156	0.002651388170938639
1157	0.0026435120507697727
1158	0.0026282570548657636
1159	0.002610744594948909
1160	0.0026028556345062386
1161	0.002582891640232712
1162	0.002571319886894833
1163	0.002556507487250223
1164	0.00254016595537179
1165	0.0025298783992554258
1166	0.002516745730111858
1167	0.002508731418761075
1168	0.0025054991009857376
1169	0.0025019259014789253
1170	0.002496687024671154
1171	0.002495371792427691
1172	0.00248892035772449
1173	0.0024853589371542626
1174	0.002483711574951805
1175	0.002478595970973238
1176	0.0024717588762480686
1177	0.0024706262081176564
1178	0.002467399171210448
1179	0.002464879473423182
1180	0.002461250028589836
1181	0.0024590633638843155
1182	0.0024571411868358774
1183	0.002455832368176777
1184	0.0024537740707256286
1185	0.0024514034853751468
1186	0.0024488047580671288
1187	0.0024455497008847595
1188	0.0024437397141068703
1189	0.0024422075681497075
1190	0.002439511128619062
1191	0.0024380908134258184
1192	0.002437558543698178
1193	0.002437004450723393
1194	0.0024361741771481973
1195	0.0024358417564305803
1196	0.002435392779434759
1197	0.002434798807523777
1198	0.0024341134819554364
1199	0.0024334698714835964
1200	0.002433053444827695
1201	0.002432834901390987
1202	0.00243227608329881
1203	0.002431608485439983
1204	0.0024309998524856325
1205	0.002430568070323438
1206	0.002430127205510021
1207	0.0024290605938908304
1208	0.002428381487433262
1209	0.0024279862365602658
1210	0.002426643178756625
1211	0.0024252030019486833
1212	0.002424705024454667
1213	0.002422943654738246
1214	0.0024213490465414414
1215	0.0024196082243128905
1216	0.0024185319774275727
1217	0.0024174834352696014
1218	0.0024156545853501236
1219	0.0024145613970050443
1220	0.0024116784861921404
1221	0.0024098784172905123
1222	0.0024066673185433756
1223	0.0024050026621525865
1224	0.0024002663884966358
1225	0.002397049076554693
1226	0.0023945977031343637
1227	0.002389538060514254
1228	0.0023886381863402243
1229	0.0023840206946061787
1230	0.0023814051241718487
1231	0.0023773237197488935
1232	0.002373729830717919
1233	0.00237098632400337
1234	0.0023656891791043353
1235	0.0023595972000534093
1236	0.002354361270471042
1237	0.002349464672186025
1238	0.0023479068882395443
1239	0.0023428103732995947
1240	0.0023388888194738893
1241	0.0023304641132145306
1242	0.0023264528354628783
1243	0.0023182681800217116
1244	0.002312426388447467
1245	0.0023046779425024053
1246	0.0022999416067590152
1247	0.002288103611714126
1248	0.0022822209313401944
1249	0.002280254013081226
1250	0.0022775396397011617
1251	0.0022694377147514117
1252	0.002266717211924633
1253	0.002265196084286223
1254	0.00226421111038584
1255	0.002263917075525129
1256	0.002263241793037728
1257	0.0022625190333731863
1258	0.002261803218974648
1259	0.0022612148731621946
1260	0.0022600356256302664
1261	0.002259506291609714
1262	0.0022588346206085202
1263	0.002257962595131676
1264	0.0022574913510521465
1265	0.0022570177828966117
1266	0.002255362415147697
1267	0.0022540164359023404
1268	0.0022534408645256796
1269	0.0022526326789586706
1270	0.0022507084483206164
1271	0.0022504695305158684
1272	0.0022492897545541304
1273	0.002248172599312369
1274	0.002247398780282847
1275	0.002245005333440539
1276	0.002244169877688085
1277	0.002242062635930955
1278	0.002240977159999504
1279	0.002240670879374675
1280	0.0022390251869792125
1281	0.0022365608219170486
1282	0.0022353103670358357
1283	0.002234470416313228
1284	0.002233937600764972
1285	0.002233176504539955
1286	0.0022328281259242516
1287	0.0022323247997172307
1288	0.00223157289235876
1289	0.002231063251232138
1290	0.002230423615237599
1291	0.0022298518049605324
1292	0.0022293346014683056
1293	0.002228332888212497
1294	0.0022276004068750837
1295	0.0022271864865077372
1296	0.002225786051353403
1297	0.0022255379428062533
1298	0.0022249090362644877
1299	0.0022241945801799775
1300	0.002223911983752083
1301	0.002223496259200099
1302	0.0022228102525569584
1303	0.002222510258191928
1304	0.002222029083462894
1305	0.0022215916368134797
1306	0.0022209054288142072
1307	0.0022205960928173086
1308	0.002219771705780268
1309	0.0022187201946177026
1310	0.0022183022077448358
1311	0.002217933034603945
1312	0.0022173291487222104
1313	0.0022170983136723553
1314	0.0022166891903346764
1315	0.0022164489063440426
1316	0.00221619371841226
1317	0.002215751747799533
1318	0.00221554550312678
1319	0.0022152254350718144
1320	0.0022150733036021397
1321	0.00221488849003033
1322	0.0022145638532408652
1323	0.002214325861922264
1324	0.002213781894365971
1325	0.0022133732099169526
1326	0.0022131335732345323
1327	0.0022127258083533964
1328	0.0022123663454534457
1329	0.002211884091805391
1330	0.0022113395913048663
1331	0.0022107488423844216
1332	0.0022099333649262445
1333	0.0022092304492236877
1334	0.002208411284053273
1335	0.0022078509609210636
1336	0.0022067949233071124
1337	0.0022057426611875566
1338	0.002204358163665832
1339	0.0022031573906120994
1340	0.0022018581131113216
1341	0.0022010739880744716
1342	0.002200690867348011
1343	0.0021986253669783735
1344	0.002196391357972263
1345	0.002195844290300763
1346	0.0021945578903583684
1347	0.002193252866363997
1348	0.002190140458232361
1349	0.002189842700234757
1350	0.0021863037643309723
1351	0.0021850817497667007
1352	0.002183655505134294
1353	0.002182599892707683
1354	0.002181603291169181
1355	0.0021785553878462638
1356	0.002177319485792945
1357	0.0021763819798140192
1358	0.0021741396991945055
1359	0.0021694781028238123
1360	0.002168491274944097
1361	0.0021631559325179703
1362	0.002161939147734758
1363	0.002161035899571798
1364	0.002159150484713299
1365	0.0021569837246358816
1366	0.002154854519769794
1367	0.0021526409369073502
1368	0.0021500861627926065
1369	0.0021489074814228823
1370	0.002147108057314054
1371	0.0021461343060649313
1372	0.002145468406511179
1373	0.002145243831608172
1374	0.002144390728309639
1375	0.0021437319811521255
1376	0.0021428667967272382
1377	0.002142451063134299
1378	0.0021415070948215625
1379	0.002140297296339735
1380	0.0021397259045827306
1381	0.002138045070256808
1382	0.0021376995995518746
1383	0.0021367941001058694
1384	0.0021359239946109917
1385	0.002135185384994963
1386	0.00213449457669899
1387	0.002133381561333787
1388	0.002132279917876001
1389	0.0021315893537138223
1390	0.0021310608366650005
1391	0.00213054711000156
1392	0.0021301979761330194
1393	0.0021292848612285377
1394	0.0021287155805385055
1395	0.0021282173875954583
1396	0.002127366196412804
1397	0.0021270382798751247
1398	0.002126423696245658
1399	0.002125735811503958
1400	0.0021253092818812394
1401	0.002124469264464965
1402	0.002124098193911537
1403	0.0021237795133596873
1404	0.0021231920278976433
1405	0.0021221401642278767
1406	0.002121540606565075
1407	0.0021207707484836133
1408	0.002120257816583808
1409	0.0021199136221425234
1410	0.0021193379800281656
1411	0.002117921122664381
1412	0.0021167500273558113
1413	0.0021165112267786594
1414	0.0021146042982273395
1415	0.002113781159399935
1416	0.0021130211543429847
1417	0.0021112317333282556
1418	0.002108955577779336
1419	0.0021084827891719466
1420	0.002106951907154274
1421	0.0021056164403273213
1422	0.002104633771734733
1423	0.0021025258266510333
1424	0.002102444948900909
1425	0.00210213436664745
1426	0.002100849772142797
1427	0.0020998133350986726
1428	0.0020995210316309717
1429	0.0020987753595888736
1430	0.0020977390502594944
1431	0.002097480760126217
1432	0.0020971326911622627
1433	0.0020968086048934174
1434	0.0020965969919017834
1435	0.0020964029845572745
1436	0.002096294316673087
1437	0.0020961495974078153
1438	0.0020960375978595824
1439	0.002095985286909557
1440	0.0020958353753353807
1441	0.0020957202163575336
1442	0.0020956222244875393
1443	0.0020955844652026747
1444	0.002095493010576767
1445	0.002095339786288421
1446	0.002095209105950133
1447	0.00209512481962068
1448	0.002095051417742195
1449	0.0020949542920789487
1450	0.0020948670190993304
1451	0.0020947509128760823
1452	0.0020946644996526834
1453	0.0020944552132484283
1454	0.0020943355985561718
1455	0.0020941772076771784
1456	0.002094021002888947
1457	0.0020938894029210267
1458	0.0020937804620617716
1459	0.002093609330895639
1460	0.002093451798338049
1461	0.002093365469900821
1462	0.0020931599636834276
1463	0.002093083331518272
1464	0.0020929377207782552
1465	0.0020928424396880916
1466	0.0020924866879054723
1467	0.002092332419279813
1468	0.0020919180565460316
1469	0.0020917997508972234
1470	0.0020915319235786105
1471	0.002091036315349555
1472	0.0020908676659047326
1473	0.0020905648774250936
1474	0.002090284909105865
1475	0.002089861942430891
1476	0.0020897477181470803
1477	0.0020891980260229915
1478	0.0020887692352180636
1479	0.00208862913133929
1480	0.0020880886193475404
1481	0.002087752949998296
1482	0.002086898504559272
1483	0.0020863057542483696
1484	0.0020858434121774063
1485	0.0020850850251232325
1486	0.0020849745082401586
1487	0.0020843978127022753
1488	0.0020836371144479534
1489	0.002082666804709384
1490	0.0020809673390947917
1491	0.0020808115239185927
1492	0.002079787630516208
1493	0.002077869596896144
1494	0.0020776826493627636
1495	0.002076952009274968
1496	0.0020740847677500705
1497	0.0020726842035039073
1498	0.002071899710637973
1499	0.0020685386133960956
1500	0.002068508904962756
1501	0.002063873064135151
1502	0.0020616386900579264
1503	0.0020574629505745105
1504	0.002053539143783639
1505	0.002050155147741467
1506	0.002044301776687734
1507	0.002038255087523689
1508	0.0020380704802678965
1509	0.002029267103600294
1510	0.002026029434893742
1511	0.002022476056574912
1512	0.0020196946235949607
1513	0.0020105647512836163
1514	0.0020066530971422397
1515	0.0020045926532788576
1516	0.0019942989577811467
1517	0.001990379425609701
1518	0.001980100377282354
1519	0.001979888414276621
1520	0.001957162350503671
1521	0.0019479582379932742
1522	0.0019478684400671777
1523	0.0019357544051093725
1524	0.0019183329383023263
1525	0.0019001758575474669
1526	0.0018919188423640965
1527	0.0018781115010794633
1528	0.0018778224514258701
1529	0.0018773913744474435
1530	0.001845042927559525
1531	0.0018277548435803221
1532	0.0018141310890755766
1533	0.0018033083050367563
1534	0.0017758311014160445
1535	0.001754420965244444
1536	0.0017329753952936258
1537	0.0017280273748811114
1538	0.0016937963337028965
1539	0.0016634373782141517
1540	0.0016440240442727324
1541	0.0016312772364201339
1542	0.0016198529645666268
1543	0.001605552780874954
1544	0.001600262294869817
1545	0.0015999409313577392
1546	0.0015997650513529167
1547	0.001599652997663948
1548	0.0015995872098147094
1549	0.0015994612557094676
1550	0.0015993318564593198
1551	0.0015992398513380113
1552	0.0015991474042177127
1553	0.001599062177847259
1554	0.0015989507239515992
1555	0.0015987444691836516
1556	0.0015985413262674093
1557	0.0015983455977680227
1558	0.0015982347719514282
1559	0.0015981116430328684
1560	0.0015978988993240932
1561	0.0015977527002195848
1562	0.0015976167547113599
1563	0.001597461804530171
1564	0.001597322410675219
1565	0.001596941048335976
1566	0.001596791212158245
1567	0.0015964843524848378
1568	0.0015963197636028358
1569	0.001596066621764238
1570	0.0015958307951450743
1571	0.0015952955949983076
1572	0.001594986749307816
1573	0.0015944491803929792
1574	0.0015941735233985896
1575	0.001593793005494447
1576	0.0015932680394711728
1577	0.001592708686996819
1578	0.0015925103287370804
1579	0.001591907908030145
1580	0.0015913854392715118
1581	0.0015904163118063812
1582	0.001589777492497135
1583	0.0015896285583863587
1584	0.0015890729766633498
1585	0.0015883841025661034
1586	0.001588156900671336
1587	0.00158770189959012
1588	0.0015875753882533567
1589	0.0015871653768726325
1590	0.0015867064352859475
1591	0.0015863972600416438
1592	0.0015858628842549533
1593	0.0015852095213028546
1594	0.001584946891014494
1595	0.0015843108486501213
1596	0.0015838053862051555
1597	0.0015832240051302559
1598	0.0015826935981987167
1599	0.001581984936974816
1600	0.0015816311087910118
1601	0.0015814147433214603
1602	0.0015808800208540696
1603	0.001580648682727724
1604	0.001580215216320776
1605	0.0015799110399914082
1606	0.0015797728354388914
1607	0.0015794582783899619
1608	0.0015792909532102296
1609	0.0015786949966675307
1610	0.001578142891768391
1611	0.001577273246937421
1612	0.0015771576313132155
1613	0.0015765184220104167
1614	0.001575681025294101
1615	0.0015750369915243589
1616	0.0015742792298362378
1617	0.001573707789904398
1618	0.0015728107643525
1619	0.0015710691394445677
1620	0.0015702300582638297
1621	0.0015680029262514158
1622	0.0015675567945989295
1623	0.0015662709901608635
1624	0.001562939713697087
1625	0.0015613265838400506
1626	0.0015586343719831961
1627	0.001556192776197685
1628	0.0015547492983986146
1629	0.001552618677006743
1630	0.0015498626863231903
1631	0.001547332308980328
1632	0.0015459587273183148
1633	0.0015456200508700598
1634	0.0015453094583162382
1635	0.0015448394862382674
1636	0.0015443414248843658
1637	0.0015441722904010484
1638	0.0015440636187408136
1639	0.0015438249489445226
1640	0.0015437090381891447
1641	0.001543450015408453
1642	0.0015432482258707345
1643	0.0015430943567222633
1644	0.0015430217073504132
1645	0.0015428568864831915
1646	0.0015426744401833166
1647	0.0015426393222182527
1648	0.0015425718681393878
1649	0.0015424713266551312
1650	0.0015424040728091652
1651	0.001542322139985115
1652	0.0015422425299220096
1653	0.00154217278491438
1654	0.0015421166466601155
1655	0.0015419796982270922
1656	0.0015418801457283944
1657	0.0015417788960589017
1658	0.0015416840733226322
1659	0.0015415434483929257
1660	0.0015414363548797215
1661	0.0015413428153981217
1662	0.001541163559388483
1663	0.0015410320795495565
1664	0.001540829603367951
1665	0.0015406729856050133
1666	0.001540562240768339
1667	0.0015403820928610037
1668	0.0015402382386757937
1669	0.0015400969805721319
1670	0.0015398906056029995
1671	0.0015397393479311778
1672	0.0015395241568088593
1673	0.0015393728286636048
1674	0.0015391672783805282
1675	0.0015390913084061208
1676	0.0015389095232322104
1677	0.0015384593096251927
1678	0.0015382856260788187
1679	0.0015382396455032854
1680	0.0015380510753579323
1681	0.001537710120165686
1682	0.0015375442004732242
1683	0.0015371100840292213
1684	0.0015369080435685698
1685	0.0015363108841944283
1686	0.0015360755462883629
1687	0.00153589678502414
1688	0.0015354038426749683
1689	0.001535114332295265
1690	0.0015349768511672649
1691	0.0015349463007037671
1692	0.001534653098633547
1693	0.0015342764018334376
1694	0.001533800167958214
1695	0.001533247641452684
1696	0.0015329576714539174
1697	0.0015325626824659834
1698	0.0015323914105632
1699	0.0015321264434258177
1700	0.0015317040051444795
1701	0.0015311467076660318
1702	0.001530787329090098
1703	0.001530707116984034
1704	0.0015299244990649794
1705	0.0015292188480498397
1706	0.0015287626634576455
1707	0.0015278571849705032
1708	0.0015273021524940748
1709	0.0015271775855754315
1710	0.0015266941424369829
1711	0.001526426956766106
1712	0.0015260469104969997
1713	0.001525906802875647
1714	0.0015255330901342806
1715	0.0015253796880909448
1716	0.0015252150789145024
1717	0.0015250709673252363
1718	0.0015249665080252076
1719	0.0015247959748274232
1720	0.0015247265383936406
1721	0.0015245590290077283
1722	0.0015243840258752637
1723	0.0015242891274000658
1724	0.001524198698896692
1725	0.0015241147560109837
1726	0.0015239144870857135
1727	0.0015237935918725476
1728	0.001523763885682098
1729	0.0015236324146994345
1730	0.0015235569371247458
1731	0.0015234668102276495
1732	0.0015234133042229805
1733	0.001523294002750488
1734	0.0015231803645731983
1735	0.0015230832618744724
1736	0.0015229640399459028
1737	0.0015228809673258706
1738	0.0015226721637565724
1739	0.001522443673024479
1740	0.0015222954546107116
1741	0.0015221732007081952
1742	0.001522104737459793
1743	0.0015218396950745989
1744	0.0015216334510285863
1745	0.0015216253712165208
1746	0.0015212283001104657
1747	0.001521185826559699
1748	0.001520775965919961
1749	0.0015205177175599811
1750	0.0015201675686343863
1751	0.001519851306104017
1752	0.0015195434898721534
1753	0.0015190874101188325
1754	0.0015186742530313548
1755	0.0015179842970227011
1756	0.001517663344380979
1757	0.0015169896613903343
1758	0.0015168323948409614
1759	0.0015163478180079636
1760	0.0015158406619406864
1761	0.001515571644534898
1762	0.001515418208779966
1763	0.0015152450513427301
1764	0.0015152078343674878
1765	0.0015151352774784804
1766	0.001514871407909397
1767	0.0015148063540933265
1768	0.0015145449880785242
1769	0.001514482587058509
1770	0.0015143423949537257
1771	0.0015140879298538945
1772	0.0015140695009647773
1773	0.0015138670105214653
1774	0.001513850458551819
1775	0.00151364729948208
1776	0.0015132336555651147
1777	0.0015130584674472878
1778	0.0015127745790350744
1779	0.001512382678287677
1780	0.0015121395209429416
1781	0.0015119727773500221
1782	0.0015118516241774626
1783	0.0015116242029714075
1784	0.0015111705884762812
1785	0.001511068964477787
1786	0.0015108897775842052
1787	0.0015106894263503608
1788	0.001510622690959842
1789	0.0015105817790176054
1790	0.0015104715423379723
1791	0.0015103916240068818
1792	0.001510299671575874
1793	0.0015102281103391469
1794	0.001510116064263407
1795	0.0015100231945774853
1796	0.0015099114742731464
1797	0.0015098633514233674
1798	0.0015097193180362422
1799	0.0015095754669068135
1800	0.0015094512891085797
1801	0.0015092839256319113
1802	0.0015091603778487049
1803	0.001509082290339208
1804	0.001508918888494458
1805	0.001508746355419052
1806	0.0015086211277114735
1807	0.0015084081733255858
1808	0.0015080880179803241
1809	0.0015079708189543032
1810	0.0015078638528415753
1811	0.001507605997845324
1812	0.0015073583674360944
1813	0.001507187377900226
1814	0.0015068822299843943
1815	0.0015065866054227504
1816	0.0015062405883040622
1817	0.0015057161360492839
1818	0.0015055976318381437
1819	0.0015052533291826792
1820	0.0015049908790503313
1821	0.001504414852879388
1822	0.00150434403728947
1823	0.0015039353081850704
1824	0.001503847524595202
1825	0.001503481791233805
1826	0.0015029283491996568
1827	0.0015028008075110824
1828	0.0015027338297231606
1829	0.0015022305606008962
1830	0.0015020021398829428
1831	0.0015013593792695297
1832	0.001501115838021727
1833	0.001500988494593827
1834	0.0015008541706495774
1835	0.00150045052701642
1836	0.001499850898170817
1837	0.001499687629971426
1838	0.0014995345422233628
1839	0.001499277258931843
1840	0.0014990764346186874
1841	0.0014988213734457073
1842	0.0014987527236456361
1843	0.0014986113976451756
1844	0.0014985340851957016
1845	0.001498501456967339
1846	0.0014984430302096986
1847	0.0014983600515453158
1848	0.0014982151365271598
1849	0.0014981762466531599
1850	0.0014980927315335559
1851	0.0014980200992418325
1852	0.001497860086473278
1853	0.0014977791415524478
1854	0.0014977101333617175
1855	0.0014976405271440567
1856	0.001497595998507502
1857	0.0014975803776614805
1858	0.0014974867909337026
1859	0.001497367448673303
1860	0.001497305284378024
1861	0.0014972915343052823
1862	0.0014972284477921744
1863	0.0014971277833853575
1864	0.001497061951007905
1865	0.0014969227220890057
1866	0.001496911804244647
1867	0.0014967781801619115
1868	0.001496685474457238
1869	0.0014966437315838822
1870	0.001496558177320046
1871	0.001496435396259528
1872	0.0014963902711221607
1873	0.0014963274914433743
1874	0.0014962919913284302
1875	0.0014962429978316938
1876	0.0014961947761679196
1877	0.0014961268671235678
1878	0.0014960711145373346
1879	0.0014960377150705154
1880	0.0014959602711632134
1881	0.0014958831961193217
1882	0.00149580969509354
1883	0.001495704418615348
1884	0.0014956488239169033
1885	0.001495502154953323
1886	0.0014954109256126828
1887	0.0014952659707709378
1888	0.0014951833710660693
1889	0.0014951481527363674
1890	0.0014950584398518156
1891	0.0014949690598682923
1892	0.0014948772269956668
1893	0.0014948029163641275
1894	0.0014946536306686326
1895	0.0014945677785712258
1896	0.0014943573090677998
1897	0.0014942444868845603
1898	0.0014941781816149844
1899	0.0014939801415173636
1900	0.0014938938179328942
1901	0.001493762555305368
1902	0.0014934407517156378
1903	0.0014931738485571206
1904	0.0014929945587436229
1905	0.0014926798846297122
1906	0.0014923858456675177
1907	0.001492005616057799
1908	0.0014918338051991954
1909	0.0014912113657769518
1910	0.0014907628941918077
1911	0.0014904314837581244
1912	0.0014902358726262127
1913	0.001489532335048445
1914	0.0014891676374181766
1915	0.0014886620393155501
1916	0.0014877422659313445
1917	0.0014870007488588073
1918	0.0014860538056757717
1919	0.0014854160021513345
1920	0.0014844913189271775
1921	0.0014836844970472789
1922	0.0014825725854517753
1923	0.0014812879729299469
1924	0.0014802019904896664
1925	0.001479615850835475
1926	0.001478218800783905
1927	0.001477371622309668
1928	0.001475645376790642
1929	0.0014747774583733393
1930	0.0014745910761865474
1931	0.0014734157416329175
1932	0.0014711964718271185
1933	0.0014707452118909352
1934	0.0014702458266747612
1935	0.0014690859537616618
1936	0.001468689842273296
1937	0.001468004579153365
1938	0.0014673007923422178
1939	0.0014668410081252162
1940	0.0014665603342847414
1941	0.001465881383593393
1942	0.0014653711015966116
1943	0.0014643127556779206
1944	0.001463677631428882
1945	0.0014627517456224236
1946	0.001461680731402817
1947	0.0014614578319622961
1948	0.0014609052124223377
1949	0.0014601638314095972
1950	0.0014594327216871576
1951	0.0014585482479345106
1952	0.0014574509994899406
1953	0.0014568333052585186
1954	0.001455736887518884
1955	0.0014553637184055279
1956	0.001454227753756521
1957	0.0014537034506562397
1958	0.0014530491925888636
1959	0.001452203496414872
1960	0.0014517099573337676
1961	0.0014508997099849303
1962	0.0014499411677876613
1963	0.001449526786039329
1964	0.0014490420548859016
1965	0.0014485019040938775
1966	0.0014482824988306627
1967	0.0014478596755416935
1968	0.0014471327985321114
1969	0.0014467338206432133
1970	0.0014464011523185538
1971	0.0014446767178688173
1972	0.0014444350966161246
1973	0.001443816072573984
1974	0.0014424793104401527
1975	0.0014400878728293195
1976	0.0014400623925048454
1977	0.001440028202296456
1978	0.0014384176715042053
1979	0.001436075237522047
1980	0.0014346916935376783
1981	0.0014282580728409429
1982	0.0014230127554300282
1983	0.0014024612600835433
1984	0.0013930083588233602
1985	0.0013783207149563738
1986	0.0013461187358842644
1987	0.001328715818470365
1988	0.0012950319968337287
1989	0.0011908328324542676
1990	0.0011908182259003873
1991	0.0011065324543448015
1992	0.0010893962974436514
1993	9.911717197879507E-4
1994	9.911472221441893E-4
1995	9.67588303509369E-4
1996	9.523456838737578E-4
1997	9.515493948334373E-4
1998	9.322777925123444E-4
1999	9.247773957721286E-4
2000	9.204969568943583E-4
2001	9.140729061740128E-4
2002	9.05204620312595E-4
2003	8.924218068720617E-4
2004	8.921963644174383E-4
2005	8.9019214878462E-4
2006	8.797189078990463E-4
2007	8.796380214391752E-4
2008	8.64275935229775E-4
2009	8.564720190670164E-4
2010	8.554564228869769E-4
2011	8.466116940059682E-4
2012	8.466037895961889E-4
2013	8.465950695802442E-4
2014	8.369518452614788E-4
2015	8.294234442581315E-4
2016	8.29417805898366E-4
2017	8.248539835724058E-4
2018	8.243174606360495E-4
2019	8.243045965616569E-4
2020	8.242984169147636E-4
2021	8.24294059242689E-4
2022	8.242835513523927E-4
2023	8.242769291527883E-4
2024	8.242386475576501E-4
2025	8.242269696150885E-4
2026	8.242115397149219E-4
2027	8.242012649652321E-4
2028	8.241904539804376E-4
2029	8.241733531541242E-4
2030	8.241670567813204E-4
2031	8.24155233754953E-4
2032	8.24147072453596E-4
2033	8.241298359933301E-4
2034	8.241061798825729E-4
2035	8.240983610257849E-4
2036	8.240714052992811E-4
2037	8.24059640729937E-4
2038	8.240456069112068E-4
2039	8.240177506732032E-4
2040	8.240017669372459E-4
2041	8.239431657047034E-4
2042	8.23926469995243E-4
2043	8.239087308068605E-4
2044	8.238609815607421E-4
2045	8.238219677362535E-4
2046	8.238132144426766E-4
2047	8.237978597830274E-4
2048	8.237675376172905E-4
2049	8.23720816243212E-4
2050	8.236828338136927E-4
2051	8.236133604759281E-4
2052	8.235745526744009E-4
2053	8.235631815796324E-4
2054	8.235266344746388E-4
2055	8.235209240846336E-4
2056	8.234628907886921E-4
2057	8.234209716495915E-4
2058	8.234073056895315E-4
2059	8.23348835724612E-4
2060	8.231950060500971E-4
2061	8.231091012999068E-4
2062	8.228829750629643E-4
2063	8.228628956985633E-4
2064	8.226299924558912E-4
2065	8.226202838873058E-4
2066	8.224030990348514E-4
2067	8.221960546019499E-4
2068	8.219887505327033E-4
2069	8.218751507668171E-4
2070	8.216170597382811E-4
2071	8.214714536493816E-4
2072	8.213568620092296E-4
2073	8.211336874461588E-4
2074	8.208953648081221E-4
2075	8.207212252676836E-4
2076	8.204782421079963E-4
2077	8.202362791423357E-4
2078	8.202185853748161E-4
2079	8.199393765180062E-4
2080	8.195391765676402E-4
2081	8.193187852061336E-4
2082	8.190455903490496E-4
2083	8.185837279717167E-4
2084	8.18261990827245E-4
2085	8.181614935141375E-4
2086	8.180214685971906E-4
2087	8.17917463322987E-4
2088	8.178715828147633E-4
2089	8.177657043059958E-4
2090	8.176085322448705E-4
2091	8.175948189089638E-4
2092	8.174700146310126E-4
2093	8.174460705437952E-4
2094	8.17339648750945E-4
2095	8.172880946054634E-4
2096	8.172354349696216E-4
2097	8.171305862781183E-4
2098	8.170943684426521E-4
2099	8.170367916016573E-4
2100	8.170062234137128E-4
2101	8.16954532259594E-4
2102	8.169178351187642E-4
2103	8.168461240373037E-4
2104	8.168268455180407E-4
2105	8.168175502607667E-4
2106	8.167749717368867E-4
2107	8.167401805822481E-4
2108	8.166960641430033E-4
2109	8.166630473084529E-4
2110	8.166164254654415E-4
2111	8.16584435066945E-4
2112	8.165542150173524E-4
2113	8.165486792230042E-4
2114	8.165397590176947E-4
2115	8.165193382913551E-4
2116	8.165119859676061E-4
2117	8.164859600209188E-4
2118	8.16477447622485E-4
2119	8.164602900363421E-4
2120	8.164384607290802E-4
2121	8.16403973516295E-4
2122	8.163739803573874E-4
2123	8.163571063376788E-4
2124	8.163293597730492E-4
2125	8.163224928308119E-4
2126	8.162657002378887E-4
2127	8.162262333748355E-4
2128	8.161932377571914E-4
2129	8.161560332716847E-4
2130	8.160929304942197E-4
2131	8.160739256933634E-4
2132	8.160029332611068E-4
2133	8.159380986750605E-4
2134	8.159160903102922E-4
2135	8.158509600199464E-4
2136	8.157685791039224E-4
2137	8.157499230663026E-4
2138	8.156947452380904E-4
2139	8.156325797619121E-4
2140	8.155339138003145E-4
2141	8.155264633443137E-4
2142	8.154347493924568E-4
2143	8.153838362216383E-4
2144	8.151728198001129E-4
2145	8.151700799609925E-4
2146	8.151440391063346E-4
2147	8.150369378318608E-4
2148	8.149885242440068E-4
2149	8.149331342502505E-4
2150	8.147990125570928E-4
2151	8.147663990236691E-4
2152	8.147534307242193E-4
2153	8.147408152634432E-4
2154	8.147343870764024E-4
2155	8.147110434437726E-4
2156	8.146828313601148E-4
2157	8.146648754037354E-4
2158	8.146376231921137E-4
2159	8.146077731546978E-4
2160	8.145911650373643E-4
2161	8.145606862183729E-4
2162	8.14535068472398E-4
2163	8.145137815943788E-4
2164	8.144730766505777E-4
2165	8.144285365167745E-4
2166	8.14368904125285E-4
2167	8.1435248270793E-4
2168	8.142882460961901E-4
2169	8.14225612501561E-4
2170	8.141829223201194E-4
2171	8.141444214613055E-4
2172	8.140491490185635E-4
2173	8.139984351071197E-4
2174	8.138829267686146E-4
2175	8.138677785999652E-4
2176	8.137646948829301E-4
2177	8.136795502607053E-4
2178	8.136000926079778E-4
2179	8.134838654292965E-4
2180	8.134457549062475E-4
2181	8.133923473399894E-4
2182	8.132745715635413E-4
2183	8.131805718569522E-4
2184	8.131279194106032E-4
2185	8.128747518174295E-4
2186	8.127755014446257E-4
2187	8.126694915538909E-4
2188	8.12560044687393E-4
2189	8.12318664830564E-4
2190	8.12161300353879E-4
2191	8.119337968987791E-4
2192	8.116117292634058E-4
2193	8.114321348408978E-4
2194	8.111208699926833E-4
2195	8.109569408160713E-4
2196	8.102884164214085E-4
2197	8.098607272871171E-4
2198	8.094102660735424E-4
2199	8.090110215260558E-4
2200	8.081955130546856E-4
2201	8.074462321476863E-4
2202	8.070025006876076E-4
2203	8.063730560693567E-4
2204	8.048998311341877E-4
2205	8.04781217940134E-4
2206	8.043647990485554E-4
2207	8.032833310109977E-4
2208	8.016757100479737E-4
2209	8.007394463706265E-4
2210	8.002891441609677E-4
2211	7.993798479101782E-4
2212	7.990518365645065E-4
2213	7.98380677257104E-4
2214	7.978216889548743E-4
2215	7.969068944600992E-4
2216	7.967805728467768E-4
2217	7.966109998405627E-4
2218	7.963454062817852E-4
2219	7.963204329770937E-4
2220	7.961081612565062E-4
2221	7.958756397095678E-4
2222	7.958057538961157E-4
2223	7.957894363064055E-4
2224	7.957677347188509E-4
2225	7.957499749901363E-4
2226	7.95738919327852E-4
2227	7.95720545399642E-4
2228	7.957118341819411E-4
2229	7.957009714539243E-4
2230	7.956819112253506E-4
2231	7.956674155944088E-4
2232	7.9565632118367E-4
2233	7.956214342017397E-4
2234	7.956010752786898E-4
2235	7.955707069774357E-4
2236	7.955264617715406E-4
2237	7.955068833335686E-4
2238	7.954643627391735E-4
2239	7.954268018133375E-4
2240	7.954044920365966E-4
2241	7.953754703003564E-4
2242	7.953014368463411E-4
2243	7.95250924082124E-4
2244	7.952095175473518E-4
2245	7.951414603261902E-4
2246	7.950902459690809E-4
2247	7.950357285200352E-4
2248	7.949728705998743E-4
2249	7.94937905675723E-4
2250	7.948523069920575E-4
2251	7.947267087647971E-4
2252	7.946094682607377E-4
2253	7.94465250497028E-4
2254	7.944176375615243E-4
2255	7.94333862017867E-4
2256	7.941820994998161E-4
2257	7.941520539571882E-4
2258	7.940536115567241E-4
2259	7.939859596221447E-4
2260	7.938892286230791E-4
2261	7.938437779422995E-4
2262	7.936979437604099E-4
2263	7.936288120962994E-4
2264	7.935736803690582E-4
2265	7.93492270618161E-4
2266	7.933938552265177E-4
2267	7.932552344497402E-4
2268	7.931858203653363E-4
2269	7.929961679077565E-4
2270	7.929560717845414E-4
2271	7.926945517217175E-4
2272	7.92680751672928E-4
2273	7.92528121254857E-4
2274	7.924815179002387E-4
2275	7.923056180722513E-4
2276	7.921879196697447E-4
2277	7.92087674297304E-4
2278	7.920018299539468E-4
2279	7.919354938599121E-4
2280	7.919005303615005E-4
2281	7.91818162714082E-4
2282	7.91806652104969E-4
2283	7.917817011789601E-4
2284	7.917064203851136E-4
2285	7.916939702334425E-4
2286	7.915875882957396E-4
2287	7.915517077748319E-4
2288	7.914924296803461E-4
2289	7.913952344601114E-4
2290	7.913721322930818E-4
2291	7.912397269808407E-4
2292	7.912260268266378E-4
2293	7.911052693239365E-4
2294	7.909987233085303E-4
2295	7.908197234906385E-4
2296	7.905764877964097E-4
2297	7.905682494315378E-4
2298	7.9044334048161E-4
2299	7.901856205468781E-4
2300	7.900924729217826E-4
2301	7.899484316121781E-4
2302	7.895447164039799E-4
2303	7.893270657033187E-4
2304	7.888474121852039E-4
2305	7.887018309088794E-4
2306	7.886961686959977E-4
2307	7.880897461053509E-4
2308	7.880787783135205E-4
2309	7.875381155585802E-4
2310	7.874364283915069E-4
2311	7.871769531470645E-4
2312	7.868306956591639E-4
2313	7.863401916577671E-4
2314	7.858296248088998E-4
2315	7.849508324350997E-4
2316	7.844252500543974E-4
2317	7.836117946740649E-4
2318	7.822188297508682E-4
2319	7.816031570591758E-4
2320	7.806519623157434E-4
2321	7.801752333225166E-4
2322	7.777862147657073E-4
2323	7.758528155532515E-4
2324	7.751093293758685E-4
2325	7.732451509494967E-4
2326	7.723839878114953E-4
2327	7.711953364209027E-4
2328	7.669233586907423E-4
2329	7.6344417014301E-4
2330	7.614057579799037E-4
2331	7.597897045620351E-4
2332	7.564132693094181E-4
2333	7.527083278206002E-4
2334	7.497777327879398E-4
2335	7.43204471244106E-4
2336	7.354056158041648E-4
2337	7.354004627230866E-4
2338	7.318247973598398E-4
2339	7.283250243584094E-4
2340	7.175054676365113E-4
2341	7.137887373622651E-4
2342	7.048288934631061E-4
2343	6.967009353230602E-4
2344	6.938709434623537E-4
2345	6.78041127621629E-4
2346	6.779904459721929E-4
2347	6.703289871499082E-4
2348	6.648481397204154E-4
2349	6.46735776753086E-4
2350	6.413570385900523E-4
2351	6.36185608412377E-4
2352	6.307167682186477E-4
2353	6.178966796298518E-4
2354	6.039780094763604E-4
2355	5.991954701693548E-4
2356	5.991830790352548E-4
2357	5.893005444235159E-4
2358	5.864309961772641E-4
2359	5.832879790667319E-4
2360	5.82694702472246E-4
2361	5.826808248446919E-4
2362	5.826520952090655E-4
2363	5.826273857085805E-4
2364	5.825836647689824E-4
2365	5.825268107240231E-4
2366	5.825122154205811E-4
2367	5.824546513046026E-4
2368	5.824086464450241E-4
2369	5.823637322291857E-4
2370	5.822827276063375E-4
2371	5.821621866230575E-4
2372	5.821100257043169E-4
2373	5.819545586956068E-4
2374	5.818270613030648E-4
2375	5.81780167066297E-4
2376	5.816244263339662E-4
2377	5.81559673545631E-4
2378	5.8142171398882E-4
2379	5.813589382636083E-4
2380	5.812129733150089E-4
2381	5.810994343904749E-4
2382	5.81002972937696E-4
2383	5.809201344711341E-4
2384	5.807742967637192E-4
2385	5.807062340105619E-4
2386	5.806045413992335E-4
2387	5.805617099916206E-4
2388	5.805498762356168E-4
2389	5.804632499882313E-4
2390	5.804468958689454E-4
2391	5.804172258606491E-4
2392	5.803851866064914E-4
2393	5.803795784808865E-4
2394	5.803272822715904E-4
2395	5.803173746353091E-4
2396	5.802859672301885E-4
2397	5.80235541093998E-4
2398	5.802130540142457E-4
2399	5.801252918339852E-4
2400	5.801111342689954E-4
2401	5.800960637392021E-4
2402	5.800458873635141E-4
2403	5.799688903168346E-4
2404	5.799173167755159E-4
2405	5.798937052527468E-4
2406	5.797890786712328E-4
2407	5.797408244176351E-4
2408	5.79681321468056E-4
2409	5.796348150742754E-4
2410	5.795610184989296E-4
2411	5.794756596019409E-4
2412	5.794018400333943E-4
2413	5.79339891332008E-4
2414	5.792858415148971E-4
2415	5.792672254842225E-4
2416	5.792422479023884E-4
2417	5.791983402844461E-4
2418	5.791816924037012E-4
2419	5.791656610423371E-4
2420	5.791564178587466E-4
2421	5.791409640903537E-4
2422	5.791278139000153E-4
2423	5.791118000423683E-4
2424	5.79104184222793E-4
2425	5.790932829213617E-4
2426	5.790865362055897E-4
2427	5.790776769058188E-4
2428	5.790645616293955E-4
2429	5.790596017940543E-4
2430	5.790527265867234E-4
2431	5.790407937308931E-4
2432	5.790342655214443E-4
2433	5.790242815433045E-4
2434	5.790178539669925E-4
2435	5.790047569957039E-4
2436	5.789972267899437E-4
2437	5.789825819242061E-4
2438	5.789757870943984E-4
2439	5.789612018981811E-4
2440	5.789509122962246E-4
2441	5.789436800240981E-4
2442	5.789314619637369E-4
2443	5.789114103035797E-4
2444	5.788938304618572E-4
2445	5.788641917813152E-4
2446	5.78832417716331E-4
2447	5.788107063277581E-4
2448	5.787882222488864E-4
2449	5.787698326419385E-4
2450	5.787491443837826E-4
2451	5.787067925607195E-4
2452	5.786678346131382E-4
2453	5.7862692711976E-4
2454	5.785955656325276E-4
2455	5.785537669287433E-4
2456	5.785110290383542E-4
2457	5.784517049904241E-4
2458	5.784077075525754E-4
2459	5.783457157185427E-4
2460	5.783345093483032E-4
2461	5.782742920324314E-4
2462	5.782111591056387E-4
2463	5.781745555007229E-4
2464	5.781008711384482E-4
2465	5.780233147092475E-4
2466	5.779414101790476E-4
2467	5.77901620198465E-4
2468	5.777619864675041E-4
2469	5.77654969836883E-4
2470	5.775494314252964E-4
2471	5.773802321408191E-4
2472	5.772282719824639E-4
2473	5.770618488470847E-4
2474	5.76865614904582E-4
2475	5.766704864812647E-4
2476	5.765430210189122E-4
2477	5.764167817750882E-4
2478	5.76167700384614E-4
2479	5.7598653497072E-4
2480	5.756447861720349E-4
2481	5.752132475831417E-4
2482	5.750727363471355E-4
2483	5.745852987474219E-4
2484	5.742840967504259E-4
2485	5.738229366222601E-4
2486	5.733730153495971E-4
2487	5.72830788343525E-4
2488	5.723526251118505E-4
2489	5.718206886641201E-4
2490	5.714088855318682E-4
2491	5.706918827491829E-4
2492	5.703239713104272E-4
2493	5.695813729185699E-4
2494	5.687320539821601E-4
2495	5.679471769294901E-4
2496	5.676191761951638E-4
2497	5.666758741348904E-4
2498	5.657053055707018E-4
2499	5.651938107155039E-4
2500	5.650086940738424E-4
2501	5.641338019544718E-4
2502	5.629829942504065E-4
2503	5.62094377043215E-4
2504	5.611356772824878E-4
2505	5.610466919588345E-4
2506	5.605017128508439E-4
2507	5.598709857149388E-4
2508	5.591199293039764E-4
2509	5.589993673007244E-4
2510	5.583164237641844E-4
2511	5.57935239810963E-4
2512	5.573139610632042E-4
2513	5.567160379517336E-4
2514	5.564211543285052E-4
2515	5.559671065363065E-4
2516	5.555059770405466E-4
2517	5.554822916168091E-4
2518	5.55480390484301E-4
2519	5.554396679040114E-4
2520	5.553882648575921E-4
2521	5.553861319467896E-4
2522	5.553825809912799E-4
2523	5.553803520506195E-4
2524	5.553705265974731E-4
2525	5.553626557522795E-4
2526	5.553594416225434E-4
2527	5.553552905099044E-4
2528	5.553530543536947E-4
2529	5.553516507726396E-4
2530	5.553469513911606E-4
2531	5.553423086168303E-4
2532	5.553381309133175E-4
2533	5.553353335800986E-4
2534	5.553330277598722E-4
2535	5.55332399107442E-4
2536	5.553284656277554E-4
2537	5.553236755905033E-4
2538	5.55321475322201E-4
2539	5.553186321328241E-4
2540	5.553134453905402E-4
2541	5.553100937439274E-4
2542	5.553091342813845E-4
2543	5.553031173108156E-4
2544	5.553009237795717E-4
2545	5.552957606025914E-4
2546	5.552904092310783E-4
2547	5.552829906952877E-4
2548	5.552759045010841E-4
2549	5.552720723718224E-4
2550	5.552643684264711E-4
2551	5.552557258661873E-4
2552	5.552492569948954E-4
2553	5.552397518204805E-4
2554	5.552285299606597E-4
2555	5.552284398442649E-4
2556	5.552213938186055E-4
2557	5.552018645474776E-4
2558	5.55199403703147E-4
2559	5.551921143848024E-4
2560	5.551803968008862E-4
2561	5.551759851846433E-4
2562	5.551642819476975E-4
2563	5.551566953042203E-4
2564	5.551407663213513E-4
2565	5.551288658961667E-4
2566	5.551240400160078E-4
2567	5.551094339555195E-4
2568	5.551054026843853E-4
2569	5.550876051008558E-4
2570	5.550738889980162E-4
2571	5.550565974078598E-4
2572	5.550275669136877E-4
2573	5.550231976886599E-4
2574	5.550042548817036E-4
2575	5.549683299499828E-4
2576	5.549423421503094E-4
2577	5.549244793057248E-4
2578	5.549105120134203E-4
2579	5.549100269175176E-4
2580	5.548679902054403E-4
2581	5.548609415138134E-4
2582	5.548046492486175E-4
2583	5.547833351529591E-4
2584	5.547544691314668E-4
2585	5.547490616783816E-4
2586	5.547484417421215E-4
2587	5.546817999752742E-4
2588	5.545969580869749E-4
2589	5.545938346190298E-4
2590	5.54523677110011E-4
2591	5.544772617110175E-4
2592	5.544762303827373E-4
2593	5.544675505654557E-4
2594	5.543623561428144E-4
2595	5.542902396712164E-4
2596	5.542088006987816E-4
2597	5.541540250264674E-4
2598	5.540924332173747E-4
2599	5.540671801146837E-4
2600	5.540495470110673E-4
2601	5.540435406652212E-4
2602	5.540397423611739E-4
2603	5.540342589992995E-4
2604	5.540259930487495E-4
2605	5.540233361110978E-4
2606	5.540192611940089E-4
2607	5.540067298984749E-4
2608	5.53998347314277E-4
2609	5.539828098514771E-4
2610	5.539773965091171E-4
2611	5.539691395145273E-4
2612	5.539619957042699E-4
2613	5.539498145989729E-4
2614	5.539266535948433E-4
2615	5.539103631658983E-4
2616	5.538916525095464E-4
2617	5.538678548152165E-4
2618	5.538515894515776E-4
2619	5.538169980230731E-4
2620	5.537931183693507E-4
2621	5.537539608363371E-4
2622	5.537223895576899E-4
2623	5.536988776812348E-4
2624	5.536677102114657E-4
2625	5.536287885520892E-4
2626	5.536000791575748E-4
2627	5.535580831569274E-4
2628	5.535309399639139E-4
2629	5.534689690744315E-4
2630	5.534236281690905E-4
2631	5.533824637164954E-4
2632	5.532972476257575E-4
2633	5.53247906294823E-4
2634	5.532126400493913E-4
2635	5.531303142904685E-4
2636	5.531013028570432E-4
2637	5.530339167362724E-4
2638	5.529395414436017E-4
2639	5.529060626973917E-4
2640	5.528700302240598E-4
2641	5.528367219781752E-4
2642	5.527390376244505E-4
2643	5.526997479636752E-4
2644	5.526478065277E-4
2645	5.525792702093905E-4
2646	5.525124437582271E-4
2647	5.524261705715044E-4
2648	5.522910842716584E-4
2649	5.522723518547137E-4
2650	5.521873447433458E-4
2651	5.521270992586278E-4
2652	5.520589457147924E-4
2653	5.520036664329379E-4
2654	5.519406300400397E-4
2655	5.519041535568259E-4
2656	5.518336676028288E-4
2657	5.517807936175391E-4
2658	5.516799110697574E-4
2659	5.516550521051347E-4
2660	5.516356351097054E-4
2661	5.515837843783923E-4
2662	5.514872166211698E-4
2663	5.514488207206771E-4
2664	5.513656624138534E-4
2665	5.512307080594059E-4
2666	5.511768045661261E-4
2667	5.51114943179909E-4
2668	5.510655587197719E-4
2669	5.509458568115466E-4
2670	5.508495456503184E-4
2671	5.507463797011684E-4
2672	5.507052233127574E-4
2673	5.505980370525761E-4
2674	5.504914319351547E-4
2675	5.504357152949168E-4
2676	5.503652854214412E-4
2677	5.503102752027611E-4
2678	5.501775678476945E-4
2679	5.500956043567571E-4
2680	5.500883581506267E-4
2681	5.498984888446148E-4
2682	5.498820398160078E-4
2683	5.497280398087186E-4
2684	5.497080008494902E-4
2685	5.495829962526276E-4
2686	5.495425313930906E-4
2687	5.492699257408505E-4
2688	5.491723577631632E-4
2689	5.490077894170881E-4
2690	5.487936362179105E-4
2691	5.48432502234927E-4
2692	5.483291049406535E-4
2693	5.479881760687687E-4
2694	5.478301634860271E-4
2695	5.473609658055502E-4
2696	5.47300782207418E-4
2697	5.471422271474813E-4
2698	5.464933632787303E-4
2699	5.456560893069596E-4
2700	5.450265314467772E-4
2701	5.447030585179213E-4
2702	5.439689878362457E-4
2703	5.430041650962264E-4
2704	5.425944168047943E-4
2705	5.414988704685707E-4
2706	5.412774143721072E-4
2707	5.40352385872477E-4
2708	5.393426576533807E-4
2709	5.387813530972684E-4
2710	5.379177308712962E-4
2711	5.376210709448977E-4
2712	5.36882088754036E-4
2713	5.352397921842966E-4
2714	5.33997605375732E-4
2715	5.325846364864286E-4
2716	5.321712930374645E-4
2717	5.292178165278082E-4
2718	5.277452915031613E-4
2719	5.246941738619639E-4
2720	5.244565019356799E-4
2721	5.203967514072191E-4
2722	5.194988188280795E-4
2723	5.147538132046397E-4
2724	5.10485959099629E-4
2725	5.072072575895357E-4
2726	4.956727332479349E-4
2727	4.908020835242033E-4
2728	4.8054539745542266E-4
2729	4.792007755224453E-4
2730	4.721277080133464E-4
2731	4.664227303659819E-4
2732	4.5411425456378805E-4
2733	4.457900874162607E-4
2734	4.421593962366177E-4
2735	4.3510747380076203E-4
2736	4.3160348034258333E-4
2737	4.2107100473188163E-4
2738	4.0980067279656405E-4
2739	3.935754105051394E-4
2740	3.935728008658213E-4
2741	3.732266113143494E-4
2742	3.6946782909433096E-4
2743	3.5104481253104875E-4
2744	3.451464527487213E-4
2745	3.0564727356644986E-4
2746	3.0563819642988706E-4
2747	2.8879977139700965E-4
2748	2.6600386040672835E-4
2749	2.3232800832077385E-4
2750	2.1357054412988257E-4
2751	1.92376705777576E-4
2752	1.7020888917975983E-4
2753	1.461998945879263E-4
2754	1.366918699147478E-4
2755	1.3042060532707998E-4
2756	1.2479457229248577E-4
2757	1.2373860997749421E-4
2758	1.2373784091828296E-4
2759	1.237292800259369E-4
2760	1.2372066472136138E-4
2761	1.2371594609849283E-4
2762	1.234816947189702E-4
2763	1.2322015560622886E-4
2764	1.2321717128763724E-4
2765	1.231648739073117E-4
2766	1.231474668589311E-4
2767	1.230159709057671E-4
2768	1.2300123926771176E-4
2769	1.2283836549914666E-4
2770	1.2270492095019068E-4
2771	1.2270006335081898E-4
2772	1.225708521518399E-4
2773	1.2252522586284788E-4
2774	1.2252349631295656E-4
2775	1.2246166692606E-4
2776	1.223874249904572E-4
2777	1.2238572090143656E-4
2778	1.223810966997245E-4
2779	1.2237964430373275E-4
2780	1.2237522204778002E-4
2781	1.2236919079913405E-4
2782	1.2236774059586807E-4
2783	1.223626085487515E-4
2784	1.2235800168096235E-4
2785	1.2235307525353586E-4
2786	1.2234496827157238E-4
2787	1.2233755808141697E-4
2788	1.2232165503043047E-4
2789	1.2231962578150948E-4
2790	1.2230452180121714E-4
2791	1.2228967981813566E-4
2792	1.2228824706499568E-4
2793	1.2226935904247207E-4
2794	1.2225306446369999E-4
2795	1.2223296680105675E-4
2796	1.2221071506001438E-4
2797	1.221964051609319E-4
2798	1.2216604923553006E-4
2799	1.2214739832335596E-4
2800	1.2212039519283273E-4
2801	1.2209690654179528E-4
2802	1.2205857468071258E-4
2803	1.2205037514307716E-4
2804	1.2197362283792565E-4
2805	1.2197211021136918E-4
2806	1.219487772320808E-4
2807	1.2186230741911651E-4
2808	1.217924176406066E-4
2809	1.21726933672657E-4
2810	1.2172671436357661E-4
2811	1.2169867026226416E-4
2812	1.2164480146897493E-4
2813	1.2160764494055709E-4
2814	1.2160706699724934E-4
2815	1.215739287392265E-4
2816	1.2138395777133876E-4
2817	1.2133548025429086E-4
2818	1.2117000055976634E-4
2819	1.2109404047461929E-4
2820	1.2105678432396453E-4
2821	1.2083640223288443E-4
2822	1.207769636232417E-4
2823	1.2068367518137486E-4
2824	1.2039043735754893E-4
2825	1.2026174677156094E-4
2826	1.1985631324192278E-4
2827	1.1931181427483835E-4
2828	1.1931134217054943E-4
2829	1.1928926404123384E-4
2830	1.1879865451701372E-4
2831	1.184107250699204E-4
2832	1.1787125264150445E-4
2833	1.176954425178358E-4
2834	1.1747216140098453E-4
2835	1.1741846008766609E-4
2836	1.1709784803268281E-4
2837	1.1677574208681738E-4
2838	1.1584450752461492E-4
2839	1.1551889718038015E-4
2840	1.1511249146834168E-4
2841	1.1510659445017407E-4
2842	1.1462390144782602E-4
2843	1.137793384687679E-4
2844	1.135369445841229E-4
2845	1.1331000599478061E-4
2846	1.1310322808399542E-4
2847	1.1245667927742802E-4
2848	1.1245300043181903E-4
2849	1.1227594591324047E-4
2850	1.1222670964333088E-4
2851	1.1212833702579109E-4
2852	1.1208584011835537E-4
2853	1.1205704132626308E-4
2854	1.1205565030650634E-4
2855	1.1205345759449861E-4
2856	1.120488212981761E-4
2857	1.119994820928335E-4
2858	1.1198886858366292E-4
2859	1.1193538031917037E-4
2860	1.1193497250882498E-4
2861	1.1193423053920698E-4
2862	1.1192849757247785E-4
2863	1.1191270877900911E-4
2864	1.1191255069986332E-4
2865	1.1191223286516297E-4
2866	1.1191178849839317E-4
2867	1.1191123844697255E-4
2868	1.1191115035214385E-4
2869	1.1191100665554479E-4
2870	1.1191026303745708E-4
2871	1.1191015646230202E-4
2872	1.1190935630119467E-4
2873	1.1190900530405529E-4
2874	1.1190878630354574E-4
2875	1.1190758991236362E-4
2876	1.1190751485273824E-4
2877	1.1190730193627191E-4
2878	1.1190643378873613E-4
2879	1.1190632344285381E-4
2880	1.119058698903929E-4
2881	1.1190559483997313E-4
2882	1.119054592862807E-4
2883	1.1190517470133067E-4
2884	1.1190465463464167E-4
2885	1.1190456452250729E-4
2886	1.1190439327669301E-4
2887	1.1190419365780627E-4
2888	1.1190412918100462E-4
2889	1.119038670691259E-4
2890	1.1190366785417762E-4
2891	1.119036176907336E-4
2892	1.1190333057928029E-4
2893	1.119031142134871E-4
2894	1.1190276080093626E-4
2895	1.1190242818445702E-4
2896	1.1190230727805782E-4
2897	1.1190169529381083E-4
2898	1.1190116700690658E-4
2899	1.1190100611639423E-4
2900	1.1190071644030169E-4
2901	1.1189997356605408E-4
2902	1.118996035037959E-4
2903	1.1189860801729438E-4
2904	1.1189776623217273E-4
2905	1.1189769359481284E-4
2906	1.1189691361821858E-4
2907	1.118963618307665E-4
2908	1.1189509201255342E-4
2909	1.1189461736845192E-4
2910	1.1189411877134963E-4
2911	1.1189255956671381E-4
2912	1.118916785309454E-4
2913	1.1189152894923752E-4
2914	1.1189108194662322E-4
2915	1.1188966699389258E-4
2916	1.1188773040501243E-4
2917	1.1188518713215751E-4
2918	1.118839948245259E-4
2919	1.1188182516893178E-4
2920	1.1187960990940306E-4
2921	1.1187748507502385E-4
2922	1.1187448045593661E-4
2923	1.1187314379436241E-4
2924	1.118712759525834E-4
2925	1.1186810336398924E-4
2926	1.118653417689589E-4
2927	1.1185984934791928E-4
2928	1.1185609183553375E-4
2929	1.1184972812631954E-4
2930	1.1183691168786834E-4
2931	1.1183050899855899E-4
2932	1.1182857041090086E-4
2933	1.1181864365860662E-4
2934	1.1180518628602429E-4
2935	1.117997734855104E-4
2936	1.1178209660270683E-4
2937	1.117685123333454E-4
2938	1.117592327242377E-4
2939	1.1174964928443469E-4
2940	1.1173278580604658E-4
2941	1.1170135907953188E-4
2942	1.1168774273402218E-4
2943	1.116579808589345E-4
2944	1.1164104465465927E-4
2945	1.1160017569566456E-4
2946	1.1158146382368243E-4
2947	1.1157209804816286E-4
2948	1.1151627443735848E-4
2949	1.1148809358308487E-4
2950	1.1145871956899121E-4
2951	1.1140902985407906E-4
2952	1.1135938857647483E-4
2953	1.1131810324003937E-4
2954	1.112483972316349E-4
2955	1.1123360346217985E-4
2956	1.1123006136503598E-4
2957	1.1115162105444572E-4
2958	1.1109019694067016E-4
2959	1.1108159846896E-4
2960	1.1105456281377033E-4
2961	1.1099860047091538E-4
2962	1.1099775931138248E-4
2963	1.1096600144910813E-4
2964	1.1096202096371458E-4
2965	1.1091545664603314E-4
2966	1.1091138017259747E-4
2967	1.1087904271755582E-4
2968	1.1085091999218452E-4
2969	1.1082308236918114E-4
2970	1.1081388717320248E-4
2971	1.1076346437498123E-4
2972	1.1074557561883782E-4
2973	1.1069353321859582E-4
2974	1.1064570484449671E-4
2975	1.1061866946053829E-4
2976	1.1050791379527045E-4
2977	1.1049573880118222E-4
2978	1.1041536218886521E-4
2979	1.1032196144885184E-4
2980	1.102443158587354E-4
2981	1.1002147315228513E-4
2982	1.0996435824900107E-4
2983	1.0992284921120908E-4
2984	1.0985773227360837E-4
2985	1.0978794756523794E-4
2986	1.0968652020447214E-4
2987	1.0961267232012021E-4
2988	1.095620833631006E-4
2989	1.0953505013555763E-4
2990	1.0947011457238253E-4
2991	1.0942750281849792E-4
2992	1.0939946636553434E-4
2993	1.0936798162407803E-4
2994	1.0930504617377891E-4
2995	1.0926495503891589E-4
2996	1.0921375354649953E-4
2997	1.0917990269149425E-4
2998	1.0912685835344974E-4
2999	1.0910431009007915E-4
3000	1.0903548293177659E-4
