1	1.902695510732781E10
2	2.214144192146353E9
3	1.0440968920359452E8
4	2.9676023541788038E7
5	1.197728807795587E7
6	1253385.1105064726
7	178720.7429032942
8	91092.04661463885
9	14928.162619226869
10	3572.9440671354446
11	1820.9339641772142
12	794.7643495299784
13	200.03697828464422
14	120.28950535247209
15	101.01782327347108
16	86.05660218222071
17	69.23752505941624
18	63.97357575181161
19	61.12041501098107
20	58.984340310065015
21	56.28284736405528
22	54.63074021958805
23	52.683327375630576
24	50.93877468325931
25	49.28943851806998
26	47.07454076951459
27	44.923845649895014
28	43.57505053074285
29	42.78982731537732
30	41.54761317013245
31	40.94685572555866
32	40.310848064446375
33	38.90981770298207
34	38.081434535644604
35	37.02149132503302
36	36.31793698400079
37	35.2757157609831
38	34.429715201442974
39	33.88628962103296
40	33.26291651752078
41	32.56110058894288
42	31.74990227936841
43	30.799522716096547
44	29.815946493053065
45	29.026208878152037
46	28.04680635532073
47	27.352930199638593
48	26.194261723110642
49	25.48992948924768
50	24.34311044511736
51	24.09129835238175
52	23.438126986321993
53	22.78926240088736
54	22.117491734481
55	21.590568851420958
56	20.954652115012017
57	20.129623220270254
58	19.471845489806366
59	18.961694586171344
60	18.551441835365893
61	18.185135269899618
62	17.523671356777147
63	17.073262695254268
64	16.63970881861989
65	16.222753412681087
66	15.74822965638047
67	15.171414095632333
68	14.732158317713592
69	14.30597151516435
70	13.8774130605283
71	13.458721071460722
72	13.236215404929125
73	12.973808291140523
74	12.56950233748093
75	12.276365357843591
76	11.785690828379556
77	11.486112331437585
78	11.09713141656368
79	10.746896955561853
80	10.480449568765184
81	10.058944120181776
82	9.882107262901984
83	9.725439798530294
84	9.548691142998829
85	9.293439926003726
86	9.035645745455044
87	8.809138380740098
88	8.6126445256823
89	8.373281531798952
90	8.133650847444509
91	7.955490255783741
92	7.7356012034391375
93	7.40281522110798
94	7.225150111121712
95	7.014074190131691
96	6.854836867985181
97	6.708003050265849
98	6.470797276946987
99	6.393650853474652
100	6.224968381436821
101	6.013036927924621
102	5.814992438197123
103	5.7119865455943
104	5.594583296383374
105	5.371026105710247
106	5.224698365092183
107	5.142076755296515
108	5.061829477200746
109	5.00359502845223
110	4.864543343808845
111	4.743481549190322
112	4.634210589057556
113	4.524557928719222
114	4.3397102034633726
115	4.244487626534932
116	4.127599836458704
117	4.038067844652313
118	3.9279420103720284
119	3.8201940901099367
120	3.746896944184465
121	3.6440717261488014
122	3.524739520539563
123	3.406985451201236
124	3.328928451404055
125	3.2350662811639586
126	3.179297723652833
127	3.1263262944175167
128	3.063306380628504
129	2.998396436544403
130	2.914025796383091
131	2.850137033108455
132	2.7827326207617897
133	2.719945276613753
134	2.677958668750717
135	2.6175181221511408
136	2.575696339380409
137	2.5402478421623234
138	2.4849258493374915
139	2.4234717656008384
140	2.379536178994519
141	2.32664824593669
142	2.2752453522471328
143	2.243385735517704
144	2.2077076780552436
145	2.166214664855708
146	2.1155028236447166
147	2.0596815108220494
148	2.013225505754123
149	1.9746878895309654
150	1.923502081873991
151	1.858557882196442
152	1.8322128970247757
153	1.7740369847800643
154	1.755473324579411
155	1.7106794321891052
156	1.6585135488193383
157	1.6060701993355673
158	1.5810210395997684
159	1.5611751304488215
160	1.5282133044805606
161	1.5100431962724497
162	1.4783688824623906
163	1.4489472150219584
164	1.4207945820920347
165	1.4081517324745874
166	1.362577743080201
167	1.3459442105581594
168	1.3233451198736281
169	1.307152660018578
170	1.2783373056250156
171	1.2594110011496318
172	1.2349663633123076
173	1.1992013837870632
174	1.1653364557827703
175	1.1060028497609296
176	1.0873237204310056
177	1.0768592276275717
178	1.0460534307597884
179	1.0311360816674038
180	1.0060991896600044
181	0.9857863718551028
182	0.970953843698616
183	0.9579396752100019
184	0.9312097906139788
185	0.9167521598765209
186	0.9082083206646423
187	0.8952896558665923
188	0.8706253262074873
189	0.8495168588229581
190	0.8317548102883877
191	0.8208700926363458
192	0.8013980829659704
193	0.7893177453451181
194	0.7807215370852789
195	0.763857698947944
196	0.7453644472411425
197	0.7369086194157801
198	0.7246029911570282
199	0.7092742669065802
200	0.6965534657478518
201	0.6843997337775348
202	0.671199909793455
203	0.6558692391202084
204	0.6508146527407134
205	0.6427920168702919
206	0.6276538852349458
207	0.621693250707774
208	0.6107309246455122
209	0.5981969135957802
210	0.5764262394378606
211	0.5653598011019223
212	0.555608718705937
213	0.5417494724477403
214	0.5334674326036326
215	0.5257681832969248
216	0.5192829122031162
217	0.5107311369435839
218	0.5064906735466531
219	0.49828597169416466
220	0.48698747111224355
221	0.478060577297567
222	0.46810782949123253
223	0.46145423150636605
224	0.4565367428978274
225	0.4488771505708206
226	0.4396561149742002
227	0.4322457868190602
228	0.4239930491934651
229	0.4173766729960077
230	0.40148175130378866
231	0.39830647823136733
232	0.39200930397368966
233	0.38202805138020846
234	0.377411556966595
235	0.36225864143365
236	0.3577184350316418
237	0.3539018607216413
238	0.34814937939320795
239	0.34244084157992943
240	0.3361382973421933
241	0.3316524147512078
242	0.32353273258157794
243	0.32258932495464104
244	0.31789638904890144
245	0.31241379837340993
246	0.3076872642799539
247	0.30215043822141735
248	0.2983656804839358
249	0.29263433138091094
250	0.2883234960619564
251	0.28226088295834767
252	0.27919272655734984
253	0.27794627293010027
254	0.2732274584931483
255	0.27028013619660846
256	0.2683073245566729
257	0.2632330222363569
258	0.25815783864707725
259	0.2542310654505073
260	0.24979578255792814
261	0.24407072282537465
262	0.23609135355041516
263	0.23394766734223907
264	0.23027223027218782
265	0.2279976290953257
266	0.22484193615841458
267	0.22152180677585118
268	0.21840400491218231
269	0.2137589930008397
270	0.20968696723173716
271	0.20458806551565925
272	0.2016207303580585
273	0.1966285546160743
274	0.1938946615385523
275	0.18952885591826904
276	0.1875181722801925
277	0.186047766607853
278	0.18336593312077099
279	0.17739308467816073
280	0.1749009932905111
281	0.17109083707284825
282	0.1685656765398392
283	0.16675012933040195
284	0.16472118995854929
285	0.1608108058829401
286	0.1583649187304158
287	0.1573142998110656
288	0.1557941711867157
289	0.15363809380778085
290	0.15184556532015128
291	0.14841427580254027
292	0.14765060176028577
293	0.14633510610731795
294	0.14501159884529435
295	0.14240172457825775
296	0.14101734857187528
297	0.13752226857837319
298	0.13599148620515117
299	0.13369663623602288
300	0.13196453403122102
301	0.13055230514578905
302	0.12915575822550793
303	0.1267557428158092
304	0.12462871949064594
305	0.12342425739609733
306	0.12209015553083204
307	0.11982220640112609
308	0.11928511820239512
309	0.1184428319676496
310	0.11623135684163637
311	0.11503075847873932
312	0.1123165269060478
313	0.1104535928838029
314	0.10912277991668111
315	0.10837229325130626
316	0.1066014920470545
317	0.10507023547112466
318	0.10405378727952709
319	0.10297106636546141
320	0.10122701581167919
321	0.10027865151870624
322	0.09891692852475577
323	0.09798297482536795
324	0.0970095633929015
325	0.09487371917543604
326	0.09267325574241288
327	0.09003116119079677
328	0.089331707410892
329	0.08852543941011813
330	0.08788085669750095
331	0.08700539275718304
332	0.08611635308664126
333	0.08478080636047335
334	0.08391335109023483
335	0.08303820039267067
336	0.08219387405309618
337	0.07978153707698184
338	0.0787066274959776
339	0.07785226654510148
340	0.0767954715879255
341	0.0751144380475082
342	0.07428316012258779
343	0.07327126887223419
344	0.07238053992425948
345	0.07156443288270385
346	0.07074946712822376
347	0.06986257426725485
348	0.06883633025018514
349	0.06831102252294817
350	0.06770154983546413
351	0.06727868057600134
352	0.06665203699194668
353	0.06580165422570729
354	0.0649602320965114
355	0.06420686383045766
356	0.06373074963320309
357	0.06278612642357947
358	0.062038016374189
359	0.06154555254032197
360	0.06083699312663211
361	0.05984000408770692
362	0.05903572749535581
363	0.05847409942096637
364	0.0577186238726694
365	0.05722426836236521
366	0.056504862925258546
367	0.056207626993224576
368	0.0558592726685919
369	0.05502708471935687
370	0.054375381389120965
371	0.05408878984609622
372	0.05265550855328656
373	0.052286137247800415
374	0.051413929807556845
375	0.05065594904398058
376	0.050102727410826366
377	0.049482454188708995
378	0.04918383060819595
379	0.04809108763941287
380	0.04764209804805195
381	0.047150039226865274
382	0.04668975164745571
383	0.04599891998984805
384	0.04569504472256065
385	0.04517200583407035
386	0.044261362404366275
387	0.04362694794478553
388	0.043367528435403875
389	0.04296064260844769
390	0.04255419039121957
391	0.0423078326084864
392	0.041803583594945334
393	0.041354182176519344
394	0.04121145319337101
395	0.04090350356863543
396	0.040393280061395705
397	0.04004594763179483
398	0.039344002197394666
399	0.0388557423536678
400	0.03816955002322728
401	0.03799485404513739
402	0.03756740169786204
403	0.03732154440089065
404	0.036704187382889185
405	0.03642098242035568
406	0.03626668672844546
407	0.03580878533085949
408	0.035500848702124777
409	0.03525985025260538
410	0.03493238939102466
411	0.03461004814305573
412	0.03439618002755042
413	0.03401007461423145
414	0.03380976195852763
415	0.033242946839432824
416	0.03296133224806536
417	0.032773807052853994
418	0.03256861578792332
419	0.03223588039704472
420	0.032018898237822564
421	0.03185691857347668
422	0.031649313360088784
423	0.0314229121703381
424	0.031114915299604713
425	0.030732072305377934
426	0.03028661412385664
427	0.030103526476639123
428	0.029950040126703308
429	0.029729922396488792
430	0.029453379993397446
431	0.029307446528591675
432	0.02921997653307685
433	0.028981295650066005
434	0.028719348153211813
435	0.028504896698192783
436	0.028274821384604455
437	0.028049179799942644
438	0.027905397731076056
439	0.02768771518781133
440	0.027542771286034284
441	0.027356216844307113
442	0.02723022464136136
443	0.026976334450034896
444	0.026700296921154817
445	0.026333465777816076
446	0.026183709704738514
447	0.02596022198307419
448	0.025725072312095518
449	0.0256137731073761
450	0.02540864228121493
451	0.025216572410496893
452	0.025123253368132665
453	0.024902924359264982
454	0.024722198747881216
455	0.024527779750959117
456	0.02440658942540214
457	0.024211018832682906
458	0.024073311017376937
459	0.023895859311729307
460	0.023780604540271064
461	0.023474418514622643
462	0.023302887432274502
463	0.023120715521979567
464	0.022901891512318282
465	0.022589636604356735
466	0.022447438239952797
467	0.0223043155428884
468	0.0221906485222838
469	0.021927116663523993
470	0.021796469950624387
471	0.021680476998917782
472	0.021434915566904075
473	0.02125816902114879
474	0.021134698896532213
475	0.02097838894005948
476	0.020876522268978036
477	0.02078009786227243
478	0.0206682766298412
479	0.020564761758907455
480	0.020436562458915255
481	0.020185697756085173
482	0.0200609597983793
483	0.01996256301007132
484	0.019890425508916003
485	0.019761126375963008
486	0.019663347945793472
487	0.019571416098544302
488	0.019405230183439374
489	0.019358838627669572
490	0.019196273906074948
491	0.019108436906440884
492	0.01901624328415966
493	0.01895066470602725
494	0.018870665517886822
495	0.018825562947436723
496	0.018671227189898724
497	0.01851859287945197
498	0.01846754934672295
499	0.01837581810547612
500	0.018284368152128038
501	0.018232368027568113
502	0.01811429300340438
503	0.018053663760340993
504	0.0178931865776805
505	0.017829813221339596
506	0.017776708592480643
507	0.017680868537232195
508	0.017652910501845906
509	0.017582152792204816
510	0.01748656209526693
511	0.017447878648918738
512	0.017400121751563944
513	0.017306470997181845
514	0.017217455409967265
515	0.017169754827507554
516	0.017115427030070348
517	0.01706444702704302
518	0.016981785496605006
519	0.016870541874968097
520	0.01681541835631084
521	0.016690136662242058
522	0.016585930048950138
523	0.016525316758921774
524	0.01649357511442816
525	0.01642032281565188
526	0.0163400920843896
527	0.016283712179123777
528	0.01622684457386995
529	0.016183890820863377
530	0.01612342963940335
531	0.01607838622349411
532	0.016029671886282074
533	0.01594146294543987
534	0.01590116430969487
535	0.015851358070659738
536	0.015813339567265074
537	0.015768085190846097
538	0.015741420016086433
539	0.015704998982518533
540	0.01565039204447344
541	0.015614657036432998
542	0.015554955423314103
543	0.015478325800597314
544	0.015403333949201872
545	0.01536347277245715
546	0.015328371791075981
547	0.015300139950971644
548	0.015239041407533793
549	0.015209269170394894
550	0.015170285412593236
551	0.01512772125862638
552	0.015101820728487711
553	0.01506752513258376
554	0.015034452473226914
555	0.01498807514932261
556	0.014939931924410675
557	0.01488269898640679
558	0.014844438646847232
559	0.014803620221270847
560	0.014753337633597248
561	0.014690934614820277
562	0.014643338180062481
563	0.014557242162411079
564	0.014520930539021652
565	0.014487688759798506
566	0.014441971629764924
567	0.01441572625641425
568	0.014372231641639676
569	0.014328214725758579
570	0.014283158666615415
571	0.014257021441703882
572	0.014235084076828275
573	0.014204143869020388
574	0.014164090312860514
575	0.014129529898657149
576	0.014106300466343619
577	0.014083662535872048
578	0.014062869942873275
579	0.014050417386269585
580	0.014028527629822408
581	0.014014263746098111
582	0.013962272062091254
583	0.013939920450134593
584	0.013902861684543851
585	0.01387233989388247
586	0.013846132474039896
587	0.013809395495981733
588	0.01376782683025729
589	0.013746418972385111
590	0.013724126983486008
591	0.013709390192820255
592	0.013686680608200589
593	0.013658102196668503
594	0.013637412599422345
595	0.01361498959510127
596	0.013575595148896549
597	0.013540157592820469
598	0.013509137335975006
599	0.013464415945590062
600	0.01345272555189842
601	0.013417739223678973
602	0.013403780072944637
603	0.013378052022833382
604	0.01334494009392686
605	0.013332595395352054
606	0.013300132637405348
607	0.013262047863141837
608	0.013242418953332316
609	0.013228589720609061
610	0.013207896688490144
611	0.013191252687631275
612	0.013177398762043201
613	0.013148957472918004
614	0.01313325197046237
615	0.013117867578703384
616	0.013087309820563504
617	0.013058407264744026
618	0.01303621061040431
619	0.013013279306813268
620	0.013004259129117264
621	0.012987538324881224
622	0.012970585216308493
623	0.01294756057885816
624	0.01292593682555543
625	0.012901869512588525
626	0.012887288884768755
627	0.01286072789474445
628	0.012831453757303999
629	0.012806055599577117
630	0.012766012188105908
631	0.012752936766475204
632	0.01272268888757235
633	0.012704546310976486
634	0.012684400238203185
635	0.012672622267840541
636	0.012657253962663189
637	0.01262244810873438
638	0.0125943904647762
639	0.012574449384857408
640	0.012558047715608176
641	0.012496179926555119
642	0.012476784284845806
643	0.012462970746246534
644	0.012446949991651513
645	0.012422138447308224
646	0.012408788248839644
647	0.012367204486349224
648	0.012351605256837614
649	0.012333805865975805
650	0.012307635397681094
651	0.012286437581646954
652	0.012244929754592801
653	0.012220509251254185
654	0.012199207271745395
655	0.012173089311044645
656	0.012151630504033274
657	0.01212870118464897
658	0.012102516526352795
659	0.012088158086914361
660	0.012071647024769143
661	0.012055596115729242
662	0.012037741834403714
663	0.012014650925463085
664	0.011988843014348756
665	0.011963845785705
666	0.011943364011262565
667	0.011930463378474228
668	0.011917823302322168
669	0.011892371799804569
670	0.011868947202153875
671	0.01183975149553457
672	0.011816029917561848
673	0.011781143739651325
674	0.01173862068480076
675	0.011702358228672521
676	0.011646782725146613
677	0.011627275873388394
678	0.011609756554960318
679	0.011572401441010145
680	0.011549657316561886
681	0.011520069385608869
682	0.011497107026855836
683	0.01145404780513695
684	0.011438935588874877
685	0.011390044193170946
686	0.011370326407894205
687	0.01131852104171376
688	0.011287341441552122
689	0.011263455637244112
690	0.011217835185292069
691	0.011156120252181538
692	0.01113761579386208
693	0.011057502795920006
694	0.011035443788633546
695	0.011007494395536438
696	0.010949354722005537
697	0.010904405491715287
698	0.010807558115771464
699	0.010776967975318779
700	0.010724010686609562
701	0.010682039164066187
702	0.010581350306171158
703	0.01046609903245405
704	0.010305742098300597
705	0.010299475784162139
706	0.010284457108226258
707	0.010275256549419716
708	0.010259162799444851
709	0.010244883932369801
710	0.010238996768409923
711	0.010229972559374944
712	0.01021501103116109
713	0.010199752014886498
714	0.010186563115396955
715	0.010165883140677715
716	0.01014382610062955
717	0.010132168982194026
718	0.010123110708461714
719	0.010117350045530086
720	0.010104276811952832
721	0.010086050642617255
722	0.010077656195299598
723	0.010066816082406343
724	0.010051141037886707
725	0.010038168279698452
726	0.010028162821392841
727	0.01001406481208441
728	0.009991389145594028
729	0.009982846737276273
730	0.009967292319632533
731	0.0099480290476888
732	0.009938716158415479
733	0.009922372134171102
734	0.009898960057317472
735	0.009890514744126276
736	0.00987427010416289
737	0.009864840960481252
738	0.0098273537501434
739	0.009810409403676362
740	0.009798299375757682
741	0.00977253170874825
742	0.00975094231234749
743	0.009716021611904355
744	0.009694990321419785
745	0.009688817766188164
746	0.009643213236392249
747	0.009638764087514714
748	0.00963514401585818
749	0.00963079198173304
750	0.009620157271902704
751	0.009583369264077768
752	0.009570004065677417
753	0.009545166775886248
754	0.00951749813892992
755	0.009513917568830323
756	0.009510300633895557
757	0.00947185510800206
758	0.009449057577949848
759	0.009444447320067004
760	0.009438047466601141
761	0.009433348961537762
762	0.009429577815150527
763	0.009426543962585493
764	0.009419262214793896
765	0.00941291411662725
766	0.009408318887233409
767	0.009403549543259782
768	0.009399093376411063
769	0.009392261961070701
770	0.009387250680789883
771	0.009383269752923187
772	0.009378267104954235
773	0.009372272540074498
774	0.009367034517239341
775	0.009362787279439993
776	0.009355827465223806
777	0.009351743388505236
778	0.00934768778407016
779	0.009343928201552408
780	0.009340197872475347
781	0.009332654257467958
782	0.009327931833160632
783	0.009321583432343182
784	0.009314008421020594
785	0.00931103926031666
786	0.009300920562582147
787	0.00929436066143134
788	0.009290144480903543
789	0.009283697243541379
790	0.009281112026101398
791	0.00927185338434569
792	0.009263113049248718
793	0.009258085746422009
794	0.009248274219795318
795	0.009241070672872945
796	0.009231270388148272
797	0.009217912761890368
798	0.009209404299081429
799	0.009192425910639736
800	0.009180895612794168
801	0.009171071189480707
802	0.0091593828573438
803	0.009135821810809306
804	0.00912345612643211
805	0.009095975941782582
806	0.009079463668199795
807	0.00905988924876184
808	0.009036406986219063
809	0.009025292162311143
810	0.008998434917083171
811	0.008971627004509883
812	0.008956253434494925
813	0.008943695623739704
814	0.008907837189829572
815	0.00887481536893566
816	0.00883035858465101
817	0.008791826395990266
818	0.008760077693166883
819	0.00874439860887526
820	0.008695161541269399
821	0.008647084873541213
822	0.008614798730505347
823	0.008535934353320004
824	0.008511537824919622
825	0.008466136338016326
826	0.008373655641170904
827	0.00836503102209318
828	0.00829912039084954
829	0.008194682798192963
830	0.008109532345988827
831	0.008043778544406445
832	0.007926671272570518
833	0.0076358462734527266
834	0.007551301396030265
835	0.007376191291286241
836	0.007224909055087845
837	0.007219946651659007
838	0.007156524683160026
839	0.00715178406725653
840	0.007122039136885676
841	0.0071203093641072305
842	0.00711259792443637
843	0.0070939786495910545
844	0.007091671525998764
845	0.007080412817396889
846	0.007076008881067672
847	0.007073504245269934
848	0.0070652387742420756
849	0.007055481434512517
850	0.007036523016222875
851	0.0070209931042002245
852	0.0070148561206704214
853	0.0069979083934643
854	0.006988517786287457
855	0.0069800180680738965
856	0.006953107540890489
857	0.006938770039380885
858	0.006910355395332385
859	0.006906282170788329
860	0.006887684254220469
861	0.0068661244119351756
862	0.006857138054902998
863	0.006853300265758127
864	0.006847113469938821
865	0.006843672171491197
866	0.006840452420712091
867	0.0068352495321196425
868	0.006830961655079741
869	0.006823442902283779
870	0.006820017721023571
871	0.00681233240727717
872	0.0068044132543330586
873	0.00679746649747729
874	0.006790940070405973
875	0.00678331249178706
876	0.006766992614426053
877	0.006762723305429855
878	0.006755971649161408
879	0.006739395933873292
880	0.006727322777769335
881	0.00670904335077324
882	0.006703795616700213
883	0.006688348726761562
884	0.006674963007873168
885	0.00666857608936819
886	0.006653494261823855
887	0.006644379460069159
888	0.006612534005380152
889	0.006607392211586149
890	0.006591127173878935
891	0.006567461887096807
892	0.0065439049318082405
893	0.006514730954742224
894	0.006500697112347633
895	0.006444018366027508
896	0.006415735928269713
897	0.006400069242454176
898	0.0063348459700962164
899	0.006281749226726131
900	0.006252531336652696
901	0.006229196465272503
902	0.0061803995305213496
903	0.006147584757857405
904	0.006142933555732032
905	0.006124726294095594
906	0.006117068617360877
907	0.00610290587321714
908	0.006088877072129937
909	0.0060739975000591575
910	0.006039716857416001
911	0.00602080809277226
912	0.0059827578735644855
913	0.005954906171283792
914	0.0059299203350741
915	0.005895836057690968
916	0.0058395108404527924
917	0.00581914521326001
918	0.0058052833211798376
919	0.005779297430075634
920	0.005757887389930169
921	0.005690223868945734
922	0.005626261839108917
923	0.005592977444466765
924	0.005538215071409241
925	0.005525215894298371
926	0.005512948150486435
927	0.005488411014691633
928	0.005466921589715451
929	0.0054505729625893
930	0.0054372757949140435
931	0.005421681535358051
932	0.0053961991658986646
933	0.005362028881506951
934	0.005359028895262935
935	0.005348668117576779
936	0.005345601713154412
937	0.0053421168756737115
938	0.005337948185336063
939	0.005331828574036729
940	0.00532744288785959
941	0.005322932010318366
942	0.005320224758039216
943	0.005313113218982739
944	0.005307887907065079
945	0.005302628206700828
946	0.005298536332077001
947	0.0052971729876061064
948	0.005291627271017102
949	0.005287082278565882
950	0.005281672041277601
951	0.005275796657625944
952	0.005268766470544198
953	0.005265860503871529
954	0.005263764873598453
955	0.005260982261920708
956	0.0052583359840365045
957	0.005254207157264576
958	0.005253465306584063
959	0.005248055882643854
960	0.005247048556154893
961	0.005245768081679832
962	0.0052397060995903145
963	0.005236968488305239
964	0.005231125096447262
965	0.005230246219786849
966	0.005227676612798326
967	0.0052248681148600404
968	0.0052203596296870195
969	0.005219066255661946
970	0.005218392874409656
971	0.005216668057133934
972	0.005215877406760593
973	0.0052151709697503485
974	0.005214310560855748
975	0.005213541014980802
976	0.0052131433983573176
977	0.005212617734452224
978	0.005212143153457991
979	0.005211447491203629
980	0.005210262435356231
981	0.005209218336352466
982	0.005208334043793396
983	0.005207040832800678
984	0.005205566809847518
985	0.0052042703766433515
986	0.005202247886179233
987	0.005201169511021472
988	0.005199964862871661
989	0.005198431192007013
990	0.0051976993677606605
991	0.005196283387647945
992	0.005194737057127294
993	0.005193024862816879
994	0.005192089421202884
995	0.005191352570735109
996	0.005188394385989978
997	0.005187184519405609
998	0.005185863219834047
999	0.005184011734255355
1000	0.005182550804722376
1001	0.005180614624793853
1002	0.0051777437324677595
1003	0.005175343277206947
1004	0.005173471134014807
1005	0.00517192022654562
1006	0.005168793751851223
1007	0.005167133441024792
1008	0.005164511859996658
1009	0.005162773215802523
1010	0.005160139682878091
1011	0.005159098199680222
1012	0.005157257938597919
1013	0.005155644525071121
1014	0.0051518060191695254
1015	0.005150325989108394
1016	0.005146854150234984
1017	0.005144237624874574
1018	0.005142286242367757
1019	0.005139296717541109
1020	0.0051347702791788435
1021	0.005132529480356528
1022	0.0051294660018206305
1023	0.005122528546973361
1024	0.00511741801784909
1025	0.005109701046820061
1026	0.005104852542478388
1027	0.005102687449859394
1028	0.005096834376410066
1029	0.0050901644477758376
1030	0.0050823403173126565
1031	0.0050699136652367915
1032	0.005063854933550436
1033	0.005050764679091202
1034	0.0050390295595647595
1035	0.005024930098788431
1036	0.0050139833564618545
1037	0.004991932819625657
1038	0.004983439107840508
1039	0.0049669274381124295
1040	0.004944619281476327
1041	0.004912083403824884
1042	0.004886089355449625
1043	0.004873784181718879
1044	0.004849894093950604
1045	0.004843390476587023
1046	0.004823373876809336
1047	0.00481406300145998
1048	0.004797972528204836
1049	0.004782826332015542
1050	0.00477174442646761
1051	0.0047533983254048956
1052	0.004716630240833416
1053	0.004694669876527214
1054	0.004656129450144957
1055	0.004637160830420098
1056	0.004603139500080089
1057	0.004549234136917802
1058	0.004506426545908796
1059	0.0044755165521920695
1060	0.004462434517967417
1061	0.00444101881850997
1062	0.004432484302281226
1063	0.004390269243763428
1064	0.004270960546476558
1065	0.00427019435737371
1066	0.004269540970438102
1067	0.004265899549991875
1068	0.004265230033718359
1069	0.00426445110263549
1070	0.0042637365602059725
1071	0.004262999251430172
1072	0.00426194671297075
1073	0.004261050422900143
1074	0.004260083688740354
1075	0.004258585520130937
1076	0.004255339973785014
1077	0.004253663645636184
1078	0.00425282963174259
1079	0.004251738624019585
1080	0.00424930914324045
1081	0.004248020054318131
1082	0.0042464444562665534
1083	0.0042437146718007236
1084	0.004241624274943548
1085	0.004240758580687292
1086	0.004237367484000021
1087	0.0042359471411510434
1088	0.004233178577779422
1089	0.004230833064439008
1090	0.0042270505794969595
1091	0.004224546978642407
1092	0.004222564628598575
1093	0.00421781870636094
1094	0.00421275312261453
1095	0.0042095253379672865
1096	0.004202334912136413
1097	0.004196140478289588
1098	0.004193536477414728
1099	0.004186650812672399
1100	0.0041848478947351265
1101	0.004182817804550108
1102	0.004181424610849721
1103	0.004179807577524817
1104	0.0041782108770152
1105	0.004177058293111771
1106	0.004176066222626428
1107	0.004174898002957717
1108	0.0041731275699625125
1109	0.004172730676751487
1110	0.004171492817482534
1111	0.004170868735182635
1112	0.004169782049458117
1113	0.00416714877019275
1114	0.004166237527426387
1115	0.004164132173108824
1116	0.004162363868656664
1117	0.0041602931116782454
1118	0.004159277081636696
1119	0.004156919097886612
1120	0.004153591459054726
1121	0.0041517387498084994
1122	0.004148455967891092
1123	0.004144919647596168
1124	0.004143651039654311
1125	0.0041418717844508455
1126	0.004140099169063661
1127	0.0041392399284240254
1128	0.004137022308996497
1129	0.004135514492453847
1130	0.004133359480044402
1131	0.004132355027758706
1132	0.004130153269324332
1133	0.004129449686318957
1134	0.004128225356971932
1135	0.004126284782006236
1136	0.0041237297431814725
1137	0.0041221859418947735
1138	0.004119176850199728
1139	0.004116546598881108
1140	0.004112962471868271
1141	0.004110926967133611
1142	0.004108058436871657
1143	0.004102896905054474
1144	0.0040994278797842594
1145	0.004095790500976197
1146	0.004091536782711994
1147	0.004084135309186458
1148	0.004077208140370541
1149	0.004072726278922708
1150	0.004066573727301387
1151	0.004055722913991843
1152	0.00404909420100106
1153	0.00404537500050577
1154	0.004033779629937142
1155	0.004021770436344302
1156	0.004012695935712949
1157	0.004006214418131466
1158	0.0040034700949379085
1159	0.003992984709026298
1160	0.003989703554037939
1161	0.003987080463040746
1162	0.0039843223680705135
1163	0.003980848738034549
1164	0.003976718898154629
1165	0.003973877895119926
1166	0.003969767442700128
1167	0.003965736510436006
1168	0.003962919385004692
1169	0.00395897333596834
1170	0.003957957108520605
1171	0.003954411130670754
1172	0.003951303848815469
1173	0.003944790847830654
1174	0.003940646576373056
1175	0.00393364741599502
1176	0.003931585180372289
1177	0.003930055556734292
1178	0.003924346950789207
1179	0.003922191416083113
1180	0.003918895146179108
1181	0.003916947726776282
1182	0.003913706542975347
1183	0.0039112813421150775
1184	0.0039064900225935515
1185	0.0039027410469002722
1186	0.0038993832068580083
1187	0.0038947492424594994
1188	0.003887315173975185
1189	0.0038847583671023996
1190	0.003882234021061803
1191	0.0038788919063874627
1192	0.003872007702801561
1193	0.0038635372557443465
1194	0.0038549498987677376
1195	0.0038491087259898255
1196	0.003842139032433008
1197	0.003837390018885232
1198	0.0038196345110995036
1199	0.0038119572540765293
1200	0.0038070230514222953
1201	0.0038016865431938383
1202	0.0037956856205673775
1203	0.00378905635642347
1204	0.0037782151291592355
1205	0.0037722256418862565
1206	0.003765332887383156
1207	0.0037596253094091996
1208	0.0037563755835114134
1209	0.0037490762540078244
1210	0.0037394375827125227
1211	0.003737817039356622
1212	0.003735117824604682
1213	0.003724788795754231
1214	0.0037179527432997517
1215	0.0037086813471055528
1216	0.0037073445272896347
1217	0.0037068811351786547
1218	0.0037054114575511706
1219	0.0037045197346244397
1220	0.00370334187788646
1221	0.0037019012339055963
1222	0.0037000422003059877
1223	0.003698718222602119
1224	0.003698123784730236
1225	0.0036972382358222036
1226	0.0036967643793671336
1227	0.0036962395893148144
1228	0.0036957306246131723
1229	0.00369506013721632
1230	0.0036944463186500414
1231	0.0036941417258356166
1232	0.0036931097414095284
1233	0.003692694341559992
1234	0.003691418419953152
1235	0.0036911274836240243
1236	0.003690174497826237
1237	0.0036898206946838277
1238	0.003688442157494676
1239	0.003687082705191092
1240	0.0036863613696249712
1241	0.0036835411128084915
1242	0.0036829582806360557
1243	0.003681813664825139
1244	0.003679642722902401
1245	0.0036785395473198776
1246	0.0036780754742214285
1247	0.003677280769567574
1248	0.0036756742842035148
1249	0.003675394710683212
1250	0.003673947362180693
1251	0.0036728167772408704
1252	0.003671562853035216
1253	0.0036705590888470477
1254	0.003667466662526758
1255	0.0036665373075617565
1256	0.003664611007978875
1257	0.0036635770264657123
1258	0.0036613323942309376
1259	0.0036581851218352606
1260	0.0036537876575397873
1261	0.003650922606103939
1262	0.0036484292142277856
1263	0.003643075330929905
1264	0.003638540859020883
1265	0.0036352911516627823
1266	0.0036329344323907014
1267	0.0036318301857894498
1268	0.0036308247441327783
1269	0.003629505293552858
1270	0.0036288713229287884
1271	0.003628344376608155
1272	0.003627658173906147
1273	0.0036256593657928086
1274	0.0036235794015955372
1275	0.0036227607365170813
1276	0.0036221562808346156
1277	0.003620897534688747
1278	0.003618537311531438
1279	0.00361751535172433
1280	0.003615532009644636
1281	0.003614435923099241
1282	0.0036109752594883767
1283	0.003609972874900565
1284	0.003609422613848984
1285	0.003608273384607266
1286	0.0036076525164023612
1287	0.003606942935807896
1288	0.0036063324416116976
1289	0.0036056431261326763
1290	0.0036053707255620663
1291	0.0036043437992749183
1292	0.0036041674157066203
1293	0.003602758923717318
1294	0.0036025578189041074
1295	0.0036013540524163124
1296	0.003600773480099837
1297	0.003600267382243143
1298	0.0036000169017552023
1299	0.003599682098948931
1300	0.003599477848363639
1301	0.0035991419988865023
1302	0.0035988897347706684
1303	0.003598650896460516
1304	0.0035981983538254814
1305	0.0035978504246840077
1306	0.003597279235388484
1307	0.0035968927364632597
1308	0.0035966876962012896
1309	0.003596383397417405
1310	0.0035958575947554828
1311	0.0035952198619884526
1312	0.0035946819155457527
1313	0.0035939335595772163
1314	0.003592849706867395
1315	0.003591484338005548
1316	0.003590648225204918
1317	0.003589416041640405
1318	0.003588249484192695
1319	0.003587493449864041
1320	0.003586361779700424
1321	0.00358476316927976
1322	0.0035841932165503188
1323	0.0035827035165895125
1324	0.003581510313043775
1325	0.003580468917722265
1326	0.0035790765737095686
1327	0.0035776127958569003
1328	0.0035767404915973823
1329	0.003573876415180557
1330	0.0035722151448086908
1331	0.0035696304056202837
1332	0.003567852244129853
1333	0.003566288287838548
1334	0.0035646446740545635
1335	0.003562320142055934
1336	0.00356133337472949
1337	0.003559667273402079
1338	0.0035587816721289844
1339	0.0035557677637271658
1340	0.0035518907235940317
1341	0.003547546087570804
1342	0.0035463307569118113
1343	0.0035434117709281917
1344	0.0035406465470612975
1345	0.0035388318334556384
1346	0.00353582640979257
1347	0.0035339376411016496
1348	0.0035312872672294627
1349	0.00353069649875016
1350	0.0035284391626670734
1351	0.0035249086032443644
1352	0.0035240352871661463
1353	0.003523591630622898
1354	0.003517752379099535
1355	0.00351584345611441
1356	0.003512723276000365
1357	0.0035069184929192115
1358	0.00350415336151487
1359	0.00350133988271224
1360	0.0035010952501183475
1361	0.0035009368472346974
1362	0.0035007623194224183
1363	0.0035003015535743274
1364	0.003499931781488655
1365	0.0034998457853987136
1366	0.0034997783157314387
1367	0.003499438020608191
1368	0.003499336620865835
1369	0.00349915392524066
1370	0.0034990848202683176
1371	0.0034989846944230058
1372	0.0034989140888767064
1373	0.00349879610222926
1374	0.0034986521605363083
1375	0.003498461418252347
1376	0.0034982793235607793
1377	0.0034981762834620117
1378	0.0034980757710784726
1379	0.003497896332835295
1380	0.0034976514024352046
1381	0.0034974022106162364
1382	0.003497170627190418
1383	0.0034969838672504945
1384	0.0034967723879664706
1385	0.0034964776013439373
1386	0.0034960284432999176
1387	0.0034955200989450997
1388	0.003494987451263399
1389	0.003494700703455164
1390	0.003494248692177343
1391	0.0034933481737406307
1392	0.0034930272762870454
1393	0.0034922099509624256
1394	0.003491660976560891
1395	0.003491067558316908
1396	0.0034902545425754897
1397	0.0034896564344477194
1398	0.0034885116733638635
1399	0.003488069979379491
1400	0.0034865437964124307
1401	0.0034860585413263455
1402	0.003484729660420219
1403	0.0034839106771973865
1404	0.0034822768503172704
1405	0.0034799438040017516
1406	0.003477370108286639
1407	0.0034748434573851506
1408	0.0034738418478069744
1409	0.003471119372525144
1410	0.0034687728390680574
1411	0.00346489901329844
1412	0.0034605509477945787
1413	0.0034593232359025473
1414	0.003455264379413943
1415	0.0034488697815477235
1416	0.0034451482309071357
1417	0.0034380221241203154
1418	0.003434508299618155
1419	0.0034293330026725407
1420	0.003424649583832053
1421	0.0034173500674328015
1422	0.0034160564008251415
1423	0.003400572791427629
1424	0.003393903217240353
1425	0.003390289211383382
1426	0.0033792015846625598
1427	0.0033637124716485054
1428	0.0033480127163073295
1429	0.0033478401121815864
1430	0.003335506298619766
1431	0.003321458191195825
1432	0.0033038732114136975
1433	0.0032822046034394372
1434	0.003272267251359824
1435	0.0032605114884833495
1436	0.003218314271259083
1437	0.0031806655834834287
1438	0.003157364196247786
1439	0.003135294828784875
1440	0.0031344660603604617
1441	0.003098756198776185
1442	0.0030420144904667362
1443	0.003014378392422386
1444	0.0029622201090643624
1445	0.002896326610657655
1446	0.0028619997689388753
1447	0.002721742190414279
1448	0.002700421998990401
1449	0.002699053886988646
1450	0.0026927058597775292
1451	0.0026860144081343445
1452	0.002684429104743402
1453	0.0026835808178404816
1454	0.0026814477775940994
1455	0.002680222880487767
1456	0.0026790285662997137
1457	0.0026775768364945105
1458	0.0026766804740766727
1459	0.002675612637028904
1460	0.0026736458179182866
1461	0.002672116055634889
1462	0.002671828883999713
1463	0.002670002954112041
1464	0.00266815469595478
1465	0.0026652997402582574
1466	0.0026636514240203587
1467	0.002659280757121436
1468	0.002657644471846207
1469	0.0026535404930068405
1470	0.002649980861881006
1471	0.0026460086831296098
1472	0.0026421953647076993
1473	0.0026390491512996825
1474	0.002636420066544569
1475	0.002629278670920128
1476	0.002628806428452793
1477	0.0026183776135271465
1478	0.002610074938942983
1479	0.002600712175250224
1480	0.002593264644798974
1481	0.0025896993227120047
1482	0.0025775708616412123
1483	0.002561745498629162
1484	0.0025454184667152786
1485	0.0025318271518617653
1486	0.0025316257030946294
1487	0.002509567627644733
1488	0.002483532852413623
1489	0.0024711485409087386
1490	0.0024406684163904638
1491	0.002417737449419429
1492	0.0024175300998044557
1493	0.0024106267917970085
1494	0.002410192560199496
1495	0.0024100704684469594
1496	0.0024099785041968333
1497	0.002409922815663703
1498	0.002409517783262789
1499	0.00240944737416347
1500	0.002409139370903588
1501	0.0024089115541910656
1502	0.002408797373027957
1503	0.002408652701596633
1504	0.002408384349828421
1505	0.0024082641412858682
1506	0.0024080541990777887
1507	0.002407750738164498
1508	0.0024075762930315585
1509	0.002407262095390837
1510	0.0024068526497852127
1511	0.0024065550054899226
1512	0.0024061945159859375
1513	0.0024058873738675153
1514	0.0024056755922654085
1515	0.002405417701277439
1516	0.002404489715897045
1517	0.002404276547527079
1518	0.002404003843068909
1519	0.002403551697956657
1520	0.002403117375477888
1521	0.002402655455458157
1522	0.0024025233680484196
1523	0.0024021298928828976
1524	0.0024020095662648463
1525	0.0024017379565640876
1526	0.002401397550436889
1527	0.002401046982841578
1528	0.002400588050262552
1529	0.0024004007820522246
1530	0.002400040010447662
1531	0.002399313404856998
1532	0.0023991818081279116
1533	0.00239833677928006
1534	0.002397807909344484
1535	0.0023974940482594798
1536	0.0023970591909714947
1537	0.002396319292612865
1538	0.002395527695556345
1539	0.002394588070714926
1540	0.002393527068419831
1541	0.0023929181823557936
1542	0.0023914795196069215
1543	0.002390550891001483
1544	0.002388686676131933
1545	0.0023872221500403335
1546	0.0023860108607826253
1547	0.0023854372404896952
1548	0.0023842059475839496
1549	0.002382831830072676
1550	0.0023819553079713557
1551	0.002380658383002267
1552	0.0023801502390744813
1553	0.0023788380368201787
1554	0.002377749209561111
1555	0.0023765780687810614
1556	0.002375377442488521
1557	0.0023730504997212225
1558	0.002372072754681828
1559	0.002370221657413
1560	0.0023693832517857477
1561	0.0023675290353064957
1562	0.002365663313737692
1563	0.002363900024151655
1564	0.0023630344876201855
1565	0.002361090066712353
1566	0.0023585285717189794
1567	0.002356390422016359
1568	0.002355299347778424
1569	0.002354952501748285
1570	0.0023541152105338637
1571	0.002352359231796817
1572	0.002351345870751854
1573	0.0023506938190994728
1574	0.0023491785261739386
1575	0.0023470034218370734
1576	0.002346909265905218
1577	0.00234553780438137
1578	0.0023438768712112585
1579	0.002342836570854766
1580	0.0023422269454933787
1581	0.0023403685761359577
1582	0.002338573973865807
1583	0.002338388458879351
1584	0.0023365291665627197
1585	0.0023356922235437975
1586	0.0023319964648687145
1587	0.002329659963968636
1588	0.002324481041566731
1589	0.0023219162115018705
1590	0.002319402201501917
1591	0.0023112808871007195
1592	0.002304350506852506
1593	0.0023043142337990418
1594	0.002297105950904403
1595	0.0022936522740912
1596	0.0022930453357355354
1597	0.0022929442054979154
1598	0.0022928683283438773
1599	0.0022927602462637264
1600	0.002292699540318801
1601	0.002292563839325671
1602	0.0022924433702725777
1603	0.0022922655522829047
1604	0.002292066153948304
1605	0.0022919365153645068
1606	0.0022918160474594477
1607	0.0022915002520452143
1608	0.002291355722692414
1609	0.00229097562062521
1610	0.0022907423426582743
1611	0.0022906828481749227
1612	0.0022902702095974883
1613	0.002290193060625364
1614	0.0022899594409129644
1615	0.0022897134138359374
1616	0.0022894650042124156
1617	0.0022893113395236458
1618	0.0022892401760044256
1619	0.0022889895475695287
1620	0.0022888227158861145
1621	0.0022886786541675506
1622	0.0022884315118572814
1623	0.002287945848573178
1624	0.00228747289528282
1625	0.002287086318642667
1626	0.0022861342499684158
1627	0.0022856729994531113
1628	0.002285549650104617
1629	0.0022850376543258307
1630	0.0022842487626638106
1631	0.0022833892515223093
1632	0.0022833204673843007
1633	0.0022823442421372716
1634	0.002281709970645436
1635	0.002280340182142147
1636	0.0022789234772878576
1637	0.002277471685662763
1638	0.0022764160675609133
1639	0.002274850354355867
1640	0.002273471890851
1641	0.0022714463956169935
1642	0.0022706764839857856
1643	0.0022668523850532603
1644	0.00226485426870928
1645	0.002261150035342607
1646	0.002259778721496409
1647	0.002252727449772784
1648	0.0022493997968518215
1649	0.002246588613484507
1650	0.002244134657215362
1651	0.0022414471556330344
1652	0.00223612271254142
1653	0.002228271591872689
1654	0.0022175809948134094
1655	0.0022117101142769906
1656	0.002205857261723116
1657	0.002202349320993452
1658	0.0021990761565748875
1659	0.0021979235561940353
1660	0.0021860870638668725
1661	0.002185900284199795
1662	0.002178230789551053
1663	0.002170597020648052
1664	0.002162872026743559
1665	0.0021488981325066404
1666	0.0021471835328891733
1667	0.0021346076575041164
1668	0.0021234506917028003
1669	0.002118843058361128
1670	0.0021178545634566973
1671	0.002116579693456965
1672	0.002115536513994222
1673	0.0021145769755670355
1674	0.0021134834557163537
1675	0.002112099484343682
1676	0.0021110078292699
1677	0.002110451354536866
1678	0.0021091817952302084
1679	0.002107391662220058
1680	0.002106117152996256
1681	0.0021050135655505333
1682	0.0021019627138947534
1683	0.00210014723502801
1684	0.002096729821945847
1685	0.002093440813388932
1686	0.0020930988254818507
1687	0.0020906233656568765
1688	0.002090463314610504
1689	0.002087660596679952
1690	0.0020868844713487237
1691	0.002082870616527059
1692	0.002080138288615929
1693	0.002077082873666927
1694	0.002071607803009471
1695	0.0020678894818837138
1696	0.0020658788696761325
1697	0.0020548024938183383
1698	0.002054438469516223
1699	0.002042116218613825
1700	0.002039474850626082
1701	0.0020343892110676106
1702	0.002028612399498453
1703	0.0020166335149967777
1704	0.0020118168799011147
1705	0.0020116000271601943
1706	0.002009945537435957
1707	0.002008636998987816
1708	0.0020078648225614858
1709	0.0020061881202000217
1710	0.0020056434569123917
1711	0.0020040739117327014
1712	0.002002808485181987
1713	0.0020022478398802205
1714	0.001999837308477799
1715	0.001998890251904419
1716	0.0019974180761403804
1717	0.0019943703299094644
1718	0.0019942495320573565
1719	0.0019919154150517117
1720	0.0019914027442686833
1721	0.001989835914265821
1722	0.001987294417564356
1723	0.0019858079587872367
1724	0.0019848630965348555
1725	0.001982698982043465
1726	0.0019807104325644084
1727	0.001976500836932963
1728	0.0019740733240928166
1729	0.0019706105183156493
1730	0.001970190203063309
1731	0.001967013157368564
1732	0.001963922143561236
1733	0.00195941982442869
1734	0.0019569268028314436
1735	0.0019519664980951316
1736	0.0019497756213413923
1737	0.001935308960966542
1738	0.00192790015413175
1739	0.0019249386468267462
1740	0.0019079268788933933
1741	0.0018988288722418397
1742	0.0018858315287440023
1743	0.0018820078121964895
1744	0.0018735627428843906
1745	0.001868720791097843
1746	0.001867438348310345
1747	0.0018652577295531028
1748	0.00186510858803603
1749	0.0018614912260827361
1750	0.0018587491787909823
1751	0.0018581012170559511
1752	0.0018559552661509035
1753	0.001853947011752545
1754	0.0018494589280203767
1755	0.0018440505302271802
1756	0.0018429745639189624
1757	0.0018392253426741465
1758	0.0018350979789594271
1759	0.0018301566467412217
1760	0.001817923066576152
1761	0.0018153268335445278
1762	0.0018060389578694795
1763	0.0018013278565921138
1764	0.0017936355070568455
1765	0.0017786870712557961
1766	0.001763770378552692
1767	0.001750453427556358
1768	0.00173699932024303
1769	0.00172382628795305
1770	0.0017171261049394907
1771	0.0016979627982638345
1772	0.0016764191789244765
1773	0.001633515800520781
1774	0.0016160634651122517
1775	0.0016026817551497033
1776	0.0015942374207220506
1777	0.001585536368929763
1778	0.0015806494119447064
1779	0.0015769897335634346
1780	0.0015689132321524998
1781	0.0015670820201120613
1782	0.0015644787248142937
1783	0.0015600772314860148
1784	0.0015538263209004556
1785	0.001551860814635733
1786	0.001551325868231064
1787	0.0015493838742137078
1788	0.0015474803553837079
1789	0.001545197719253852
1790	0.0015450756395504752
1791	0.0015398642177140505
1792	0.0015379219421061514
1793	0.0015376940183422893
1794	0.0015374570144517457
1795	0.0015373196287632286
1796	0.0015371166379168104
1797	0.001537018893153107
1798	0.0015366921437282544
1799	0.0015365362586276115
1800	0.0015362385358777377
1801	0.0015361728616771404
1802	0.0015358383454364157
1803	0.0015357016308118086
1804	0.0015353936662872028
1805	0.0015351235494741272
1806	0.0015348704115077624
1807	0.0015347379684419154
1808	0.0015344097716135977
1809	0.0015337892157833073
1810	0.0015335186625111072
1811	0.0015331319627036135
1812	0.0015326204772416927
1813	0.0015325392448402202
1814	0.00153208620282528
1815	0.0015318948611386517
1816	0.0015318907163705555
1817	0.0015315364746371605
1818	0.0015307035108709927
1819	0.0015298343811141122
1820	0.0015297877196883375
1821	0.001529691320685337
1822	0.001529676465725777
1823	0.0015296721901416769
1824	0.0015296638974970495
1825	0.0015296536534998128
1826	0.0015296474137692492
1827	0.0015296334162585535
1828	0.0015296302993541974
1829	0.0015296121669279772
1830	0.0015296041243600324
1831	0.0015295994799668312
1832	0.001529588186517744
1833	0.0015295822508953896
1834	0.0015295712947512633
1835	0.0015295533339740402
1836	0.0015295350948469283
1837	0.0015295321243836122
1838	0.0015295157512191454
1839	0.001529492080479249
1840	0.0015294854299854844
1841	0.0015294292614160799
1842	0.0015294239615620303
1843	0.0015293944947991902
1844	0.001529355502138938
1845	0.0015293126053690426
1846	0.0015293030624742925
1847	0.0015292696246293298
1848	0.0015292586913272024
1849	0.0015292277618211803
1850	0.0015291803056481504
1851	0.001529149647609484
1852	0.0015290911536620473
1853	0.0015290688198026378
1854	0.0015290565552432704
1855	0.0015290398917319824
1856	0.0015290308708365914
1857	0.0015290170186258707
1858	0.0015289959788035786
1859	0.0015289736628173343
1860	0.001528947357748304
1861	0.001528940781337455
1862	0.0015289163219573375
1863	0.001528878551795505
1864	0.0015288465906425422
1865	0.001528834262984551
1866	0.0015287818687011222
1867	0.0015287329459326543
1868	0.001528695194798991
1869	0.0015286387239212497
1870	0.0015285657949763343
1871	0.0015285541863223847
1872	0.0015285021040932851
1873	0.0015284572744799281
1874	0.0015283470537303914
1875	0.0015282840802101354
1876	0.001528114141739508
1877	0.0015279901175739615
1878	0.0015278745842865792
1879	0.0015277655520712378
1880	0.0015276125865662017
1881	0.0015274276923610197
1882	0.0015272256728717398
1883	0.0015269164177113197
1884	0.0015267376651891768
1885	0.0015264320668050759
1886	0.0015262617903114687
1887	0.0015262131266779522
1888	0.0015258184143889593
1889	0.001525297473917908
1890	0.0015247726613849878
1891	0.0015241784680336205
1892	0.001523777600709979
1893	0.0015230219783952499
1894	0.0015222175941268848
1895	0.0015221329912448976
1896	0.001522072860690194
1897	0.0015206504491721343
1898	0.001520404286979259
1899	0.0015190577853473747
1900	0.0015179972974910182
1901	0.00151607965202151
1902	0.0015146035984506868
1903	0.0015133481628300492
1904	0.0015120551494246614
1905	0.0015120021367238112
1906	0.00151176385805754
1907	0.0015116164274068613
1908	0.0015115189493883133
1909	0.0015114454901597732
1910	0.0015112670051316429
1911	0.0015112260005814293
1912	0.001511156561711147
1913	0.0015110460289704587
1914	0.0015109580948404727
1915	0.0015109141382956292
1916	0.0015107852279090716
1917	0.0015106879546961753
1918	0.0015105498820535061
1919	0.0015102993053870202
1920	0.0015102036202198261
1921	0.0015099674234974588
1922	0.0015097428671290137
1923	0.0015094996274446764
1924	0.001509491243483753
1925	0.0015092218467347887
1926	0.0015088009207877393
1927	0.0015087603550069484
1928	0.0015085619267973078
1929	0.0015084093529194188
1930	0.0015083090811128196
1931	0.001508058196088422
1932	0.0015080213814990682
1933	0.0015077676868728786
1934	0.0015070964706619596
1935	0.0015070245957825752
1936	0.0015067619080345008
1937	0.0015062872377044178
1938	0.0015059982494761619
1939	0.0015058914556123411
1940	0.001505799869733425
1941	0.001505746627285247
1942	0.0015055836008506524
1943	0.0015054306648653547
1944	0.001505345693747556
1945	0.0015051571790188954
1946	0.001505049695731999
1947	0.001504939689020516
1948	0.0015048467052582713
1949	0.0015046820316949835
1950	0.0015046210667195923
1951	0.001504351005029698
1952	0.001504272257887594
1953	0.0015041817923906022
1954	0.0015041031096953855
1955	0.0015039105114435087
1956	0.001503845643598193
1957	0.0015037590546607429
1958	0.0015036248962152624
1959	0.001503546703064751
1960	0.0015033351422008504
1961	0.0015032312931790304
1962	0.0015031329957169031
1963	0.00150296413000361
1964	0.0015026297646743253
1965	0.001502367069420162
1966	0.0015021234124877522
1967	0.0015019545562500762
1968	0.0015015977291837751
1969	0.0015011685466056806
1970	0.0015010408427147228
1971	0.0015005141374430328
1972	0.0015000163936739936
1973	0.0014996335761447836
1974	0.00149906581245532
1975	0.0014986191478452207
1976	0.001497834166668146
1977	0.0014969714724666142
1978	0.001496375174976307
1979	0.001495129071293019
1980	0.0014937126516567463
1981	0.0014932586041351457
1982	0.0014918470173136491
1983	0.001491304326154896
1984	0.0014899667562282444
1985	0.0014886933510086403
1986	0.0014869914091706342
1987	0.0014853206065078331
1988	0.0014841897752515506
1989	0.001480602988403025
1990	0.001479401413759319
1991	0.0014780769441648152
1992	0.0014744776165615445
1993	0.0014741999099792467
1994	0.001470277793477168
1995	0.0014658047373722722
1996	0.0014639183227738394
1997	0.0014597852982566049
1998	0.0014590097460360125
1999	0.0014538063357736409
2000	0.0014510217110410165
2001	0.0014496803127217956
2002	0.0014466760213619622
2003	0.0014453463344908566
2004	0.001443646254197437
2005	0.0014388025173051491
2006	0.0014372206617036972
2007	0.001433171967970641
2008	0.0014316905375987958
2009	0.0014284260973055865
2010	0.0014239599366911886
2011	0.0014214014422386707
2012	0.001415268105777772
2013	0.0014099467336782638
2014	0.0013980235201357795
2015	0.0013972381508536818
2016	0.00138999122450797
2017	0.001389372726310667
2018	0.001386628516701747
2019	0.0013854769430166184
2020	0.001384818613341555
2021	0.0013837382131761968
2022	0.0013826688327536257
2023	0.0013811909802512684
2024	0.0013801511956168823
2025	0.0013792303886784574
2026	0.00137750243946761
2027	0.0013763484226019572
2028	0.001373992888889869
2029	0.001372102463396898
2030	0.0013718767763250819
2031	0.0013691959955054534
2032	0.0013673698305879487
2033	0.001364685029395554
2034	0.0013618703839019882
2035	0.001356964135614541
2036	0.0013540571964055638
2037	0.0013513996492582855
2038	0.0013480751819306843
2039	0.0013392579600182398
2040	0.0013375390504057943
2041	0.0013287330724428158
2042	0.0013229085325201838
2043	0.001315009973428933
2044	0.0013058088928458043
2045	0.0012958534380427113
2046	0.001286114656359537
2047	0.0012559613979608497
2048	0.0012538777144218785
2049	0.0012482044803040907
2050	0.00122864185435718
2051	0.0011954171612444326
2052	0.00119541572681115
2053	0.0011954043387118714
2054	0.0011954003952167522
2055	0.0011932350606668402
2056	0.0011932253137765553
2057	0.0011932208018900214
2058	0.0011932047903127528
2059	0.0011924279973900048
2060	0.001192413752799549
2061	0.0011924013377564726
2062	0.001192384696149877
2063	0.001192352650645378
2064	0.0011923328945393564
2065	0.0011921717332939613
2066	0.0011921648755846284
2067	0.0011921448680867197
2068	0.0011921115589488044
2069	0.0011920716527756077
2070	0.0011920202581040713
2071	0.001191965812011564
2072	0.001191945796972839
2073	0.0011918960874254185
2074	0.001191836316533078
2075	0.001191719048377969
2076	0.0011917066608219291
2077	0.0011916749456375136
2078	0.0011916541472876884
2079	0.0011916362608889032
2080	0.0011916154756181191
2081	0.0011915961756337214
2082	0.0011915899237747829
2083	0.0011915589690358788
2084	0.0011915335300298764
2085	0.0011914900887463303
2086	0.0011914734774929616
2087	0.0011914441001190845
2088	0.001191436364635476
2089	0.0011914292343418638
2090	0.0011914224224282644
2091	0.0011914062549801525
2092	0.001191366666116523
2093	0.0011913575437623258
2094	0.0011913456336886201
2095	0.0011913264483527438
2096	0.0011913095234904693
2097	0.0011912824274448288
2098	0.0011912719474007191
2099	0.001191240823986638
2100	0.0011911810574282188
2101	0.0011911398600478894
2102	0.0011910704900040614
2103	0.0011910593601394287
2104	0.0011909900622617013
2105	0.001190938966237753
2106	0.0011909112513194195
2107	0.0011908152605048113
2108	0.0011907431444530172
2109	0.0011906442564633397
2110	0.0011905836047558878
2111	0.0011904576048926247
2112	0.001190351510092574
2113	0.001190214105173943
2114	0.0011900562160293083
2115	0.0011899272980807575
2116	0.001189797659310254
2117	0.0011896025458125804
2118	0.0011894926122224822
2119	0.0011893265153930248
2120	0.0011892226904464602
2121	0.0011888697319199022
2122	0.0011887218684552166
2123	0.001188544085215398
2124	0.0011882110311761283
2125	0.0011880673403383533
2126	0.0011879808551858964
2127	0.0011879382799978092
2128	0.0011879236627051544
2129	0.001187884343848506
2130	0.0011878554118471478
2131	0.0011878396544761267
2132	0.001187767207814178
2133	0.0011877144716411598
2134	0.0011876391966997501
2135	0.0011876006947043013
2136	0.0011875051271577764
2137	0.0011874875706668591
2138	0.0011874169904912764
2139	0.0011872513003317764
2140	0.0011871761811906756
2141	0.0011870600588313343
2142	0.0011869580489208954
2143	0.0011869042602286803
2144	0.0011868525871031827
2145	0.001186804024086531
2146	0.0011867553665576322
2147	0.0011867091632183301
2148	0.0011866467029881234
2149	0.0011865874877478202
2150	0.0011865267887204143
2151	0.001186437275533063
2152	0.0011864133072538626
2153	0.0011863977424636583
2154	0.0011862959778253777
2155	0.0011862124340680992
2156	0.001186053159186292
2157	0.0011859929026636143
2158	0.0011859637490692688
2159	0.0011859536534154494
2160	0.0011859305582518963
2161	0.001185894560863942
2162	0.0011858565371915953
2163	0.0011858352332180485
2164	0.0011857901809182339
2165	0.0011857421477750082
2166	0.0011856894561978787
2167	0.001185629658569585
2168	0.001185567491541674
2169	0.0011854359180276603
2170	0.0011853397545226873
2171	0.00118529888610648
2172	0.00118510849671561
2173	0.001185000649294622
2174	0.0011848468212086786
2175	0.001184706207562932
2176	0.0011845767471510519
2177	0.0011843858283918478
2178	0.0011842782310538475
2179	0.001184080330324178
2180	0.0011838883062793401
2181	0.0011837444497118437
2182	0.0011834798398735506
2183	0.001183160513450572
2184	0.0011827656036196594
2185	0.001182735090130789
2186	0.001182141921607776
2187	0.0011812423737344259
2188	0.001181008421459549
2189	0.0011807899025954032
2190	0.0011797018768509551
2191	0.001179302104531601
2192	0.0011787933605913643
2193	0.0011779497578365322
2194	0.0011778010518361881
2195	0.0011771833875246186
2196	0.0011769223014138689
2197	0.0011766611295449785
2198	0.0011765755050817295
2199	0.0011764818435705327
2200	0.0011764455925637291
2201	0.001176362854189099
2202	0.0011762786080472332
2203	0.0011761927947013934
2204	0.0011760460439369375
2205	0.0011758413624831977
2206	0.001175747195612958
2207	0.001175502867951282
2208	0.001175359498837752
2209	0.0011752019075050703
2210	0.0011749525140432979
2211	0.001174765777093357
2212	0.0011744701395057097
2213	0.0011742883007607441
2214	0.001173813604086229
2215	0.0011735326866320708
2216	0.0011733166516532173
2217	0.0011728634520059562
2218	0.0011724230790377149
2219	0.0011717847660989633
2220	0.0011713219838692113
2221	0.0011710428325341518
2222	0.0011702777570655784
2223	0.0011697652191733246
2224	0.0011688191354955865
2225	0.0011681645729205736
2226	0.001166872333853621
2227	0.0011666888182985458
2228	0.001164837937573912
2229	0.001163858570869391
2230	0.0011630490636165432
2231	0.001162602605981306
2232	0.0011606044338746163
2233	0.0011594579995844636
2234	0.00115783445339332
2235	0.001157789748660906
2236	0.001157185693153839
2237	0.0011568306716319649
2238	0.0011564018479321273
2239	0.001155933736125521
2240	0.001155856151766613
2241	0.0011553960370191184
2242	0.001154723798308873
2243	0.0011546178043119254
2244	0.0011543859384356505
2245	0.0011541927690041152
2246	0.0011539337120981806
2247	0.001153903623095261
2248	0.001153640227381854
2249	0.001153335232657166
2250	0.001153134401019852
2251	0.0011527325503499983
2252	0.0011525953385608664
2253	0.0011523360139272707
2254	0.0011519320925531267
2255	0.001151837122478095
2256	0.0011513946309863845
2257	0.0011509187483764475
2258	0.0011502771198051178
2259	0.0011500422180899493
2260	0.0011499422244642123
2261	0.001149212922210947
2262	0.0011485003553744727
2263	0.0011482151289710677
2264	0.001147523501989379
2265	0.001146885939246992
2266	0.0011459487131631814
2267	0.001144574032646537
2268	0.0011434979979111197
2269	0.001142885187146622
2270	0.0011426515121808587
2271	0.0011412289757445834
2272	0.0011408209693725576
2273	0.0011400344589065678
2274	0.001138321092065295
2275	0.0011366131045227209
2276	0.001136603647431082
2277	0.0011360309820413162
2278	0.001134694204537586
2279	0.0011333679334629275
2280	0.0011324761670256824
2281	0.0011277127838019289
2282	0.0011275992332589844
2283	0.0011231362408491144
2284	0.00112025426160196
2285	0.0011195903695090097
2286	0.0011130608179157027
2287	0.0011116167699938182
2288	0.0011096624332926715
2289	0.0011023215312434941
2290	0.0011020304056690875
2291	0.0010925516402513513
2292	0.0010925328375607686
2293	0.001091607316722463
2294	0.0010916067252191596
2295	0.001082362351831839
2296	0.001079159419239549
2297	0.0010791372509601717
2298	0.0010791225479023826
2299	0.0010784460531498988
2300	0.0010784350762673438
2301	0.0010782590807876973
2302	0.0010782460486389298
2303	0.001078209290583506
2304	0.0010780994842648193
2305	0.0010780978832597278
2306	0.0010780764132605548
2307	0.0010780412434479795
2308	0.0010779833254508985
2309	0.0010778934187359599
2310	0.0010777851407728482
2311	0.001077646293383493
2312	0.0010775137124056028
2313	0.0010774102986931915
2314	0.001077290256007909
2315	0.0010771554196651193
2316	0.0010771240199020848
2317	0.0010769113430684277
2318	0.0010764864397558387
2319	0.0010764775724006782
2320	0.0010760388795426692
2321	0.0010756137953001773
2322	0.001075548943787523
2323	0.0010753441743283929
2324	0.0010751651325606793
2325	0.0010750156821603561
2326	0.0010749882962172322
2327	0.0010744185684714324
2328	0.0010744039940433854
2329	0.0010743626586921372
2330	0.00107435434300969
2331	0.001074333784400371
2332	0.0010743272282045407
2333	0.001074320227059728
2334	0.001074317112811934
2335	0.0010743082012114444
2336	0.001074302254293593
2337	0.0010742980766758436
2338	0.0010742944348270335
2339	0.0010742871917875532
2340	0.0010742812984117502
2341	0.0010742775441363007
2342	0.001074268178497365
2343	0.0010742600907436139
2344	0.0010742536089908296
2345	0.0010742463078838407
2346	0.001074236946038004
2347	0.0010742258415808868
2348	0.001074203313446883
2349	0.0010741959454505518
2350	0.0010741860789866627
2351	0.0010741679854960925
2352	0.0010741593330473162
2353	0.0010741333968669268
2354	0.0010741167254363297
2355	0.001074085748464298
2356	0.0010740580898989265
2357	0.0010740342267368383
2358	0.001073996558974121
2359	0.0010739619895208936
2360	0.0010739323365059046
2361	0.0010738976395777361
2362	0.0010738477267893862
2363	0.0010738025949081685
2364	0.0010737206587993842
2365	0.0010736666513983457
2366	0.001073643987565439
2367	0.0010735955604200512
2368	0.001073547374545368
2369	0.0010734858977460072
2370	0.0010734709061665769
2371	0.0010733681845017833
2372	0.0010732899106614643
2373	0.0010731673851806498
2374	0.0010731096398087186
2375	0.0010730487464874197
2376	0.0010729495815565986
2377	0.0010728326383843815
2378	0.0010726975766469037
2379	0.001072594690572863
2380	0.0010725465072160367
2381	0.0010722969651213844
2382	0.0010720850826166173
2383	0.0010718512682995334
2384	0.0010716313524365953
2385	0.0010714274934817418
2386	0.0010712133965800538
2387	0.001070964472584543
2388	0.0010706823557560523
2389	0.0010705555549115917
2390	0.001070536992080627
2391	0.0010704278367819557
2392	0.001070089782159589
2393	0.0010696857431464373
2394	0.0010691212384887324
2395	0.0010691023002856168
2396	0.001069095472274371
2397	0.0010690888592518187
2398	0.0010690674484787584
2399	0.0010690409539328442
2400	0.0010690063390258629
2401	0.0010689990329794514
2402	0.0010689866265812197
2403	0.0010689778600456218
2404	0.0010689610316201748
2405	0.0010689244626328552
2406	0.0010689126452661216
2407	0.0010688979884418443
2408	0.0010688814674128932
2409	0.0010688418974761805
2410	0.0010688336430805065
2411	0.0010688283687374474
2412	0.0010687977719074974
2413	0.001068756840198607
2414	0.0010687210255689052
2415	0.0010686728673160613
2416	0.001068668738893709
2417	0.0010686527221820995
2418	0.0010685952700565382
2419	0.0010685345063964939
2420	0.001068509899086277
2421	0.0010684422581721147
2422	0.001068401829277938
2423	0.0010683106826636054
2424	0.0010681982852523474
2425	0.001068178762891407
2426	0.001068100450537262
2427	0.0010679497828332905
2428	0.001067932192167965
2429	0.001067709857698653
2430	0.0010676930180513141
2431	0.001067485246407583
2432	0.0010674114154640814
2433	0.0010672540868531101
2434	0.0010670588497498899
2435	0.0010667413107531898
2436	0.0010666009558662746
2437	0.0010664819827332546
2438	0.0010663579147217827
2439	0.001065880820473854
2440	0.001065366130850208
2441	0.0010652851862156469
2442	0.0010650992711329172
2443	0.0010649903596274752
2444	0.0010648763571793217
2445	0.0010648529373336847
2446	0.0010646867011133013
2447	0.0010645355424273091
2448	0.0010645012380020176
2449	0.0010643296532802035
2450	0.0010641739438600002
2451	0.0010641644416264746
2452	0.001063838395628564
2453	0.0010636802476014044
2454	0.0010632124325067357
2455	0.0010631213389702997
2456	0.0010624807268816963
2457	0.0010624093949090838
2458	0.0010617312605443001
2459	0.0010613398847965198
2460	0.0010611506383629004
2461	0.001060231575411572
2462	0.0010600655517253208
2463	0.0010591383423572064
2464	0.0010586767761281068
2465	0.0010579216678803839
2466	0.001057268043366067
2467	0.0010566495160140121
2468	0.0010560590814871426
2469	0.0010551137689974708
2470	0.0010539653875009847
2471	0.0010531216600652123
2472	0.0010524872818243496
2473	0.0010519523127595664
2474	0.0010504555653846617
2475	0.0010497271824929982
2476	0.0010470866311731981
2477	0.0010464713199516461
2478	0.0010456746112885906
2479	0.0010440228585705852
2480	0.0010417850754846731
2481	0.0010403374036226595
2482	0.0010392408571066815
2483	0.0010378889842167182
2484	0.0010376750385315964
2485	0.001037238141740482
2486	0.0010355784640861182
2487	0.0010348385835394717
2488	0.0010335686832580715
2489	0.0010332304790864797
2490	0.0010317597901266008
2491	0.001031011626114302
2492	0.001028136204861195
2493	0.001027779970094928
2494	0.0010255038385159384
2495	0.001023188997178267
2496	0.0010231641456943939
2497	0.0010231250883633441
2498	0.0010231146186808562
2499	0.0010231005809409842
2500	0.0010230963096897739
2501	0.0010230539413564569
2502	0.0010230384622116372
2503	0.001023032593513262
2504	0.0010230176034621396
2505	0.0010230115872573071
2506	0.0010230053696717327
2507	0.0010229761234070234
2508	0.0010229746124222224
2509	0.0010229409102585328
2510	0.001022933137512311
2511	0.0010229205100990347
2512	0.0010228823050147833
2513	0.001022817255856546
2514	0.00102281434417571
2515	0.0010227992642149403
2516	0.0010227626619512694
2517	0.0010227333129530461
2518	0.001022671985859865
2519	0.001022666238476305
2520	0.001022639392563346
2521	0.0010225831994480894
2522	0.0010224907609415969
2523	0.0010224895493581706
2524	0.0010224087319365787
2525	0.0010223806300711496
2526	0.0010222961675001086
2527	0.001022206057950974
2528	0.0010221869952974825
2529	0.0010220414806128128
2530	0.0010219976911479405
2531	0.001021825257721537
2532	0.001021625035178114
2533	0.0010215115108083985
2534	0.0010214329026105814
2535	0.0010211003860787667
2536	0.001021003604531921
2537	0.001020912127273059
2538	0.001020509759146131
2539	0.0010202803903416123
2540	0.0010200175923361459
2541	0.001019538962512805
2542	0.0010192335499552496
2543	0.0010186726638384193
2544	0.001018172772880066
2545	0.0010176767662164144
2546	0.0010170201416054845
2547	0.0010168146140675537
2548	0.0010167830109335918
2549	0.0010156117523808887
2550	0.0010155630742778865
2551	0.0010154621699807287
2552	0.001014410509797048
2553	0.001013772124863321
2554	0.0010122628686451227
2555	0.0010112238795271383
2556	0.0010091409046114267
2557	0.0010078578359054324
2558	0.0010064318518127064
2559	0.0010058057768379614
2560	0.0010021035619014386
2561	9.973828543198276E-4
2562	9.972221619522744E-4
2563	9.948162694778735E-4
2564	9.913631846078944E-4
2565	9.890575388323704E-4
2566	9.888293781604677E-4
2567	9.811285853750542E-4
2568	9.782693379914592E-4
2569	9.72060379355494E-4
2570	9.711932443370835E-4
2571	9.635234287309963E-4
2572	9.602995429041083E-4
2573	9.596142702935586E-4
2574	9.594029793752398E-4
2575	9.587120215336008E-4
2576	9.585749413502271E-4
2577	9.580138706584238E-4
2578	9.571638707357004E-4
2579	9.5705387944197E-4
2580	9.565600630298947E-4
2581	9.561776242013378E-4
2582	9.549899777568763E-4
2583	9.540979560126656E-4
2584	9.540242354919841E-4
2585	9.52351516221891E-4
2586	9.520953259342138E-4
2587	9.502824929001156E-4
2588	9.500505973736548E-4
2589	9.494560136691945E-4
2590	9.475422458774492E-4
2591	9.468105630104667E-4
2592	9.455269192047841E-4
2593	9.437372545845251E-4
2594	9.427779149370298E-4
2595	9.424835215023263E-4
2596	9.421639705222188E-4
2597	9.41811749264974E-4
2598	9.416858255743957E-4
2599	9.413530297473157E-4
2600	9.413320308541365E-4
2601	9.413302571906588E-4
2602	9.41327808772687E-4
2603	9.413251289692612E-4
2604	9.413229799097384E-4
2605	9.413211115040165E-4
2606	9.413200121589559E-4
2607	9.413180765530035E-4
2608	9.413097736991167E-4
2609	9.413052280184102E-4
2610	9.413031781215895E-4
2611	9.413015324594345E-4
2612	9.413009396427234E-4
2613	9.413003055108927E-4
2614	9.41299521059695E-4
2615	9.412981330539961E-4
2616	9.412976821282967E-4
2617	9.412963356442668E-4
2618	9.412938771125657E-4
2619	9.412926115874366E-4
2620	9.412910711709808E-4
2621	9.412883833994979E-4
2622	9.412872307358819E-4
2623	9.412860393145095E-4
2624	9.412845194306253E-4
2625	9.41282237838585E-4
2626	9.412791606395323E-4
2627	9.412745003194172E-4
2628	9.412731232730507E-4
2629	9.412672684484791E-4
2630	9.412657144326102E-4
2631	9.412628542428768E-4
2632	9.412599316970093E-4
2633	9.412506719443313E-4
2634	9.412486975515845E-4
2635	9.4123331676355E-4
2636	9.412292868425244E-4
2637	9.412245908162612E-4
2638	9.412100433851242E-4
2639	9.41208989612249E-4
2640	9.411917280986669E-4
2641	9.4118115398376E-4
2642	9.411672200266307E-4
2643	9.41154943199518E-4
2644	9.41152600669587E-4
2645	9.411353755240341E-4
2646	9.411181536952002E-4
2647	9.411137118365774E-4
2648	9.411108607142742E-4
2649	9.411069574147601E-4
2650	9.410992215758961E-4
2651	9.410929938360943E-4
2652	9.410834029487667E-4
2653	9.410794270533949E-4
2654	9.410720115176914E-4
2655	9.410613639287847E-4
2656	9.410534602099836E-4
2657	9.410460545181824E-4
2658	9.410313622178823E-4
2659	9.410195349239491E-4
2660	9.410085363402485E-4
2661	9.409846395164171E-4
2662	9.409771377488948E-4
2663	9.409633576477254E-4
2664	9.409459575612965E-4
2665	9.409173906940743E-4
2666	9.408835396624668E-4
2667	9.408538740641231E-4
2668	9.407969182290571E-4
2669	9.407784247125107E-4
2670	9.407408813042023E-4
2671	9.406712065888193E-4
2672	9.406213985601874E-4
2673	9.405676746924089E-4
2674	9.404949699436473E-4
2675	9.404417514553481E-4
2676	9.403542990468138E-4
2677	9.402535334428635E-4
2678	9.402300301857901E-4
2679	9.402079193371445E-4
2680	9.400447841661101E-4
2681	9.399566532390481E-4
2682	9.397867459630348E-4
2683	9.397197079438001E-4
2684	9.396381079241504E-4
2685	9.393775544145756E-4
2686	9.391269730067534E-4
2687	9.390414680787334E-4
2688	9.388925641288982E-4
2689	9.386320669658607E-4
2690	9.385428538786864E-4
2691	9.383844925391759E-4
2692	9.383312348399422E-4
2693	9.381919502499115E-4
2694	9.380365285035944E-4
2695	9.375716394244939E-4
2696	9.374744355960904E-4
2697	9.371995764241059E-4
2698	9.36815534348168E-4
2699	9.365203848690155E-4
2700	9.360688736561852E-4
2701	9.357567355224936E-4
2702	9.356624633681564E-4
2703	9.34948952772159E-4
2704	9.345716676101691E-4
2705	9.338078469556642E-4
2706	9.332347644757104E-4
2707	9.328488132106048E-4
2708	9.320725222114609E-4
2709	9.312740356508865E-4
2710	9.30389323910692E-4
2711	9.302197994537976E-4
2712	9.293732172580437E-4
2713	9.267240107796615E-4
2714	9.262412855017914E-4
2715	9.253886470467538E-4
2716	9.245436528831611E-4
2717	9.21514252158808E-4
2718	9.201153389581101E-4
2719	9.186218867652685E-4
2720	9.150061206529442E-4
2721	9.132741723846905E-4
2722	9.122505292256098E-4
2723	9.067500772259655E-4
2724	9.053110738516179E-4
2725	9.047268190249828E-4
2726	9.031458643968349E-4
2727	9.03005114661339E-4
2728	9.030048280182478E-4
2729	9.030047101667294E-4
2730	9.030029041371598E-4
2731	9.029836698396274E-4
2732	9.029836536410892E-4
2733	9.029752581308986E-4
2734	9.029749882424324E-4
2735	9.029747544618431E-4
2736	9.02974539992613E-4
2737	9.029743610913224E-4
2738	9.029739229633008E-4
2739	9.029695768059568E-4
2740	9.029690938300552E-4
2741	9.029683246074193E-4
2742	9.02968107788145E-4
2743	9.029675501191388E-4
2744	9.029670404851714E-4
2745	9.029665733184567E-4
2746	9.029656617488488E-4
2747	9.029654468740932E-4
2748	9.029648684026934E-4
2749	9.029638184399276E-4
2750	9.029630542059734E-4
2751	9.029620680153673E-4
2752	9.029618312390536E-4
2753	9.029603599961327E-4
2754	9.029577254763012E-4
2755	9.029573571651773E-4
2756	9.029565378161991E-4
2757	9.029548306856941E-4
2758	9.029521581800304E-4
2759	9.029503022772423E-4
2760	9.029479961426398E-4
2761	9.029455142309002E-4
2762	9.029445476594716E-4
2763	9.029408770805677E-4
2764	9.029368002597611E-4
2765	9.029318609623507E-4
2766	9.029265816067234E-4
2767	9.029246849543976E-4
2768	9.029226913322548E-4
2769	9.02915524103446E-4
2770	9.029141060225392E-4
2771	9.029055918266123E-4
2772	9.029026851277689E-4
2773	9.028961664558679E-4
2774	9.028842400364717E-4
2775	9.028764646754519E-4
2776	9.028608811355905E-4
2777	9.028532243238115E-4
2778	9.028496641736054E-4
2779	9.028411603640703E-4
2780	9.028306742591729E-4
2781	9.028106089908327E-4
2782	9.028053538149555E-4
2783	9.027875634970557E-4
2784	9.027819228020691E-4
2785	9.027681845700527E-4
2786	9.027621381473E-4
2787	9.02757770954894E-4
2788	9.027460122922672E-4
2789	9.027418960705691E-4
2790	9.02735440790864E-4
2791	9.027208378799258E-4
2792	9.026958762434561E-4
2793	9.026901423217416E-4
2794	9.026697506510812E-4
2795	9.026661652991903E-4
2796	9.026457882124009E-4
2797	9.026271165281538E-4
2798	9.02598992817986E-4
2799	9.025939210813658E-4
2800	9.025773705252257E-4
2801	9.025493653876492E-4
2802	9.025294119672435E-4
2803	9.025240197781806E-4
2804	9.02487754649134E-4
2805	9.024454613896315E-4
2806	9.024123855626948E-4
2807	9.023947445573815E-4
2808	9.023539536394984E-4
2809	9.023115882165439E-4
2810	9.022410115239018E-4
2811	9.021780429607114E-4
2812	9.021639566684207E-4
2813	9.021007972105907E-4
2814	9.019688680681639E-4
2815	9.019019325393208E-4
2816	9.017993293079571E-4
2817	9.017147817682089E-4
2818	9.015807376626003E-4
2819	9.014403994909438E-4
2820	9.013990362615298E-4
2821	9.012166095123002E-4
2822	9.010595764019781E-4
2823	9.008923080013306E-4
2824	9.00797827157512E-4
2825	9.004598029598523E-4
2826	9.003342981288488E-4
2827	8.998139597439943E-4
2828	8.997721448671221E-4
2829	8.997573907269758E-4
2830	8.996095512525697E-4
2831	8.991801644871493E-4
2832	8.986063616812046E-4
2833	8.981929870237931E-4
2834	8.977305322968005E-4
2835	8.975821727108401E-4
2836	8.975062623409485E-4
2837	8.973684871390753E-4
2838	8.971311632549245E-4
2839	8.967860173088497E-4
2840	8.963897317987694E-4
2841	8.959163633126428E-4
2842	8.954747108747869E-4
2843	8.950026237379208E-4
2844	8.948605958623467E-4
2845	8.947099511033365E-4
2846	8.944770241896839E-4
2847	8.939416891730903E-4
2848	8.939263743004451E-4
2849	8.938781264493655E-4
2850	8.938067529701225E-4
2851	8.937958182378016E-4
2852	8.937095572402446E-4
2853	8.93655976594818E-4
2854	8.936425737941245E-4
2855	8.935400274193095E-4
2856	8.934348831510231E-4
2857	8.934345852207794E-4
2858	8.934006725996863E-4
2859	8.933524928760109E-4
2860	8.932743363710863E-4
2861	8.931779348592881E-4
2862	8.930439128607498E-4
2863	8.929497536507893E-4
2864	8.92946567892706E-4
2865	8.927131533929658E-4
2866	8.92551429015139E-4
2867	8.92430671136737E-4
2868	8.923752268587355E-4
2869	8.92112221360281E-4
2870	8.92090907044291E-4
2871	8.918967728311506E-4
2872	8.914310946497692E-4
2873	8.914268478028297E-4
2874	8.91370708386249E-4
2875	8.911163003773272E-4
2876	8.909638237527774E-4
2877	8.905887606690671E-4
2878	8.905008602308145E-4
2879	8.901809480241286E-4
2880	8.901772084426372E-4
2881	8.894540781848947E-4
2882	8.888468820159526E-4
2883	8.884670956698069E-4
2884	8.879274926578692E-4
2885	8.870431606934058E-4
2886	8.870349408368054E-4
2887	8.86324471063104E-4
2888	8.861563448896518E-4
2889	8.850716460191558E-4
2890	8.847855822897184E-4
2891	8.842804088327554E-4
2892	8.828388354585569E-4
2893	8.828229677640822E-4
2894	8.81533486796524E-4
2895	8.798770474110708E-4
2896	8.798664144038032E-4
2897	8.798331618869818E-4
2898	8.797819924096475E-4
2899	8.797650575406591E-4
2900	8.797602735350577E-4
2901	8.797526081397544E-4
2902	8.797436739311305E-4
2903	8.79736479393534E-4
2904	8.797223020675746E-4
2905	8.797067470317458E-4
2906	8.796899124396456E-4
2907	8.796629532129426E-4
2908	8.796421423214697E-4
2909	8.796126387261579E-4
2910	8.796088809177627E-4
2911	8.795917790462077E-4
2912	8.795613262274864E-4
2913	8.7954124965239E-4
2914	8.795122713626953E-4
2915	8.794849912463202E-4
2916	8.794435809861679E-4
2917	8.794016858293304E-4
2918	8.793770141201485E-4
2919	8.793620134600329E-4
2920	8.79289266786847E-4
2921	8.792537107335221E-4
2922	8.792319107832978E-4
2923	8.792233376420135E-4
2924	8.791266410565217E-4
2925	8.791256291147809E-4
2926	8.790992354500268E-4
2927	8.790735052064028E-4
2928	8.790667401346374E-4
2929	8.790613722127883E-4
2930	8.790504620662419E-4
2931	8.790501306361243E-4
2932	8.790492315968322E-4
2933	8.790474160287477E-4
2934	8.790425062931259E-4
2935	8.790391444345167E-4
2936	8.790376893714827E-4
2937	8.790358280724401E-4
2938	8.790325937506078E-4
2939	8.7902894426969E-4
2940	8.79025061297757E-4
2941	8.790244411027511E-4
2942	8.790219107486487E-4
2943	8.790194903553601E-4
2944	8.790174070329199E-4
2945	8.790159310157767E-4
2946	8.79013574469756E-4
2947	8.790109967994967E-4
2948	8.790101044624211E-4
2949	8.790068794525282E-4
2950	8.79006865748725E-4
2951	8.790045505454237E-4
2952	8.790020505754833E-4
2953	8.789956693050836E-4
2954	8.789871393321231E-4
2955	8.789860041723584E-4
2956	8.789860009605946E-4
2957	8.789806332758321E-4
2958	8.789712304453976E-4
2959	8.789712172706158E-4
2960	8.789647915612421E-4
2961	8.789586239498566E-4
2962	8.78954252143334E-4
2963	8.789336119212521E-4
2964	8.789306229719051E-4
2965	8.789222528216514E-4
2966	8.78915520025657E-4
2967	8.78907891449076E-4
2968	8.788750592874128E-4
2969	8.788645071029981E-4
2970	8.788265190234265E-4
2971	8.788264669592604E-4
2972	8.788120065422249E-4
2973	8.78797719426634E-4
2974	8.787696186753708E-4
2975	8.787528863832586E-4
2976	8.787309408459028E-4
2977	8.786690864434937E-4
2978	8.786611035489659E-4
2979	8.786340284284992E-4
2980	8.786033916325526E-4
2981	8.785629655728017E-4
2982	8.78513221847491E-4
2983	8.785034201464511E-4
2984	8.784687049643535E-4
2985	8.784057685712627E-4
2986	8.783515097575297E-4
2987	8.782047000493392E-4
2988	8.781047574486172E-4
2989	8.780748955244438E-4
2990	8.779445706335935E-4
2991	8.778440462256204E-4
2992	8.77750640070788E-4
2993	8.77563305934015E-4
2994	8.775335242161103E-4
2995	8.77331009507276E-4
2996	8.772192853139662E-4
2997	8.770120865180038E-4
2998	8.76667806195223E-4
2999	8.766170643982788E-4
3000	8.765495120890527E-4
