1	79.48715301715602
2	76.62827267750437
3	75.57402153395113
4	72.32537847507787
5	70.09110912992719
6	69.09731498398158
7	67.84745621351365
8	67.66037482620418
9	66.98680537596648
10	65.87838587972733
11	65.1478018822046
12	64.21450841867588
13	63.08481286383788
14	61.76678397425932
15	61.016416210366415
16	59.1834001656459
17	57.554310379093245
18	56.960805837126365
19	56.255587964787196
20	55.78676607582956
21	55.51843092731284
22	54.6141777916477
23	54.49766269996573
24	53.99623799642059
25	53.04822475118476
26	52.934345241885346
27	52.06568641985846
28	51.25967858971519
29	50.37894017697267
30	50.24208749882554
31	49.335693882336145
32	48.4324492794844
33	48.180455082555596
34	47.19961731112709
35	47.14798992603615
36	46.14780396243795
37	45.62592988764197
38	45.15325278554861
39	44.81495985427523
40	44.50148263178823
41	44.43647829405994
42	43.9504055083914
43	43.279474802254704
44	43.146404682879
45	42.45941753303642
46	42.07539764322268
47	41.7805935704852
48	41.34684342248608
49	40.97269318668307
50	40.69539307776224
51	40.281527583016405
52	40.22479570514304
53	39.73367273302708
54	39.094714591367094
55	38.89348912217146
56	38.75913635212498
57	38.38619719860778
58	38.237547988004984
59	37.92679438557119
60	37.24405366486736
61	36.68471405825393
62	35.903046313528975
63	35.41685143128414
64	35.055643207543355
65	34.926678951525105
66	34.73171608712038
67	34.18710197903261
68	33.81188907615488
69	33.52903315484024
70	33.34722012124819
71	32.97723580025594
72	32.77446823083646
73	32.39638817534428
74	32.28425407182532
75	32.125992421618434
76	31.820367942158335
77	31.441782158751867
78	31.41008048334452
79	31.052033328806534
80	31.052033328806534
81	30.912235309153207
82	30.81452148894033
83	30.285054333767906
84	30.108844114068187
85	29.742013824142823
86	29.34166871293885
87	29.11599022885595
88	28.78229470189041
89	28.73571639640511
90	28.571112557906766
91	28.421864078560542
92	27.89451197636225
93	27.728900930800364
94	27.335692683389052
95	27.06775221158013
96	26.980476417926543
97	26.761505960529156
98	26.631414849346285
99	26.39676889101818
100	26.148371807266155
101	25.75471925069784
102	25.608407315468188
103	25.28683207272206
104	25.28683207272206
105	25.1858721992354
106	24.714495791938614
107	24.404255908406206
108	24.267065668735576
109	24.01771025743794
110	23.89991099123706
111	23.85540570165814
112	23.624312343087336
113	23.54472337755751
114	23.133047212832
115	22.788761132522193
116	22.777422513924233
117	22.69475770725246
118	22.426045060284398
119	22.00117775969828
120	21.94657904396284
121	21.93851723599413
122	21.825059589349035
123	21.60376375470947
124	21.412021227796345
125	21.180519391552533
126	20.952570422105342
127	20.785174269703557
128	20.602056468211703
129	20.52513342433878
130	20.381020564089855
131	20.33483429550869
132	20.331888464158965
133	20.19444509561133
134	19.860931377940865
135	19.71101799794651
136	19.52743980299439
137	19.213285241752132
138	18.956961658181687
139	18.841288503502643
140	18.683755816506384
141	18.470893767568498
142	18.451065317979054
143	18.428705707212455
144	18.367251894340292
145	18.208497644959042
146	17.943318051961448
147	17.789030759170036
148	17.688984360791558
149	17.540271584657102
150	17.316765680154727
151	17.114301069438298
152	16.817572741484597
153	16.610584139104756
154	16.46013861918416
155	16.11594519022444
156	15.949576896241494
157	15.880501176320752
158	15.658817265090315
159	15.626614889510638
160	15.542586668571943
161	15.501518835064156
162	15.361845708998073
163	15.292417734384617
164	15.232672139013948
165	15.123784913472894
166	14.946740715769847
167	14.888339707489207
168	14.680122349233834
169	14.531161954930155
170	14.432587617095981
171	14.386694529377726
172	14.183893348743828
173	14.03826200842769
174	13.910195012820031
175	13.627532274267868
176	13.582229448503941
177	13.508809926504847
178	13.435970808525267
179	13.37353892228996
180	13.367035003583002
181	13.272140713495672
182	13.177790971644495
183	13.022324065784732
184	12.883250179751977
185	12.579386417091646
186	12.542408869791462
187	12.519801382896217
188	12.360883767158281
189	12.240189008875694
190	12.196505737387763
191	12.095539163458884
192	11.971772748041287
193	11.960834791895453
194	11.934803631491627
195	11.822665095448482
196	11.72845500738179
197	11.630210756229802
198	11.498943173497402
199	11.330535482707287
200	11.232952673253612
201	11.105724158630364
202	11.073361775350202
203	10.958392725885902
204	10.886714528272059
205	10.863928466339168
206	10.857912518978559
207	10.823423083516406
208	10.753218566283122
209	10.712271742296691
210	10.611750073484037
211	10.506941598596434
212	10.383611413893126
213	10.380774500739737
214	10.241085707044265
215	10.218134253426657
216	10.149523137381466
217	10.075797498621505
218	9.96037822967936
219	9.926424905858573
220	9.879291288261202
221	9.783333439109937
222	9.668716702020305
223	9.64735009939359
224	9.49287158267429
225	9.43841192369246
226	9.255749532367025
227	9.217539694524731
228	9.157296012755886
229	9.130562303000369
230	9.006348285235065
231	8.931342153823966
232	8.842809816214595
233	8.791376398563017
234	8.74696118720366
235	8.612485745209707
236	8.531105877648681
237	8.490072075918855
238	8.45711162119778
239	8.405313199316826
240	8.393352539746632
241	8.2492962585771
242	8.021825355782388
243	7.996855293492707
244	7.960921020080071
245	7.880614215180839
246	7.83696928385548
247	7.721585300248198
248	7.696813175239653
249	7.622382296281418
250	7.58638618803371
251	7.545014725680777
252	7.50077056587451
253	7.456313772683732
254	7.441971460398414
255	7.293694368931823
256	7.238242025069939
257	7.198431475842084
258	7.181172029234322
259	7.102614704656374
260	7.042598759739734
261	6.989389625278713
262	6.974516442640162
263	6.9447615200723645
264	6.871744098265638
265	6.80984656967674
266	6.776046019546623
267	6.745938141754868
268	6.686066427949172
269	6.6736739129466205
270	6.604408887789324
271	6.4895807235541305
272	6.446259431682569
273	6.425353003474881
274	6.393246338251022
275	6.344048063020929
276	6.307565063945509
277	6.243834482500097
278	6.231566451128014
279	6.201954929312426
280	6.184413554255403
281	6.152124054603098
282	6.120752987725289
283	6.085233633053062
284	6.053866217407404
285	6.053866217407404
286	5.990295920269031
287	5.9286519049898
288	5.892595473713743
289	5.872545999364079
290	5.837690759975952
291	5.806898759367334
292	5.767922339772336
293	5.731839477467745
294	5.697898803856238
295	5.619931176626377
296	5.557460175781052
297	5.5501429641716475
298	5.527237488311566
299	5.418033032361979
300	5.393356933231041
301	5.3498491064026235
302	5.296781105624664
303	5.24909624858417
304	5.216445087112773
305	5.170941505314912
306	5.136218459740415
307	5.098150327042566
308	5.071838838228151
309	5.067294112781429
310	5.020467966812486
311	5.002452063081746
312	4.936585784755585
313	4.926943297841457
314	4.923086033217809
315	4.891254226842145
316	4.841604325936833
317	4.802675822300429
318	4.760146100298338
319	4.710029249212943
320	4.675479725908832
321	4.649174174758106
322	4.6054488815765575
323	4.53661633577128
324	4.5070674348306685
325	4.45814337816912
326	4.410512192590174
327	4.373071954699626
328	4.341130154804204
329	4.301794652692047
330	4.290946582633455
331	4.281505008097241
332	4.22349069259164
333	4.19967071680318
334	4.169951124546513
335	4.116291254757678
336	4.071016426088387
337	4.053434075356814
338	4.0094844455373595
339	4.009071960661987
340	3.998988596131237
341	3.9848716604096572
342	3.948957638817781
343	3.927762198304682
344	3.897365170077932
345	3.897365170077932
346	3.8751486730015805
347	3.866474304726148
348	3.8319864629955918
349	3.79184792144138
350	3.7725470805442467
351	3.745155434854372
352	3.708678472914904
353	3.669012660490997
354	3.620285810794448
355	3.605978851304799
356	3.5802019162307634
357	3.522069726882189
358	3.5149516876083
359	3.5054129482459344
360	3.466169334528559
361	3.4087952067904443
362	3.4030051304987117
363	3.381825520881925
364	3.325368184318399
365	3.273764706257301
366	3.2518111717129394
367	3.2416072218173344
368	3.2342288834813027
369	3.2186154800881313
370	3.2004239300390696
371	3.1745568171575034
372	3.1271967474083744
373	3.0871526783090086
374	3.0730594386197576
375	3.04156553526668
376	3.022556156723342
377	2.9740032155852245
378	2.961540927451515
379	2.9445488105584063
380	2.9375876764349838
381	2.9148502340578335
382	2.912418504711936
383	2.902676548935322
384	2.870321284446582
385	2.8578317351059024
386	2.833405421978346
387	2.8085300211578494
388	2.777583759131823
389	2.765358932352783
390	2.7522288886268327
391	2.7217643914278256
392	2.7089915666524993
393	2.6880232013294094
394	2.684752717030761
395	2.6610392049670732
396	2.6610392049670732
397	2.646897391122347
398	2.632377461554268
399	2.6269582821130855
400	2.5973858848937748
401	2.5690685599040495
402	2.5436373339377583
403	2.5307219186077163
404	2.520808174335333
405	2.507066998631087
406	2.4947689567014777
407	2.4777602372563026
408	2.46153147659376
409	2.4519089676827197
410	2.428453700731858
411	2.4145999576898713
412	2.402413035924529
413	2.383800654439912
414	2.369032031460811
415	2.3507221863892247
416	2.332159272196058
417	2.3094170841447332
418	2.2543186417807646
419	2.2517838943088746
420	2.233622167768005
421	2.199511698946593
422	2.1811840451845814
423	2.1601732725517926
424	2.124391820080588
425	2.117270588386701
426	2.1109283077182743
427	2.0926768690090323
428	2.0690547648497257
429	2.0608706855260195
430	2.0228637743095788
431	2.0188758118502177
432	1.995963917966807
433	1.97789899179879
434	1.9620430875866195
435	1.9548644339613976
436	1.9253036826851362
437	1.92048450328015
438	1.918077797428162
439	1.8976768313552754
440	1.897359757054634
441	1.8799192079178204
442	1.8612544241081197
443	1.8356746660623637
444	1.826539829221259
445	1.8214876840756846
446	1.8060450732275994
447	1.7943678417625324
448	1.7904498583642845
449	1.7757098058649985
450	1.7695730532409624
451	1.7679475002208371
452	1.7585420554911795
453	1.7405208337368971
454	1.7300776558523434
455	1.7199196902192422
456	1.695392859459414
457	1.685008869061105
458	1.6743811201507195
459	1.6570631077958993
460	1.6483353635483198
461	1.6426039086500657
462	1.634308315755422
463	1.6210374004614763
464	1.6066171388162824
465	1.6048299280578016
466	1.589398014534205
467	1.577241004130045
468	1.5698834158462476
469	1.5585458014105815
470	1.5585458014105815
471	1.5510093246950258
472	1.5268699080906865
473	1.5024827990108645
474	1.4927376914764732
475	1.4878333063117493
476	1.4727410062745272
477	1.4631054914338333
478	1.4551479648280612
479	1.4368146729645368
480	1.4284302105455846
481	1.4224804979838694
482	1.4144136180011313
483	1.403795469598478
484	1.3987392603870363
485	1.3934312991485263
486	1.380109786367353
487	1.3717922275517236
488	1.3654758735072399
489	1.3527729601977114
490	1.3456180323448348
491	1.3336781138251501
492	1.3168622264213106
493	1.3068718483770991
494	1.3023755834560051
495	1.2958157702814157
496	1.2884573393925534
497	1.2807395007970934
498	1.2662822502050397
499	1.257103117732105
500	1.244940432121658
501	1.234589360651053
502	1.2286943243637536
503	1.2269727370116754
504	1.2154818325202799
505	1.207854590346482
506	1.190732991919851
507	1.1758056747737053
508	1.1621530665838669
509	1.1527465871044313
510	1.1505229487871718
511	1.1455145405807032
512	1.1434456678287677
513	1.1388708102805376
514	1.1362664217780092
515	1.1306520755752667
516	1.1250648079832826
517	1.114529833592361
518	1.1110407545429999
519	1.0995447561102065
520	1.0947257198814566
521	1.081801436345109
522	1.0767111056739862
523	1.0691801644581755
524	1.0615478310452646
525	1.0567462068226727
526	1.0499567579258617
527	1.0470177409032404
528	1.0395116576263255
529	1.031526656267133
530	1.0281787595909517
531	1.0214090484443321
532	1.0169977441317097
533	1.0036618955081993
534	0.9960653780911658
535	0.9865202728173811
536	0.971122846025853
537	0.9649456270428838
538	0.9640008093608821
539	0.9566333058938649
540	0.9523023761603114
541	0.9497679426285975
542	0.9408889080393783
543	0.9379901719832392
544	0.9340305673443403
545	0.9237840640710574
546	0.9167425649068085
547	0.9110023054197248
548	0.908163013403272
549	0.9017780369134161
550	0.8950305722287314
551	0.8906084153930182
552	0.887304495391803
553	0.8774668304881542
554	0.8676967575031992
555	0.8647889627868618
556	0.8603177674719618
557	0.8584392679390298
558	0.8499092605810188
559	0.8430919548659674
560	0.8334577573639742
561	0.8308470585997985
562	0.8244813459695336
563	0.822575469638036
564	0.8118529698913123
565	0.8095535591413707
566	0.8024177111849736
567	0.7985448390673988
568	0.7944675824307329
569	0.7886159825495719
570	0.7856514125516189
571	0.7772131438811047
572	0.7731099885419908
573	0.7686695880755703
574	0.7642247845310219
575	0.7553961295854815
576	0.7468060217870021
577	0.7446659388161386
578	0.7380664233773319
579	0.7362105861096723
580	0.7290251616255939
581	0.7225865653362042
582	0.7112970267151517
583	0.7027537390643582
584	0.6997257756433901
585	0.6938738317432548
586	0.6805597034297414
587	0.6774770425866835
588	0.6729560224413514
589	0.6691920029873867
590	0.663738286862482
591	0.6567035331238482
592	0.6524557374970481
593	0.6476668617895397
594	0.6434699592199158
595	0.6395016494780402
596	0.6366648393446369
597	0.6287262478843295
598	0.6282553827078843
599	0.6226745493147766
600	0.6175620117168271
601	0.6142837045625875
602	0.6061495414256796
603	0.6041175270027029
604	0.6041175270027029
605	0.5997404010329912
606	0.5949485969536611
607	0.5898350288114924
608	0.5874264126357299
609	0.5850465774015594
610	0.5814177968478348
611	0.5763937242033718
612	0.5682006099900652
613	0.567177834829615
614	0.5646305754707426
615	0.5563727471836751
616	0.5539618220138512
617	0.5506393754755853
618	0.5472205130967822
619	0.5431845433957019
620	0.5366198123432854
621	0.5291104640354881
622	0.5268611816104933
623	0.5264787847737611
624	0.5231034169671966
625	0.5207683385955677
626	0.5150459552183171
627	0.5148613364871096
628	0.5142627284669508
629	0.5103778387966592
630	0.5082625048707112
631	0.5070911270613522
632	0.5011892215880759
633	0.49737462125680815
634	0.49707076619559837
635	0.49429033900072866
636	0.4893374216241607
637	0.4865786404614665
638	0.48330711419166794
639	0.4815193292821916
640	0.4758326273963667
641	0.466427513899161
642	0.4655184532974269
643	0.4606900438715328
644	0.4581174334450349
645	0.4567560252570358
646	0.45456319851790955
647	0.4526732006365302
648	0.4473230852529244
649	0.4458466082225207
650	0.4422713586315001
651	0.43759897436473844
652	0.43007333928431424
653	0.426448167039168
654	0.4248853068572397
655	0.4236981858857808
656	0.42301376091484
657	0.41826238839492424
658	0.4158641031216131
659	0.4144872332888137
660	0.41295843544379823
661	0.41096363270245423
662	0.40835252192366356
663	0.40708457920556185
664	0.4048971545168556
665	0.39780102358975183
666	0.3930119821459942
667	0.3925451393321329
668	0.38788069554763865
669	0.386834130221096
670	0.3851276412379046
671	0.38286690023516745
672	0.3820003569785943
673	0.3790213349532784
674	0.37660565335028107
675	0.37280962704603554
676	0.3713415063029733
677	0.36746880226717565
678	0.3658922850505763
679	0.36104793845782945
680	0.3569723172291085
681	0.3566132174053068
682	0.35546820477388535
683	0.35357481962384696
684	0.3503782810287885
685	0.34797397799133123
686	0.34480390699779206
687	0.34263558869925403
688	0.3381663842466081
689	0.3379206026977092
690	0.33693805468439375
691	0.3320121883770683
692	0.33148764224960403
693	0.3285837207564757
694	0.3250344010208082
695	0.32102021993845514
696	0.31938962893717193
697	0.3165731791668355
698	0.3155771849285281
699	0.315210402206937
700	0.3092567968435117
701	0.30641835853128413
702	0.3053826504585232
703	0.30321706679503974
704	0.3012230602813993
705	0.299525921226593
706	0.2965015457149922
707	0.2940382320312376
708	0.29334054845244767
709	0.2909744437161151
710	0.28854743789887116
711	0.285606031268647
712	0.2846422084536509
713	0.28360494611401543
714	0.28142106264524874
715	0.279162909432228
716	0.2759148837221005
717	0.27482368870561913
718	0.2727285882775892
719	0.2715430676627516
720	0.27018069821917706
721	0.270018401366713
722	0.26764792901953194
723	0.2658496862801651
724	0.26444228072971765
725	0.26375888681887105
726	0.26014515599171967
727	0.2578738873322161
728	0.2563166076143433
729	0.25386296204661335
730	0.2524386940840061
731	0.25068990864313245
732	0.24899133654944094
733	0.24780173528944976
734	0.246627547552838
735	0.24512634472054615
736	0.24454560881321868
737	0.24200426738824013
738	0.2411582775931939
739	0.2396992110240387
740	0.23726233013728032
741	0.23650367908216285
742	0.23517366574716958
743	0.23329125770645284
744	0.23126326502124994
745	0.22871197828118323
746	0.22727079463797872
747	0.2265231946984313
748	0.22390791203172
749	0.2233422526947737
750	0.22207007492543057
751	0.22138624731526768
752	0.21892031701045173
753	0.21741845969040552
754	0.216126299448899
755	0.21594593098687875
756	0.21416286183083524
757	0.21214598561465806
758	0.2096061623932551
759	0.20784209642617088
760	0.20625845214158173
761	0.2053704908449947
762	0.20428461933425945
763	0.20339143149335046
764	0.20237775269704014
765	0.20021024193482778
766	0.19893298691915826
767	0.19590958691922172
768	0.1944001044447198
769	0.1921384335749525
770	0.1915456048117387
771	0.19107537712016046
772	0.1895863127303422
773	0.18807479819404577
774	0.18682745329973655
775	0.18574987581368071
776	0.1844055528984966
777	0.18365733634527037
778	0.18101409171833713
779	0.17991283599757146
780	0.17932893043782436
781	0.17747648587076922
782	0.17606441596729627
783	0.175837207849595
784	0.17281921647670995
785	0.17154305298544106
786	0.1712487863183449
787	0.17089335481405113
788	0.17049850459712748
789	0.1698879201558271
790	0.16896891379601725
791	0.16799187292188755
792	0.16771306986761753
793	0.16746548455589688
794	0.1657581505053996
795	0.16463665059267368
796	0.1641561386720607
797	0.16278441335265725
798	0.16172062966116674
799	0.16031980919489955
800	0.15926136443404795
801	0.15771254564223142
802	0.1566113310632491
803	0.1551059335998923
804	0.15474466356370495
805	0.15310530096646685
806	0.1517486144649702
807	0.1501074828043764
808	0.14945612284286575
809	0.14858665349112588
810	0.14748363206981496
811	0.14616566895370978
812	0.14600015043849385
813	0.14542231391444543
814	0.14487923155830337
815	0.14357040401426824
816	0.14122842719768014
817	0.13999160033443184
818	0.1394283771953069
819	0.1390455774570002
820	0.13803562609623438
821	0.13761102131859873
822	0.13646036711690263
823	0.1359938271653493
824	0.13527037535758907
825	0.13478387093550778
826	0.1336195840272185
827	0.1327306807989729
828	0.13252697564067603
829	0.13127444048193
830	0.13032982460090556
831	0.12916823907537114
832	0.12683178475142598
833	0.12665870809719126
834	0.12549348092421803
835	0.1245232218732573
836	0.12326801948241957
837	0.1222138387734507
838	0.12182589803471087
839	0.12154754227461106
840	0.12122750997895926
841	0.12015598026680605
842	0.11955949364345217
843	0.11947779331458071
844	0.11872569825015228
845	0.11846279106884312
846	0.11736724660594106
847	0.11714584330953998
848	0.11648503383559886
849	0.11527248951222827
850	0.11414486195968512
851	0.11317628863336567
852	0.11234571045227643
853	0.1114265102030907
854	0.11010781364246319
855	0.10962061684661019
856	0.10855041981369391
857	0.1077202011723428
858	0.10697514682541369
859	0.10656210743930532
860	0.1061473373983004
861	0.10550860633275758
862	0.10464152856794372
863	0.10406225398187187
864	0.10342408774519488
865	0.10272045651314163
866	0.10110135177069493
867	0.10069775392326222
868	0.09993667031523029
869	0.0993370395038105
870	0.09805460584545335
871	0.09733851955248787
872	0.09686813317872897
873	0.09649674569048065
874	0.09633208265878852
875	0.09554262984574986
876	0.09480825484633533
877	0.09446432843339149
878	0.09355988550972501
879	0.09308068635439436
880	0.09228350717722313
881	0.09177699408255595
882	0.09150947070886598
883	0.09030809414810671
884	0.08912637988645439
885	0.08891111885928046
886	0.08832365281839105
887	0.08799886179407461
888	0.08798754985668475
889	0.08751909360739056
890	0.08722398668494459
891	0.0865595817244517
892	0.08594007150433962
893	0.0856585331139564
894	0.08539858479092367
895	0.08471616041314846
896	0.08366613434776123
897	0.08322713065342582
898	0.08279823276176494
899	0.08198399716873898
900	0.0817699941327705
901	0.08133034407751795
902	0.08045283312873544
903	0.08002896633189056
904	0.07980811212917413
905	0.07927343425206716
906	0.07881852301714205
907	0.078410904873474
908	0.07778715041983587
909	0.07746888148330862
910	0.07703722888463244
911	0.07651218037212268
912	0.07614682858105595
913	0.07505976292993417
914	0.07469092593530995
915	0.074302133374901
916	0.07399657582709646
917	0.07398128384624868
918	0.07289349959125438
919	0.07244235247697975
920	0.07168193733477371
921	0.07144684831071733
922	0.0714398782048583
923	0.07065955635405387
924	0.06990759163192621
925	0.06962609984795574
926	0.06905892389671804
927	0.06889653793678778
928	0.06876204386433399
929	0.0684528228491916
930	0.06775911824941791
931	0.06743734624474884
932	0.06694829523089783
933	0.0665004741725361
934	0.06530331816819898
935	0.06505866505992186
936	0.06436327396505884
937	0.06413244311320682
938	0.06370176911609664
939	0.06358513913304106
940	0.06329920226733228
941	0.06263537644424406
942	0.06253535751544169
943	0.062264545544016475
944	0.062142002732355664
945	0.060909724137069486
946	0.06021611929076038
947	0.05948452103187649
948	0.05869608500105548
949	0.05791621280086095
950	0.05785747995240231
951	0.05742803151406592
952	0.0565883943805827
953	0.05602717324394934
954	0.055842530733391446
955	0.055641474047527756
956	0.05504324724626279
957	0.05487586317049432
958	0.05457158664468228
959	0.05278783857031699
960	0.052694925582556194
961	0.05239998864516448
962	0.05188579867430586
963	0.051588720525031356
964	0.05131649056986025
965	0.05103975112715238
966	0.050912060854086234
967	0.05051744818677057
968	0.04986612151152584
969	0.049756486196140585
970	0.049466263942313446
971	0.04882182309073772
972	0.04868827972513793
973	0.04853385830126835
974	0.048184729464116755
975	0.04806938738816893
976	0.04793173626239111
977	0.047499166804971245
978	0.047094130469742354
979	0.046890910138257934
980	0.04670420148610344
981	0.046500851854029704
982	0.045902210636715485
983	0.045142106806467956
984	0.044777157371432515
985	0.04469639148428853
986	0.04445682962815287
987	0.04441540936848118
988	0.044109542943746353
989	0.04395470965402799
990	0.04362284648762993
991	0.04349346836077725
992	0.043347972404547054
993	0.04251928167820873
994	0.04225134094203011
995	0.04199480761736285
996	0.0418216175373143
997	0.041566905450941966
998	0.04138179818613943
999	0.0408199759927512
1000	0.04068370321620689
1001	0.04040612666300035
1002	0.040067908175915656
1003	0.040062447806770554
1004	0.0397501980048661
1005	0.039588029908083876
1006	0.03934343219834271
1007	0.03918110578958716
1008	0.039084471421078425
1009	0.03883388120558067
1010	0.038419056063853284
1011	0.03815447838174572
1012	0.03802397063420972
1013	0.03781617027417381
1014	0.037642640589917044
1015	0.03722553654944591
1016	0.03713147012115228
1017	0.03634405857895042
1018	0.03597935960302648
1019	0.03570711218245246
1020	0.03550222191082295
1021	0.035447880279011794
1022	0.03507528669340296
1023	0.03487149985253928
1024	0.034803369627718996
1025	0.034579824005467
1026	0.03438261378186244
1027	0.03417732766068451
1028	0.03409608111884747
1029	0.03345125234194889
1030	0.03329171540236489
1031	0.03308546413762103
1032	0.03278894287181193
1033	0.032699896259895916
1034	0.03252718570041884
1035	0.032293218956076786
1036	0.03220746797732783
1037	0.03185358696259991
1038	0.03170356671124317
1039	0.031602826451530494
1040	0.03143802963606669
1041	0.031299328545181186
1042	0.031149488292461686
1043	0.030640529696569187
1044	0.030604081539699922
1045	0.03040348658325448
1046	0.029776295915131958
1047	0.029621187811980823
1048	0.029525316810684956
1049	0.029313519312658843
1050	0.0292267107901926
1051	0.029073495085928158
1052	0.02890677458677058
1053	0.02859587152497307
1054	0.028412547778454818
1055	0.02827061318408992
1056	0.028139875447431996
1057	0.028001238172651273
1058	0.027753914907557953
1059	0.027583586420789393
1060	0.026948040164061562
1061	0.02678534677923968
1062	0.02671276628926598
1063	0.026605028427008674
1064	0.02640404750449525
1065	0.026330804622215098
1066	0.026081825372578842
1067	0.02568087979133778
1068	0.025420734722139918
1069	0.02519623414048962
1070	0.02509398154297553
1071	0.024943841710187934
1072	0.024727253261355307
1073	0.024485137889244595
1074	0.02422678851489118
1075	0.024126704423201646
1076	0.024089125034184106
1077	0.02389773881567486
1078	0.02374704985262595
1079	0.023609933481186503
1080	0.023516381542638905
1081	0.023348621622485247
1082	0.023254703666371238
1083	0.02312632566830345
1084	0.02291362081680447
1085	0.022837014934716182
1086	0.022734517822228458
1087	0.02262824221665739
1088	0.022568618347420813
1089	0.02238866858063895
1090	0.022232043501342277
1091	0.022116369556831814
1092	0.02190433557650974
1093	0.02190433557650974
1094	0.021813466879018105
1095	0.021753281529211698
1096	0.021626270125156954
1097	0.021466100510021752
1098	0.021370202198153623
1099	0.021218726188016047
1100	0.021154661965432576
1101	0.020905507792947916
1102	0.020493976241093538
1103	0.02040327378122653
1104	0.020345934565687732
1105	0.020201137869566354
1106	0.020005903589861925
1107	0.019855292049932173
1108	0.019628865314925945
1109	0.019372043271292497
1110	0.019245650646250702
1111	0.01886743498675034
1112	0.018772042543324884
1113	0.01861138765772117
1114	0.018555393386814723
1115	0.01854332127036657
1116	0.018476017919057963
1117	0.01836019756164126
1118	0.018294129344735118
1119	0.018205512131988667
1120	0.018045189763004944
1121	0.017979653607713718
1122	0.01790422258027609
1123	0.01775147647114818
1124	0.017627435223064637
1125	0.017427458970611376
1126	0.017305125551618856
1127	0.017167190272738542
1128	0.017088908665976028
1129	0.017002962260512552
1130	0.016877533856564035
1131	0.016774666355282734
1132	0.01610364554706669
1133	0.0160295426467455
1134	0.01598545403741163
1135	0.01592789197440477
1136	0.01588142877897938
1137	0.015868323174452307
1138	0.015756388988561434
1139	0.015632450277279105
1140	0.015523956404786678
1141	0.015475227964293535
1142	0.015312659955351447
1143	0.015228825326060322
1144	0.015156093198496695
1145	0.015103862390969752
1146	0.014996279574974142
1147	0.014923183739795003
1148	0.014847418937333894
1149	0.014751979686598951
1150	0.014659227778643246
1151	0.014649328878462113
1152	0.01459362948942694
1153	0.01451967583762755
1154	0.014493606110673676
1155	0.014440611918490406
1156	0.014361008904563707
1157	0.01415169751203085
1158	0.013813185069218937
1159	0.013711784839158147
1160	0.013672458227011014
1161	0.013597024353950032
1162	0.013510651277491894
1163	0.013491647775942564
1164	0.013437544462524749
1165	0.013380605765583236
1166	0.013338737989946024
1167	0.013288982399795679
1168	0.01318769022086783
1169	0.012836415172660548
1170	0.012780166992332396
1171	0.012727213435052377
1172	0.012619858331232128
1173	0.012548278087221964
1174	0.012514842792345698
1175	0.012471704544543763
1176	0.012397689250834452
1177	0.012328512300774926
1178	0.012216684460508052
1179	0.012194404790021849
1180	0.012106477216881139
1181	0.011923271593701625
1182	0.011891064373639662
1183	0.01185562010651802
1184	0.011815107333719606
1185	0.011718227794775866
1186	0.011574836235736402
1187	0.011516042784089563
1188	0.011452130113194467
1189	0.011405549501260468
1190	0.011348123775645359
1191	0.011254484334167402
1192	0.011187614976097734
1193	0.011094600393776117
1194	0.011077669057313323
1195	0.010986369412941295
1196	0.01091912774224302
1197	0.010886689142725474
1198	0.01086073703283766
1199	0.010846141838283752
1200	0.010784885253700036
1201	0.010745830689029125
1202	0.010559197689890719
1203	0.010517413780909889
1204	0.01048380583922277
1205	0.0104617954363747
1206	0.010382195730279268
1207	0.010280546246251559
1208	0.010177637610833972
1209	0.010134504996442213
1210	0.010103547672835713
1211	0.009904579659488856
1212	0.009773023794012492
1213	0.009689396051592978
1214	0.009640843121427739
1215	0.009608413032848616
1216	0.009475573024608242
1217	0.009394738567580588
1218	0.009355358330111712
1219	0.009121402926182638
1220	0.008935706663166572
1221	0.008909327879954795
1222	0.008849586736124614
1223	0.00883324712051975
1224	0.008784182044425519
1225	0.008687292770432262
1226	0.008595608794982288
1227	0.008536175549664038
1228	0.008506992231910548
1229	0.008411264427631245
1230	0.008390007161923844
1231	0.008308405553905773
1232	0.008237454703392051
1233	0.008205739837402982
1234	0.008163443474820066
1235	0.008096751649365646
1236	0.008078528658313587
1237	0.008005123284303492
1238	0.007954234498458636
1239	0.007900208311197632
1240	0.007867439855725501
1241	0.007850367825018025
1242	0.007793972720758976
1243	0.007779599646790892
1244	0.0077480167627700805
1245	0.00767207840309611
1246	0.00765922082668061
1247	0.007606495428871637
1248	0.007577711107621568
1249	0.007564402779709518
1250	0.007491645628152677
1251	0.007461004088125754
1252	0.007425514642111937
1253	0.007394418237999096
1254	0.007344587901515184
1255	0.0073186864207467036
1256	0.007265975239015471
1257	0.007202363571059903
1258	0.007015039471954592
1259	0.006975025757370637
1260	0.006919190262473527
1261	0.006898958308681413
1262	0.006868114959218464
1263	0.0068474987931380895
1264	0.006801335697560303
1265	0.006683067021216591
1266	0.006643877134609884
1267	0.006630110382224472
1268	0.006599931654500625
1269	0.00659104351976068
1270	0.006481641177568735
1271	0.006465894686660202
1272	0.006399880122655324
1273	0.006332698165947099
1274	0.006301342166707326
1275	0.006273343896934361
1276	0.006230204288541658
1277	0.006203272696398818
1278	0.006151526615188642
1279	0.006115628214510523
1280	0.006104531283957605
1281	0.006020548218000737
1282	0.00600870209272407
1283	0.005986549510583922
1284	0.005938486729898313
1285	0.005899371903534578
1286	0.005880319483310766
1287	0.00583291877122245
1288	0.005799412666840816
1289	0.005770741676088049
1290	0.005706579264397378
1291	0.005606168532907672
1292	0.0054475682465395525
1293	0.005437320498207885
1294	0.005415004702833935
1295	0.005401857213169551
1296	0.005389028073915228
1297	0.005369213281949117
1298	0.0053403376056592915
1299	0.005276975333787255
1300	0.005267075004051978
1301	0.005246689845268751
1302	0.005220879900015696
1303	0.005205302056438744
1304	0.00516211126557212
1305	0.005151836932541993
1306	0.005114087827790572
1307	0.005083380238040757
1308	0.005070044818601371
1309	0.0050411614912948995
1310	0.004996609251893264
1311	0.004989829592764154
1312	0.004976113189457113
1313	0.004971313418382377
1314	0.0049306099341255814
1315	0.004914798224491445
1316	0.004857194434251976
1317	0.004838723694296967
1318	0.004818450758157847
1319	0.004797336746074374
1320	0.004755659432409712
1321	0.004729909502109492
1322	0.004640023120164084
1323	0.0046209465061853
1324	0.0045991005688014504
1325	0.004594677121229353
1326	0.004562930731109927
1327	0.0045004609031929115
1328	0.00448597780916145
1329	0.0044563667532342924
1330	0.004450710284515481
1331	0.004346959843305905
1332	0.004315428053529103
1333	0.004274495707589008
1334	0.004231539294802247
1335	0.004197719732471305
1336	0.004175838339669198
1337	0.004159941119750728
1338	0.004152867259181528
1339	0.004145620839294988
1340	0.004139251304533002
1341	0.004098139162494155
1342	0.004092157929783801
1343	0.0040660362597690096
1344	0.004057855709249076
1345	0.0039919215417961295
1346	0.003975803193673831
1347	0.003969364284484586
1348	0.003931125093002444
1349	0.003902300477626644
1350	0.003893544640566989
1351	0.003885411071185994
1352	0.0038656996456224455
1353	0.003855723704569299
1354	0.0038315425272916945
1355	0.003829162744234965
1356	0.0038006552058142936
1357	0.003787084846706575
1358	0.0037513475173264086
1359	0.0037236942817099653
1360	0.003712323188112636
1361	0.0037084260100337645
1362	0.0036646539815425776
1363	0.0036574950532835427
1364	0.003633165971580875
1365	0.0036132237530661173
1366	0.003571355679749396
1367	0.0035213769744893227
1368	0.0035134057159345146
1369	0.0034728709015924386
1370	0.0034571685674399093
1371	0.0034437047258985202
1372	0.0034253617863057445
1373	0.0034109278670383172
1374	0.003364677524466464
1375	0.0033490654705931283
1376	0.003333506307751577
1377	0.0033181793571049295
1378	0.0033026301639002523
1379	0.0032702305319598003
1380	0.003238331671758373
1381	0.00321161858194562
1382	0.0032027540264237047
1383	0.0031321911428288
1384	0.003115313339193723
1385	0.0031067446377323524
1386	0.0030688903758098462
1387	0.0030543812064137404
1388	0.0030452177416614343
1389	0.0030322859083848743
1390	0.0030152005052854294
1391	0.0030038690292105755
1392	0.002960361910334995
1393	0.0029463324816387713
1394	0.0029270481553214773
1395	0.0029156485067790353
1396	0.0028136091647385656
1397	0.002800399901503739
1398	0.0027913201973601373
1399	0.0027736073925063885
1400	0.0027658741186456165
1401	0.0027609372436360803
1402	0.002753584333353971
1403	0.002729302081101333
1404	0.0027179533215934745
1405	0.0027025283602484878
1406	0.0026944950312846883
1407	0.002686537965249919
1408	0.002665145111194708
1409	0.002655324214047301
1410	0.002638208410403064
1411	0.0026229193082998544
1412	0.0026025490065188276
1413	0.002600308004210105
1414	0.0025876997210871827
1415	0.002563994041666771
1416	0.0024871425080343645
1417	0.0024688810910694805
1418	0.0024670528834574014
1419	0.0024640885467829537
1420	0.00245698828389489
1421	0.0024206652203138056
1422	0.002411409364004975
1423	0.0024031754905219182
1424	0.0023953646523545186
1425	0.0023855375500318947
1426	0.002372815350145203
1427	0.002366235356515119
1428	0.002358160576985518
1429	0.0023452267211580805
1430	0.002302488169428102
1431	0.0022791642482383615
1432	0.002266765416878023
1433	0.0022551862117767035
1434	0.0022516172604530563
1435	0.0022374540560355606
1436	0.002230874024399314
1437	0.0022189717591838847
1438	0.00221070071750126
1439	0.002190242457332576
1440	0.0021756790154499506
1441	0.002167969848489118
1442	0.0021389749429742196
1443	0.002131383035225434
1444	0.002130267252257191
1445	0.002129836886565514
1446	0.002115597125648883
1447	0.0021108131094620453
1448	0.0020880764085331187
1449	0.002074763232150179
1450	0.002072329699726401
1451	0.002064608116639473
1452	0.002033614342520503
1453	0.0019810429219904954
1454	0.0019766982988989527
1455	0.0019715044246043554
1456	0.0019670391792979175
1457	0.0019547741468961747
1458	0.001926824585578334
1459	0.0019192930125882584
1460	0.0018897322664088942
1461	0.001882739895203056
1462	0.0018750806004464101
1463	0.0018530466793179568
1464	0.0018493492321507994
1465	0.0018412141926454834
1466	0.0018269695230588045
1467	0.001793987818292786
1468	0.0017705798678523896
1469	0.0017660719888199753
1470	0.0017616381331809162
1471	0.00175298745366129
1472	0.0017394890057080713
1473	0.0017215862403553463
1474	0.0017204038580931817
1475	0.0017131177513242284
1476	0.0017089945907777682
1477	0.0016978788601656092
1478	0.0016846008430751115
1479	0.001676983238354482
1480	0.0016699217917486324
1481	0.0016625505116322071
1482	0.0016183587703442583
1483	0.0016108985240746
1484	0.001609589073934494
1485	0.0015889691542793477
1486	0.0015710334027214923
1487	0.0015638258662285319
1488	0.0015547297077259307
1489	0.0015480233670924052
1490	0.0015289408507724318
1491	0.0015223612321068896
1492	0.001517241242698409
1493	0.0015056162794855623
1494	0.0014982118929847891
1495	0.001486919733977574
1496	0.0014675620946577573
1497	0.001460825370943631
1498	0.0014428929059660282
1499	0.0014376523789459048
1500	0.001426854422145804
1501	0.0014205262504811077
1502	0.0014172760294509303
1503	0.0013782926706431705
1504	0.0013758234840298032
1505	0.0013689094969089831
1506	0.0013598203197079336
1507	0.0013539380610518852
1508	0.0013397394776874273
1509	0.0013334475103378039
1510	0.001325802256513099
1511	0.0013185920920849566
1512	0.0013110220479403245
1513	0.001299414196660823
1514	0.0012697956270118702
1515	0.001264562126128712
1516	0.0012543455670371237
1517	0.0012422033965963548
1518	0.0012395987672971117
1519	0.0012354647205530598
1520	0.0012335059376041267
1521	0.001214924597747643
1522	0.0012125967141278517
1523	0.0012021361766421355
1524	0.0011967499843668122
1525	0.0011939407500041147
1526	0.0011864725077668841
1527	0.0011805412899893637
1528	0.0011777268929621736
1529	0.0011735319549133203
1530	0.0011724279258883792
1531	0.001170635756003597
1532	0.0011605047973631726
1533	0.001156259650252772
1534	0.0011448489350039746
1535	0.0011406499672555288
1536	0.0011388379507868069
1537	0.0011360532752959435
1538	0.0011281560462394165
1539	0.001120197908556087
1540	0.001115227722921328
1541	0.0011055593848256066
1542	0.0011014253997907175
1543	0.0010987463728508186
1544	0.0010762917711299202
1545	0.0010729560688209979
1546	0.0010699184544923095
1547	0.0010661714227457974
1548	0.0010635502041384372
1549	0.0010443513143688105
1550	0.001039859129776013
1551	0.0010379172539122692
1552	0.0010338216551515666
1553	0.001027893160012474
1554	0.0010246875202865361
1555	0.001011951660206559
1556	0.001005439598957869
1557	9.983205562279977E-4
1558	9.962400482877519E-4
1559	9.946896718388146E-4
1560	9.890342003870804E-4
1561	9.86458397792516E-4
1562	9.809291455691856E-4
1563	9.76886760599074E-4
1564	9.697717637962022E-4
1565	9.67820459096731E-4
1566	9.668808235601505E-4
1567	9.547016368510996E-4
1568	9.491922779797873E-4
1569	9.474777998909207E-4
1570	9.465014273609489E-4
1571	9.399466486176754E-4
1572	9.339881383837645E-4
1573	9.31394980742746E-4
1574	9.301613678895575E-4
1575	9.281235315726292E-4
1576	9.231259140518947E-4
1577	9.168501545841958E-4
1578	9.112556020405295E-4
1579	9.093880463879238E-4
1580	9.005298053898645E-4
1581	9.000793678224136E-4
1582	8.975709074087016E-4
1583	8.930849713577226E-4
1584	8.80061688599382E-4
1585	8.779134511708446E-4
1586	8.75392640705632E-4
1587	8.496557821203774E-4
1588	8.440959945110127E-4
1589	8.412268094090202E-4
1590	8.28994119155766E-4
1591	8.233569010284241E-4
1592	8.19059485941572E-4
1593	8.151961591162584E-4
1594	8.128161798178432E-4
1595	8.076301537544413E-4
1596	8.064188883853708E-4
1597	8.021673409611172E-4
1598	7.959315910265918E-4
1599	7.934041226841601E-4
1600	7.903916342743633E-4
1601	7.892175579650122E-4
1602	7.852883462754064E-4
1603	7.81603134500669E-4
1604	7.799594061850091E-4
1605	7.777470794619702E-4
1606	7.75504507401737E-4
1607	7.735530959786432E-4
1608	7.723631070399122E-4
1609	7.660738850803268E-4
1610	7.63627879120772E-4
1611	7.590361030944162E-4
1612	7.584773156046733E-4
1613	7.551928499180558E-4
1614	7.28879683487858E-4
1615	7.17434846769266E-4
1616	7.12983831326106E-4
1617	7.115387029630157E-4
1618	7.099573475748654E-4
1619	7.035836984195203E-4
1620	7.016670755249987E-4
1621	6.963141309244701E-4
1622	6.941506205131512E-4
1623	6.890208157126389E-4
1624	6.85634132547084E-4
1625	6.817213068071181E-4
1626	6.79344482820976E-4
1627	6.742997261358548E-4
1628	6.707439423892443E-4
1629	6.679624490597244E-4
1630	6.657342639597399E-4
1631	6.592295403284647E-4
1632	6.562359330840808E-4
1633	6.535846480705871E-4
1634	6.509656940967447E-4
1635	6.489440118683955E-4
1636	6.460188832145666E-4
1637	6.445390940442379E-4
1638	6.430035881036971E-4
1639	6.404642290257659E-4
1640	6.366622884023061E-4
1641	6.321757300176273E-4
1642	6.308840014037236E-4
1643	6.170796526409754E-4
1644	6.146154488128723E-4
1645	6.133546217509464E-4
1646	6.09900963867513E-4
1647	6.073790279350874E-4
1648	6.05658655127109E-4
1649	6.040916708773154E-4
1650	5.993028617733882E-4
1651	5.966484172294093E-4
1652	5.935305719231657E-4
1653	5.889128961338499E-4
1654	5.832194242122257E-4
1655	5.807174855424197E-4
1656	5.797626398186386E-4
1657	5.763969864637074E-4
1658	5.753699232508401E-4
1659	5.73285221564263E-4
1660	5.69499014742538E-4
1661	5.652676778761657E-4
1662	5.639475456037519E-4
1663	5.613946568857552E-4
1664	5.573804348538026E-4
1665	5.53414612687276E-4
1666	5.518110243956875E-4
1667	5.505265718679331E-4
1668	5.488319040638444E-4
1669	5.449957151549734E-4
1670	5.4235902777849E-4
1671	5.410014158224768E-4
1672	5.396351416782375E-4
1673	5.373388623971683E-4
1674	5.327884135402836E-4
1675	5.30869753412152E-4
1676	5.290139333303129E-4
1677	5.276186854496767E-4
1678	5.267049581642258E-4
1679	5.227504664270493E-4
1680	5.208563583300337E-4
1681	5.186546590212701E-4
1682	5.136352835491246E-4
1683	5.120996600446596E-4
1684	5.104774722372711E-4
1685	5.074216846632034E-4
1686	5.039146469654759E-4
1687	5.019998400782084E-4
1688	5.00569693115592E-4
1689	4.987585892456318E-4
1690	4.978252351788981E-4
1691	4.959205909182085E-4
1692	4.939081835495842E-4
1693	4.900622496135421E-4
1694	4.889457767284171E-4
1695	4.856032833741147E-4
1696	4.688744761467597E-4
1697	4.673971929991074E-4
1698	4.6682897379860834E-4
1699	4.6506202307144143E-4
1700	4.630945099764699E-4
1701	4.623518284439267E-4
1702	4.604194264569374E-4
1703	4.5764093451063114E-4
1704	4.5632231318280136E-4
1705	4.5479213770235845E-4
1706	4.5333952013101663E-4
1707	4.51674007733854E-4
1708	4.477505249965502E-4
1709	4.468348798439621E-4
1710	4.456228148037374E-4
1711	4.4535376770524833E-4
1712	4.4271899997441034E-4
1713	4.368271193693392E-4
1714	4.354929019676241E-4
1715	4.354214345301635E-4
1716	4.342743066948573E-4
1717	4.319131072645662E-4
1718	4.3103220064251603E-4
1719	4.293784021942532E-4
1720	4.2810171309958504E-4
1721	4.228795607556282E-4
1722	4.2075116255948993E-4
1723	4.2034676973143787E-4
1724	4.17912961590091E-4
1725	4.166365687796021E-4
1726	4.1581297309461313E-4
1727	4.0838357428629995E-4
1728	4.059721225831388E-4
1729	4.050404716103882E-4
1730	4.027187934721428E-4
1731	4.0245768602660293E-4
1732	3.975488427675082E-4
1733	3.9625882110706263E-4
1734	3.935088232885658E-4
1735	3.913433114822307E-4
1736	3.907011090876102E-4
1737	3.896797285580987E-4
1738	3.8725032484286594E-4
1739	3.862315582814913E-4
1740	3.839378354875098E-4
1741	3.8314033261105016E-4
1742	3.8099559226783636E-4
1743	3.8045796196681334E-4
1744	3.7927182136792195E-4
1745	3.768324527547754E-4
1746	3.754247110327605E-4
1747	3.7403047108594545E-4
1748	3.7357080572517515E-4
1749	3.723656392686389E-4
1750	3.7052441513129875E-4
1751	3.698435948602368E-4
1752	3.6755699939912883E-4
1753	3.652844766117701E-4
1754	3.6265601237191685E-4
1755	3.579724037069306E-4
1756	3.56584105768332E-4
1757	3.556930639643378E-4
1758	3.533972247881333E-4
1759	3.5170281983920836E-4
1760	3.5026155595341074E-4
1761	3.4884879968391226E-4
1762	3.4687407794265645E-4
1763	3.4646347746339194E-4
1764	3.4423502226301194E-4
1765	3.434915858096264E-4
1766	3.399413417829195E-4
1767	3.389137926759777E-4
1768	3.3791834288594515E-4
1769	3.3694908065925685E-4
1770	3.3516738546503287E-4
1771	3.34887827775164E-4
1772	3.3341311626142986E-4
1773	3.328049358317749E-4
1774	3.2879822182843284E-4
1775	3.2705868519450186E-4
1776	3.2539965205620605E-4
1777	3.2487220565979337E-4
1778	3.246992351076492E-4
1779	3.224733119282596E-4
1780	3.219940256221158E-4
1781	3.212588807959735E-4
1782	3.1898419015610724E-4
1783	3.16915228402838E-4
1784	3.157615635116367E-4
1785	3.1463166819652893E-4
1786	3.1109637926067215E-4
1787	3.100184728691996E-4
1788	3.096229968577629E-4
1789	3.084627206057488E-4
1790	3.070127176403191E-4
1791	3.062153618053705E-4
1792	3.055038717592258E-4
1793	3.009879903864587E-4
1794	3.0059457926654896E-4
1795	3.002921897768448E-4
1796	2.987416261807544E-4
1797	2.9775857218932014E-4
1798	2.964272833550367E-4
1799	2.9552340831381305E-4
1800	2.929793481815186E-4
1801	2.9230096589795646E-4
1802	2.8898375426810423E-4
1803	2.8819287618070063E-4
1804	2.8731870799122294E-4
1805	2.8620564121180635E-4
1806	2.849969649941096E-4
1807	2.8371402911360304E-4
1808	2.8310951743816277E-4
1809	2.811403309473333E-4
1810	2.800704153313634E-4
1811	2.7953556726303616E-4
1812	2.7893406465064475E-4
1813	2.7766971714831754E-4
1814	2.7584906458522903E-4
1815	2.748280334553458E-4
1816	2.7395669144341284E-4
1817	2.7244794155097617E-4
1818	2.7205470725777034E-4
1819	2.7124125605389274E-4
1820	2.709997462527596E-4
1821	2.704610706347029E-4
1822	2.6987739912735125E-4
1823	2.6914694192979664E-4
1824	2.681254164778781E-4
1825	2.67223029620389E-4
1826	2.661244542061159E-4
1827	2.65894318360212E-4
1828	2.647309648139065E-4
1829	2.613122561232938E-4
1830	2.608351464360375E-4
1831	2.6029437010160214E-4
1832	2.5941890414318987E-4
1833	2.5828797051238183E-4
1834	2.5775748441791394E-4
1835	2.563117120563736E-4
1836	2.5566280969544175E-4
1837	2.55284308119151E-4
1838	2.543562454628935E-4
1839	2.538743286027819E-4
1840	2.531780625279323E-4
1841	2.5211993117330695E-4
1842	2.5125064970675076E-4
1843	2.5043195182096716E-4
1844	2.495086323317895E-4
1845	2.478861796516374E-4
1846	2.4679823674453956E-4
1847	2.449452729379643E-4
1848	2.4353267388052853E-4
1849	2.425671291465765E-4
1850	2.3976339724452722E-4
1851	2.3759426018240328E-4
1852	2.3707651686237212E-4
1853	2.3611760248447257E-4
1854	2.358991720155704E-4
1855	2.355460823418105E-4
1856	2.339894569165217E-4
1857	2.3368473170395872E-4
1858	2.335107591041469E-4
1859	2.332610516192102E-4
1860	2.330980780849298E-4
1861	2.3204090587212423E-4
1862	2.3112084040378952E-4
1863	2.306739050778827E-4
1864	2.2996416846242894E-4
1865	2.2916116576660606E-4
1866	2.2776889845846956E-4
1867	2.2708477717905495E-4
1868	2.2580757542736945E-4
1869	2.2546819330775808E-4
1870	2.250071706011329E-4
1871	2.2436392430301923E-4
1872	2.2371549540150113E-4
1873	2.2286083491268097E-4
1874	2.2121765457859584E-4
1875	2.2121765457859584E-4
1876	2.2016037624087304E-4
1877	2.1980373257269304E-4
1878	2.191182733762629E-4
1879	2.1860786986494264E-4
1880	2.183318731977236E-4
1881	2.1831566929425209E-4
1882	2.1794323193968364E-4
1883	2.1719867601406774E-4
1884	2.1687752381625773E-4
1885	2.1646417515807083E-4
1886	2.1460467581428338E-4
1887	2.1370401576434095E-4
1888	2.1053678265498964E-4
1889	2.0997900154112422E-4
1890	2.0952158608538173E-4
1891	2.0927149710907783E-4
1892	2.078868708708299E-4
1893	2.0759353431803375E-4
1894	2.067208850871204E-4
1895	2.0638828502069019E-4
1896	2.06258137262398E-4
1897	2.059803665707285E-4
1898	2.0525047915609696E-4
1899	2.0461426688726973E-4
1900	2.0352100332509323E-4
1901	2.0332791063173357E-4
1902	2.0273390142196826E-4
1903	2.0241692225611685E-4
1904	2.019110193208622E-4
1905	2.0055752940088595E-4
1906	1.9919930517091515E-4
1907	1.9851780729695018E-4
1908	1.9743657248640965E-4
1909	1.9679251117874557E-4
1910	1.9611453208228811E-4
1911	1.9522169330018783E-4
1912	1.9467281207975626E-4
1913	1.9436753605595123E-4
1914	1.941729138819641E-4
1915	1.9398176251358488E-4
1916	1.9346934597175758E-4
1917	1.9208704088369277E-4
1918	1.9158416281340755E-4
1919	1.9147990122781375E-4
1920	1.9105871676894126E-4
1921	1.905366363144568E-4
1922	1.8871922019718615E-4
1923	1.8842734224156608E-4
1924	1.8756932668567526E-4
1925	1.869989364115296E-4
1926	1.8660054744371347E-4
1927	1.8599219549215532E-4
1928	1.8550818600657432E-4
1929	1.8513212374983472E-4
1930	1.8360586081508308E-4
1931	1.8346913259699747E-4
1932	1.829970432831532E-4
1933	1.8180822862872114E-4
1934	1.8154113280145464E-4
1935	1.806454942544045E-4
1936	1.799733434036088E-4
1937	1.7975446804821202E-4
1938	1.7896438838952737E-4
1939	1.785546049778978E-4
1940	1.7803359212840335E-4
1941	1.774863651412593E-4
1942	1.7717362604993016E-4
1943	1.7693066258229348E-4
1944	1.768072434987303E-4
1945	1.767213578820235E-4
1946	1.7627734707293877E-4
1947	1.7516474978647225E-4
1948	1.7483538064180494E-4
1949	1.7418046207656987E-4
1950	1.739286464678074E-4
1951	1.7363103985064204E-4
1952	1.7340981938032167E-4
1953	1.7304329410012842E-4
1954	1.726136630305515E-4
1955	1.7244343546411015E-4
1956	1.7157782821539558E-4
1957	1.7064447535000495E-4
1958	1.704023482617035E-4
1959	1.6983159037998937E-4
1960	1.6948146308346301E-4
1961	1.6905668617676827E-4
1962	1.6871031017292047E-4
1963	1.6775206979342496E-4
1964	1.6757427590668916E-4
1965	1.6745474705266876E-4
1966	1.669102987897278E-4
1967	1.666500022055608E-4
1968	1.661238442786577E-4
1969	1.6572451966596688E-4
1970	1.6469891448352955E-4
1971	1.643292534914248E-4
1972	1.641901099137375E-4
1973	1.631488525190587E-4
1974	1.6272630572435862E-4
1975	1.6236717390030788E-4
1976	1.609664150881763E-4
1977	1.6075227093524262E-4
1978	1.6047050104462938E-4
1979	1.602991120260855E-4
1980	1.6001184002903575E-4
1981	1.598615054547294E-4
1982	1.5967468146768263E-4
1983	1.5958115325652626E-4
1984	1.59284924047996E-4
1985	1.587929986032962E-4
1986	1.584543104074936E-4
1987	1.580731127028066E-4
1988	1.5793056767682485E-4
1989	1.5750076326302291E-4
1990	1.5702353060187958E-4
1991	1.567297011721631E-4
1992	1.559793003303983E-4
1993	1.557030587422903E-4
1994	1.5553362559245283E-4
1995	1.5467098013684284E-4
1996	1.5437346273192588E-4
1997	1.5405117576286495E-4
1998	1.535017182154039E-4
1999	1.531051759844163E-4
2000	1.528020852395196E-4
2001	1.519680267644989E-4
2002	1.5166062925084066E-4
2003	1.5126659930542297E-4
2004	1.5111908805598694E-4
2005	1.5089545572580362E-4
2006	1.5031750606106067E-4
2007	1.5001625615345985E-4
2008	1.4949531331358228E-4
2009	1.4919841525998952E-4
2010	1.4913643086635875E-4
2011	1.4870114429916016E-4
2012	1.4860200993997743E-4
2013	1.4814228799490118E-4
2014	1.478279836279189E-4
2015	1.4771930421461545E-4
2016	1.4731857201505814E-4
2017	1.4708461270327526E-4
2018	1.467064497450181E-4
2019	1.4661345153141623E-4
2020	1.4436146914897934E-4
2021	1.4408563096935726E-4
2022	1.4377341672257567E-4
2023	1.435494070707968E-4
2024	1.4344845304316143E-4
2025	1.4332094509011796E-4
2026	1.4297397494775213E-4
2027	1.429132649461558E-4
2028	1.426252949278189E-4
2029	1.4243108889276147E-4
2030	1.4214234382922423E-4
2031	1.4196783239404213E-4
2032	1.41737333589369E-4
2033	1.4139510073552674E-4
2034	1.4076616204923087E-4
2035	1.4017249893447383E-4
2036	1.3995824840598635E-4
2037	1.3962452414987655E-4
2038	1.3872744326577077E-4
2039	1.3850057005364945E-4
2040	1.3835738036611993E-4
2041	1.3822266980022423E-4
2042	1.380236951712631E-4
2043	1.376977319938238E-4
2044	1.374713362145082E-4
2045	1.3740953946646188E-4
2046	1.3710619292443601E-4
2047	1.369271258671569E-4
2048	1.3611043355707988E-4
2049	1.3547852336172878E-4
2050	1.3455878062935958E-4
2051	1.3444957701039603E-4
2052	1.3416932292048057E-4
2053	1.3395344684644342E-4
2054	1.3391573344223237E-4
2055	1.3372353191543992E-4
2056	1.3318102662029406E-4
2057	1.3299396249559888E-4
2058	1.3286929243489098E-4
2059	1.3277794269532563E-4
2060	1.32390572212097E-4
2061	1.319780321900219E-4
2062	1.3167503272837667E-4
2063	1.315352513586966E-4
2064	1.3119830104071312E-4
2065	1.3104211673625675E-4
2066	1.306581590774952E-4
2067	1.3000448690733145E-4
2068	1.298845262328327E-4
2069	1.296349022615141E-4
2070	1.2954934532229608E-4
2071	1.2862029368118844E-4
2072	1.2839541808453152E-4
2073	1.2831831182154606E-4
2074	1.281381367094912E-4
2075	1.2793989677718063E-4
2076	1.2780892059374737E-4
2077	1.2760574111113251E-4
2078	1.2747685987561836E-4
2079	1.2720368175718683E-4
2080	1.270662756170276E-4
2081	1.2669389906847496E-4
2082	1.2645354511965022E-4
2083	1.2631706075376894E-4
2084	1.259968181437597E-4
2085	1.257727424341595E-4
2086	1.252018388184159E-4
2087	1.2516894022973003E-4
2088	1.2509942578612575E-4
2089	1.2500879759559278E-4
2090	1.2482144673558768E-4
2091	1.242542237091019E-4
2092	1.239502114468516E-4
2093	1.2350120321494016E-4
2094	1.2334312387151603E-4
2095	1.2311677621921116E-4
2096	1.229741571247585E-4
2097	1.2271888433927706E-4
2098	1.2230820495016544E-4
2099	1.2209003194270542E-4
2100	1.2094096334285124E-4
2101	1.2031746336433305E-4
2102	1.2018041925340325E-4
2103	1.2003974010540254E-4
2104	1.1966097614227198E-4
2105	1.196103451451899E-4
2106	1.1955719537067075E-4
2107	1.1942626324916624E-4
2108	1.1905769665221848E-4
2109	1.1893894464880747E-4
2110	1.188956919022847E-4
2111	1.188628810370743E-4
2112	1.181489093248984E-4
2113	1.1811536654933023E-4
2114	1.1802333129679019E-4
2115	1.1754420175182182E-4
2116	1.1710789387321346E-4
2117	1.1690508013060986E-4
2118	1.1644084104197045E-4
2119	1.1623889195988081E-4
2120	1.1621208852246531E-4
2121	1.1616102791915007E-4
2122	1.1605636982799668E-4
2123	1.1584464514808652E-4
2124	1.1573286152108102E-4
2125	1.155878747658517E-4
2126	1.1553694772957005E-4
2127	1.1530198276421175E-4
2128	1.1495837389514646E-4
2129	1.1468633330305302E-4
2130	1.146087166046608E-4
2131	1.1400252686495655E-4
2132	1.1381774991908512E-4
2133	1.1364656929418792E-4
2134	1.1320757357305105E-4
2135	1.1305538470027255E-4
2136	1.1295930342812177E-4
2137	1.1291732407190251E-4
2138	1.1274526063163451E-4
2139	1.1268989842318488E-4
2140	1.1260774803752537E-4
2141	1.1232777007043436E-4
2142	1.1222924659369673E-4
2143	1.1188227406169459E-4
2144	1.1181739535765137E-4
2145	1.1127635487910655E-4
2146	1.1112761036297885E-4
2147	1.1098529004273964E-4
2148	1.1086447418007571E-4
2149	1.1079498411938834E-4
2150	1.1078398675735877E-4
2151	1.1069678757217065E-4
2152	1.1038810119841365E-4
2153	1.1015589811590042E-4
2154	1.0991854960381736E-4
2155	1.0961825785370422E-4
2156	1.091958349164542E-4
2157	1.090927786162126E-4
2158	1.0891396043368091E-4
2159	1.0888106087573875E-4
2160	1.0870188727800697E-4
2161	1.0859440680462237E-4
2162	1.0850824217508466E-4
2163	1.0795937187661644E-4
2164	1.0759837211587468E-4
2165	1.0743616341614172E-4
2166	1.0722944508136525E-4
2167	1.0721495465740659E-4
2168	1.0713985623145113E-4
2169	1.0682781707125134E-4
2170	1.0674495578601059E-4
2171	1.0659694207797777E-4
2172	1.0641909224733539E-4
2173	1.0636679585680571E-4
2174	1.0607455618416544E-4
2175	1.0597179764333938E-4
2176	1.0579066733722644E-4
2177	1.0569641799212987E-4
2178	1.0567511283799457E-4
2179	1.0553207359443592E-4
2180	1.0544132312938716E-4
2181	1.0512589149622434E-4
2182	1.0502152356339561E-4
2183	1.0471400012600137E-4
2184	1.0457583039743843E-4
2185	1.0413949706522011E-4
2186	1.0399706106885708E-4
2187	1.0374337405975143E-4
2188	1.0342915792621283E-4
2189	1.034090548644979E-4
2190	1.0338657684273681E-4
2191	1.031861579448227E-4
2192	1.0298375162328446E-4
2193	1.0284757096287915E-4
2194	1.0265663030851086E-4
2195	1.0227231758829443E-4
2196	1.0204770671149201E-4
2197	1.0194655895622858E-4
2198	1.0181128146238322E-4
2199	1.0153945380277114E-4
2200	1.0142811884782327E-4
2201	1.014144242256452E-4
2202	1.0117244668182399E-4
2203	1.0104412689643655E-4
2204	1.0086397426499954E-4
2205	1.0076453977003428E-4
2206	1.0070424219498847E-4
2207	1.0064412369273044E-4
2208	1.0038643126689573E-4
2209	1.0010957903698504E-4
2210	1.0002323854690593E-4
2211	9.963584677003742E-5
2212	9.961860916982302E-5
2213	9.946508557078186E-5
2214	9.939677334017691E-5
2215	9.933370661680407E-5
2216	9.923368387704185E-5
2217	9.900819631773376E-5
2218	9.881603201680557E-5
2219	9.8732261009992E-5
2220	9.869971874352922E-5
2221	9.821124092914472E-5
2222	9.800797372901998E-5
2223	9.7782904564974E-5
2224	9.766443115459969E-5
2225	9.74743497040916E-5
2226	9.741696800859375E-5
2227	9.73247303345164E-5
2228	9.730657164161246E-5
2229	9.72567850121125E-5
2230	9.716364953376578E-5
2231	9.701776666882281E-5
2232	9.694422267001223E-5
2233	9.684575420159111E-5
2234	9.676768580637018E-5
2235	9.672130852806743E-5
2236	9.667758315798192E-5
2237	9.647530889448681E-5
2238	9.616544353753798E-5
2239	9.614193553807248E-5
2240	9.598683199963444E-5
2241	9.549914636224317E-5
2242	9.543919044912737E-5
2243	9.49112079471699E-5
2244	9.485947361574441E-5
2245	9.464296821430869E-5
2246	9.455685035174595E-5
2247	9.450830378827756E-5
2248	9.407664631725513E-5
2249	9.404256239413795E-5
2250	9.369243570821602E-5
2251	9.365375387435573E-5
2252	9.358159847862255E-5
2253	9.354858754028747E-5
2254	9.345448126882834E-5
2255	9.335202533122827E-5
2256	9.332562187552214E-5
2257	9.324085550558029E-5
2258	9.31787731339567E-5
2259	9.315096702448997E-5
2260	9.302028885480989E-5
2261	9.299846138272695E-5
2262	9.297356527434657E-5
2263	9.237613997747693E-5
2264	9.236501216115116E-5
2265	9.232255562569692E-5
2266	9.223553469703322E-5
2267	9.20755186860243E-5
2268	9.205528086926738E-5
2269	9.194256853649587E-5
2270	9.174574616737485E-5
2271	9.166654898004483E-5
2272	9.161203878632046E-5
2273	9.159648899675493E-5
2274	9.147643470201084E-5
2275	9.147022682891145E-5
2276	9.129176848889436E-5
2277	9.124995659953517E-5
2278	9.120008564787864E-5
2279	9.094893804048014E-5
2280	9.0913796668024E-5
2281	9.086792520065077E-5
2282	9.077062072268317E-5
2283	9.035863045932084E-5
2284	9.024048236638515E-5
2285	9.015175289196944E-5
2286	9.007468136250607E-5
2287	8.999674680225321E-5
2288	8.996513171609838E-5
2289	8.99471403108364E-5
2290	8.972520621054742E-5
2291	8.970795526039833E-5
2292	8.969696418689915E-5
2293	8.960401711244008E-5
2294	8.933566419751826E-5
2295	8.931242264461794E-5
2296	8.928015542222479E-5
2297	8.912480140466693E-5
2298	8.902126726865538E-5
2299	8.894258278125375E-5
2300	8.890663014373479E-5
2301	8.888389226825217E-5
2302	8.872029573821636E-5
2303	8.869560556276034E-5
2304	8.858745681964656E-5
2305	8.854902934575985E-5
2306	8.852960848355153E-5
2307	8.834823043316585E-5
2308	8.8278374570963E-5
2309	8.816395017113474E-5
2310	8.80282312704481E-5
2311	8.794081677999787E-5
2312	8.789646009473725E-5
2313	8.7813370717414E-5
2314	8.767517305021739E-5
2315	8.76531814775997E-5
2316	8.756860624952322E-5
2317	8.747112110768313E-5
2318	8.746716443580205E-5
2319	8.744861431532826E-5
2320	8.73390566880827E-5
2321	8.729530364094508E-5
2322	8.727501933021467E-5
2323	8.71777558775391E-5
2324	8.709822793037318E-5
2325	8.702461943888677E-5
2326	8.700144990772531E-5
2327	8.69861953413638E-5
2328	8.696732854009932E-5
2329	8.67114494865659E-5
2330	8.666676304710795E-5
2331	8.666097550232941E-5
2332	8.649789529435364E-5
2333	8.64845566915404E-5
2334	8.638289331183037E-5
2335	8.636500321297786E-5
2336	8.635482735073441E-5
2337	8.627379052836554E-5
2338	8.622703660140412E-5
2339	8.61995232649146E-5
2340	8.618911467247107E-5
2341	8.59393251879974E-5
2342	8.568995321263975E-5
2343	8.56591839172044E-5
2344	8.557223158638558E-5
2345	8.552942779317626E-5
2346	8.546233554853978E-5
2347	8.523601502914544E-5
2348	8.522929473839673E-5
2349	8.515508643708813E-5
2350	8.509886549579364E-5
2351	8.507725630008674E-5
2352	8.505949511129532E-5
2353	8.497740014119693E-5
2354	8.495494433461134E-5
2355	8.483891617631276E-5
2356	8.474900998686939E-5
2357	8.468767219160935E-5
2358	8.44722233699241E-5
2359	8.44563010799526E-5
2360	8.444239250366306E-5
2361	8.444086053578415E-5
2362	8.441632542201217E-5
2363	8.439062388217125E-5
2364	8.434018708380415E-5
2365	8.429959554634557E-5
2366	8.419959517633785E-5
2367	8.418678279912673E-5
2368	8.398192207068881E-5
2369	8.39482687456054E-5
2370	8.391512346824626E-5
2371	8.388435165755526E-5
2372	8.386392481146903E-5
2373	8.380167013558292E-5
2374	8.375435743545684E-5
2375	8.372036795497795E-5
2376	8.350772393039508E-5
2377	8.348486988563561E-5
2378	8.347007109505386E-5
2379	8.342275451068973E-5
2380	8.335924324690077E-5
2381	8.332607684270858E-5
2382	8.325149570405214E-5
2383	8.323911108763853E-5
2384	8.322791367429304E-5
2385	8.317933885683304E-5
2386	8.315622842112011E-5
2387	8.305996514719633E-5
2388	8.300804325272137E-5
2389	8.298315306285898E-5
2390	8.295198546570836E-5
2391	8.289264536333155E-5
2392	8.278054175988614E-5
2393	8.272926083495223E-5
2394	8.26726625840741E-5
2395	8.26287937589103E-5
2396	8.260912825930305E-5
2397	8.255377673708673E-5
2398	8.228928661880428E-5
2399	8.216550338220632E-5
2400	8.213279889507892E-5
2401	8.212166984517642E-5
2402	8.211003728694608E-5
2403	8.195635743107507E-5
2404	8.19379877284576E-5
2405	8.188571543204337E-5
2406	8.184424984492455E-5
2407	8.18025982943874E-5
2408	8.176839883572061E-5
2409	8.172198890215022E-5
2410	8.171945970641239E-5
2411	8.169472689880964E-5
2412	8.168550144565038E-5
2413	8.164886552491534E-5
2414	8.155662253159298E-5
2415	8.125948536288232E-5
2416	8.122493682362893E-5
2417	8.118667020320019E-5
2418	8.117056546342104E-5
2419	8.111410049815568E-5
2420	8.110651864275874E-5
2421	8.108949369839955E-5
2422	8.107849656119615E-5
2423	8.097070931313207E-5
2424	8.093423610102405E-5
2425	8.090189454255322E-5
2426	8.085480774206664E-5
2427	8.064165804136569E-5
2428	8.055838070372894E-5
2429	8.053252576355011E-5
2430	8.050896623336724E-5
2431	8.047406977828957E-5
2432	8.0411027036996E-5
2433	8.040794795700208E-5
2434	8.037644335741688E-5
2435	8.032844349097723E-5
2436	8.026918089426199E-5
2437	8.026390799566833E-5
2438	8.017285234539049E-5
2439	8.003364291130417E-5
2440	8.003260516295894E-5
2441	8.002140524017335E-5
2442	8.001790702154929E-5
2443	7.999018252811576E-5
2444	7.986757989751468E-5
2445	7.985567173550632E-5
2446	7.978610632175131E-5
2447	7.970182504120189E-5
2448	7.965463481306059E-5
2449	7.963246823428416E-5
2450	7.96001070353486E-5
2451	7.959623917150502E-5
2452	7.955071315482124E-5
2453	7.954433684974994E-5
2454	7.953429643425522E-5
2455	7.948394276422306E-5
2456	7.945196967806024E-5
2457	7.934229947151338E-5
2458	7.908580434799655E-5
2459	7.906371095123316E-5
2460	7.896416325929998E-5
2461	7.89154577973536E-5
2462	7.890570522754477E-5
2463	7.888579466397079E-5
2464	7.887122004101858E-5
2465	7.883728170232128E-5
2466	7.87972260842723E-5
2467	7.877785505609897E-5
2468	7.875815375189112E-5
2469	7.869373494676919E-5
2470	7.867260285198382E-5
2471	7.84590906191372E-5
2472	7.842504370944536E-5
2473	7.840942999686297E-5
2474	7.839233185609533E-5
2475	7.83880859372925E-5
2476	7.836941706393269E-5
2477	7.833715911276115E-5
2478	7.832172528474507E-5
2479	7.830950374788807E-5
2480	7.82683191605518E-5
2481	7.824247962024567E-5
2482	7.821781231533613E-5
2483	7.813448129039225E-5
2484	7.812755080449016E-5
2485	7.810339029255901E-5
2486	7.806842328162104E-5
2487	7.800532449550674E-5
2488	7.79961804771378E-5
2489	7.798491062922143E-5
2490	7.785286214898118E-5
2491	7.783029665072275E-5
2492	7.781716227444608E-5
2493	7.772957343759159E-5
2494	7.770518438760885E-5
2495	7.76450724749253E-5
2496	7.763564334409064E-5
2497	7.756743886577441E-5
2498	7.74268668443115E-5
2499	7.741801528258846E-5
2500	7.733556522468352E-5
2501	7.723247241145259E-5
2502	7.721794689463067E-5
2503	7.714541257782625E-5
2504	7.712927150815744E-5
2505	7.711631343095125E-5
2506	7.710308686456034E-5
2507	7.707237552298663E-5
2508	7.704422172420626E-5
2509	7.703386596155957E-5
2510	7.682861421018138E-5
2511	7.668711484719572E-5
2512	7.654925093346249E-5
2513	7.653673358330188E-5
2514	7.653109694926414E-5
2515	7.650580636734514E-5
2516	7.642906084004253E-5
2517	7.642507224351328E-5
2518	7.641796925873798E-5
2519	7.637507733077016E-5
2520	7.636462560686868E-5
2521	7.636121097117802E-5
2522	7.63538765975471E-5
2523	7.631896095489931E-5
2524	7.623760828867608E-5
2525	7.603575256540081E-5
2526	7.596985428815986E-5
2527	7.593964929883516E-5
2528	7.593260755857565E-5
2529	7.588100810126265E-5
2530	7.586612167428106E-5
2531	7.570090516243109E-5
2532	7.56924418581476E-5
2533	7.568016684165682E-5
2534	7.556506274822285E-5
2535	7.551723882591254E-5
2536	7.551140421683229E-5
2537	7.539164689875197E-5
2538	7.538870575277075E-5
2539	7.535767172642647E-5
2540	7.530319821349537E-5
2541	7.52975253014907E-5
2542	7.519949982237168E-5
2543	7.501607867810708E-5
2544	7.501396203448888E-5
2545	7.500615321366268E-5
2546	7.49951050342584E-5
2547	7.49547756847497E-5
2548	7.494053486473525E-5
2549	7.491558932999451E-5
2550	7.490887183233297E-5
2551	7.477868135930426E-5
2552	7.476749524523044E-5
2553	7.471615290288813E-5
2554	7.469655262176616E-5
2555	7.46783259469052E-5
2556	7.465366255570976E-5
2557	7.464011246347259E-5
2558	7.442999200910882E-5
2559	7.440444480477174E-5
2560	7.437753638354912E-5
2561	7.436576388946875E-5
2562	7.434637219308134E-5
2563	7.434343224436778E-5
2564	7.433433768250918E-5
2565	7.429635480646919E-5
2566	7.428135529101231E-5
2567	7.427423176750525E-5
2568	7.422727005513183E-5
2569	7.42178866791646E-5
2570	7.419112297711227E-5
2571	7.409366694912243E-5
2572	7.403491490529836E-5
2573	7.400939068568982E-5
2574	7.399500561168454E-5
2575	7.3921475310445E-5
2576	7.386978657328626E-5
2577	7.377296933136809E-5
2578	7.364785587387513E-5
2579	7.339670897270362E-5
2580	7.339037829523852E-5
2581	7.33779047851176E-5
2582	7.336843489323853E-5
2583	7.333283026691961E-5
2584	7.331588779390207E-5
2585	7.323300844275674E-5
2586	7.322954762582415E-5
2587	7.32082828703976E-5
2588	7.320104913692008E-5
2589	7.319533194306934E-5
2590	7.31525039628079E-5
2591	7.313226505262135E-5
2592	7.313006085325683E-5
2593	7.29794494289778E-5
2594	7.297861720141764E-5
2595	7.297291498768691E-5
2596	7.296416063051831E-5
2597	7.293087001768061E-5
2598	7.282242943999657E-5
2599	7.281720374921805E-5
2600	7.280895381661889E-5
2601	7.278634577174375E-5
2602	7.272880056919538E-5
2603	7.263537132846219E-5
2604	7.255409576714252E-5
2605	7.25358554343487E-5
2606	7.253554210111633E-5
2607	7.253475203955898E-5
2608	7.253006157026779E-5
2609	7.252226664187487E-5
2610	7.251453768207819E-5
2611	7.251154576592811E-5
2612	7.250263606690973E-5
2613	7.236189644474438E-5
2614	7.235515169110643E-5
2615	7.233313415883277E-5
2616	7.232571284974841E-5
2617	7.232091059123871E-5
2618	7.221386901151048E-5
2619	7.21882816076953E-5
2620	7.215156466621015E-5
2621	7.212641739739392E-5
2622	7.204222295061889E-5
2623	7.201308422674678E-5
2624	7.186305832220167E-5
2625	7.183801616577966E-5
2626	7.181221817263586E-5
2627	7.180871202158816E-5
2628	7.179398928530759E-5
2629	7.159294578880992E-5
2630	7.15869694124667E-5
2631	7.15697844160819E-5
2632	7.156315138339022E-5
2633	7.155700931615162E-5
2634	7.154799873994095E-5
2635	7.152815691930468E-5
2636	7.152133914418501E-5
2637	7.149991554095578E-5
2638	7.142909633791655E-5
2639	7.1417713699222E-5
2640	7.14163288281784E-5
2641	7.112290332335796E-5
2642	7.111783979549899E-5
2643	7.111326517627716E-5
2644	7.109551106363841E-5
2645	7.109034376495416E-5
2646	7.108782968414483E-5
2647	7.10627758457929E-5
2648	7.104855867111161E-5
2649	7.097298344585287E-5
2650	7.095840975062536E-5
2651	7.095768811931835E-5
2652	7.090889931965667E-5
2653	7.081692689233047E-5
2654	7.080571254011523E-5
2655	7.080490691916182E-5
2656	7.080305746415907E-5
2657	7.075835956933804E-5
2658	7.075040458426748E-5
2659	7.072974658100673E-5
2660	7.071403514663335E-5
2661	7.070480368820601E-5
2662	7.067400003053232E-5
2663	7.034282115682845E-5
2664	7.033858152071382E-5
2665	7.021692135037263E-5
2666	7.021396616187083E-5
2667	7.015328727766806E-5
2668	6.998386825891848E-5
2669	6.998080389364389E-5
2670	6.992280038509755E-5
2671	6.991799990055584E-5
2672	6.989696565697308E-5
2673	6.989223542940858E-5
2674	6.98843981012217E-5
2675	6.978297832964756E-5
2676	6.977114757627014E-5
2677	6.97542968813279E-5
2678	6.975209975576618E-5
2679	6.973152001559223E-5
2680	6.972969581501095E-5
2681	6.972831577540251E-5
2682	6.972047680461488E-5
2683	6.971241062173422E-5
2684	6.971205411737865E-5
2685	6.970763858977127E-5
2686	6.969862333892974E-5
2687	6.968048344824389E-5
2688	6.967804885258297E-5
2689	6.966067519720188E-5
2690	6.964423434500037E-5
2691	6.964009792974345E-5
2692	6.963194906399421E-5
2693	6.95393223974289E-5
2694	6.948223220167377E-5
2695	6.946821548270294E-5
2696	6.945012740394602E-5
2697	6.944690014241709E-5
2698	6.94405735132519E-5
2699	6.943758628752111E-5
2700	6.933914334085937E-5
2701	6.933563458408303E-5
2702	6.933161720872417E-5
2703	6.932177195461373E-5
2704	6.92652290595107E-5
2705	6.923787448666493E-5
2706	6.923541137394593E-5
2707	6.922662080041847E-5
2708	6.919758067068922E-5
2709	6.919074929299558E-5
2710	6.918612199954818E-5
2711	6.917770149521721E-5
2712	6.917033092050553E-5
2713	6.914567382045268E-5
2714	6.90806137105605E-5
2715	6.906826642871576E-5
2716	6.906247442747772E-5
2717	6.903617125964624E-5
2718	6.894562329014939E-5
2719	6.89420665389016E-5
2720	6.893732723215092E-5
2721	6.892019329403823E-5
2722	6.89157918402183E-5
2723	6.88930499622697E-5
2724	6.887931355469979E-5
2725	6.88737544944027E-5
2726	6.885038215832736E-5
2727	6.883635100528842E-5
2728	6.880780462172963E-5
2729	6.880030818672983E-5
2730	6.872181560485211E-5
2731	6.87103708428395E-5
2732	6.870126751372416E-5
2733	6.868937253267893E-5
2734	6.862242561394762E-5
2735	6.862045226976683E-5
2736	6.861539341048128E-5
2737	6.860033149300144E-5
2738	6.859307823150012E-5
2739	6.858687690063408E-5
2740	6.858270598302925E-5
2741	6.856974248547537E-5
2742	6.848065835645466E-5
2743	6.847108176473308E-5
2744	6.845886523525836E-5
2745	6.844531125241459E-5
2746	6.843930244868505E-5
2747	6.83985938677558E-5
2748	6.83968860190423E-5
2749	6.833707125155477E-5
2750	6.833401713464823E-5
2751	6.83302108652725E-5
2752	6.830467423636367E-5
2753	6.826968984196908E-5
2754	6.826308569662319E-5
2755	6.82405219118258E-5
2756	6.823823374913473E-5
2757	6.822118871432268E-5
2758	6.821336434418513E-5
2759	6.816677234325792E-5
2760	6.816200751621328E-5
2761	6.814607843198825E-5
2762	6.810025502917134E-5
2763	6.805377762398824E-5
2764	6.804059064949832E-5
2765	6.803960123025648E-5
2766	6.803799705575247E-5
2767	6.800254675803357E-5
2768	6.79848890575054E-5
2769	6.797899767765679E-5
2770	6.79689846586514E-5
2771	6.796781669174052E-5
2772	6.792146224147092E-5
2773	6.791211134708385E-5
2774	6.790733727757853E-5
2775	6.790461569603755E-5
2776	6.78671462624965E-5
2777	6.786560579688195E-5
2778	6.783173631459807E-5
2779	6.78276205226464E-5
2780	6.781135722741085E-5
2781	6.78104086054479E-5
2782	6.777532410616235E-5
2783	6.775113322518656E-5
2784	6.773719134958142E-5
2785	6.772317498884503E-5
2786	6.769342217482432E-5
2787	6.76920548107422E-5
2788	6.765600467697908E-5
2789	6.765114759362632E-5
2790	6.764772844188157E-5
2791	6.764397150992836E-5
2792	6.761857918518428E-5
2793	6.755219857527563E-5
2794	6.754181218388062E-5
2795	6.754131474163981E-5
2796	6.754091168726551E-5
2797	6.753739896786272E-5
2798	6.752966796938084E-5
2799	6.751688240164837E-5
2800	6.750600805905813E-5
2801	6.750180685461169E-5
2802	6.749886163176198E-5
2803	6.748387173899499E-5
2804	6.748251225014987E-5
2805	6.747286010027909E-5
2806	6.74721683049717E-5
2807	6.747112777947283E-5
2808	6.741955027069084E-5
2809	6.741736278830938E-5
2810	6.741141705811723E-5
2811	6.739774714972458E-5
2812	6.739485289178449E-5
2813	6.739167929703719E-5
2814	6.738278569224904E-5
2815	6.737316099534861E-5
2816	6.732995104877241E-5
2817	6.732041315621338E-5
2818	6.731598454974875E-5
2819	6.730558401421056E-5
2820	6.730087065823214E-5
2821	6.728944382697608E-5
2822	6.728642746486786E-5
2823	6.724996617448194E-5
2824	6.724712375892362E-5
2825	6.72397174573999E-5
2826	6.723917965115445E-5
2827	6.721998002456238E-5
2828	6.720459626275072E-5
2829	6.720196428272308E-5
2830	6.715636091963328E-5
2831	6.715176417736654E-5
2832	6.715012645680872E-5
2833	6.714380312330438E-5
2834	6.714053935420673E-5
2835	6.712890768659583E-5
2836	6.710630685831491E-5
2837	6.708694948224496E-5
2838	6.707720609004737E-5
2839	6.70769169219748E-5
2840	6.706869880588236E-5
2841	6.703864410732294E-5
2842	6.701921804777573E-5
2843	6.701841591967771E-5
2844	6.701527253645844E-5
2845	6.700989735147252E-5
2846	6.698633487390207E-5
2847	6.697290627243258E-5
2848	6.696118820550375E-5
2849	6.694041119456522E-5
2850	6.693811256424898E-5
2851	6.69375086972773E-5
2852	6.691193178750475E-5
2853	6.689110423402025E-5
2854	6.685682739286733E-5
2855	6.681551419003598E-5
2856	6.681342474290987E-5
2857	6.679149078964992E-5
2858	6.678936407426826E-5
2859	6.677986813044206E-5
2860	6.677315243640114E-5
2861	6.677206172822341E-5
2862	6.677047729380071E-5
2863	6.67245782956338E-5
2864	6.671113662472497E-5
2865	6.670698285131006E-5
2866	6.670508760924772E-5
2867	6.669575143212987E-5
2868	6.667802539090142E-5
2869	6.666695314019148E-5
2870	6.666145866220306E-5
2871	6.665777160302222E-5
2872	6.665474194858977E-5
2873	6.665383628447192E-5
2874	6.664915621093236E-5
2875	6.662381892977659E-5
2876	6.660480881689642E-5
2877	6.660323430007683E-5
2878	6.659928489369019E-5
2879	6.65949912707163E-5
2880	6.659463626091908E-5
2881	6.659015177996292E-5
2882	6.658226404231525E-5
2883	6.656358068761822E-5
2884	6.655773535072402E-5
2885	6.65197985069281E-5
2886	6.651670836415668E-5
2887	6.65130767874375E-5
2888	6.650511721376447E-5
2889	6.649320148139781E-5
2890	6.649243818003045E-5
2891	6.647980786038087E-5
2892	6.646159273340478E-5
2893	6.645963048303822E-5
2894	6.645686227133356E-5
2895	6.643743242021514E-5
2896	6.642749741083853E-5
2897	6.64272725054481E-5
2898	6.642535186555662E-5
2899	6.64165948938008E-5
2900	6.640906626736283E-5
2901	6.640858094358183E-5
2902	6.64082524401984E-5
2903	6.640213116240213E-5
2904	6.639994371359624E-5
2905	6.638710840036022E-5
2906	6.63828721338015E-5
2907	6.637826158788495E-5
2908	6.637739230815991E-5
2909	6.63582504185527E-5
2910	6.633660966336897E-5
2911	6.633407863928103E-5
2912	6.633349749458323E-5
2913	6.629670056852404E-5
2914	6.629555843257151E-5
2915	6.62867278289932E-5
2916	6.626117242820906E-5
2917	6.625314095954833E-5
2918	6.625085491969626E-5
2919	6.624955209149265E-5
2920	6.6240906373561E-5
2921	6.623664708992832E-5
2922	6.62363201464685E-5
2923	6.623078724907854E-5
2924	6.622657796982459E-5
2925	6.62164447901621E-5
2926	6.621505841018178E-5
2927	6.621296313362007E-5
2928	6.620768554645135E-5
2929	6.620684448573024E-5
2930	6.62029983568604E-5
2931	6.6189435080096E-5
2932	6.618052827973752E-5
2933	6.617721505364954E-5
2934	6.615746121000889E-5
2935	6.61536381775624E-5
2936	6.61494553891495E-5
2937	6.614773169747963E-5
2938	6.611705230744015E-5
2939	6.611550872095836E-5
2940	6.609932043177799E-5
2941	6.609845745857694E-5
2942	6.609032051411056E-5
2943	6.607945252151165E-5
2944	6.607034870500267E-5
2945	6.606990190761247E-5
2946	6.606888709963223E-5
2947	6.606736076993446E-5
2948	6.606462494661878E-5
2949	6.606061937461186E-5
2950	6.605366321862406E-5
2951	6.602348667752891E-5
2952	6.601925061682431E-5
2953	6.60183215467571E-5
2954	6.601490150931577E-5
2955	6.60140056526553E-5
2956	6.601049378146323E-5
2957	6.600990994298142E-5
2958	6.600011880685536E-5
2959	6.599926335258932E-5
2960	6.599382360406135E-5
2961	6.59929972313833E-5
2962	6.598076181542888E-5
2963	6.597098975188872E-5
2964	6.597016709640845E-5
2965	6.595919911537196E-5
2966	6.595901407981373E-5
2967	6.59563526866414E-5
2968	6.595526375826325E-5
2969	6.5946820715946E-5
2970	6.594311224015753E-5
2971	6.593573239698113E-5
2972	6.593119638928307E-5
2973	6.5912705384779E-5
2974	6.590960405505388E-5
2975	6.59078604647637E-5
2976	6.590729138186034E-5
2977	6.589346816021666E-5
2978	6.588887338926444E-5
2979	6.588798594665467E-5
2980	6.587376479780778E-5
2981	6.586646846664461E-5
2982	6.586595081810178E-5
2983	6.586263948216937E-5
2984	6.586146178177501E-5
2985	6.585844150878142E-5
2986	6.585760258817802E-5
2987	6.585443765855723E-5
2988	6.58517991214485E-5
2989	6.583717081999167E-5
2990	6.583677084296613E-5
2991	6.583444582874738E-5
2992	6.583341601374811E-5
2993	6.582797009514249E-5
2994	6.58271958829036E-5
2995	6.582405397470876E-5
2996	6.581748926112056E-5
2997	6.580978512472053E-5
2998	6.580570633072982E-5
2999	6.58004996052915E-5
3000	6.579521111335332E-5
