1	1.6561921316858718E8
2	1.3662467223807856E8
3	1.173640226413827E8
4	9.161722580368534E7
5	7.908256985547902E7
6	6.949150641134034E7
7	6.012870644315728E7
8	5.254629006027833E7
9	4.6683532629005104E7
10	3.990178998913479E7
11	3.627422821646221E7
12	3.1998727078821015E7
13	2.7859957238214962E7
14	2.4052812243764374E7
15	2.0956313441364333E7
16	1.8417484452880986E7
17	1.6259423585721433E7
18	1.481549935443025E7
19	1.3141402768577006E7
20	1.1686501494738936E7
21	1.101576837758953E7
22	9230521.596652573
23	8540259.475498207
24	7644229.398163045
25	6761875.84062831
26	5583610.686286116
27	5257929.620579085
28	4912972.900398796
29	3975216.620782405
30	3699749.563423765
31	3407311.735463304
32	2857862.506861797
33	2663682.045385896
34	2313574.3914724085
35	2161212.3017049017
36	1939596.7312661773
37	1724242.9949481797
38	1571789.6757016322
39	1393275.3239393602
40	1223370.0548842526
41	1111316.9728090363
42	1019544.0936553765
43	907618.2890612844
44	830725.5777823222
45	763892.9012776301
46	682279.3857217014
47	625725.3800497699
48	570037.4085815494
49	532285.7239883031
50	467498.2313620372
51	421999.327206808
52	393966.14628374367
53	367275.4010191403
54	334237.8869423623
55	308753.4734563009
56	281320.53343154583
57	266058.7161646447
58	237188.56505386098
59	224872.03208657927
60	198188.17976574108
61	180599.71480403264
62	163447.79458035502
63	150135.83612538502
64	130994.22951583915
65	124497.48721075544
66	113533.50287602072
67	103961.8386564178
68	95536.00071276983
69	91056.61601937715
70	85783.398604484
71	76707.87696751038
72	71321.73877301706
73	66596.69204332904
74	61767.91256053354
75	57190.32019399425
76	53666.118850344195
77	51684.22125666828
78	46841.719007439446
79	44161.02739120718
80	38207.19355499906
81	35153.04043484866
82	32890.00830125019
83	30063.19411504528
84	28110.56549265463
85	26406.5414076298
86	24988.850238654315
87	23516.961480143254
88	21907.65369998255
89	19795.934653113814
90	18687.003967137924
91	18246.864688992362
92	16857.82436335995
93	15577.810315111132
94	14180.271687486851
95	13650.518357355777
96	12409.57309873735
97	11494.102461774102
98	11091.102780946034
99	10025.62711441095
100	9152.521600135227
101	8588.742809794583
102	7971.466494377679
103	7533.764099494171
104	7151.7413879126725
105	6834.029103678617
106	6373.547607506824
107	5935.619567939573
108	5555.4292083416485
109	5081.384186125016
110	4871.581299039632
111	4533.405377519791
112	4196.865183904065
113	4102.416631341916
114	3998.070650621486
115	3804.4515714788313
116	3754.531765502526
117	3566.580388670815
118	3367.995304043238
119	3100.337218210194
120	3010.0299055688506
121	2921.621382254706
122	2694.9378165653634
123	2623.5578882373184
124	2513.450762132903
125	2455.4665810733873
126	2347.6699919339667
127	2271.8760398517925
128	2106.870212728016
129	1962.4759145460935
130	1874.6722483836768
131	1782.3182992338354
132	1706.065711147759
133	1642.781631037382
134	1559.7408709622352
135	1488.7283383075383
136	1452.1837339157385
137	1421.458426579296
138	1329.8678552677889
139	1279.1193091959337
140	1236.0888641832478
141	1173.9570681326802
142	1137.9406987828686
143	1104.068380693663
144	1057.603366116369
145	1044.028280435678
146	1002.4256873967225
147	941.3380706419636
148	891.6419327067998
149	875.2777033481295
150	845.812833744167
151	829.6287836157563
152	801.7420439178683
153	773.192519231417
154	752.0173133362972
155	725.6611038825339
156	706.1593984439372
157	693.2507058773133
158	680.7021260341365
159	664.8426955146854
160	646.2643246856882
161	631.2404722943071
162	619.7673583092422
163	605.6278278879532
164	586.5755654052721
165	568.5371727100407
166	558.3283773829402
167	544.4167542453081
168	532.4885607838271
169	515.4367354025043
170	507.1535831318501
171	490.12145948766
172	478.9105781099518
173	466.4404955834151
174	454.8704134162301
175	443.694040851082
176	438.16126538453955
177	429.9835180163524
178	422.92811136274395
179	414.35319171764115
180	405.4000538354797
181	398.35846256095164
182	386.86470582937307
183	378.8192843575832
184	372.985833208442
185	367.40414415746784
186	359.6920192367883
187	356.2374917824397
188	347.10174336882176
189	339.81670240807034
190	336.50348335829415
191	330.6076877712725
192	326.2736091700808
193	321.03659870187823
194	316.45408174053904
195	308.7019455609121
196	304.15938883037984
197	301.68834191940994
198	295.7335743690577
199	287.9763962647643
200	286.0378588905216
201	282.50834125336985
202	278.91870661497006
203	276.36502635645496
204	272.98560439096883
205	269.10806388325557
206	265.67483909438295
207	263.0476337801245
208	259.95227830492183
209	258.23652694735057
210	255.32731699107677
211	252.34590361026238
212	250.0463739329599
213	248.46705003669507
214	245.7535131625306
215	243.74439696761536
216	241.27106805747573
217	238.42485889848567
218	236.8410557368249
219	234.7164142291627
220	232.11706375875636
221	229.01057275012124
222	226.40296300915568
223	223.57612032582935
224	221.3641676866035
225	218.8621978613168
226	215.91750077238467
227	214.30257764697313
228	213.26858030224912
229	211.6123392771479
230	209.97828473191834
231	208.35389629497462
232	207.0937817410799
233	205.15155680203668
234	203.2837045229531
235	201.46816887363173
236	200.11966654249446
237	198.41433983876001
238	196.88161209537904
239	196.2779498533697
240	194.38405517842102
241	193.01129833365678
242	191.27509591331187
243	190.82217784241874
244	189.6165505981574
245	188.2636014902836
246	187.54077773465508
247	186.2815682562409
248	185.31396832627615
249	184.497819932361
250	183.57679802260222
251	182.65769008636275
252	181.39967029116983
253	180.43503603648963
254	179.85080219146386
255	178.851068743707
256	178.07414495674678
257	177.16430459648168
258	176.37607290092032
259	175.3951030474515
260	174.7553015649679
261	173.93010970377404
262	172.76378568624395
263	172.1513189404449
264	171.50818757271418
265	170.5652244511043
266	169.83982534814052
267	169.2155476689635
268	168.5476867644654
269	168.0318197857488
270	167.2361759758454
271	166.80126283139705
272	166.29485862074645
273	165.5998224762132
274	165.04696884417825
275	164.3442041090275
276	163.6042039442955
277	162.8817817334623
278	162.25215162779708
279	161.5482475599356
280	160.5946392681784
281	159.78289594636323
282	159.192516877461
283	158.35831184814114
284	157.59324846534687
285	157.25018192889735
286	156.55756464566426
287	156.1049104177522
288	155.6951133485423
289	155.26991756351222
290	154.7341533132284
291	154.21703351179212
292	153.76575989605908
293	153.40699020183376
294	152.86174690200855
295	152.67751529292693
296	151.97331690278133
297	151.67359093153448
298	151.10323993609867
299	150.70202050457047
300	149.88568115000095
301	149.72345747166028
302	149.08891374310392
303	148.51439940242153
304	147.78087535590421
305	147.32841714538145
306	146.96744238329754
307	146.3799144200979
308	146.11478617424928
309	145.76287012134014
310	145.4769149935501
311	145.01870582573613
312	144.49576253782476
313	143.8085947317483
314	143.49637725962893
315	143.211842417312
316	142.70064746106445
317	142.48381905735778
318	142.17993788297497
319	141.61462469669613
320	141.05749617216767
321	140.79057919750127
322	140.60337519460725
323	139.9272019133972
324	139.5593355096162
325	139.1302628195925
326	138.8104537784241
327	138.42192460931352
328	137.8581689253488
329	137.11166403184387
330	136.62602254654607
331	135.9560072195203
332	135.1788123701935
333	134.9138185702239
334	134.7669512922175
335	134.05785229479008
336	133.81396916294534
337	133.19663193063397
338	133.03229588527918
339	132.2682329327622
340	132.0732965029064
341	131.8831870666224
342	131.5319105236223
343	131.14952915662013
344	130.67094514743218
345	130.36365319095657
346	129.98704040334562
347	129.54277859316406
348	129.04808360198163
349	128.75190978090552
350	128.47286373620662
351	128.31873612664867
352	128.08191587332126
353	127.91093277540146
354	127.82675748363087
355	127.67981112055757
356	127.5513506382389
357	127.4925720438411
358	127.32917787968995
359	127.13890399245662
360	127.06300221833683
361	126.94730193351457
362	126.72818322496337
363	126.49514655767989
364	126.43441622981409
365	126.32005822098935
366	126.22227770712855
367	126.11715305484891
368	126.03976320207589
369	125.92279466003983
370	125.75784626852378
371	125.70128694982871
372	125.57256669024649
373	125.48202004595608
374	125.39856687754835
375	125.2724336669951
376	125.10135677856958
377	125.01532790386449
378	124.94434208800894
379	124.81195771025314
380	124.66339985786789
381	124.57787883970137
382	124.50638379341163
383	124.41846053420956
384	124.32381144312606
385	124.14316356921867
386	124.07362951166401
387	123.9729763283854
388	123.86743811605113
389	123.80057825082643
390	123.67190627453053
391	123.5936554137013
392	123.49220910029716
393	123.37614728277941
394	123.32780089434641
395	123.21253636530152
396	123.12878256603577
397	123.06000746798318
398	122.9309298790785
399	122.83408051180277
400	122.6962737460263
401	122.60616323481118
402	122.51892369123037
403	122.46375595851183
404	122.37304972985334
405	122.25773201238644
406	122.18047154584825
407	122.07571678888111
408	122.03243969146584
409	121.94217729408106
410	121.85317404224503
411	121.79291219038784
412	121.72661902176789
413	121.58269709597948
414	121.49240834285703
415	121.15672268798193
416	121.1035558393874
417	120.97656446965446
418	120.78414219645353
419	120.72753444821095
420	120.52308424204618
421	120.44325032329219
422	120.28427353347944
423	120.22980140428328
424	120.04810288460057
425	120.0010436426463
426	119.91668120886617
427	119.87843716779985
428	119.81403100695469
429	119.74906921895163
430	119.67988206029446
431	119.56786197511666
432	119.50291364515698
433	119.44924130902636
434	119.39936837892982
435	119.22995020231674
436	119.15037908060074
437	119.07222935736186
438	119.01622195185487
439	118.97148969857334
440	118.8806372864152
441	118.73013964777215
442	118.65487886754312
443	118.61042839271452
444	118.56799219598861
445	118.5017135676758
446	118.44655799043092
447	118.36410852527206
448	118.32903948460573
449	118.21622122636528
450	118.16346023578271
451	118.10450106478594
452	118.04750326704747
453	117.98435085279584
454	117.91937231130709
455	117.83293943496521
456	117.8085919262005
457	117.75000602982938
458	117.59270140840796
459	117.54389844832615
460	117.50434598791502
461	117.33085223238093
462	117.29805515201882
463	117.20631564101794
464	117.17042798658893
465	117.13382428347668
466	116.96746111275881
467	116.9103877390981
468	116.87877559058377
469	116.84439742716184
470	116.82427213097809
471	116.5914186447599
472	116.54820910743761
473	116.50333489879358
474	116.41751190958344
475	116.36749265236712
476	116.32964537137902
477	116.29359207891308
478	116.17784194518825
479	116.12743126259092
480	116.10370415792858
481	116.07908397222785
482	115.94960661579307
483	115.79304714367859
484	115.67876093000083
485	115.61054110729063
486	115.48290774115358
487	115.36341041875006
488	115.32672562081216
489	115.20238744379597
490	115.14266795904996
491	115.00649918574433
492	114.86491996983514
493	114.44392945306289
494	114.33448631579155
495	114.30892755193753
496	114.27663197500904
497	114.20045648818308
498	114.14088954100657
499	113.95188022255145
500	113.84944100663202
501	113.79225057932727
502	113.55645909167198
503	113.52584430758802
504	113.36339937042735
505	113.14109582259712
506	112.98048897011118
507	112.86986731762093
508	112.47473976313539
509	112.44594803793684
510	112.17745298185008
511	111.99206730339422
512	111.6199006420742
513	111.42242356617183
514	111.24313191074877
515	111.102573224956
516	110.76182641005374
517	110.52242942513958
518	110.49258709546106
519	110.45900397088157
520	110.42557709624431
521	110.40287492475723
522	110.36101295690969
523	110.3388009208144
524	110.29997554989905
525	110.25353271990542
526	110.23891731261385
527	110.22474979107454
528	110.18619795545985
529	110.15290168893488
530	110.13009791784029
531	110.11741076935489
532	110.0879852680111
533	110.05957715806016
534	110.0344087323462
535	110.00047030277099
536	109.98146999754157
537	109.95695761371049
538	109.92518872155716
539	109.91556403776737
540	109.88498140921807
541	109.87311360836829
542	109.85299874825405
543	109.82895900640048
544	109.81078097974651
545	109.78550094992266
546	109.7685278338103
547	109.74769112912045
548	109.72887019802705
549	109.6994075017766
550	109.68619924405826
551	109.6592570172805
552	109.621584344356
553	109.61334611134313
554	109.59951674402105
555	109.58095100028076
556	109.55082951515986
557	109.51998106176396
558	109.51340382318621
559	109.50487935461203
560	109.48224281304762
561	109.46200028642275
562	109.43805098412277
563	109.42192398012739
564	109.38939710605354
565	109.37561326707262
566	109.34918710171864
567	109.32662323357748
568	109.30998440658315
569	109.27989148590369
570	109.26828730783988
571	109.24293163846144
572	109.22401050551495
573	109.21032156303266
574	109.1722890298219
575	109.13142021267157
576	109.10749883250698
577	109.08894631207194
578	109.055917689393
579	109.03756695023883
580	109.0142022002539
581	108.98468882934746
582	108.96637122325573
583	108.94036759617322
584	108.92785266621269
585	108.91061794710124
586	108.8820218092364
587	108.84066262302521
588	108.80656986446814
589	108.79698769579991
590	108.75644200986149
591	108.73227365468851
592	108.72165717772938
593	108.71237835991039
594	108.68485056011195
595	108.67904836328606
596	108.65209799632939
597	108.60799215013478
598	108.58823125314103
599	108.57451261002306
600	108.52701031627467
601	108.50892964212508
602	108.46249058313953
603	108.42639069628284
604	108.41427194929868
605	108.39094640922231
606	108.34967622296068
607	108.33284854728615
608	108.29677798736014
609	108.25841240184673
610	108.20848323858088
611	108.19071249586315
612	108.13150865867102
613	108.11638953108441
614	108.02902085460238
615	108.01948135288279
616	107.9746532768939
617	107.96593359985454
618	107.94357000371589
619	107.91977952831355
620	107.90080080355564
621	107.86756445352609
622	107.83315376255567
623	107.79982086379593
624	107.78948676756364
625	107.7562153243549
626	107.74588631301773
627	107.73363958334312
628	107.69581727224907
629	107.65318080236418
630	107.63068869389711
631	107.60701592712707
632	107.58417365676684
633	107.56951021060344
634	107.54427779357619
635	107.52233757165274
636	107.51033243032924
637	107.48691857022047
638	107.46141954849652
639	107.43769229621415
640	107.43215648168437
641	107.41474988010927
642	107.40560351171145
643	107.39157868678957
644	107.38795748580537
645	107.38339971739923
646	107.37838981182207
647	107.37075856161799
648	107.35161695324994
649	107.33312778360558
650	107.32199336898222
651	107.30088196341448
652	107.27389374709828
653	107.25934875242463
654	107.24981496697424
655	107.21568512833248
656	107.1967322110579
657	107.1870806887211
658	107.18166725906356
659	107.1732183164596
660	107.16828745736113
661	107.15865126194443
662	107.15317104959293
663	107.14475591973334
664	107.13982520239958
665	107.11821765009877
666	107.08516035680096
667	107.078460174449
668	107.07372238482547
669	107.06334766627302
670	107.05403596835802
671	107.04477150978138
672	107.03521665658165
673	106.98103679584192
674	106.97254578646452
675	106.96719792570927
676	106.95588272101969
677	106.94676190612405
678	106.94004321621533
679	106.91168875088303
680	106.90850622652273
681	106.89990577787675
682	106.89192659206019
683	106.87944558705932
684	106.87255320260304
685	106.86576073964461
686	106.85701736944702
687	106.84180916588352
688	106.83094197462354
689	106.82319094895857
690	106.80165617063116
691	106.79475332474782
692	106.78387916204427
693	106.77035379292082
694	106.74554781032231
695	106.72275769745971
696	106.7118388461642
697	106.70310014656471
698	106.68254266658325
699	106.67704836205705
700	106.66721191307767
701	106.64523870395729
702	106.62635821108046
703	106.60113951953399
704	106.58656035739132
705	106.5622081374908
706	106.54235865657137
707	106.50295295963014
708	106.47328561996909
709	106.46832612894885
710	106.43785692866302
711	106.39663189988259
712	106.38274757677475
713	106.3378115427275
714	106.30594930670513
715	106.28483941635074
716	106.24006516858016
717	106.20990636990697
718	106.19022389240848
719	106.17586021196253
720	106.1351457494015
721	106.1172277935893
722	106.11043658361339
723	106.10285184662624
724	106.09098311499028
725	106.06808598342315
726	106.06206542652502
727	106.0070114641814
728	105.99684430908695
729	105.98673454942642
730	105.97865611826776
731	105.9703358370386
732	105.93428360383909
733	105.89008650408374
734	105.88534887880432
735	105.82939814915449
736	105.77212480258324
737	105.67550980005907
738	105.62989069217532
739	105.52705391164393
740	105.50618477731972
741	105.50049952479478
742	105.4870630290396
743	105.47073632440856
744	105.40253749697803
745	105.24266445011432
746	105.23196427920485
747	105.2124182398815
748	105.18136186084693
749	105.15998045205237
750	105.08838375419829
751	104.99560959745808
752	104.97815186460359
753	104.94709604621933
754	104.9190101284133
755	104.87556210251013
756	104.8590148815815
757	104.82758901471706
758	104.78237179799875
759	104.7528871487362
760	104.73706835031453
761	104.66758053312601
762	104.62548559229398
763	104.61688850994726
764	104.57347791031543
765	104.51207411494407
766	104.48991262644834
767	104.46500923761998
768	104.35252641677315
769	104.32903891023417
770	104.27715045435579
771	104.14951829376898
772	104.12413658590043
773	104.08678254550132
774	104.04741939119816
775	103.9945272744849
776	103.93651140613267
777	103.88393305092607
778	103.84578086584611
779	103.8297778234508
780	103.72665113793202
781	103.70046787227695
782	103.6690338288877
783	103.63364572814558
784	103.58303824526386
785	103.54983020320735
786	103.40244370906703
787	103.37149264746613
788	103.33521117868843
789	103.28397528764593
790	103.15970037835027
791	103.1452130052155
792	103.12170651596111
793	102.95970584444568
794	102.9298766467949
795	102.86683466379573
796	102.82603114131449
797	102.81022775640074
798	102.77993029328545
799	102.76580375355944
800	102.68008382197567
801	102.66212366363817
802	102.64064487698877
803	102.58097973857724
804	102.53131402677835
805	102.50160454479902
806	102.39243577809725
807	102.38180443624644
808	102.37544834326998
809	102.30029175069808
810	102.22568038005036
811	102.16659496600292
812	102.15618442380045
813	102.15563515583996
814	101.96246918053625
815	101.94636153237632
816	101.94054300915228
817	101.92628467607078
818	101.90742308824481
819	101.78729348401917
820	101.78554031458849
821	101.78359717527385
822	101.7748476901937
823	101.7717996045751
824	101.73566207348136
825	101.46890752317807
826	101.46795535780774
827	101.46074309968667
828	101.44077356675776
829	101.37970058611799
830	101.37177740960303
831	101.3352771473122
832	101.3014546412927
833	101.29064472732702
834	101.28265458328393
835	101.2420678534566
836	101.2311296835874
837	101.2271026561794
838	101.22535486855683
839	101.04939663116167
840	101.02765399473472
841	101.01959312636998
842	100.99885202816034
843	100.97633834484279
844	100.96309688600422
845	100.92599306978894
846	100.8802786613388
847	100.86636165021166
848	100.75933963508857
849	100.74324973202185
850	100.72704887947206
851	100.6782280575723
852	100.64014716201586
853	100.62681719024775
854	100.60530120225287
855	100.58879590092582
856	100.52985872165475
857	100.50888909568867
858	100.45309951687858
859	100.43703294885117
860	100.3952334782617
861	100.37868573095015
862	100.36295870309738
863	100.32978981464164
864	100.26220287654473
865	100.25314743228553
866	100.22559646004653
867	100.1888106316468
868	100.1748161312514
869	100.17214763925544
870	100.1640896743524
871	100.15316358127168
872	100.13067543984197
873	100.12185701361454
874	100.10913416372692
875	100.0999572557086
876	100.0804998309055
877	100.03961742444291
878	100.01973412548382
879	100.0116380197324
880	100.00725361978256
881	99.99719648561091
882	99.99106867815678
883	99.98077939710753
884	99.9668897968903
885	99.96173294573006
886	99.9549002478233
887	99.93091968816056
888	99.9148308037051
889	99.90934044109143
890	99.89961573213267
891	99.89416268081949
892	99.88391852123343
893	99.86661254561386
894	99.86230774401515
895	99.84900989778504
896	99.83640379884878
897	99.82426749090398
898	99.81641008273687
899	99.8043197794983
900	99.79835144582995
901	99.78386722970026
902	99.77502449233485
903	99.76884682914
904	99.75952773979671
905	99.75400287461147
906	99.73641952374783
907	99.72685764796891
908	99.7077553155273
909	99.69159687399255
910	99.6849846429305
911	99.6714158720809
912	99.64797882279983
913	99.63739206520738
914	99.62620442840718
915	99.60652581678976
916	99.58834650498116
917	99.57799552262459
918	99.56480082521244
919	99.55753710043307
920	99.54350330036434
921	99.52978767797835
922	99.52639937571612
923	99.50972413909513
924	99.49868321834852
925	99.48318463965283
926	99.47532104269673
927	99.46445048678085
928	99.46038668095449
929	99.45368906733839
930	99.44942935884445
931	99.44140546722959
932	99.43519992385423
933	99.43122968836612
934	99.42471230368166
935	99.42135366334944
936	99.41320060417515
937	99.41250840420686
938	99.41195729291654
939	99.40898364257231
940	99.40228240468612
941	99.39693779769283
942	99.39505753169773
943	99.39244294113657
944	99.38779940105012
945	99.38215802948302
946	99.37762644700491
947	99.37172580178827
948	99.36569441804008
949	99.35983190485852
950	99.35470322482114
951	99.35151275078117
952	99.35066751509306
953	99.34537450922134
954	99.34005908554656
955	99.3351962223087
956	99.33304892210244
957	99.32678803604458
958	99.31680242782843
959	99.3107904241181
960	99.30377113497073
961	99.29800523555086
962	99.29041418842695
963	99.28538066038233
964	99.27721272224693
965	99.27231825014003
966	99.26890922813229
967	99.26137491191238
968	99.25510640036457
969	99.24897253277213
970	99.24453493694719
971	99.23978985153859
972	99.23599248325318
973	99.23371271452253
974	99.22681853158542
975	99.21936526149092
976	99.21423566534676
977	99.21282715877854
978	99.21026219663517
979	99.20502822946374
980	99.2006950404723
981	99.19865166165015
982	99.19461642804336
983	99.18846272849582
984	99.1869600175068
985	99.18449284899751
986	99.18194859685099
987	99.1775387081317
988	99.17426896143292
989	99.1711491580777
990	99.16742079492666
991	99.16507811836874
992	99.16296657724823
993	99.15522077054167
994	99.14497666060952
995	99.13820239868794
996	99.13452014864656
997	99.12619424162973
998	99.12327197297553
999	99.11650791598258
1000	99.11118935296678
1001	99.10738637528942
1002	99.09626931056287
1003	99.09160237968378
1004	99.08465880495214
1005	99.07489767675875
1006	99.06870339932803
1007	99.05984023388277
1008	99.05298138540596
1009	99.04603418141251
1010	99.04023758814152
1011	99.03177461897192
1012	99.02627896600303
1013	99.02170819677495
1014	99.016214268285
1015	99.01445299238904
1016	99.01192877414466
1017	99.00901245242018
1018	99.00451807166681
1019	99.00299779720471
1020	99.0013881673125
1021	98.99815676711019
1022	98.99464815309868
1023	98.98796163237644
1024	98.98186553130815
1025	98.97498576487061
1026	98.9693020877453
1027	98.96185795698428
1028	98.95696011642396
1029	98.95298072235722
1030	98.9487070673006
1031	98.94304321758194
1032	98.94037729821112
1033	98.93719742918508
1034	98.93470404307463
1035	98.93161524299323
1036	98.92834160932948
1037	98.92424661415059
1038	98.91717865359928
1039	98.91556009807424
1040	98.9105779019386
1041	98.9067427590925
1042	98.90111161048307
1043	98.89964835968921
1044	98.89622955831402
1045	98.89381541394947
1046	98.89100120642162
1047	98.8863167091745
1048	98.88229961360246
1049	98.88059027772348
1050	98.87247133932829
1051	98.87042162798133
1052	98.86646398278387
1053	98.86138807986048
1054	98.85492537998817
1055	98.85288453108161
1056	98.84773666334792
1057	98.84259891411742
1058	98.83874212697543
1059	98.83806319915648
1060	98.83638446148916
1061	98.83168290589747
1062	98.8268774992183
1063	98.82387589601305
1064	98.82216117236811
1065	98.81705399385636
1066	98.81387026937949
1067	98.80910240474714
1068	98.80191731470246
1069	98.79654250375557
1070	98.79336762529671
1071	98.78678977767258
1072	98.78440931754628
1073	98.78156322695506
1074	98.77668135437543
1075	98.7717091322762
1076	98.76743499851882
1077	98.7635141986913
1078	98.76150195591812
1079	98.75694083291111
1080	98.75336777589345
1081	98.7478857520966
1082	98.7449886400699
1083	98.74087360118048
1084	98.73903125089564
1085	98.73155478415083
1086	98.73053648442712
1087	98.72883244629705
1088	98.72401596318812
1089	98.72050728983989
1090	98.71681132218092
1091	98.71434711796837
1092	98.71156573472018
1093	98.71071250861107
1094	98.70824865229662
1095	98.70507323111016
1096	98.70352409992985
1097	98.69839442919127
1098	98.69602224923378
1099	98.69168772364092
1100	98.68474801542756
1101	98.6839800193272
1102	98.67786608511567
1103	98.67228892865107
1104	98.67024697114469
1105	98.6661449900798
1106	98.66439172211773
1107	98.66212435239665
1108	98.65648573446661
1109	98.65107504791307
1110	98.64946822426334
1111	98.6488973913338
1112	98.64656588212434
1113	98.64271922961368
1114	98.63646796529942
1115	98.63415779154315
1116	98.63129989697718
1117	98.62609292955716
1118	98.61986116187055
1119	98.61007715265593
1120	98.60883157918964
1121	98.60746144049064
1122	98.60354341095878
1123	98.59616009399926
1124	98.59576931467201
1125	98.59065274466994
1126	98.58839081845612
1127	98.58598453705402
1128	98.57720610856255
1129	98.5731531942495
1130	98.56894178394761
1131	98.56579019824039
1132	98.56252776198095
1133	98.55492513672873
1134	98.55081338959032
1135	98.54655249138955
1136	98.5413002851744
1137	98.53526592313825
1138	98.53256618173221
1139	98.52955275132798
1140	98.52172219729542
1141	98.51118526595779
1142	98.50924650751503
1143	98.50216064764729
1144	98.49834705552063
1145	98.49065953892439
1146	98.48443891051133
1147	98.47797653754246
1148	98.46655159793528
1149	98.46182712995729
1150	98.45477447989235
1151	98.45194574675209
1152	98.44466395605737
1153	98.43956525257921
1154	98.43084910052112
1155	98.42687619753657
1156	98.42212858809748
1157	98.41441194939746
1158	98.40719442735318
1159	98.4028065530249
1160	98.39972141712848
1161	98.39383495944375
1162	98.39186891802309
1163	98.38543448083293
1164	98.38088303968347
1165	98.37486767912286
1166	98.37173673340486
1167	98.3652808951705
1168	98.36160540678695
1169	98.35632564044062
1170	98.3531154289729
1171	98.34992906855564
1172	98.34705093531426
1173	98.34409949796147
1174	98.33808913569868
1175	98.33043610473855
1176	98.32709981095292
1177	98.32283063005261
1178	98.31592462929956
1179	98.31286142947782
1180	98.31048134263591
1181	98.30196328580003
1182	98.29477801533037
1183	98.28818257952753
1184	98.28544825540418
1185	98.28106685244853
1186	98.27390149958683
1187	98.27277070372227
1188	98.26153013239005
1189	98.25903002947881
1190	98.25549104095758
1191	98.25125074694864
1192	98.242154932477
1193	98.23988220183429
1194	98.23505511878034
1195	98.2302650506414
1196	98.22567035505045
1197	98.21626496348854
1198	98.21133726942735
1199	98.20725862081677
1200	98.20057512950078
1201	98.1953672882741
1202	98.18477454481086
1203	98.17813497438176
1204	98.17143158661285
1205	98.16436386414921
1206	98.1548067316112
1207	98.14937946466512
1208	98.14488218727034
1209	98.14078745675573
1210	98.13356843087026
1211	98.12804738977705
1212	98.1255717814704
1213	98.1177783283752
1214	98.11097365282068
1215	98.10709131821692
1216	98.1034383098421
1217	98.09266872463124
1218	98.07594962806009
1219	98.07556926264233
1220	98.06872523222665
1221	98.06213078547547
1222	98.05642160630582
1223	98.04513783589236
1224	98.0397722857718
1225	98.03221536673907
1226	98.0205870179216
1227	98.01152524767762
1228	98.00779720776445
1229	98.00258969860913
1230	97.99641631327135
1231	97.98583917715064
1232	97.97973042187049
1233	97.97169628647589
1234	97.96686993619134
1235	97.96088963562589
1236	97.95790600751099
1237	97.95321400806922
1238	97.94732458474361
1239	97.93813708054482
1240	97.92628330628307
1241	97.92089542476342
1242	97.91048441831337
1243	97.8968677533168
1244	97.89347324928418
1245	97.88544550541506
1246	97.88201379514426
1247	97.87782045268386
1248	97.86737176475332
1249	97.86243655550605
1250	97.85751032549162
1251	97.85392595873878
1252	97.85095801678179
1253	97.84621963260082
1254	97.84344564137015
1255	97.84157014558886
1256	97.83512731802305
1257	97.82904515546237
1258	97.82695995416461
1259	97.82366746990503
1260	97.81814474818479
1261	97.81282613245305
1262	97.80644299116004
1263	97.80219796822975
1264	97.80086119302514
1265	97.79807362564624
1266	97.79152031723616
1267	97.78638561206031
1268	97.78302555072763
1269	97.78025361018777
1270	97.77402501466953
1271	97.76990828423656
1272	97.76214450905687
1273	97.76080613839927
1274	97.75883085904009
1275	97.7524179172595
1276	97.74460365590424
1277	97.73918144076518
1278	97.73420834543542
1279	97.73207226888462
1280	97.72641688459366
1281	97.72252995706236
1282	97.71159101511593
1283	97.70777120372948
1284	97.70555989364675
1285	97.69737049220738
1286	97.69417756001748
1287	97.68814113075217
1288	97.68246451911254
1289	97.68161733433766
1290	97.6801989006936
1291	97.67835855612937
1292	97.67362633012901
1293	97.6708369636155
1294	97.66411066707666
1295	97.66015053831201
1296	97.6597225142052
1297	97.65547128819905
1298	97.6510918934052
1299	97.64761467926321
1300	97.64255652412042
1301	97.63943403748327
1302	97.6361142984053
1303	97.62987585185292
1304	97.6277367582557
1305	97.62193734060975
1306	97.61914772378405
1307	97.61754916132477
1308	97.6135369298713
1309	97.6054358428578
1310	97.60298273304429
1311	97.59897562480847
1312	97.59429635869022
1313	97.59298396708559
1314	97.58900700323784
1315	97.5841740802892
1316	97.58127920793484
1317	97.57548310863608
1318	97.57125380979552
1319	97.56621073647517
1320	97.56562240822855
1321	97.56352513532842
1322	97.56066699349594
1323	97.5578054487331
1324	97.55621167048994
1325	97.55519042999143
1326	97.5499816848088
1327	97.54631855826707
1328	97.54168430555913
1329	97.53918198447826
1330	97.53752674026767
1331	97.52970576499905
1332	97.52667327546224
1333	97.52337672263538
1334	97.51996762045503
1335	97.51510879593478
1336	97.51258929883825
1337	97.50863505806048
1338	97.50516636017635
1339	97.49992882132712
1340	97.4920760902677
1341	97.48379753518888
1342	97.48024792244964
1343	97.47241706067727
1344	97.46845851132042
1345	97.46644674853911
1346	97.46126919121757
1347	97.4567389582758
1348	97.45442122162123
1349	97.44977588566188
1350	97.44788532813405
1351	97.44372583214573
1352	97.43981112326604
1353	97.4303590212322
1354	97.42541861042197
1355	97.42318700798742
1356	97.42001645762562
1357	97.41551144803552
1358	97.41218116256604
1359	97.40826337860041
1360	97.40464560532469
1361	97.39632200101667
1362	97.39447913847393
1363	97.38757330278051
1364	97.37914322358458
1365	97.37537954574883
1366	97.36918193974223
1367	97.3616451628488
1368	97.36017276140032
1369	97.35719140142119
1370	97.3504881068063
1371	97.3461338440957
1372	97.34335252479508
1373	97.34224230255522
1374	97.33517224208711
1375	97.33024650269842
1376	97.31934479977308
1377	97.31583449928014
1378	97.3103155424814
1379	97.30780711553534
1380	97.30217449775381
1381	97.2979612654411
1382	97.29643674841643
1383	97.29140763936779
1384	97.28407403616583
1385	97.27656867446096
1386	97.26897251572105
1387	97.26369753508821
1388	97.26195518019637
1389	97.25588581139314
1390	97.25274496425892
1391	97.25065742217863
1392	97.24280011940908
1393	97.23572441544101
1394	97.23437893977118
1395	97.22788657000325
1396	97.22152912855464
1397	97.21626410236604
1398	97.20935805600563
1399	97.2050780625103
1400	97.20018961010182
1401	97.19489670616237
1402	97.1902607334337
1403	97.18729997104643
1404	97.18483435288525
1405	97.17756579976454
1406	97.17045123996519
1407	97.15986137930389
1408	97.15489045532361
1409	97.15129265286335
1410	97.14416791504367
1411	97.14008945824344
1412	97.13714933562612
1413	97.13016730996166
1414	97.12206596756057
1415	97.11424054325165
1416	97.10631978195292
1417	97.09881352468456
1418	97.09120828291024
1419	97.08539774367446
1420	97.0744055737617
1421	97.07175901586889
1422	97.06604487227875
1423	97.05954992960599
1424	97.05431509023786
1425	97.05202370148625
1426	97.04627386246922
1427	97.04064610673548
1428	97.03616312353986
1429	97.03032718475403
1430	97.02553830452536
1431	97.02272023454097
1432	97.01861492182319
1433	97.01054411100628
1434	96.99918185464085
1435	96.99146238893783
1436	96.98879177757924
1437	96.98471268184353
1438	96.98198054465753
1439	96.9721376251811
1440	96.95609341801291
1441	96.94984951094358
1442	96.94546019893484
1443	96.93015375050454
1444	96.92450209023016
1445	96.91833905571076
1446	96.91255402034031
1447	96.9032757436423
1448	96.89646641782905
1449	96.88852220001301
1450	96.87524375569805
1451	96.85634736451642
1452	96.84661230218335
1453	96.84222828573915
1454	96.82908498764502
1455	96.82051531954055
1456	96.81287338914431
1457	96.79159771371532
1458	96.78072233010491
1459	96.76107243536532
1460	96.73449750812365
1461	96.71161484089357
1462	96.68714134439183
1463	96.6785902397898
1464	96.66337145116773
1465	96.64776788665897
1466	96.63715719392412
1467	96.6194591513592
1468	96.6084955859295
1469	96.5891884084909
1470	96.45573952468929
1471	96.44491411379371
1472	96.41528788334867
1473	96.37721444837797
1474	96.34943645601544
1475	96.33676027025821
1476	96.29983858291965
1477	96.24364391964404
1478	96.23418480631888
1479	96.1876447474442
1480	96.17427446749747
1481	96.13681947798837
1482	96.12303695295346
1483	96.09789027722563
1484	96.06291295188535
1485	95.89573444568083
1486	95.8836901818589
1487	95.85257092968047
1488	95.83913556356272
1489	95.8125505564323
1490	95.80246715402909
1491	95.79942254024009
1492	95.79707462701253
1493	95.78519194281097
1494	95.76453135603255
1495	95.75493765788072
1496	95.74409594073995
1497	95.7345888370526
1498	95.73194309322767
1499	95.70103212127377
1500	95.69987442673686
1501	95.69138787569827
1502	95.67342407732804
1503	95.66624188029691
1504	95.64682708402451
1505	95.64417678985923
1506	95.6377921454107
1507	95.61965077586571
1508	95.60632142367555
1509	95.59985167802296
1510	95.58970703379038
1511	95.57480755523812
1512	95.55433491006197
1513	95.51894593545147
1514	95.46628474837195
1515	95.45370957291124
1516	95.4298999681948
1517	95.4268130437208
1518	95.40290810293901
1519	95.37219598709808
1520	95.35043934817239
1521	95.34328252916936
1522	95.33963852363853
1523	95.28668233130445
1524	95.23820797658006
1525	95.20107771312635
1526	95.19428968617213
1527	95.1376907775946
1528	95.10447363027579
1529	95.09811018173771
1530	95.09209769810833
1531	95.03629589847266
1532	95.03316991429675
1533	94.94653803132178
1534	94.94256500303256
1535	94.93922748601624
1536	94.93692311606146
1537	94.93390611958964
1538	94.89545602028326
1539	94.89268999131191
1540	94.88964906583172
1541	94.86620558799704
1542	94.86335607962728
1543	94.8611253400073
1544	94.84766828583774
1545	94.84299374286586
1546	94.82662114189097
1547	94.82584372388776
1548	94.82418722288497
1549	94.81897848861311
1550	94.81446233430898
1551	94.81250983454628
1552	94.8044351199812
1553	94.8020644994058
1554	94.79508186015264
1555	94.78834410835212
1556	94.77832601389895
1557	94.75692686012566
1558	94.7471255609002
1559	94.73972788620154
1560	94.72164770798653
1561	94.69939804207122
1562	94.69588851086637
1563	94.66399334899205
1564	94.65984536032715
1565	94.6592071263835
1566	94.64311041793123
1567	94.6414423893487
1568	94.63604774272531
1569	94.63404190775064
1570	94.62332022804246
1571	94.60080553293538
1572	94.59743708379602
1573	94.58273114257172
1574	94.56407790557265
1575	94.55989425334108
1576	94.53299152220403
1577	94.52303845295438
1578	94.52145011395638
1579	94.50849876980759
1580	94.5054672100608
1581	94.50257704390619
1582	94.486040542887
1583	94.47806677163102
1584	94.47229767398366
1585	94.4653127943696
1586	94.4560257661462
1587	94.45220540414044
1588	94.44733053763755
1589	94.43569785595572
1590	94.4297634505974
1591	94.41984741467377
1592	94.41507915381833
1593	94.40775021672441
1594	94.40323513295297
1595	94.39490571011287
1596	94.3870603004155
1597	94.37836979511948
1598	94.37072666500578
1599	94.36449276053789
1600	94.35221324403425
1601	94.34550643697892
1602	94.33439304592902
1603	94.32501134663787
1604	94.31180262077253
1605	94.30474278717733
1606	94.29354891000216
1607	94.19021340293868
1608	94.17889264724737
1609	94.17440364122665
1610	94.14449750223545
1611	94.13211792872639
1612	94.10430924352914
1613	94.08588836913812
1614	94.06421445705895
1615	94.04370055794529
1616	94.02149266610586
1617	94.00685521658399
1618	93.99499856348824
1619	93.9735538943159
1620	93.96334429780508
1621	93.93297034626494
1622	93.91818518227402
1623	93.88976495818876
1624	93.88052097964177
1625	93.86619221905175
1626	93.85799880593109
1627	93.84525305810668
1628	93.83659395906491
1629	93.819325091435
1630	93.80254208631222
1631	93.79018741924433
1632	93.78400382133317
1633	93.77300125216136
1634	93.76180397120727
1635	93.75942925288648
1636	93.74227596609572
1637	93.73717959146309
1638	93.72334580352432
1639	93.71753663981494
1640	93.70652410563248
1641	93.6914410722576
1642	93.68465398252856
1643	93.67212408695256
1644	93.65735267063171
1645	93.64734611704054
1646	93.64015829639932
1647	93.62824050662105
1648	93.6201761096212
1649	93.61266544898207
1650	93.60774405407341
1651	93.60336609189716
1652	93.5957201404921
1653	93.59168397334027
1654	93.5880956514628
1655	93.5814333939995
1656	93.57643584544653
1657	93.5701595106413
1658	93.56307822929097
1659	93.55794290657974
1660	93.55487440674189
1661	93.54676783521303
1662	93.54045768246371
1663	93.5368663711376
1664	93.53185654857245
1665	93.5274005786724
1666	93.52499006088517
1667	93.51903867012253
1668	93.51590538821257
1669	93.50868042928204
1670	93.5042057548881
1671	93.50083318501966
1672	93.49779946168995
1673	93.49470847024642
1674	93.48843989868634
1675	93.48287323074351
1676	93.48129651654419
1677	93.47859595532734
1678	93.47336234468693
1679	93.47032836959951
1680	93.46355964576462
1681	93.45979797761781
1682	93.45870503168284
1683	93.45561574155487
1684	93.44797986462413
1685	93.44222310368747
1686	93.43801992983117
1687	93.43507295434385
1688	93.43259885686749
1689	93.42956196880776
1690	93.42142726529238
1691	93.41359528887466
1692	93.4097851172803
1693	93.40599254921412
1694	93.40371221273449
1695	93.40048155903489
1696	93.3975087328021
1697	93.39445384941833
1698	93.39061443925921
1699	93.38782246664488
1700	93.38531624070207
1701	93.3793910069235
1702	93.37526468395511
1703	93.37362644875579
1704	93.37101213594096
1705	93.3665642791239
1706	93.36354635742477
1707	93.3616556539865
1708	93.35843329065627
1709	93.35480355447909
1710	93.35379594803639
1711	93.35081758497213
1712	93.3491109466148
1713	93.34791024848748
1714	93.34507724918927
1715	93.34300034664078
1716	93.33972458829221
1717	93.33682606472868
1718	93.33501184784323
1719	93.33270830664918
1720	93.32982857296335
1721	93.32680087859845
1722	93.32486431840562
1723	93.32113136067213
1724	93.31820258761783
1725	93.31628596747663
1726	93.3137309067806
1727	93.31226497247766
1728	93.3086268233475
1729	93.30507614967314
1730	93.30122344875296
1731	93.29821493626613
1732	93.2962451552394
1733	93.290378272151
1734	93.28637675922799
1735	93.28276135682675
1736	93.28069569199555
1737	93.2753350511054
1738	93.2698476307451
1739	93.26818304990938
1740	93.26380178553713
1741	93.25754640592439
1742	93.25544025389846
1743	93.25130950065426
1744	93.24825931720424
1745	93.24418446885628
1746	93.24024980578484
1747	93.23407716662291
1748	93.23026491407913
1749	93.22758197761515
1750	93.22417185139213
1751	93.21778849475226
1752	93.213429223332
1753	93.21082886422093
1754	93.20509795903527
1755	93.20273197311356
1756	93.19853293395484
1757	93.19493970077038
1758	93.18940241730495
1759	93.18693363530265
1760	93.18179982989729
1761	93.17821647272578
1762	93.17352895755705
1763	93.16595124749689
1764	93.15960994800908
1765	93.15576746077922
1766	93.15318596501734
1767	93.15116584817089
1768	93.14476936465412
1769	93.14047713701528
1770	93.13622699003167
1771	93.132768321826
1772	93.13071859890827
1773	93.12655876013233
1774	93.12071495662971
1775	93.11905659679668
1776	93.1155885413334
1777	93.11177899899465
1778	93.1097032876269
1779	93.10771301295422
1780	93.10350838418682
1781	93.10056741560217
1782	93.09843910522575
1783	93.0940993733748
1784	93.09098339072335
1785	93.08845443323233
1786	93.08678420767858
1787	93.08348092748038
1788	93.08077208471896
1789	93.07811959807275
1790	93.07372683608251
1791	93.07160405110224
1792	93.06760601969307
1793	93.06446933993676
1794	93.05982426200866
1795	93.05723571448776
1796	93.05494729180285
1797	93.05222521238807
1798	93.04877560011306
1799	93.0451801181378
1800	93.04226366316435
1801	93.0390381759716
1802	93.0363710675556
1803	93.0347128759734
1804	93.03358174910608
1805	93.03175073112808
1806	93.02746457566114
1807	93.02477224893755
1808	93.02075379709231
1809	93.01744357694956
1810	93.0140928196299
1811	93.0123416168521
1812	93.00920207773366
1813	93.00678665202899
1814	93.0037630722084
1815	92.99758201605296
1816	92.99404215041758
1817	92.99171498547334
1818	92.98724697475168
1819	92.98263215205863
1820	92.97595418687938
1821	92.97353224928152
1822	92.9684127525329
1823	92.95848586617406
1824	92.95377396573616
1825	92.9486056163871
1826	92.94348060320574
1827	92.93485695443862
1828	92.92889294327992
1829	92.92550406016731
1830	92.91962633759314
1831	92.91499099602092
1832	92.91167595390287
1833	92.90756460831632
1834	92.90336386334926
1835	92.89998339040078
1836	92.89866408795585
1837	92.89077317093735
1838	92.8867642712866
1839	92.88172028350031
1840	92.87197810456433
1841	92.86901662057645
1842	92.86139473770646
1843	92.85877293430268
1844	92.85509776685272
1845	92.84893002051254
1846	92.84128295709193
1847	92.83817090755882
1848	92.83574235431821
1849	92.83368649485209
1850	92.83034470836824
1851	92.82139574456582
1852	92.81475124595319
1853	92.80702514157839
1854	92.80019730574223
1855	92.79649776638166
1856	92.79345811830558
1857	92.78613623947744
1858	92.76984369161582
1859	92.76760844818278
1860	92.7599417847013
1861	92.75169797706145
1862	92.74613897593925
1863	92.73362267976407
1864	92.72812002789804
1865	92.72028612964837
1866	92.71152748260106
1867	92.70726294565348
1868	92.69871011310775
1869	92.68320783488747
1870	92.67864441270848
1871	92.66314332207574
1872	92.6475075083837
1873	92.64461470012279
1874	92.64176171212792
1875	92.63978795201123
1876	92.62763500394176
1877	92.58600129468297
1878	92.58177316751203
1879	92.56885522403878
1880	92.56482741348219
1881	92.56157460401691
1882	92.544602767134
1883	92.51675234235543
1884	92.49958289657725
1885	92.48863806539657
1886	92.48002278138644
1887	92.4636120227725
1888	92.46041462310856
1889	92.44984116937484
1890	92.43315079742369
1891	92.42421044788671
1892	92.39850506481788
1893	92.38679071708712
1894	92.36231527778689
1895	92.34554100408785
1896	92.34014313552119
1897	92.33599820302301
1898	92.32837507383583
1899	92.30274494962985
1900	92.29478938792725
1901	92.28564673964524
1902	92.2600232180027
1903	92.25507767301971
1904	92.22117721525768
1905	92.19664366498147
1906	92.19048304942648
1907	92.18679670078123
1908	92.1579358813386
1909	92.1272331449149
1910	92.11215890185835
1911	92.09083294061676
1912	92.08368149555099
1913	92.07703321610258
1914	92.03261522943167
1915	91.99413012610503
1916	91.88179974079713
1917	91.87791101409381
1918	91.82166459795884
1919	91.81681342688714
1920	91.80404539646293
1921	91.75629408607097
1922	91.5507061554576
1923	91.29112828217232
1924	91.25773802061397
1925	91.25573283447878
1926	91.20855386134396
1927	90.951552377974
1928	90.94408313931339
1929	90.92190062737915
1930	90.8291159324932
1931	90.70410196498621
1932	90.68829942762756
1933	90.68308855246104
1934	90.67185086956164
1935	90.5139527701273
1936	90.49996426917758
1937	90.44834199890144
1938	90.40654680319645
1939	90.3982183885234
1940	90.2468713459099
1941	90.21596114692697
1942	90.18661209223023
1943	90.15646583580119
1944	90.14799683504778
1945	90.0941006444367
1946	90.07764711435006
1947	89.999094635017
1948	89.98571836847212
1949	89.95728632871806
1950	89.92728245811914
1951	89.83252098162711
1952	89.80956830798533
1953	89.79227863769785
1954	89.7718962717475
1955	89.76489357577063
1956	89.71564009453239
1957	89.68648233204694
1958	89.64995957577547
1959	89.62784625694354
1960	89.59814647518024
1961	89.58788427599596
1962	89.56708151008282
1963	89.55588048587688
1964	89.55287636466025
1965	89.5458799397752
1966	89.52029805491215
1967	89.5171935183138
1968	89.51263647629347
1969	89.50948333873492
1970	89.50459723186565
1971	89.5022552644238
1972	89.4986863469508
1973	89.49538725094733
1974	89.48069726108095
1975	89.46695362482096
1976	89.45843862074746
1977	89.44990020065434
1978	89.44630402538411
1979	89.43145567094868
1980	89.42641290066696
1981	89.41502837277288
1982	89.41148283283887
1983	89.40613322693558
1984	89.40172591678075
1985	89.39513375304661
1986	89.3844111632541
1987	89.38207142947962
1988	89.37138538122187
1989	89.35956893977725
1990	89.35710301707013
1991	89.33780623646938
1992	89.33283649722242
1993	89.32392647894275
1994	89.32017091559963
1995	89.31765491251167
1996	89.3102067404697
1997	89.3061904025043
1998	89.3020656438257
1999	89.29738562217968
2000	89.28729804318105
2001	89.28245398836958
2002	89.27219055136568
2003	89.2672341172625
2004	89.2629428772247
2005	89.2465910866924
2006	89.24540718002
2007	89.24213289114046
2008	89.23246205389174
2009	89.21476484364749
2010	89.2031315744041
2011	89.19490522030769
2012	89.18970076734962
2013	89.18078980499357
2014	89.17285215733776
2015	89.1661224781117
2016	89.1572538509706
2017	89.15422596275826
2018	89.15007253504152
2019	89.14751683846602
2020	89.14150647975288
2021	89.13998904873057
2022	89.13689685639282
2023	89.13245800976463
2024	89.1293024319586
2025	89.12622870307135
2026	89.12399424286107
2027	89.1205964213572
2028	89.11836850493061
2029	89.11388565918303
2030	89.11137356130554
2031	89.10858374562562
2032	89.10698375389845
2033	89.10418895929112
2034	89.0993437193516
2035	89.09444216502062
2036	89.09115550729409
2037	89.08795358717335
2038	89.08375268648595
2039	89.07997617204919
2040	89.07526103125643
2041	89.07290196484378
2042	89.06968173077637
2043	89.06509500417094
2044	89.06174500365329
2045	89.05789755577199
2046	89.0514824690442
2047	89.0496568321331
2048	89.04609466718564
2049	89.04059519098419
2050	89.03621737339117
2051	89.03281239247318
2052	89.03109971920975
2053	89.02610259961615
2054	89.02306713624405
2055	89.02003290746887
2056	89.01610436121678
2057	89.01258682470414
2058	89.01081009237868
2059	89.00724406169333
2060	89.00497586392108
2061	88.99944755251106
2062	88.997667515483
2063	88.99597638519852
2064	88.99270954659947
2065	88.99134616239539
2066	88.98606581013959
2067	88.98366785153647
2068	88.97942320323838
2069	88.97827072166073
2070	88.97596260845096
2071	88.97298957463188
2072	88.96866081085292
2073	88.96538162508236
2074	88.9595132277646
2075	88.95417311756547
2076	88.95146865393943
2077	88.94369643197966
2078	88.93910964133029
2079	88.93656143895532
2080	88.93108118423355
2081	88.92810919114828
2082	88.9197875475901
2083	88.91612742043273
2084	88.91010985957018
2085	88.89507447357389
2086	88.89191276554911
2087	88.88911867721717
2088	88.88698449378776
2089	88.88474990128907
2090	88.88193846986924
2091	88.87877213220266
2092	88.87552738702337
2093	88.86819708375758
2094	88.86307258635343
2095	88.85815351675745
2096	88.85686184584893
2097	88.85513273045329
2098	88.85331196752993
2099	88.85114824693096
2100	88.84979075942466
2101	88.84859659656465
2102	88.8464771320837
2103	88.84372991700563
2104	88.84207983109783
2105	88.84084003254064
2106	88.83607449326223
2107	88.83454063649985
2108	88.83318806672992
2109	88.83173524290147
2110	88.8300174058481
2111	88.82856777183034
2112	88.82613496417497
2113	88.82403184232753
2114	88.82165205898357
2115	88.82002567110366
2116	88.81897787687194
2117	88.8176875005335
2118	88.81434305630641
2119	88.81172316503435
2120	88.80835339003814
2121	88.80705786026209
2122	88.80440708037118
2123	88.80297166788735
2124	88.79905145134701
2125	88.79691993425885
2126	88.79401755894713
2127	88.79018668626951
2128	88.78784564114649
2129	88.78477917701784
2130	88.7817682132657
2131	88.77875140493876
2132	88.77433549752308
2133	88.7728042517171
2134	88.76992023915604
2135	88.76688497777383
2136	88.76304645463573
2137	88.75833157161763
2138	88.75341909715554
2139	88.75146454686116
2140	88.74861581979151
2141	88.74498176475737
2142	88.7435101737377
2143	88.73521066555311
2144	88.73294772738898
2145	88.73008574973572
2146	88.72515210701229
2147	88.72301416138755
2148	88.71475258607038
2149	88.7076591790804
2150	88.69818600840672
2151	88.69676032823415
2152	88.68752270765518
2153	88.68508080904071
2154	88.68373295784956
2155	88.68120736153386
2156	88.67032870781189
2157	88.66517174121812
2158	88.65366628950329
2159	88.64983997754216
2160	88.63426508883616
2161	88.63074379431187
2162	88.62249637485023
2163	88.61948929801588
2164	88.60707533305468
2165	88.604619692443
2166	88.58985001170018
2167	88.57111991377828
2168	88.54259481792975
2169	88.53462793221276
2170	88.50408786970779
2171	88.49425882372489
2172	88.4886030319806
2173	88.47019678843489
2174	88.46613343381537
2175	88.46294121634962
2176	88.45642970081595
2177	88.45260903538663
2178	88.44772463376421
2179	88.44217530092318
2180	88.43680300528847
2181	88.43348153553886
2182	88.4195992772721
2183	88.41565825156228
2184	88.41139385552762
2185	88.40788575845598
2186	88.40175502053465
2187	88.39457320320678
2188	88.3816397712575
2189	88.37742886068168
2190	88.36386236214665
2191	88.3625159365174
2192	88.35636869345772
2193	88.35219767438866
2194	88.3377511371173
2195	88.32230515151392
2196	88.29137858333637
2197	88.28787063285817
2198	88.28288222570113
2199	88.26471436745233
2200	88.26119819102928
2201	88.24937701442985
2202	88.24036398660307
2203	88.23188942497674
2204	88.22754154350515
2205	88.2247939179161
2206	88.21219331276507
2207	88.20708213680739
2208	88.19961632550525
2209	88.19571013796734
2210	88.19097561250251
2211	88.18402216576541
2212	88.18013297388534
2213	88.17705082223077
2214	88.1751400990989
2215	88.16512371052895
2216	88.1565942887837
2217	88.15210944031762
2218	88.14950067432207
2219	88.14707621516366
2220	88.14245009524902
2221	88.13621631069896
2222	88.12501814179771
2223	88.12226572409031
2224	88.12021386571881
2225	88.11847609912807
2226	88.11370200432957
2227	88.10261528011544
2228	88.09583920980336
2229	88.09188317548364
2230	88.08779122616366
2231	88.08240422527942
2232	88.08075177262158
2233	88.07900952095017
2234	88.07510375962666
2235	88.06759089873863
2236	88.0661268059118
2237	88.06312796843443
2238	88.05633001196695
2239	88.05498431109156
2240	88.05173885511807
2241	88.0492320108876
2242	88.0452588931022
2243	88.04345803579989
2244	88.03961352370358
2245	88.03581418437496
2246	88.02860270312912
2247	88.02731557902104
2248	88.02573988251633
2249	88.0227583830284
2250	88.01871359903997
2251	88.0133289740757
2252	88.01133854065566
2253	88.00916436833201
2254	88.00593890185104
2255	88.0024080901878
2256	87.99495427304352
2257	87.99316570943967
2258	87.98354650666153
2259	87.98308155521237
2260	87.98098425014501
2261	87.97937024766834
2262	87.97341713466344
2263	87.96848558543722
2264	87.96515500349169
2265	87.96094001235828
2266	87.9595448028072
2267	87.95649751172648
2268	87.94805655584027
2269	87.94575972239451
2270	87.94462073625951
2271	87.94252933663104
2272	87.93282139809165
2273	87.93030655061763
2274	87.92666710961265
2275	87.92411891231124
2276	87.92086275373613
2277	87.92005692573866
2278	87.91456931910207
2279	87.91180279716082
2280	87.91026578267028
2281	87.90759780335121
2282	87.9031758116976
2283	87.90116335640303
2284	87.89863072284908
2285	87.8931147817507
2286	87.88903924984797
2287	87.88692290618037
2288	87.88420488687207
2289	87.87995286586732
2290	87.87433078553703
2291	87.87177344774959
2292	87.87051174298273
2293	87.86456173459247
2294	87.86362361052231
2295	87.85791161318902
2296	87.85396569701152
2297	87.84985294364274
2298	87.84745870040518
2299	87.8451542013223
2300	87.84265443477327
2301	87.83431071852296
2302	87.83072881351681
2303	87.82708601106188
2304	87.82263937718925
2305	87.82044701292442
2306	87.81752860398633
2307	87.81140317776777
2308	87.8044024865304
2309	87.8027455783304
2310	87.80106359746924
2311	87.79232628194733
2312	87.78241958198447
2313	87.77316320667532
2314	87.7682140567295
2315	87.76598163746876
2316	87.75605105078255
2317	87.74924727790807
2318	87.73849064006244
2319	87.73197573845977
2320	87.71875715896287
2321	87.70711398375512
2322	87.70437165522323
2323	87.69580538357009
2324	87.6852332284743
2325	87.68352219280786
2326	87.67010327349414
2327	87.66596595148742
2328	87.65406678153431
2329	87.64251021670033
2330	87.6398374444311
2331	87.63098499145579
2332	87.62461233551825
2333	87.61621724301393
2334	87.6136631226885
2335	87.60998973355036
2336	87.60566060548211
2337	87.599961093672
2338	87.596772788999
2339	87.58936339619245
2340	87.58112968393507
2341	87.57967248462154
2342	87.5768910476737
2343	87.56974472302387
2344	87.5667884336314
2345	87.56439853895675
2346	87.55848884165555
2347	87.55546809593426
2348	87.54997010504457
2349	87.54227763576925
2350	87.53774446703906
2351	87.5343373773515
2352	87.53116904224412
2353	87.52682494044734
2354	87.52323157198171
2355	87.51368698066243
2356	87.50842629556297
2357	87.50198356113528
2358	87.4995863163759
2359	87.49444981905965
2360	87.49112756828542
2361	87.48483444149261
2362	87.48013384819991
2363	87.47589813106735
2364	87.47160758792192
2365	87.46859367619206
2366	87.46322530769424
2367	87.46093708364727
2368	87.45700059023063
2369	87.45325057905694
2370	87.45042503628397
2371	87.45003333185436
2372	87.44458135430044
2373	87.44233699331845
2374	87.44100750931466
2375	87.43820728582477
2376	87.43667535517235
2377	87.43264091359295
2378	87.43145654054494
2379	87.43006104015359
2380	87.42873520966056
2381	87.42615891182732
2382	87.42273019577001
2383	87.42137249065074
2384	87.4193513925887
2385	87.4160504532878
2386	87.41373912359398
2387	87.4110305291675
2388	87.40737293786697
2389	87.40567554320363
2390	87.40275270074257
2391	87.39992950154624
2392	87.39898937199217
2393	87.39677862032487
2394	87.3944618731056
2395	87.39316088035396
2396	87.39042473657783
2397	87.3888047823803
2398	87.3862928155355
2399	87.38381737050473
2400	87.3795920297012
2401	87.37772083347434
2402	87.37439804638971
2403	87.37344317196536
2404	87.3716205481223
2405	87.36923579782324
2406	87.36749042530695
2407	87.36589227747741
2408	87.36432111062317
2409	87.36122584384674
2410	87.35993232216393
2411	87.35765598264115
2412	87.35517578728908
2413	87.35291048955905
2414	87.35190163129823
2415	87.35000830476221
2416	87.348361667119
2417	87.34635581861757
2418	87.34564198442136
2419	87.34420129977053
2420	87.34288711180429
2421	87.3412933813722
2422	87.34009975193024
2423	87.33899787188044
2424	87.33723950941939
2425	87.33569161505926
2426	87.33377529174597
2427	87.33292666924565
2428	87.32987660484378
2429	87.32908900500586
2430	87.32723640036586
2431	87.32636271164779
2432	87.32518893858854
2433	87.32308637776235
2434	87.32159947565366
2435	87.31992703445849
2436	87.31866542301006
2437	87.31616548177114
2438	87.3152354967286
2439	87.31397201751544
2440	87.31201005937986
2441	87.31061380035112
2442	87.30751702286948
2443	87.3057796469539
2444	87.30429531556261
2445	87.30269166046406
2446	87.30116901245347
2447	87.29809029678026
2448	87.29645453849986
2449	87.29524850136859
2450	87.29353485265933
2451	87.29119580329476
2452	87.28848614342999
2453	87.28674643605743
2454	87.28306372933856
2455	87.28053281717453
2456	87.27798947868293
2457	87.27621017159797
2458	87.27441731094818
2459	87.27152477762156
2460	87.26907298195371
2461	87.26631743971669
2462	87.26231446164682
2463	87.25887177028599
2464	87.2565041696053
2465	87.25453827565391
2466	87.25145102323806
2467	87.24811568857533
2468	87.24615392200025
2469	87.24240490778297
2470	87.23735168764657
2471	87.23425803662174
2472	87.23158790526648
2473	87.22756784440817
2474	87.22344253668949
2475	87.22063696769374
2476	87.21886247380732
2477	87.21673692624948
2478	87.21200373312166
2479	87.21018813202433
2480	87.20778315489507
2481	87.20646383471785
2482	87.20238702798734
2483	87.20073541902879
2484	87.19827651027609
2485	87.19678590626661
2486	87.19349099122273
2487	87.1922250738798
2488	87.19109843529219
2489	87.18753802521448
2490	87.18509548027207
2491	87.18077850040906
2492	87.1792876107742
2493	87.17574084297648
2494	87.17503658472559
2495	87.17337145020714
2496	87.17103244474455
2497	87.16967120080538
2498	87.16632236895886
2499	87.16226554782344
2500	87.16016486613623
2501	87.15788453652233
2502	87.15693982621812
2503	87.15276068691556
2504	87.15150094505366
2505	87.15048166802694
2506	87.14751050698318
2507	87.14642111173592
2508	87.14346072154446
2509	87.14249317086104
2510	87.14014843396642
2511	87.13934126731186
2512	87.13746438224129
2513	87.13435882503414
2514	87.13273822022559
2515	87.12803196142718
2516	87.12541769491143
2517	87.12405873375029
2518	87.12279572053441
2519	87.12075847817395
2520	87.1177844670824
2521	87.11487725297593
2522	87.11377825183612
2523	87.1129321295589
2524	87.11129343855318
2525	87.10771667640539
2526	87.1061845580994
2527	87.10361352793574
2528	87.10234639004901
2529	87.10063972479355
2530	87.09825145569435
2531	87.09513836803042
2532	87.09337342833555
2533	87.09011244181782
2534	87.08905891831552
2535	87.08693772076984
2536	87.08435083005166
2537	87.0833130535357
2538	87.08077383522219
2539	87.07932684508268
2540	87.07701111492993
2541	87.0746381355707
2542	87.07329495721133
2543	87.0720552239808
2544	87.07047307661792
2545	87.06921383553093
2546	87.06764601597277
2547	87.0658865099088
2548	87.06402547747376
2549	87.06219959133553
2550	87.06157385173395
2551	87.0602621078039
2552	87.05873183032675
2553	87.05732661112054
2554	87.055658002539
2555	87.05445434470708
2556	87.05223812044618
2557	87.05096996309427
2558	87.0489697440362
2559	87.04806471874137
2560	87.0471665594613
2561	87.04630872869123
2562	87.04485870560232
2563	87.04370413752056
2564	87.04280309792452
2565	87.04139841352396
2566	87.04015841881561
2567	87.03884064748443
2568	87.0378607924635
2569	87.03693402684222
2570	87.03617256447019
2571	87.03499804583508
2572	87.03361737820109
2573	87.03287102071343
2574	87.03175899017423
2575	87.03114167791828
2576	87.03055105443867
2577	87.03011754925176
2578	87.0290017079383
2579	87.02706840009357
2580	87.02632402097295
2581	87.02535089355939
2582	87.02473471564672
2583	87.02430393522516
2584	87.02311064352708
2585	87.02265020604597
2586	87.0210064751378
2587	87.01926127324705
2588	87.01792007826997
2589	87.01739382886589
2590	87.01629386591546
2591	87.01498598346089
2592	87.01395397136277
2593	87.01327629764299
2594	87.01239953790318
2595	87.01053700200936
2596	87.00900182764526
2597	87.0083336350246
2598	87.00688333801126
2599	87.00558736352569
2600	87.00377941834117
2601	87.00165567142886
2602	87.00104957207112
2603	86.99945009965337
2604	86.9985869606874
2605	86.9978749054346
2606	86.99615056620087
2607	86.99533368935974
2608	86.99312034567521
2609	86.99175019851319
2610	86.99024825467379
2611	86.9882773287886
2612	86.98733717841408
2613	86.98486716948369
2614	86.98352236646308
2615	86.98129397563638
2616	86.97972963622387
2617	86.97878996032246
2618	86.97769890411654
2619	86.9762453698986
2620	86.97484993104395
2621	86.97399356421151
2622	86.97315357881438
2623	86.9723305205623
2624	86.97045002121324
2625	86.96989473645125
2626	86.96816903870968
2627	86.96701143659146
2628	86.96549127089718
2629	86.96393280677626
2630	86.96321124871157
2631	86.96280249929761
2632	86.95978473051125
2633	86.95821654770874
2634	86.95687510742172
2635	86.95576568541291
2636	86.95416480672475
2637	86.95351410625902
2638	86.9521434590062
2639	86.95131930332306
2640	86.95063315348645
2641	86.94996201612892
2642	86.94910629143571
2643	86.94808224665096
2644	86.94715418964383
2645	86.94609950565108
2646	86.94485150498276
2647	86.94378699920448
2648	86.94318507565264
2649	86.94253036758268
2650	86.94073398814541
2651	86.94037462081958
2652	86.93895272163448
2653	86.9380578234916
2654	86.93697172183447
2655	86.93628343306796
2656	86.93543211909875
2657	86.9346501295747
2658	86.93263216184492
2659	86.93154412194961
2660	86.93101862028274
2661	86.92958118204544
2662	86.92819353396315
2663	86.92689769415583
2664	86.92584200598115
2665	86.92523134605423
2666	86.92345218840327
2667	86.92255081782359
2668	86.9220533556161
2669	86.9210214332701
2670	86.91928590544005
2671	86.91820913799467
2672	86.9168618004305
2673	86.91581613198777
2674	86.91348089619837
2675	86.91229046899811
2676	86.91128416763584
2677	86.91049835019521
2678	86.90873099871949
2679	86.90642175947248
2680	86.90491594775546
2681	86.90217231072847
2682	86.90029610072462
2683	86.8982635843552
2684	86.89760078280031
2685	86.89689943517061
2686	86.89570779245084
2687	86.89416453082814
2688	86.89292908902443
2689	86.89126205203738
2690	86.88954867386958
2691	86.88872859587329
2692	86.8848175578466
2693	86.88330876294347
2694	86.8826251850779
2695	86.88143616841403
2696	86.87931845292604
2697	86.87766062186303
2698	86.87563967864865
2699	86.87306925966291
2700	86.86832516119215
2701	86.86591046894087
2702	86.86481923689213
2703	86.86160229452824
2704	86.85911926195314
2705	86.85850755512652
2706	86.85587339299394
2707	86.85203632398319
2708	86.84665709961928
2709	86.84165610300553
2710	86.838982159772
2711	86.83565579026153
2712	86.83041064134848
2713	86.82862547200652
2714	86.82466463841534
2715	86.82108258787271
2716	86.81374249990813
2717	86.80956739039912
2718	86.80315776856496
2719	86.79392529464609
2720	86.78929856532064
2721	86.77963665587637
2722	86.77592836290731
2723	86.7670097403461
2724	86.75796025893806
2725	86.75005234673019
2726	86.7450417414502
2727	86.73009667763098
2728	86.72471175325063
2729	86.71281576980392
2730	86.707015250412
2731	86.70263054555572
2732	86.69492010152432
2733	86.67905871219725
2734	86.67344612002326
2735	86.67190843550189
2736	86.66940773822651
2737	86.66239444891849
2738	86.66042369328281
2739	86.65709093234884
2740	86.65651631093992
2741	86.65328532063867
2742	86.65169365488855
2743	86.64729016844832
2744	86.6448769727986
2745	86.64259353234297
2746	86.64132394371453
2747	86.63860145685028
2748	86.6364034741477
2749	86.635996382535
2750	86.63542493814073
2751	86.63360706370482
2752	86.63288262821719
2753	86.62988907361161
2754	86.62921689222698
2755	86.625949589271
2756	86.62548982416293
2757	86.62393197677424
2758	86.62227477587028
2759	86.62147402880917
2760	86.61847005901508
2761	86.61770658191014
2762	86.6148019634959
2763	86.61180230476673
2764	86.60940235577297
2765	86.60873890205092
2766	86.60766436423768
2767	86.60634635456594
2768	86.60589583167706
2769	86.60465435263508
2770	86.6029073122989
2771	86.60131160892455
2772	86.59932388958572
2773	86.59747408564982
2774	86.59543745400752
2775	86.59373047626697
2776	86.59197130602645
2777	86.58938791650591
2778	86.5870268135452
2779	86.5853247113935
2780	86.5844760123422
2781	86.58334314325666
2782	86.58043455902336
2783	86.5790669760634
2784	86.57682306818397
2785	86.57369365581295
2786	86.57230243399479
2787	86.56932899093962
2788	86.5658650104742
2789	86.56424861729377
2790	86.56198467171339
2791	86.5590524064581
2792	86.55842585200638
2793	86.55637405140327
2794	86.55329118775158
2795	86.55034625627265
2796	86.54840290840083
2797	86.54660229193827
2798	86.54524031320743
2799	86.54218233920935
2800	86.53960289593637
2801	86.53796913617937
2802	86.53663836689901
2803	86.53440729500754
2804	86.5319507977137
2805	86.52964579483286
2806	86.52882049363718
2807	86.5254062022067
2808	86.52311082869146
2809	86.5215684982124
2810	86.52006106616409
2811	86.51957678499518
2812	86.51850369954835
2813	86.51722757087774
2814	86.51470087968372
2815	86.51340280753797
2816	86.51216028264027
2817	86.51121807885686
2818	86.51016784481898
2819	86.50775546271628
2820	86.50652507104365
2821	86.50520349193476
2822	86.50262149851832
2823	86.50170454764402
2824	86.49880415485116
2825	86.49775850987393
2826	86.49479222978921
2827	86.49347237866829
2828	86.49301622591673
2829	86.49191179287389
2830	86.49032317078753
2831	86.48868153556079
2832	86.48758953591135
2833	86.4861560783476
2834	86.48245244862181
2835	86.48071836399045
2836	86.48004126005509
2837	86.47871505293237
2838	86.47748733087754
2839	86.47598770829491
2840	86.47344981077441
2841	86.47276678700298
2842	86.47146425506803
2843	86.47022914186837
2844	86.46934416007304
2845	86.46776979122299
2846	86.46641439779377
2847	86.46491209135449
2848	86.46176382569277
2849	86.46029639615342
2850	86.45893188869785
2851	86.45615587159574
2852	86.45468602940113
2853	86.45174850617123
2854	86.44940796950615
2855	86.44719287911765
2856	86.44493167592056
2857	86.4430623891354
2858	86.43900159357285
2859	86.43636690510284
2860	86.43339845393653
2861	86.42999442960307
2862	86.42670310778193
2863	86.42213363027993
2864	86.42062117088246
2865	86.41874069083481
2866	86.41452189463403
2867	86.41045554529835
2868	86.4089578869876
2869	86.40731485838485
2870	86.40270380743611
2871	86.39843097188695
2872	86.39723363909734
2873	86.39184061289491
2874	86.39061882940118
2875	86.38767214757497
2876	86.38433771857873
2877	86.38212287901324
2878	86.37776204531593
2879	86.37192638594018
2880	86.36983334444153
2881	86.36691806103582
2882	86.3631099647221
2883	86.35761125659039
2884	86.35348670109718
2885	86.35048753687988
2886	86.34536164059863
2887	86.33384191308542
2888	86.33076465496352
2889	86.32953884901322
2890	86.32460686305144
2891	86.32121971134457
2892	86.31518399237696
2893	86.31215813057632
2894	86.310419499975
2895	86.30520572583555
2896	86.30141040221703
2897	86.29901300298674
2898	86.29643626865645
2899	86.29488901641393
2900	86.29328890728837
2901	86.2921082954461
2902	86.28912815762351
2903	86.28821245150225
2904	86.28647031556062
2905	86.28569161309123
2906	86.28489295165485
2907	86.28416945301873
2908	86.28243728381253
2909	86.28082221468611
2910	86.27958823482997
2911	86.27846356151872
2912	86.27769105521566
2913	86.27533501835545
2914	86.27088936350064
2915	86.27023781450715
2916	86.26675257612739
2917	86.26582462036465
2918	86.26431943143348
2919	86.26239396160378
2920	86.26081359272861
2921	86.25872954591962
2922	86.25653720169844
2923	86.25450361426151
2924	86.25275935595732
2925	86.25167645238763
2926	86.25050380728983
2927	86.24898501992152
2928	86.2475589213026
2929	86.24612558647594
2930	86.24480143813042
2931	86.2436700226407
2932	86.24263776585788
2933	86.2414524280494
2934	86.23994648956456
2935	86.23890737485951
2936	86.23752996803378
2937	86.23651580846874
2938	86.2352455012897
2939	86.2342968399824
2940	86.23264330192669
2941	86.23168793016973
2942	86.22967303117044
2943	86.22886979528359
2944	86.22673903234114
2945	86.22604359004812
2946	86.22488064593331
2947	86.22291734800189
2948	86.22114041974977
2949	86.21877907415416
2950	86.21646455919124
2951	86.21414945126408
2952	86.21272975752787
2953	86.21152661336032
2954	86.20855905340929
2955	86.20745927372991
2956	86.2053561629999
2957	86.20226621824364
2958	86.19873701878369
2959	86.19780151104541
2960	86.19525786087164
2961	86.19342674661901
2962	86.19133261854427
2963	86.18994062938692
2964	86.18649326406324
2965	86.18074790951526
2966	86.17770424059223
2967	86.17517562395075
2968	86.1721621894033
2969	86.16991796796131
2970	86.16815635650046
2971	86.16637276333745
2972	86.16500046988726
2973	86.16338785885121
2974	86.16161747475537
2975	86.15945678606498
2976	86.15686941185729
2977	86.15634405398588
2978	86.15570645954995
2979	86.15266922209213
2980	86.15130154275325
2981	86.1490103943173
2982	86.1487009447632
2983	86.14627139808196
2984	86.1443467616764
2985	86.14339391130085
2986	86.14172397981227
2987	86.13872555555074
2988	86.13728655477408
2989	86.13679452564023
2990	86.13406164837322
2991	86.13200253734456
2992	86.12979713599489
2993	86.12772626177892
2994	86.12573512802577
2995	86.12456206193674
2996	86.12177872953013
2997	86.12090774934488
2998	86.1194540313114
2999	86.11758621504752
3000	86.11680517158713
