1	51249.26666666667
2	45448.833333333336
3	41675.833333333336
4	37807.03333333333
5	35498.566666666666
6	33217.333333333336
7	30365.933333333334
8	28517.233333333334
9	26171.7
10	24354.8
11	23291.866666666665
12	21550.266666666666
13	19796.933333333334
14	18068.866666666665
15	16911.833333333332
16	15663.733333333334
17	14734.066666666668
18	13823.0
19	13143.766666666666
20	12307.833333333334
21	11312.4
22	10544.3
23	9650.133333333333
24	9123.666666666666
25	8542.5
26	8165.666666666667
27	7700.0
28	7230.866666666667
29	6911.866666666667
30	6409.9
31	6204.7
32	5769.3
33	5364.166666666667
34	4968.266666666666
35	4693.266666666666
36	4332.466666666666
37	4040.766666666667
38	3864.633333333333
39	3749.4
40	3583.5
41	3402.8333333333335
42	3119.366666666667
43	2980.6666666666665
44	2840.366666666667
45	2700.866666666667
46	2577.4
47	2415.8
48	2271.7
49	2160.266666666667
50	2072.133333333333
51	1929.1333333333334
52	1799.9666666666667
53	1717.9666666666667
54	1643.8
55	1581.0666666666666
56	1461.7
57	1394.3333333333333
58	1358.1333333333334
59	1292.7666666666667
60	1221.9666666666667
61	1168.8333333333333
62	1110.6333333333334
63	1075.5333333333333
64	1006.1333333333333
65	963.0
66	908.8333333333334
67	874.0333333333333
68	830.8333333333334
69	783.1
70	742.1333333333333
71	714.2666666666667
72	669.6
73	635.5666666666667
74	606.9
75	591.9
76	568.5333333333333
77	532.7333333333333
78	513.3666666666667
79	492.8333333333333
80	475.53333333333336
81	447.23333333333335
82	424.2
83	400.8666666666667
84	384.43333333333334
85	362.5
86	343.93333333333334
87	329.6
88	309.4
89	296.1
90	281.73333333333335
91	271.1
92	251.46666666666667
93	244.86666666666667
94	235.43333333333334
95	224.93333333333334
96	214.1
97	207.5
98	200.86666666666667
99	192.83333333333334
100	182.46666666666667
101	173.5
102	165.03333333333333
103	159.33333333333334
104	155.0
105	152.2
106	146.3
107	137.56666666666666
108	131.36666666666667
109	125.23333333333333
110	120.83333333333333
111	116.83333333333333
112	112.63333333333334
113	109.43333333333334
114	104.56666666666666
115	100.23333333333333
116	95.7
117	92.96666666666667
118	90.2
119	86.56666666666666
120	82.66666666666667
121	78.86666666666666
122	76.46666666666667
123	73.13333333333334
124	70.9
125	69.9
126	67.5
127	66.1
128	63.63333333333333
129	62.166666666666664
130	60.06666666666667
131	58.4
132	56.5
133	54.63333333333333
134	52.5
135	50.7
136	49.13333333333333
137	47.3
138	45.5
139	43.56666666666667
140	42.93333333333333
141	41.13333333333333
142	39.666666666666664
143	37.56666666666667
144	36.6
145	35.4
146	33.96666666666667
147	32.8
148	31.9
149	31.233333333333334
150	30.533333333333335
151	29.766666666666666
152	28.966666666666665
153	27.8
154	26.566666666666666
155	25.333333333333332
156	25.1
157	24.0
158	23.566666666666666
159	23.066666666666666
160	22.5
161	22.2
162	21.533333333333335
163	21.1
164	20.6
165	20.033333333333335
166	19.433333333333334
167	18.5
168	18.133333333333333
169	17.666666666666668
170	17.2
171	16.266666666666666
172	16.066666666666666
173	15.6
174	15.266666666666667
175	15.0
176	14.566666666666666
177	14.033333333333333
178	13.666666666666666
179	13.366666666666667
180	13.266666666666667
181	12.833333333333334
182	12.6
183	12.433333333333334
184	12.266666666666667
185	12.133333333333333
186	11.666666666666666
187	11.333333333333334
188	11.233333333333333
189	11.033333333333333
190	10.666666666666666
191	10.4
192	10.266666666666667
193	10.066666666666666
194	9.9
195	9.7
196	9.366666666666667
197	9.233333333333333
198	9.133333333333333
199	9.0
200	8.9
201	8.633333333333333
202	8.466666666666667
203	8.3
204	8.166666666666666
205	8.0
206	7.6
207	7.4
208	7.266666666666667
209	7.133333333333334
210	6.9
211	6.766666666666667
212	6.666666666666667
213	6.6
214	6.5
215	6.333333333333333
216	6.266666666666667
217	6.166666666666667
218	6.033333333333333
219	5.933333333333334
220	5.9
221	5.8
222	5.7
223	5.566666666666666
224	5.433333333333334
225	5.266666666666667
226	5.033333333333333
227	5.0
228	4.966666666666667
229	4.833333333333333
230	4.733333333333333
231	4.7
232	4.7
233	4.566666666666666
234	4.4
235	4.2
236	4.133333333333334
237	4.0
238	3.966666666666667
239	3.966666666666667
240	3.933333333333333
241	3.933333333333333
242	3.8333333333333335
243	3.7
244	3.7
245	3.6333333333333333
246	3.566666666666667
247	3.533333333333333
248	3.3333333333333335
249	3.3333333333333335
250	3.2
251	3.1333333333333333
252	3.066666666666667
253	3.033333333333333
254	3.0
255	2.966666666666667
256	2.933333333333333
257	2.9
258	2.8666666666666667
259	2.8
260	2.8
261	2.7
262	2.6666666666666665
263	2.6333333333333333
264	2.566666666666667
265	2.533333333333333
266	2.533333333333333
267	2.533333333333333
268	2.533333333333333
269	2.5
270	2.466666666666667
271	2.4
272	2.4
273	2.3666666666666667
274	2.3333333333333335
275	2.3
276	2.3
277	2.1666666666666665
278	2.1333333333333333
279	2.1
280	2.1
281	2.066666666666667
282	2.066666666666667
283	2.033333333333333
284	2.033333333333333
285	2.033333333333333
286	2.0
287	2.0
288	2.0
289	2.0
290	2.0
291	2.0
292	2.0
293	2.0
294	2.0
295	2.0
296	2.0
297	2.0
298	2.0
299	1.9666666666666666
300	1.9333333333333333
301	1.9333333333333333
302	1.9
303	1.9
304	1.9
305	1.9
306	1.8666666666666667
307	1.8666666666666667
308	1.8666666666666667
309	1.8666666666666667
310	1.8666666666666667
311	1.8666666666666667
312	1.8333333333333333
313	1.8333333333333333
314	1.8
315	1.8
316	1.8
317	1.8
318	1.8
319	1.8
320	1.8
321	1.7666666666666666
322	1.7333333333333334
323	1.7333333333333334
324	1.7333333333333334
325	1.7
326	1.7
327	1.7
328	1.6666666666666667
329	1.6666666666666667
330	1.6666666666666667
331	1.6666666666666667
332	1.6333333333333333
333	1.6333333333333333
334	1.6333333333333333
335	1.6
336	1.6
337	1.6
338	1.6
339	1.5666666666666667
340	1.5666666666666667
341	1.5666666666666667
342	1.5333333333333334
343	1.5333333333333334
344	1.5333333333333334
345	1.5333333333333334
346	1.5333333333333334
347	1.5333333333333334
348	1.5333333333333334
349	1.5
350	1.5
351	1.5
352	1.5
353	1.5
354	1.5
355	1.5
356	1.5
357	1.5
358	1.5
359	1.5
360	1.5
361	1.5
362	1.5
363	1.5
364	1.5
365	1.5
366	1.5
367	1.5
368	1.5
369	1.5
370	1.5
371	1.5
372	1.5
373	1.5
374	1.5
375	1.5
376	1.5
377	1.5
378	1.5
379	1.5
380	1.5
381	1.5
382	1.5
383	1.5
384	1.5
385	1.5
386	1.5
387	1.5
388	1.5
389	1.5
390	1.5
391	1.5
392	1.5
393	1.5
394	1.5
395	1.5
396	1.5
397	1.5
398	1.5
399	1.5
400	1.4666666666666666
401	1.4666666666666666
402	1.4666666666666666
403	1.4666666666666666
404	1.4666666666666666
405	1.4666666666666666
406	1.4666666666666666
407	1.4666666666666666
408	1.4666666666666666
409	1.4666666666666666
410	1.4666666666666666
411	1.4666666666666666
412	1.4666666666666666
413	1.4333333333333333
414	1.4333333333333333
415	1.4333333333333333
416	1.4333333333333333
417	1.4333333333333333
418	1.4333333333333333
419	1.4333333333333333
420	1.4333333333333333
421	1.4333333333333333
422	1.4333333333333333
423	1.4333333333333333
424	1.4333333333333333
425	1.4333333333333333
426	1.4
427	1.4
428	1.4
429	1.4
430	1.4
431	1.4
432	1.4
433	1.3666666666666667
434	1.3666666666666667
435	1.3666666666666667
436	1.3666666666666667
437	1.3666666666666667
438	1.3666666666666667
439	1.3666666666666667
440	1.3666666666666667
441	1.3666666666666667
442	1.3666666666666667
443	1.3666666666666667
444	1.3666666666666667
445	1.3666666666666667
446	1.3666666666666667
447	1.3666666666666667
448	1.3666666666666667
449	1.3666666666666667
450	1.3666666666666667
451	1.3666666666666667
452	1.3666666666666667
453	1.3666666666666667
454	1.3666666666666667
455	1.3666666666666667
456	1.3666666666666667
457	1.3666666666666667
458	1.3666666666666667
459	1.3333333333333333
460	1.3333333333333333
461	1.3333333333333333
462	1.3333333333333333
463	1.3333333333333333
464	1.3333333333333333
465	1.3333333333333333
466	1.3
467	1.3
468	1.3
469	1.3
470	1.3
471	1.3
472	1.3
473	1.3
474	1.3
475	1.3
476	1.3
477	1.3
478	1.3
479	1.3
480	1.3
481	1.3
482	1.3
483	1.3
484	1.3
485	1.3
486	1.3
487	1.3
488	1.3
489	1.3
490	1.3
491	1.3
492	1.3
493	1.3
494	1.3
495	1.3
496	1.3
497	1.3
498	1.3
499	1.3
500	1.3
501	1.3
502	1.3
503	1.3
504	1.3
505	1.3
506	1.3
507	1.3
508	1.3
509	1.3
510	1.3
511	1.3
512	1.3
513	1.3
514	1.3
515	1.3
516	1.3
517	1.3
518	1.3
519	1.3
520	1.3
521	1.3
522	1.3
523	1.3
524	1.3
525	1.3
526	1.3
527	1.3
528	1.3
529	1.3
530	1.3
531	1.3
532	1.3
533	1.3
534	1.3
535	1.3
536	1.3
537	1.2666666666666666
538	1.2666666666666666
539	1.2666666666666666
540	1.2666666666666666
541	1.2666666666666666
542	1.2666666666666666
543	1.2666666666666666
544	1.2666666666666666
545	1.2666666666666666
546	1.2666666666666666
547	1.2666666666666666
548	1.2666666666666666
549	1.2666666666666666
550	1.2666666666666666
551	1.2666666666666666
552	1.2666666666666666
553	1.2666666666666666
554	1.2666666666666666
555	1.2666666666666666
556	1.2666666666666666
557	1.2666666666666666
558	1.2666666666666666
559	1.2666666666666666
560	1.2666666666666666
561	1.2666666666666666
562	1.2666666666666666
563	1.2666666666666666
564	1.2666666666666666
565	1.2666666666666666
566	1.2666666666666666
567	1.2666666666666666
568	1.2666666666666666
569	1.2666666666666666
570	1.2666666666666666
571	1.2666666666666666
572	1.2666666666666666
573	1.2666666666666666
574	1.2666666666666666
575	1.2666666666666666
576	1.2666666666666666
577	1.2666666666666666
578	1.2666666666666666
579	1.2666666666666666
580	1.2666666666666666
581	1.2666666666666666
582	1.2666666666666666
583	1.2666666666666666
584	1.2666666666666666
585	1.2666666666666666
586	1.2666666666666666
587	1.2666666666666666
588	1.2666666666666666
589	1.2666666666666666
590	1.2666666666666666
591	1.2666666666666666
592	1.2666666666666666
593	1.2666666666666666
594	1.2666666666666666
595	1.2666666666666666
596	1.2666666666666666
597	1.2666666666666666
598	1.2666666666666666
599	1.2666666666666666
600	1.2666666666666666
601	1.2666666666666666
602	1.2666666666666666
603	1.2666666666666666
604	1.2666666666666666
605	1.2666666666666666
606	1.2666666666666666
607	1.2666666666666666
608	1.2666666666666666
609	1.2666666666666666
610	1.2666666666666666
611	1.2666666666666666
612	1.2666666666666666
613	1.2666666666666666
614	1.2666666666666666
615	1.2666666666666666
616	1.2666666666666666
617	1.2666666666666666
618	1.2666666666666666
619	1.2666666666666666
620	1.2666666666666666
621	1.2666666666666666
622	1.2666666666666666
623	1.2666666666666666
624	1.2666666666666666
625	1.2666666666666666
626	1.2666666666666666
627	1.2666666666666666
628	1.2666666666666666
629	1.2666666666666666
630	1.2666666666666666
631	1.2666666666666666
632	1.2666666666666666
633	1.2666666666666666
634	1.2666666666666666
635	1.2666666666666666
636	1.2666666666666666
637	1.2666666666666666
638	1.2666666666666666
639	1.2666666666666666
640	1.2666666666666666
641	1.2666666666666666
642	1.2666666666666666
643	1.2666666666666666
644	1.2666666666666666
645	1.2666666666666666
646	1.2666666666666666
647	1.2666666666666666
648	1.2666666666666666
649	1.2666666666666666
650	1.2666666666666666
651	1.2666666666666666
652	1.2666666666666666
653	1.2666666666666666
654	1.2666666666666666
655	1.2666666666666666
656	1.2666666666666666
657	1.2666666666666666
658	1.2666666666666666
659	1.2666666666666666
660	1.2666666666666666
661	1.2666666666666666
662	1.2666666666666666
663	1.2666666666666666
664	1.2666666666666666
665	1.2666666666666666
666	1.2666666666666666
667	1.2666666666666666
668	1.2666666666666666
669	1.2666666666666666
670	1.2666666666666666
671	1.2666666666666666
672	1.2666666666666666
673	1.2666666666666666
674	1.2666666666666666
675	1.2666666666666666
676	1.2666666666666666
677	1.2666666666666666
678	1.2666666666666666
679	1.2666666666666666
680	1.2666666666666666
681	1.2666666666666666
682	1.2666666666666666
683	1.2666666666666666
684	1.2666666666666666
685	1.2666666666666666
686	1.2666666666666666
687	1.2666666666666666
688	1.2666666666666666
689	1.2666666666666666
690	1.2666666666666666
691	1.2666666666666666
692	1.2666666666666666
693	1.2666666666666666
694	1.2666666666666666
695	1.2666666666666666
696	1.2666666666666666
697	1.2666666666666666
698	1.2666666666666666
699	1.2666666666666666
700	1.2666666666666666
701	1.2666666666666666
702	1.2666666666666666
703	1.2666666666666666
704	1.2666666666666666
705	1.2666666666666666
706	1.2666666666666666
707	1.2666666666666666
708	1.2666666666666666
709	1.2666666666666666
710	1.2666666666666666
711	1.2666666666666666
712	1.2666666666666666
713	1.2666666666666666
714	1.2666666666666666
715	1.2666666666666666
716	1.2666666666666666
717	1.2666666666666666
718	1.2666666666666666
719	1.2666666666666666
720	1.2666666666666666
721	1.2666666666666666
722	1.2666666666666666
723	1.2666666666666666
724	1.2666666666666666
725	1.2666666666666666
726	1.2666666666666666
727	1.2666666666666666
728	1.2666666666666666
729	1.2666666666666666
730	1.2666666666666666
731	1.2666666666666666
732	1.2666666666666666
733	1.2666666666666666
734	1.2666666666666666
735	1.2666666666666666
736	1.2666666666666666
737	1.2666666666666666
738	1.2666666666666666
739	1.2666666666666666
740	1.2666666666666666
741	1.2666666666666666
742	1.2666666666666666
743	1.2666666666666666
744	1.2666666666666666
745	1.2666666666666666
746	1.2666666666666666
747	1.2666666666666666
748	1.2666666666666666
749	1.2666666666666666
750	1.2666666666666666
751	1.2666666666666666
752	1.2666666666666666
753	1.2666666666666666
754	1.2666666666666666
755	1.2666666666666666
756	1.2666666666666666
757	1.2666666666666666
758	1.2666666666666666
759	1.2666666666666666
760	1.2666666666666666
761	1.2666666666666666
762	1.2666666666666666
763	1.2666666666666666
764	1.2666666666666666
765	1.2666666666666666
766	1.2666666666666666
767	1.2666666666666666
768	1.2666666666666666
769	1.2666666666666666
770	1.2666666666666666
771	1.2666666666666666
772	1.2666666666666666
773	1.2666666666666666
774	1.2666666666666666
775	1.2666666666666666
776	1.2666666666666666
777	1.2666666666666666
778	1.2666666666666666
779	1.2666666666666666
780	1.2666666666666666
781	1.2666666666666666
782	1.2666666666666666
783	1.2666666666666666
784	1.2666666666666666
785	1.2666666666666666
786	1.2666666666666666
787	1.2666666666666666
788	1.2666666666666666
789	1.2666666666666666
790	1.2666666666666666
791	1.2666666666666666
792	1.2666666666666666
793	1.2666666666666666
794	1.2666666666666666
795	1.2666666666666666
796	1.2666666666666666
797	1.2666666666666666
798	1.2666666666666666
799	1.2666666666666666
800	1.2666666666666666
801	1.2666666666666666
802	1.2666666666666666
803	1.2666666666666666
804	1.2666666666666666
805	1.2666666666666666
806	1.2333333333333334
807	1.2
808	1.2
809	1.2
810	1.2
811	1.1666666666666667
812	1.1666666666666667
813	1.1666666666666667
814	1.1666666666666667
815	1.1666666666666667
816	1.1666666666666667
817	1.1666666666666667
818	1.1666666666666667
819	1.1666666666666667
820	1.1666666666666667
821	1.1666666666666667
822	1.1666666666666667
823	1.1666666666666667
824	1.1666666666666667
825	1.1666666666666667
826	1.1666666666666667
827	1.1666666666666667
828	1.1666666666666667
829	1.1666666666666667
830	1.1666666666666667
831	1.1666666666666667
832	1.1666666666666667
833	1.1666666666666667
834	1.1666666666666667
835	1.1666666666666667
836	1.1666666666666667
837	1.1666666666666667
838	1.1666666666666667
839	1.1666666666666667
840	1.1666666666666667
841	1.1333333333333333
842	1.1333333333333333
843	1.1333333333333333
844	1.1333333333333333
845	1.1333333333333333
846	1.1333333333333333
847	1.1333333333333333
848	1.1333333333333333
849	1.1333333333333333
850	1.1333333333333333
851	1.1333333333333333
852	1.1333333333333333
853	1.1333333333333333
854	1.1333333333333333
855	1.1333333333333333
856	1.1333333333333333
857	1.1333333333333333
858	1.1333333333333333
859	1.1333333333333333
860	1.1333333333333333
861	1.1333333333333333
862	1.1333333333333333
863	1.1333333333333333
864	1.1333333333333333
865	1.1333333333333333
866	1.1333333333333333
867	1.1333333333333333
868	1.1333333333333333
869	1.1333333333333333
870	1.1333333333333333
871	1.1333333333333333
872	1.1333333333333333
873	1.1333333333333333
874	1.1333333333333333
875	1.1333333333333333
876	1.1333333333333333
877	1.1333333333333333
878	1.1333333333333333
879	1.1333333333333333
880	1.1333333333333333
881	1.1333333333333333
882	1.1333333333333333
883	1.1333333333333333
884	1.1333333333333333
885	1.1333333333333333
886	1.1333333333333333
887	1.1333333333333333
888	1.1333333333333333
889	1.1333333333333333
890	1.1333333333333333
891	1.1333333333333333
892	1.1333333333333333
893	1.1333333333333333
894	1.1333333333333333
895	1.1333333333333333
896	1.1333333333333333
897	1.1333333333333333
898	1.1333333333333333
899	1.1333333333333333
900	1.1333333333333333
901	1.1333333333333333
902	1.1333333333333333
903	1.1333333333333333
904	1.1333333333333333
905	1.1333333333333333
906	1.1333333333333333
907	1.1333333333333333
908	1.1333333333333333
909	1.1333333333333333
910	1.1333333333333333
911	1.1333333333333333
912	1.1333333333333333
913	1.1333333333333333
914	1.1333333333333333
915	1.1333333333333333
916	1.1333333333333333
917	1.1333333333333333
918	1.1333333333333333
919	1.1333333333333333
920	1.1333333333333333
921	1.1333333333333333
922	1.1333333333333333
923	1.1333333333333333
924	1.1333333333333333
925	1.1333333333333333
926	1.1333333333333333
927	1.1333333333333333
928	1.1333333333333333
929	1.1333333333333333
930	1.1333333333333333
931	1.1333333333333333
932	1.1333333333333333
933	1.1333333333333333
934	1.1333333333333333
935	1.1333333333333333
936	1.1333333333333333
937	1.1333333333333333
938	1.1333333333333333
939	1.1333333333333333
940	1.1333333333333333
941	1.1333333333333333
942	1.1333333333333333
943	1.1333333333333333
944	1.1333333333333333
945	1.1333333333333333
946	1.1333333333333333
947	1.1333333333333333
948	1.1333333333333333
949	1.1333333333333333
950	1.1333333333333333
951	1.1333333333333333
952	1.1333333333333333
953	1.1333333333333333
954	1.1333333333333333
955	1.1333333333333333
956	1.1333333333333333
957	1.1333333333333333
958	1.1333333333333333
959	1.1333333333333333
960	1.1333333333333333
961	1.1333333333333333
962	1.1333333333333333
963	1.1333333333333333
964	1.1333333333333333
965	1.1333333333333333
966	1.1333333333333333
967	1.1333333333333333
968	1.1333333333333333
969	1.1333333333333333
970	1.1333333333333333
971	1.1333333333333333
972	1.1333333333333333
973	1.1333333333333333
974	1.1333333333333333
975	1.1333333333333333
976	1.1333333333333333
977	1.1333333333333333
978	1.1333333333333333
979	1.1333333333333333
980	1.1333333333333333
981	1.1333333333333333
982	1.1333333333333333
983	1.1333333333333333
984	1.1333333333333333
985	1.1333333333333333
986	1.1333333333333333
987	1.1333333333333333
988	1.1333333333333333
989	1.1333333333333333
990	1.1333333333333333
991	1.1333333333333333
992	1.1333333333333333
993	1.1333333333333333
994	1.1333333333333333
995	1.1333333333333333
996	1.1333333333333333
997	1.1333333333333333
998	1.1333333333333333
999	1.1333333333333333
1000	1.1333333333333333
1001	1.1333333333333333
1002	1.1333333333333333
1003	1.1333333333333333
1004	1.1333333333333333
1005	1.1333333333333333
1006	1.1333333333333333
1007	1.1333333333333333
1008	1.1333333333333333
1009	1.1333333333333333
1010	1.1333333333333333
1011	1.1333333333333333
1012	1.1333333333333333
1013	1.1333333333333333
1014	1.1333333333333333
1015	1.1333333333333333
1016	1.1333333333333333
1017	1.1333333333333333
1018	1.1333333333333333
1019	1.1333333333333333
1020	1.1333333333333333
1021	1.1333333333333333
1022	1.1333333333333333
1023	1.1333333333333333
1024	1.1333333333333333
1025	1.1333333333333333
1026	1.1333333333333333
1027	1.1333333333333333
1028	1.1333333333333333
1029	1.1333333333333333
1030	1.1333333333333333
1031	1.1333333333333333
1032	1.1333333333333333
1033	1.1333333333333333
1034	1.1333333333333333
1035	1.1333333333333333
1036	1.1333333333333333
1037	1.1333333333333333
1038	1.1333333333333333
1039	1.1333333333333333
1040	1.1333333333333333
1041	1.1333333333333333
1042	1.1333333333333333
1043	1.1333333333333333
1044	1.1333333333333333
1045	1.1333333333333333
1046	1.1333333333333333
1047	1.1333333333333333
1048	1.1333333333333333
1049	1.1333333333333333
1050	1.1333333333333333
1051	1.1333333333333333
1052	1.1333333333333333
1053	1.1333333333333333
1054	1.1333333333333333
1055	1.1333333333333333
1056	1.1333333333333333
1057	1.1333333333333333
1058	1.1333333333333333
1059	1.1333333333333333
1060	1.1333333333333333
1061	1.1333333333333333
1062	1.1333333333333333
1063	1.1333333333333333
1064	1.1333333333333333
1065	1.1333333333333333
1066	1.1333333333333333
1067	1.1333333333333333
1068	1.1333333333333333
1069	1.1333333333333333
1070	1.1333333333333333
1071	1.1333333333333333
1072	1.1333333333333333
1073	1.1333333333333333
1074	1.1333333333333333
1075	1.1333333333333333
1076	1.1333333333333333
1077	1.1333333333333333
1078	1.1333333333333333
1079	1.1333333333333333
1080	1.1333333333333333
1081	1.1333333333333333
1082	1.1333333333333333
1083	1.1333333333333333
1084	1.1333333333333333
1085	1.1333333333333333
1086	1.1333333333333333
1087	1.1333333333333333
1088	1.1333333333333333
1089	1.1333333333333333
1090	1.1333333333333333
1091	1.1333333333333333
1092	1.1333333333333333
1093	1.1333333333333333
1094	1.1333333333333333
1095	1.1333333333333333
1096	1.1333333333333333
1097	1.1333333333333333
1098	1.1333333333333333
1099	1.1333333333333333
1100	1.1333333333333333
1101	1.1333333333333333
1102	1.1333333333333333
1103	1.1333333333333333
1104	1.1333333333333333
1105	1.1333333333333333
1106	1.1333333333333333
1107	1.1333333333333333
1108	1.1333333333333333
1109	1.1333333333333333
1110	1.1333333333333333
1111	1.1333333333333333
1112	1.1333333333333333
1113	1.1
1114	1.1
1115	1.1
1116	1.1
1117	1.1
1118	1.1
1119	1.1
1120	1.1
1121	1.1
1122	1.1
1123	1.1
1124	1.1
1125	1.1
1126	1.1
1127	1.1
1128	1.1
1129	1.1
1130	1.1
1131	1.1
1132	1.1
1133	1.1
1134	1.1
1135	1.1
1136	1.1
1137	1.1
1138	1.1
1139	1.1
1140	1.1
1141	1.1
1142	1.1
1143	1.1
1144	1.1
1145	1.1
1146	1.1
1147	1.1
1148	1.1
1149	1.1
1150	1.1
1151	1.1
1152	1.1
1153	1.1
1154	1.1
1155	1.1
1156	1.1
1157	1.1
1158	1.1
1159	1.1
1160	1.1
1161	1.1
1162	1.1
1163	1.1
1164	1.1
1165	1.1
1166	1.1
1167	1.1
1168	1.1
1169	1.1
1170	1.1
1171	1.1
1172	1.1
1173	1.1
1174	1.1
1175	1.1
1176	1.1
1177	1.1
1178	1.1
1179	1.1
1180	1.1
1181	1.1
1182	1.1
1183	1.1
1184	1.1
1185	1.1
1186	1.1
1187	1.1
1188	1.1
1189	1.1
1190	1.1
1191	1.1
1192	1.1
1193	1.1
1194	1.1
1195	1.1
1196	1.1
1197	1.1
1198	1.1
1199	1.1
1200	1.1
1201	1.1
1202	1.1
1203	1.1
1204	1.1
1205	1.1
1206	1.1
1207	1.1
1208	1.1
1209	1.1
1210	1.1
1211	1.1
1212	1.1
1213	1.1
1214	1.1
1215	1.1
1216	1.1
1217	1.1
1218	1.1
1219	1.1
1220	1.1
1221	1.1
1222	1.1
1223	1.1
1224	1.1
1225	1.1
1226	1.1
1227	1.1
1228	1.1
1229	1.1
1230	1.1
1231	1.1
1232	1.1
1233	1.1
1234	1.1
1235	1.1
1236	1.1
1237	1.1
1238	1.1
1239	1.1
1240	1.1
1241	1.1
1242	1.1
1243	1.1
1244	1.1
1245	1.1
1246	1.1
1247	1.1
1248	1.1
1249	1.1
1250	1.1
1251	1.1
1252	1.1
1253	1.1
1254	1.1
1255	1.1
1256	1.1
1257	1.1
1258	1.1
1259	1.1
1260	1.1
1261	1.1
1262	1.1
1263	1.1
1264	1.1
1265	1.1
1266	1.1
1267	1.1
1268	1.1
1269	1.1
1270	1.1
1271	1.1
1272	1.1
1273	1.1
1274	1.1
1275	1.1
1276	1.1
1277	1.1
1278	1.1
1279	1.1
1280	1.1
1281	1.1
1282	1.1
1283	1.1
1284	1.1
1285	1.1
1286	1.1
1287	1.1
1288	1.1
1289	1.1
1290	1.1
1291	1.1
1292	1.1
1293	1.1
1294	1.1
1295	1.1
1296	1.1
1297	1.1
1298	1.1
1299	1.1
1300	1.1
1301	1.1
1302	1.1
1303	1.1
1304	1.1
1305	1.1
1306	1.1
1307	1.1
1308	1.1
1309	1.1
1310	1.1
1311	1.1
1312	1.1
1313	1.1
1314	1.1
1315	1.1
1316	1.1
1317	1.1
1318	1.1
1319	1.1
1320	1.1
1321	1.1
1322	1.1
1323	1.1
1324	1.1
1325	1.1
1326	1.1
1327	1.1
1328	1.1
1329	1.1
1330	1.1
1331	1.1
1332	1.1
1333	1.1
1334	1.1
1335	1.1
1336	1.1
1337	1.1
1338	1.1
1339	1.1
1340	1.1
1341	1.1
1342	1.1
1343	1.1
1344	1.1
1345	1.1
1346	1.1
1347	1.1
1348	1.1
1349	1.1
1350	1.1
1351	1.1
1352	1.1
1353	1.1
1354	1.1
1355	1.1
1356	1.1
1357	1.1
1358	1.1
1359	1.1
1360	1.1
1361	1.1
1362	1.1
1363	1.1
1364	1.1
1365	1.1
1366	1.1
1367	1.1
1368	1.1
1369	1.1
1370	1.1
1371	1.1
1372	1.1
1373	1.1
1374	1.1
1375	1.1
1376	1.1
1377	1.1
1378	1.1
1379	1.1
1380	1.1
1381	1.1
1382	1.1
1383	1.1
1384	1.1
1385	1.1
1386	1.1
1387	1.1
1388	1.1
1389	1.1
1390	1.1
1391	1.1
1392	1.1
1393	1.1
1394	1.1
1395	1.1
1396	1.1
1397	1.1
1398	1.1
1399	1.1
1400	1.1
1401	1.1
1402	1.1
1403	1.1
1404	1.1
1405	1.1
1406	1.1
1407	1.1
1408	1.1
1409	1.1
1410	1.1
1411	1.1
1412	1.1
1413	1.1
1414	1.1
1415	1.1
1416	1.1
1417	1.1
1418	1.1
1419	1.1
1420	1.1
1421	1.1
1422	1.1
1423	1.1
1424	1.1
1425	1.1
1426	1.1
1427	1.1
1428	1.1
1429	1.1
1430	1.1
1431	1.1
1432	1.1
1433	1.1
1434	1.1
1435	1.1
1436	1.1
1437	1.1
1438	1.1
1439	1.1
1440	1.1
1441	1.1
1442	1.1
1443	1.1
1444	1.1
1445	1.1
1446	1.1
1447	1.1
1448	1.1
1449	1.1
1450	1.1
1451	1.1
1452	1.1
1453	1.1
1454	1.1
1455	1.1
1456	1.1
1457	1.1
1458	1.1
1459	1.1
1460	1.1
1461	1.1
1462	1.1
1463	1.1
1464	1.1
1465	1.1
1466	1.1
1467	1.1
1468	1.1
1469	1.1
1470	1.1
1471	1.1
1472	1.1
1473	1.1
1474	1.1
1475	1.1
1476	1.1
1477	1.1
1478	1.1
1479	1.1
1480	1.1
1481	1.1
1482	1.1
1483	1.1
1484	1.1
1485	1.1
1486	1.1
1487	1.1
1488	1.1
1489	1.1
1490	1.1
1491	1.1
1492	1.1
1493	1.1
1494	1.1
1495	1.1
1496	1.1
1497	1.1
1498	1.1
1499	1.1
1500	1.1
1501	1.1
1502	1.1
1503	1.1
1504	1.1
1505	1.1
1506	1.1
1507	1.1
1508	1.1
1509	1.1
1510	1.1
1511	1.1
1512	1.1
1513	1.1
1514	1.1
1515	1.1
1516	1.1
1517	1.1
1518	1.1
1519	1.1
1520	1.1
1521	1.1
1522	1.1
1523	1.1
1524	1.1
1525	1.1
1526	1.1
1527	1.1
1528	1.1
1529	1.1
1530	1.1
1531	1.1
1532	1.1
1533	1.1
1534	1.1
1535	1.1
1536	1.1
1537	1.1
1538	1.1
1539	1.1
1540	1.1
1541	1.1
1542	1.1
1543	1.1
1544	1.1
1545	1.1
1546	1.1
1547	1.1
1548	1.1
1549	1.1
1550	1.1
1551	1.1
1552	1.1
1553	1.1
1554	1.1
1555	1.1
1556	1.1
1557	1.1
1558	1.1
1559	1.1
1560	1.1
1561	1.1
1562	1.1
1563	1.1
1564	1.1
1565	1.1
1566	1.1
1567	1.1
1568	1.1
1569	1.1
1570	1.1
1571	1.1
1572	1.1
1573	1.1
1574	1.1
1575	1.1
1576	1.1
1577	1.1
1578	1.1
1579	1.1
1580	1.1
1581	1.1
1582	1.1
1583	1.1
1584	1.1
1585	1.1
1586	1.1
1587	1.1
1588	1.1
1589	1.1
1590	1.1
1591	1.1
1592	1.1
1593	1.1
1594	1.1
1595	1.1
1596	1.1
1597	1.1
1598	1.1
1599	1.1
1600	1.1
1601	1.1
1602	1.1
1603	1.1
1604	1.1
1605	1.1
1606	1.1
1607	1.1
1608	1.1
1609	1.1
1610	1.1
1611	1.1
1612	1.1
1613	1.1
1614	1.1
1615	1.1
1616	1.1
1617	1.1
1618	1.1
1619	1.1
1620	1.1
1621	1.1
1622	1.1
1623	1.1
1624	1.1
1625	1.1
1626	1.1
1627	1.1
1628	1.1
1629	1.1
1630	1.1
1631	1.1
1632	1.1
1633	1.1
1634	1.1
1635	1.1
1636	1.1
1637	1.1
1638	1.1
1639	1.1
1640	1.1
1641	1.1
1642	1.1
1643	1.1
1644	1.1
1645	1.1
1646	1.1
1647	1.1
1648	1.1
1649	1.1
1650	1.1
1651	1.1
1652	1.1
1653	1.1
1654	1.1
1655	1.1
1656	1.1
1657	1.1
1658	1.1
1659	1.1
1660	1.1
1661	1.1
1662	1.1
1663	1.1
1664	1.1
1665	1.1
1666	1.1
1667	1.1
1668	1.1
1669	1.1
1670	1.1
1671	1.1
1672	1.1
1673	1.1
1674	1.1
1675	1.1
1676	1.1
1677	1.1
1678	1.1
1679	1.1
1680	1.1
1681	1.1
1682	1.1
1683	1.1
1684	1.1
1685	1.1
1686	1.1
1687	1.1
1688	1.1
1689	1.1
1690	1.1
1691	1.1
1692	1.1
1693	1.1
1694	1.1
1695	1.1
1696	1.1
1697	1.1
1698	1.1
1699	1.1
1700	1.1
1701	1.1
1702	1.1
1703	1.1
1704	1.1
1705	1.1
1706	1.1
1707	1.1
1708	1.1
1709	1.1
1710	1.1
1711	1.1
1712	1.1
1713	1.1
1714	1.1
1715	1.1
1716	1.1
1717	1.1
1718	1.1
1719	1.1
1720	1.1
1721	1.1
1722	1.1
1723	1.1
1724	1.1
1725	1.1
1726	1.1
1727	1.1
1728	1.1
1729	1.1
1730	1.1
1731	1.1
1732	1.1
1733	1.1
1734	1.1
1735	1.1
1736	1.1
1737	1.1
1738	1.1
1739	1.1
1740	1.1
1741	1.1
1742	1.1
1743	1.1
1744	1.1
1745	1.1
1746	1.1
1747	1.1
1748	1.1
1749	1.1
1750	1.1
1751	1.1
1752	1.1
1753	1.1
1754	1.1
1755	1.1
1756	1.1
1757	1.1
1758	1.1
1759	1.1
1760	1.1
1761	1.1
1762	1.1
1763	1.1
1764	1.1
1765	1.1
1766	1.1
1767	1.1
1768	1.1
1769	1.1
1770	1.1
1771	1.1
1772	1.1
1773	1.1
1774	1.1
1775	1.1
1776	1.1
1777	1.1
1778	1.1
1779	1.1
1780	1.1
1781	1.1
1782	1.1
1783	1.1
1784	1.1
1785	1.1
1786	1.1
1787	1.1
1788	1.1
1789	1.1
1790	1.1
1791	1.1
1792	1.1
1793	1.1
1794	1.1
1795	1.1
1796	1.1
1797	1.1
1798	1.1
1799	1.1
1800	1.1
1801	1.1
1802	1.1
1803	1.1
1804	1.1
1805	1.1
1806	1.1
1807	1.1
1808	1.1
1809	1.1
1810	1.1
1811	1.1
1812	1.1
1813	1.1
1814	1.1
1815	1.1
1816	1.1
1817	1.1
1818	1.1
1819	1.1
1820	1.1
1821	1.1
1822	1.1
1823	1.1
1824	1.1
1825	1.1
1826	1.1
1827	1.1
1828	1.1
1829	1.1
1830	1.1
1831	1.1
1832	1.1
1833	1.1
1834	1.1
1835	1.1
1836	1.1
1837	1.1
1838	1.1
1839	1.1
1840	1.1
1841	1.1
1842	1.1
1843	1.1
1844	1.1
1845	1.1
1846	1.1
1847	1.1
1848	1.1
1849	1.1
1850	1.1
1851	1.1
1852	1.1
1853	1.1
1854	1.1
1855	1.1
1856	1.1
1857	1.1
1858	1.1
1859	1.1
1860	1.1
1861	1.1
1862	1.1
1863	1.1
1864	1.1
1865	1.1
1866	1.1
1867	1.1
1868	1.1
1869	1.1
1870	1.1
1871	1.1
1872	1.1
1873	1.1
1874	1.1
1875	1.1
1876	1.1
1877	1.1
1878	1.1
1879	1.1
1880	1.1
1881	1.1
1882	1.1
1883	1.1
1884	1.1
1885	1.1
1886	1.1
1887	1.1
1888	1.1
1889	1.1
1890	1.1
1891	1.1
1892	1.1
1893	1.1
1894	1.1
1895	1.1
1896	1.1
1897	1.1
1898	1.1
1899	1.1
1900	1.1
1901	1.1
1902	1.1
1903	1.1
1904	1.1
1905	1.1
1906	1.1
1907	1.1
1908	1.1
1909	1.1
1910	1.1
1911	1.1
1912	1.1
1913	1.1
1914	1.1
1915	1.1
1916	1.1
1917	1.1
1918	1.1
1919	1.1
1920	1.1
1921	1.1
1922	1.1
1923	1.1
1924	1.1
1925	1.1
1926	1.1
1927	1.1
1928	1.1
1929	1.1
1930	1.1
1931	1.1
1932	1.1
1933	1.1
1934	1.1
1935	1.1
1936	1.1
1937	1.1
1938	1.1
1939	1.1
1940	1.1
1941	1.1
1942	1.1
1943	1.1
1944	1.1
1945	1.1
1946	1.1
1947	1.1
1948	1.1
1949	1.1
1950	1.1
1951	1.1
1952	1.1
1953	1.1
1954	1.1
1955	1.1
1956	1.1
1957	1.1
1958	1.1
1959	1.1
1960	1.1
1961	1.1
1962	1.1
1963	1.1
1964	1.1
1965	1.1
1966	1.1
1967	1.1
1968	1.1
1969	1.1
1970	1.1
1971	1.1
1972	1.1
1973	1.1
1974	1.1
1975	1.1
1976	1.1
1977	1.1
1978	1.1
1979	1.1
1980	1.1
1981	1.1
1982	1.1
1983	1.1
1984	1.1
1985	1.1
1986	1.1
1987	1.1
1988	1.1
1989	1.1
1990	1.1
1991	1.1
1992	1.1
1993	1.1
1994	1.1
1995	1.1
1996	1.1
1997	1.1
1998	1.1
1999	1.1
2000	1.1
2001	1.1
2002	1.1
2003	1.1
2004	1.1
2005	1.1
2006	1.1
2007	1.1
2008	1.1
2009	1.1
2010	1.1
2011	1.1
2012	1.1
2013	1.1
2014	1.1
2015	1.1
2016	1.1
2017	1.1
2018	1.1
2019	1.1
2020	1.1
2021	1.1
2022	1.1
2023	1.1
2024	1.1
2025	1.1
2026	1.1
2027	1.1
2028	1.1
2029	1.1
2030	1.1
2031	1.1
2032	1.1
2033	1.1
2034	1.1
2035	1.1
2036	1.1
2037	1.1
2038	1.1
2039	1.1
2040	1.1
2041	1.1
2042	1.1
2043	1.1
2044	1.1
2045	1.1
2046	1.1
2047	1.1
2048	1.1
2049	1.1
2050	1.1
2051	1.1
2052	1.1
2053	1.1
2054	1.1
2055	1.1
2056	1.1
2057	1.1
2058	1.1
2059	1.1
2060	1.1
2061	1.1
2062	1.1
2063	1.1
2064	1.1
2065	1.1
2066	1.1
2067	1.1
2068	1.1
2069	1.1
2070	1.1
2071	1.1
2072	1.1
2073	1.1
2074	1.1
2075	1.1
2076	1.1
2077	1.1
2078	1.1
2079	1.1
2080	1.1
2081	1.1
2082	1.1
2083	1.1
2084	1.1
2085	1.1
2086	1.1
2087	1.1
2088	1.1
2089	1.1
2090	1.1
2091	1.1
2092	1.1
2093	1.1
2094	1.1
2095	1.1
2096	1.1
2097	1.1
2098	1.1
2099	1.1
2100	1.1
2101	1.1
2102	1.1
2103	1.1
2104	1.1
2105	1.1
2106	1.1
2107	1.1
2108	1.1
2109	1.1
2110	1.1
2111	1.1
2112	1.1
2113	1.1
2114	1.1
2115	1.1
2116	1.1
2117	1.1
2118	1.1
2119	1.1
2120	1.1
2121	1.1
2122	1.1
2123	1.1
2124	1.1
2125	1.1
2126	1.1
2127	1.1
2128	1.1
2129	1.1
2130	1.1
2131	1.1
2132	1.1
2133	1.1
2134	1.1
2135	1.1
2136	1.1
2137	1.1
2138	1.1
2139	1.1
2140	1.1
2141	1.1
2142	1.1
2143	1.1
2144	1.1
2145	1.1
2146	1.1
2147	1.1
2148	1.1
2149	1.1
2150	1.1
2151	1.1
2152	1.1
2153	1.1
2154	1.1
2155	1.1
2156	1.1
2157	1.1
2158	1.1
2159	1.1
2160	1.1
2161	1.1
2162	1.1
2163	1.1
2164	1.1
2165	1.1
2166	1.1
2167	1.1
2168	1.1
2169	1.1
2170	1.1
2171	1.1
2172	1.1
2173	1.1
2174	1.1
2175	1.1
2176	1.1
2177	1.1
2178	1.1
2179	1.1
2180	1.1
2181	1.1
2182	1.1
2183	1.1
2184	1.1
2185	1.1
2186	1.1
2187	1.1
2188	1.1
2189	1.1
2190	1.1
2191	1.1
2192	1.1
2193	1.1
2194	1.1
2195	1.1
2196	1.1
2197	1.1
2198	1.1
2199	1.1
2200	1.1
2201	1.1
2202	1.1
2203	1.1
2204	1.1
2205	1.1
2206	1.1
2207	1.1
2208	1.1
2209	1.1
2210	1.1
2211	1.1
2212	1.1
2213	1.1
2214	1.1
2215	1.1
2216	1.1
2217	1.1
2218	1.1
2219	1.1
2220	1.1
2221	1.1
2222	1.1
2223	1.1
2224	1.1
2225	1.1
2226	1.1
2227	1.1
2228	1.1
2229	1.1
2230	1.1
2231	1.1
2232	1.1
2233	1.1
2234	1.1
2235	1.1
2236	1.1
2237	1.1
2238	1.1
2239	1.1
2240	1.1
2241	1.1
2242	1.1
2243	1.1
2244	1.1
2245	1.1
2246	1.1
2247	1.1
2248	1.1
2249	1.1
2250	1.1
2251	1.1
2252	1.1
2253	1.1
2254	1.1
2255	1.1
2256	1.1
2257	1.1
2258	1.1
2259	1.1
2260	1.1
2261	1.1
2262	1.1
2263	1.1
2264	1.1
2265	1.1
2266	1.1
2267	1.1
2268	1.1
2269	1.1
2270	1.1
2271	1.1
2272	1.1
2273	1.1
2274	1.1
2275	1.1
2276	1.1
2277	1.1
2278	1.1
2279	1.1
2280	1.1
2281	1.1
2282	1.1
2283	1.1
2284	1.1
2285	1.1
2286	1.1
2287	1.1
2288	1.1
2289	1.1
2290	1.1
2291	1.1
2292	1.1
2293	1.1
2294	1.1
2295	1.1
2296	1.1
2297	1.1
2298	1.1
2299	1.1
2300	1.1
2301	1.1
2302	1.1
2303	1.1
2304	1.1
2305	1.1
2306	1.1
2307	1.1
2308	1.1
2309	1.1
2310	1.1
2311	1.1
2312	1.1
2313	1.1
2314	1.1
2315	1.1
2316	1.1
2317	1.1
2318	1.1
2319	1.1
2320	1.1
2321	1.1
2322	1.1
2323	1.1
2324	1.1
2325	1.1
2326	1.1
2327	1.1
2328	1.1
2329	1.1
2330	1.1
2331	1.1
2332	1.1
2333	1.1
2334	1.1
2335	1.1
2336	1.1
2337	1.1
2338	1.1
2339	1.1
2340	1.1
2341	1.1
2342	1.1
2343	1.1
2344	1.1
2345	1.1
2346	1.1
2347	1.1
2348	1.1
2349	1.1
2350	1.1
2351	1.1
2352	1.1
2353	1.1
2354	1.1
2355	1.1
2356	1.1
2357	1.1
2358	1.1
2359	1.1
2360	1.1
2361	1.1
2362	1.1
2363	1.1
2364	1.1
2365	1.1
2366	1.1
2367	1.1
2368	1.1
2369	1.1
2370	1.1
2371	1.1
2372	1.1
2373	1.1
2374	1.1
2375	1.1
2376	1.1
2377	1.1
2378	1.1
2379	1.1
2380	1.1
2381	1.1
2382	1.1
2383	1.1
2384	1.1
2385	1.1
2386	1.1
2387	1.1
2388	1.1
2389	1.1
2390	1.1
2391	1.1
2392	1.1
2393	1.1
2394	1.1
2395	1.1
2396	1.1
2397	1.1
2398	1.1
2399	1.1
2400	1.1
2401	1.1
2402	1.1
2403	1.1
2404	1.1
2405	1.1
2406	1.1
2407	1.1
2408	1.1
2409	1.1
2410	1.1
2411	1.1
2412	1.1
2413	1.1
2414	1.1
2415	1.1
2416	1.1
2417	1.1
2418	1.1
2419	1.1
2420	1.1
2421	1.1
2422	1.1
2423	1.1
2424	1.1
2425	1.1
2426	1.1
2427	1.1
2428	1.1
2429	1.1
2430	1.1
2431	1.1
2432	1.1
2433	1.1
2434	1.1
2435	1.1
2436	1.1
2437	1.1
2438	1.1
2439	1.1
2440	1.1
2441	1.1
2442	1.1
2443	1.1
2444	1.1
2445	1.1
2446	1.1
2447	1.1
2448	1.1
2449	1.1
2450	1.1
2451	1.1
2452	1.1
2453	1.1
2454	1.1
2455	1.1
2456	1.1
2457	1.1
2458	1.1
2459	1.1
2460	1.1
2461	1.1
2462	1.1
2463	1.1
2464	1.1
2465	1.1
2466	1.1
2467	1.1
2468	1.1
2469	1.1
2470	1.1
2471	1.1
2472	1.1
2473	1.1
2474	1.1
2475	1.1
2476	1.1
2477	1.1
2478	1.1
2479	1.1
2480	1.1
2481	1.1
2482	1.1
2483	1.1
2484	1.1
2485	1.1
2486	1.1
2487	1.1
2488	1.1
2489	1.1
2490	1.1
2491	1.1
2492	1.1
2493	1.1
2494	1.1
2495	1.1
2496	1.1
2497	1.1
2498	1.1
2499	1.1
2500	1.1
2501	1.1
2502	1.1
2503	1.1
2504	1.1
2505	1.1
2506	1.1
2507	1.1
2508	1.1
2509	1.1
2510	1.1
2511	1.1
2512	1.1
2513	1.1
2514	1.1
2515	1.1
2516	1.1
2517	1.1
2518	1.1
2519	1.1
2520	1.1
2521	1.1
2522	1.1
2523	1.1
2524	1.1
2525	1.1
2526	1.1
2527	1.1
2528	1.1
2529	1.1
2530	1.1
2531	1.1
2532	1.1
2533	1.1
2534	1.1
2535	1.1
2536	1.1
2537	1.1
2538	1.1
2539	1.1
2540	1.1
2541	1.1
2542	1.1
2543	1.1
2544	1.1
2545	1.1
2546	1.1
2547	1.1
2548	1.1
2549	1.1
2550	1.1
2551	1.1
2552	1.1
2553	1.1
2554	1.1
2555	1.1
2556	1.1
2557	1.1
2558	1.1
2559	1.1
2560	1.1
2561	1.1
2562	1.1
2563	1.1
2564	1.1
2565	1.1
2566	1.1
2567	1.1
2568	1.1
2569	1.1
2570	1.1
2571	1.1
2572	1.1
2573	1.1
2574	1.1
2575	1.1
2576	1.1
2577	1.1
2578	1.1
2579	1.1
2580	1.1
2581	1.1
2582	1.1
2583	1.1
2584	1.1
2585	1.1
2586	1.1
2587	1.1
2588	1.1
2589	1.1
2590	1.1
2591	1.1
2592	1.1
2593	1.1
2594	1.1
2595	1.1
2596	1.1
2597	1.1
2598	1.1
2599	1.1
2600	1.1
2601	1.1
2602	1.1
2603	1.1
2604	1.1
2605	1.1
2606	1.1
2607	1.1
2608	1.1
2609	1.1
2610	1.1
2611	1.1
2612	1.1
2613	1.1
2614	1.1
2615	1.1
2616	1.1
2617	1.1
2618	1.1
2619	1.1
2620	1.1
2621	1.1
2622	1.1
2623	1.1
2624	1.1
2625	1.1
2626	1.1
2627	1.1
2628	1.1
2629	1.1
2630	1.1
2631	1.1
2632	1.1
2633	1.1
2634	1.1
2635	1.1
2636	1.1
2637	1.1
2638	1.1
2639	1.1
2640	1.1
2641	1.1
2642	1.1
2643	1.1
2644	1.1
2645	1.1
2646	1.1
2647	1.1
2648	1.1
2649	1.1
2650	1.1
2651	1.1
2652	1.1
2653	1.1
2654	1.1
2655	1.1
2656	1.1
2657	1.1
2658	1.1
2659	1.1
2660	1.1
2661	1.1
2662	1.1
2663	1.1
2664	1.1
2665	1.1
2666	1.1
2667	1.1
2668	1.1
2669	1.1
2670	1.1
2671	1.1
2672	1.1
2673	1.1
2674	1.1
2675	1.1
2676	1.1
2677	1.1
2678	1.1
2679	1.1
2680	1.1
2681	1.1
2682	1.1
2683	1.1
2684	1.1
2685	1.1
2686	1.1
2687	1.1
2688	1.1
2689	1.1
2690	1.1
2691	1.1
2692	1.1
2693	1.1
2694	1.1
2695	1.1
2696	1.1
2697	1.1
2698	1.1
2699	1.1
2700	1.1
2701	1.1
2702	1.1
2703	1.1
2704	1.1
2705	1.1
2706	1.1
2707	1.1
2708	1.1
2709	1.1
2710	1.1
2711	1.1
2712	1.1
2713	1.1
2714	1.1
2715	1.1
2716	1.1
2717	1.1
2718	1.1
2719	1.1
2720	1.1
2721	1.1
2722	1.1
2723	1.1
2724	1.1
2725	1.1
2726	1.1
2727	1.1
2728	1.1
2729	1.1
2730	1.1
2731	1.1
2732	1.1
2733	1.1
2734	1.1
2735	1.1
2736	1.1
2737	1.1
2738	1.1
2739	1.1
2740	1.1
2741	1.1
2742	1.1
2743	1.1
2744	1.1
2745	1.1
2746	1.1
2747	1.1
2748	1.1
2749	1.1
2750	1.1
2751	1.1
2752	1.1
2753	1.1
2754	1.1
2755	1.1
2756	1.1
2757	1.1
2758	1.1
2759	1.1
2760	1.1
2761	1.1
2762	1.1
2763	1.1
2764	1.1
2765	1.1
2766	1.1
2767	1.1
2768	1.1
2769	1.1
2770	1.1
2771	1.1
2772	1.1
2773	1.1
2774	1.1
2775	1.1
2776	1.1
2777	1.1
2778	1.1
2779	1.1
2780	1.1
2781	1.1
2782	1.1
2783	1.1
2784	1.1
2785	1.1
2786	1.1
2787	1.1
2788	1.1
2789	1.1
2790	1.1
2791	1.1
2792	1.1
2793	1.1
2794	1.1
2795	1.1
2796	1.1
2797	1.1
2798	1.1
2799	1.1
2800	1.1
2801	1.1
2802	1.1
2803	1.1
2804	1.1
2805	1.1
2806	1.1
2807	1.1
2808	1.1
2809	1.1
2810	1.1
2811	1.1
2812	1.1
2813	1.1
2814	1.1
2815	1.1
2816	1.1
2817	1.1
2818	1.1
2819	1.1
2820	1.1
2821	1.1
2822	1.1
2823	1.1
2824	1.1
2825	1.1
2826	1.1
2827	1.1
2828	1.1
2829	1.1
2830	1.1
2831	1.1
2832	1.1
2833	1.1
2834	1.1
2835	1.1
2836	1.1
2837	1.1
2838	1.1
2839	1.1
2840	1.1
2841	1.1
2842	1.1
2843	1.1
2844	1.1
2845	1.1
2846	1.1
2847	1.1
2848	1.1
2849	1.1
2850	1.1
2851	1.1
2852	1.1
2853	1.1
2854	1.1
2855	1.1
2856	1.1
2857	1.0666666666666667
2858	1.0666666666666667
2859	1.0666666666666667
2860	1.0666666666666667
2861	1.0666666666666667
2862	1.0666666666666667
2863	1.0666666666666667
2864	1.0666666666666667
2865	1.0666666666666667
2866	1.0666666666666667
2867	1.0666666666666667
2868	1.0666666666666667
2869	1.0666666666666667
2870	1.0666666666666667
2871	1.0666666666666667
2872	1.0666666666666667
2873	1.0666666666666667
2874	1.0666666666666667
2875	1.0666666666666667
2876	1.0666666666666667
2877	1.0666666666666667
2878	1.0666666666666667
2879	1.0666666666666667
2880	1.0666666666666667
2881	1.0666666666666667
2882	1.0666666666666667
2883	1.0666666666666667
2884	1.0666666666666667
2885	1.0666666666666667
2886	1.0666666666666667
2887	1.0666666666666667
2888	1.0666666666666667
2889	1.0666666666666667
2890	1.0666666666666667
2891	1.0666666666666667
2892	1.0666666666666667
2893	1.0666666666666667
2894	1.0666666666666667
2895	1.0666666666666667
2896	1.0666666666666667
2897	1.0666666666666667
2898	1.0666666666666667
2899	1.0666666666666667
2900	1.0666666666666667
2901	1.0666666666666667
2902	1.0666666666666667
2903	1.0666666666666667
2904	1.0666666666666667
2905	1.0666666666666667
2906	1.0666666666666667
2907	1.0666666666666667
2908	1.0666666666666667
2909	1.0666666666666667
2910	1.0666666666666667
2911	1.0666666666666667
2912	1.0666666666666667
2913	1.0666666666666667
2914	1.0666666666666667
2915	1.0666666666666667
2916	1.0666666666666667
2917	1.0666666666666667
2918	1.0666666666666667
2919	1.0666666666666667
2920	1.0666666666666667
2921	1.0666666666666667
2922	1.0666666666666667
2923	1.0666666666666667
2924	1.0666666666666667
2925	1.0666666666666667
2926	1.0666666666666667
2927	1.0666666666666667
2928	1.0666666666666667
2929	1.0666666666666667
2930	1.0666666666666667
2931	1.0666666666666667
2932	1.0666666666666667
2933	1.0666666666666667
2934	1.0666666666666667
2935	1.0666666666666667
2936	1.0666666666666667
2937	1.0666666666666667
2938	1.0666666666666667
2939	1.0666666666666667
2940	1.0666666666666667
2941	1.0666666666666667
2942	1.0666666666666667
2943	1.0666666666666667
2944	1.0666666666666667
2945	1.0666666666666667
2946	1.0666666666666667
2947	1.0666666666666667
2948	1.0666666666666667
2949	1.0666666666666667
2950	1.0666666666666667
2951	1.0666666666666667
2952	1.0666666666666667
2953	1.0666666666666667
2954	1.0666666666666667
2955	1.0666666666666667
2956	1.0666666666666667
2957	1.0666666666666667
2958	1.0666666666666667
2959	1.0666666666666667
2960	1.0666666666666667
2961	1.0666666666666667
2962	1.0666666666666667
2963	1.0666666666666667
2964	1.0666666666666667
2965	1.0666666666666667
2966	1.0666666666666667
2967	1.0666666666666667
2968	1.0666666666666667
2969	1.0666666666666667
2970	1.0666666666666667
2971	1.0666666666666667
2972	1.0666666666666667
2973	1.0666666666666667
2974	1.0666666666666667
2975	1.0666666666666667
2976	1.0666666666666667
2977	1.0666666666666667
2978	1.0666666666666667
2979	1.0666666666666667
2980	1.0666666666666667
2981	1.0666666666666667
2982	1.0666666666666667
2983	1.0666666666666667
2984	1.0666666666666667
2985	1.0666666666666667
2986	1.0666666666666667
2987	1.0666666666666667
2988	1.0666666666666667
2989	1.0666666666666667
2990	1.0666666666666667
2991	1.0666666666666667
2992	1.0666666666666667
2993	1.0666666666666667
2994	1.0666666666666667
2995	1.0666666666666667
2996	1.0666666666666667
2997	1.0666666666666667
2998	1.0666666666666667
2999	1.0666666666666667
3000	1.0666666666666667
