1	68.33484265188473
2	53.09815728323721
3	41.90257852020545
4	32.39940882248555
5	28.20465096193207
6	24.42991995924496
7	20.489046266480887
8	18.662587309852018
9	15.451266851314026
10	12.879328275109481
11	10.442518490992681
12	9.345446097442466
13	8.094401303457605
14	7.733108686753841
15	6.642202672476978
16	5.712117317606117
17	4.761736485813625
18	4.431877928262872
19	3.92420405082169
20	3.3614249745359017
21	3.05188202011103
22	2.591341420856975
23	2.3881228545073725
24	2.19761166381979
25	2.0424036770566514
26	1.8788593834749336
27	1.6347517905973925
28	1.5352287341436393
29	1.4223657977744113
30	1.3005197996614544
31	1.1817976505993546
32	1.1059038195244522
33	0.9794893121848269
34	0.9475868617107878
35	0.8745364225185805
36	0.797367579307419
37	0.7648330606043048
38	0.6502948195049595
39	0.5952877832865222
40	0.5329954232917583
41	0.5060411630964297
42	0.48714118490030445
43	0.47205550080497966
44	0.43856590699256087
45	0.41441535726531814
46	0.39003259717879696
47	0.3823473198567536
48	0.3590399901281062
49	0.35034447443632555
50	0.3399295212335124
51	0.3254126469274093
52	0.30633565169831617
53	0.30152263679546204
54	0.27797881890420517
55	0.26449190283023427
56	0.2471145036563161
57	0.24175717343684974
58	0.23901131935936748
59	0.22726855415511737
60	0.22049900758094382
61	0.21163420530949792
62	0.20786400366435284
63	0.20360078321270106
64	0.2012090725970698
65	0.19957586813066314
66	0.19643594542967363
67	0.18584125083913144
68	0.18270553736898282
69	0.17774777629737282
70	0.174830397578281
71	0.16514080040993465
72	0.16179279899988333
73	0.1581273332909324
74	0.15437967347731338
75	0.15015631289778555
76	0.14808018513765944
77	0.14772206903547935
78	0.14677556306640158
79	0.14424108176137648
80	0.1417969753606485
81	0.13503744592858408
82	0.13439724481636073
83	0.13334584263122748
84	0.12958412895358043
85	0.12684322901378026
86	0.12572468614786556
87	0.12565214265356592
88	0.12330093245983635
89	0.12020737046753896
90	0.11588072633993789
91	0.11470847216215457
92	0.1097704954987703
93	0.10698770023438295
94	0.10698770023438295
95	0.10631119657962165
96	0.1007388172620032
97	0.1007388172620032
98	0.10036950686861737
99	0.09950240052137745
100	0.09950240052137745
101	0.09838209976690436
102	0.09726553595187391
103	0.09726553595187391
104	0.09625902294821967
105	0.09544968978657258
106	0.09538338100581017
107	0.09317724493574485
108	0.09259532467266826
109	0.08940684467012008
110	0.08907833925767748
111	0.08891092221790292
112	0.087768058931252
113	0.0874911666548798
114	0.08649343671730307
115	0.08637604358152737
116	0.08584182728914823
117	0.0852478995957906
118	0.08217480719548759
119	0.08097006122194332
120	0.08050782133274265
121	0.07968510924671139
122	0.07801649501429643
123	0.07634654363852626
124	0.07625725781289788
125	0.07615575503549639
126	0.07541113677110639
127	0.07487318263304657
128	0.0744387311988134
129	0.0738994225956795
130	0.07334191333872844
131	0.07321957820826609
132	0.07289836851733177
133	0.07215477915388278
134	0.0720936771711962
135	0.0720936771711962
136	0.0707686172576729
137	0.07070291979014756
138	0.0699579114915755
139	0.06933782977569926
140	0.06933782977569926
141	0.06897346607383642
142	0.06879810775682513
143	0.0676794244810265
144	0.0676794244810265
145	0.06704673989580523
146	0.06671473880129344
147	0.06668422233698185
148	0.06591330905395004
149	0.0653132250459976
150	0.06495197127138429
151	0.06465081409975722
152	0.06462534999670776
153	0.06462534999670776
154	0.06402847762383672
155	0.06402847762383672
156	0.06340181745078807
157	0.06298897451030486
158	0.06244626769496618
159	0.06244626769496618
160	0.06244626769496618
161	0.06165145215015783
162	0.05989063364673068
163	0.05972656253670205
164	0.05972656253670205
165	0.05972656253670205
166	0.058870322948019166
167	0.05838836088066968
168	0.057693156240164536
169	0.057693156240164536
170	0.05750285407025623
171	0.0572903934083492
172	0.05646942862799612
173	0.056104833946018215
174	0.056104833946018215
175	0.05395969400410002
176	0.0536819312571795
177	0.05365158401576236
178	0.052972339535000586
179	0.052450272410987604
180	0.051973696439179526
181	0.05163441910410712
182	0.05146657219291584
183	0.05146629461318093
184	0.05096796090894802
185	0.050696843005319
186	0.050696843005319
187	0.050696843005319
188	0.050696843005319
189	0.049970895967975944
190	0.049970895967975944
191	0.04975172686406607
192	0.04945993074473029
193	0.047778153844826594
194	0.04725288752966274
195	0.0471560616563836
196	0.047084704288151834
197	0.047084704288151834
198	0.04656356769037789
199	0.04656356769037789
200	0.04656356769037789
201	0.04656356769037789
202	0.0460721180221371
203	0.0458941265748904
204	0.04532588272647152
205	0.044472733990091634
206	0.044472733990091634
207	0.04402586307122199
208	0.04402586307122199
209	0.04303946796254417
210	0.04230594701986663
211	0.04205425503485857
212	0.041947811231619274
213	0.041837849187300984
214	0.0417331488426621
215	0.04112482515567929
216	0.0409082865112166
217	0.04073670424718021
218	0.040512220289453976
219	0.040512220289453976
220	0.040512220289453976
221	0.0402868782926278
222	0.03972789348890822
223	0.03972789348890822
224	0.039651964482802685
225	0.03958959557217224
226	0.03954269803516278
227	0.038976122931476856
228	0.038551460667048384
229	0.038551460667048384
230	0.03726074688669272
231	0.03710569921580471
232	0.03617803544445317
233	0.03596491864251687
234	0.03585976803770419
235	0.03585976803770419
236	0.03545943650373591
237	0.03538857964513454
238	0.03538857964513454
239	0.035331307981738044
240	0.03512366650956248
241	0.03512366650956248
242	0.03485586637094748
243	0.03480201798363132
244	0.03456758916640443
245	0.03416468553081615
246	0.03407944578395709
247	0.033761306789364946
248	0.033761306789364946
249	0.033720319344240926
250	0.03342056300020458
251	0.03342056300020458
252	0.033319957099062394
253	0.03304110880468488
254	0.03304110880468488
255	0.032798325034170545
256	0.032648088751490716
257	0.032648088751490716
258	0.032648088751490716
259	0.032648088751490716
260	0.032648088751490716
261	0.032648088751490716
262	0.032648088751490716
263	0.03209694541061056
264	0.031580635262772654
265	0.03137663558904223
266	0.03131543368083892
267	0.03131543368083892
268	0.030903247205624314
269	0.030903247205624314
270	0.03083820056441188
271	0.03041647705617228
272	0.03041647705617228
273	0.03041647705617228
274	0.03020945001014048
275	0.030057710256083354
276	0.030057710256083354
277	0.02998607398951329
278	0.029940252489497075
279	0.02949378058346844
280	0.02913431655071624
281	0.02913431655071624
282	0.02913431655071624
283	0.02913431655071624
284	0.02913431655071624
285	0.02913431655071624
286	0.02913431655071624
287	0.02913431655071624
288	0.02871494560551737
289	0.02802396591204163
290	0.027467088581883337
291	0.027390688640848926
292	0.027390688640848926
293	0.027390688640848926
294	0.027375669776708474
295	0.027375669776708474
296	0.027375669776708474
297	0.027375669776708474
298	0.027375669776708474
299	0.02736758289827441
300	0.02723049279601765
301	0.02723049279601765
302	0.02723049279601765
303	0.02723049279601765
304	0.02699533201773007
305	0.02699533201773007
306	0.02699533201773007
307	0.02699533201773007
308	0.02699533201773007
309	0.02699533201773007
310	0.02699533201773007
311	0.02699533201773007
312	0.026986119316144704
313	0.026986119316144704
314	0.026986119316144704
315	0.026924285633784465
316	0.026513592141941704
317	0.02646606619594988
318	0.02646606619594988
319	0.026308370317104496
320	0.026227645739766367
321	0.025264093506210932
322	0.025264093506210932
323	0.02524908154631435
324	0.02524908154631435
325	0.02524908154631435
326	0.0251767050995727
327	0.0250825140549454
328	0.0250825140549454
329	0.0250825140549454
330	0.0250825140549454
331	0.0250825140549454
332	0.0250825140549454
333	0.024349367427538866
334	0.024349367427538866
335	0.02412271706495647
336	0.02412271706495647
337	0.02412271706495647
338	0.023901183447670258
339	0.023857395637219003
340	0.023597039581640167
341	0.023597039581640167
342	0.023597039581640167
343	0.023443598238016186
344	0.023443598238016186
345	0.023443598238016186
346	0.023422395025732245
347	0.023422395025732245
348	0.022968537599519237
349	0.022968537599519237
350	0.022680993393161517
351	0.022680993393161517
352	0.022680993393161517
353	0.022680993393161517
354	0.022629820652376485
355	0.022629820652376485
356	0.022611858918005157
357	0.022611858918005157
358	0.022611858918005157
359	0.022611858918005157
360	0.022611858918005157
361	0.022611858918005157
362	0.022611858918005157
363	0.022611858918005157
364	0.022611858918005157
365	0.022611858918005157
366	0.02250003766440349
367	0.02250003766440349
368	0.022421493324683486
369	0.022421493324683486
370	0.022421493324683486
371	0.022421493324683486
372	0.022045974615419846
373	0.02158446271456205
374	0.02154611387423051
375	0.02154611387423051
376	0.02154611387423051
377	0.02154611387423051
378	0.02154611387423051
379	0.02154611387423051
380	0.02154611387423051
381	0.02154611387423051
382	0.021488352406875362
383	0.021488352406875362
384	0.021454704010645316
385	0.021454704010645316
386	0.021454704010645316
387	0.021283273377137667
388	0.021136376922177926
389	0.021136376922177926
390	0.021136376922177926
391	0.021136376922177926
392	0.021120243864550685
393	0.021120243864550685
394	0.021087121043597674
395	0.021087121043597674
396	0.021087121043597674
397	0.021087121043597674
398	0.021035490984680823
399	0.021035490984680823
400	0.021035490984680823
401	0.02100782660010051
402	0.02100782660010051
403	0.020764015771170857
404	0.020764015771170857
405	0.020764015771170857
406	0.020764015771170857
407	0.020764015771170857
408	0.020745371664454507
409	0.02068901444257126
410	0.020390207413191575
411	0.020341608980039897
412	0.02005323399422917
413	0.020052311275846266
414	0.020052311275846266
415	0.01982999711485219
416	0.01949282695406528
417	0.01949282695406528
418	0.019338253965222662
419	0.019338253965222662
420	0.019338253965222662
421	0.019282130960090356
422	0.019282130960090356
423	0.019120094179702705
424	0.018985143353427734
425	0.018985143353427734
426	0.018985143353427734
427	0.018985143353427734
428	0.018985143353427734
429	0.018985143353427734
430	0.018985143353427734
431	0.01893115228436844
432	0.018766177379265274
433	0.018589742580646364
434	0.018589742580646364
435	0.018539169229657246
436	0.018539169229657246
437	0.018507901547952964
438	0.018507901547952964
439	0.018507901547952964
440	0.018507901547952964
441	0.018507901547952964
442	0.018507901547952964
443	0.018507901547952964
444	0.018507901547952964
445	0.018507901547952964
446	0.018507901547952964
447	0.01833603502522662
448	0.01833603502522662
449	0.01830274450675379
450	0.01830274450675379
451	0.01830274450675379
452	0.01830274450675379
453	0.01830274450675379
454	0.01830274450675379
455	0.01830274450675379
456	0.01830274450675379
457	0.01830274450675379
458	0.01830274450675379
459	0.01816978040815849
460	0.01816978040815849
461	0.018122005470304913
462	0.018122005470304913
463	0.018122005470304913
464	0.018122005470304913
465	0.018122005470304913
466	0.018122005470304913
467	0.018122005470304913
468	0.018122005470304913
469	0.018122005470304913
470	0.018068458048142666
471	0.017617479852094674
472	0.017617479852094674
473	0.017559796390786846
474	0.017559796390786846
475	0.017559796390786846
476	0.017559796390786846
477	0.01725344050329676
478	0.01725344050329676
479	0.01725344050329676
480	0.01725344050329676
481	0.01725344050329676
482	0.01725344050329676
483	0.017228854787290734
484	0.017228854787290734
485	0.017228854787290734
486	0.017228854787290734
487	0.017228854787290734
488	0.016927411472424755
489	0.016927411472424755
490	0.016927411472424755
491	0.016778788311466626
492	0.016778788311466626
493	0.016778788311466626
494	0.016778788311466626
495	0.01674348974702126
496	0.016673994280812232
497	0.016673994280812232
498	0.016673994280812232
499	0.016673994280812232
500	0.016673994280812232
501	0.016611995616555592
502	0.016611995616555592
503	0.01653396329504481
504	0.016483263137539172
505	0.01647372603423804
506	0.01644524215315875
507	0.016415769011554525
508	0.016405494321289352
509	0.016285160891882314
510	0.01626184949840039
511	0.01620484210854062
512	0.01620484210854062
513	0.01617113344062186
514	0.01617113344062186
515	0.01617113344062186
516	0.01617113344062186
517	0.01617113344062186
518	0.016103983403318495
519	0.016103983403318495
520	0.016103983403318495
521	0.016083703620655827
522	0.016083703620655827
523	0.016083703620655827
524	0.016083703620655827
525	0.016083703620655827
526	0.016083703620655827
527	0.016083703620655827
528	0.01587609676944743
529	0.01587609676944743
530	0.015826239752450583
531	0.015798498373649928
532	0.015798498373649928
533	0.015798498373649928
534	0.015798498373649928
535	0.015798498373649928
536	0.015732581645307258
537	0.015686651725662373
538	0.01560732187528454
539	0.01560732187528454
540	0.015174659127377445
541	0.015138279686160433
542	0.015138279686160433
543	0.015138279686160433
544	0.015138279686160433
545	0.015052364695020698
546	0.015052364695020698
547	0.015052364695020698
548	0.01481849073539528
549	0.01481849073539528
550	0.01481849073539528
551	0.01481849073539528
552	0.01481849073539528
553	0.01481849073539528
554	0.01481849073539528
555	0.01481849073539528
556	0.014776862929127556
557	0.014776862929127556
558	0.014776862929127556
559	0.014776862929127556
560	0.014776862929127556
561	0.014776862929127556
562	0.014776862929127556
563	0.014776862929127556
564	0.014776862929127556
565	0.014776862929127556
566	0.014730285140644919
567	0.014730285140644919
568	0.014730285140644919
569	0.014730285140644919
570	0.014730285140644919
571	0.014730285140644919
572	0.014624413106166651
573	0.014624413106166651
574	0.014624413106166651
575	0.014624413106166651
576	0.014624413106166651
577	0.014624413106166651
578	0.014624413106166651
579	0.014624413106166651
580	0.014624413106166651
581	0.014624413106166651
582	0.014624413106166651
583	0.014624413106166651
584	0.014624413106166651
585	0.014624413106166651
586	0.014624413106166651
587	0.014624413106166651
588	0.014571728578992348
589	0.014529088482670862
590	0.014529088482670862
591	0.014529088482670862
592	0.014529088482670862
593	0.014529088482670862
594	0.014529088482670862
595	0.014529088482670862
596	0.014529088482670862
597	0.014529088482670862
598	0.01442069506097638
599	0.014411457736754963
600	0.014363398312726115
601	0.014363398312726115
602	0.014361892826504527
603	0.014361892826504527
604	0.014361892826504527
605	0.014361892826504527
606	0.014236436852379132
607	0.014224928139640235
608	0.014224928139640235
609	0.014224928139640235
610	0.014224928139640235
611	0.014162029580168713
612	0.014162029580168713
613	0.014162029580168713
614	0.014162029580168713
615	0.014090097423414197
616	0.014090097423414197
617	0.014090097423414197
618	0.014090097423414197
619	0.014090097423414197
620	0.013949665830867547
621	0.013949665830867547
622	0.013949665830867547
623	0.013949665830867547
624	0.013949665830867547
625	0.013949665830867547
626	0.013949665830867547
627	0.013892221879879756
628	0.013892221879879756
629	0.013892221879879756
630	0.013892221879879756
631	0.013892221879879756
632	0.013819577188383248
633	0.013819577188383248
634	0.013819577188383248
635	0.013819577188383248
636	0.013819577188383248
637	0.013819577188383248
638	0.013819577188383248
639	0.013819577188383248
640	0.013819577188383248
641	0.013690223528997415
642	0.013690223528997415
643	0.013690223528997415
644	0.013690223528997415
645	0.013690223528997415
646	0.013690223528997415
647	0.013690223528997415
648	0.013690223528997415
649	0.013690223528997415
650	0.013690223528997415
651	0.013690223528997415
652	0.013690223528997415
653	0.013690223528997415
654	0.013690223528997415
655	0.013685405732624105
656	0.013685405732624105
657	0.013685405732624105
658	0.013685405732624105
659	0.013685405732624105
660	0.01366783310634142
661	0.01366783310634142
662	0.013610718417198351
663	0.013610718417198351
664	0.013573554036154472
665	0.013573554036154472
666	0.013573554036154472
667	0.013493497583390192
668	0.013493497583390192
669	0.013493497583390192
670	0.013426867778040275
671	0.013426867778040275
672	0.013426867778040275
673	0.013426867778040275
674	0.013426867778040275
675	0.013426867778040275
676	0.013426867778040275
677	0.013426867778040275
678	0.013426867778040275
679	0.013426867778040275
680	0.013426867778040275
681	0.013426867778040275
682	0.013327659117309197
683	0.013327659117309197
684	0.013327659117309197
685	0.013275711830974384
686	0.013245226879338372
687	0.013245226879338372
688	0.013245226879338372
689	0.013245226879338372
690	0.013245226879338372
691	0.013245226879338372
692	0.013245226879338372
693	0.013245226879338372
694	0.013180163144701513
695	0.013180163144701513
696	0.013180163144701513
697	0.013180163144701513
698	0.013161491016497212
699	0.013161491016497212
700	0.013161491016497212
701	0.0131586369139375
702	0.0131586369139375
703	0.0131586369139375
704	0.0131586369139375
705	0.0131586369139375
706	0.0131586369139375
707	0.0131586369139375
708	0.0131586369139375
709	0.0131586369139375
710	0.0131586369139375
711	0.0131586369139375
712	0.0131586369139375
713	0.0131586369139375
714	0.013053972833028372
715	0.013053972833028372
716	0.013053972833028372
717	0.013053972833028372
718	0.013053972833028372
719	0.013053972833028372
720	0.013032288385287062
721	0.013032288385287062
722	0.013032288385287062
723	0.013032288385287062
724	0.013003327034337745
725	0.013001126694358019
726	0.013001126694358019
727	0.013001126694358019
728	0.013001126694358019
729	0.013001126694358019
730	0.013001126694358019
731	0.012673548015428363
732	0.012673548015428363
733	0.012673548015428363
734	0.012673548015428363
735	0.012673548015428363
736	0.012673548015428363
737	0.012591195201801096
738	0.012514534163116174
739	0.012514534163116174
740	0.012507594416698237
741	0.012507594416698237
742	0.012507594416698237
743	0.012479106889244725
744	0.012479106889244725
745	0.01228155614129427
746	0.01228155614129427
747	0.01228155614129427
748	0.01228155614129427
749	0.01228155614129427
750	0.01228155614129427
751	0.01228155614129427
752	0.012273644365606186
753	0.012273644365606186
754	0.012174022263725324
755	0.012174022263725324
756	0.012174022263725324
757	0.012174022263725324
758	0.012139388531512614
759	0.012139388531512614
760	0.012139388531512614
761	0.012139388531512614
762	0.012139388531512614
763	0.012139388531512614
764	0.012139388531512614
765	0.012139388531512614
766	0.012139388531512614
767	0.011986425610395458
768	0.011986425610395458
769	0.011986425610395458
770	0.011986425610395458
771	0.011986425610395458
772	0.011912621078204316
773	0.011822337447950384
774	0.011822337447950384
775	0.011822337447950384
776	0.011822337447950384
777	0.011822337447950384
778	0.011822337447950384
779	0.011822337447950384
780	0.011822337447950384
781	0.011684820346898174
782	0.011626338413310093
783	0.011468418444597648
784	0.011468418444597648
785	0.011468418444597648
786	0.011468418444597648
787	0.011468418444597648
788	0.011354503273120622
789	0.011354503273120622
790	0.011354503273120622
791	0.011354503273120622
792	0.011354503273120622
793	0.011354503273120622
794	0.011354503273120622
795	0.011354503273120622
796	0.011354503273120622
797	0.011354503273120622
798	0.011354503273120622
799	0.011354503273120622
800	0.011295980977389977
801	0.011295980977389977
802	0.011215106962625242
803	0.011215106962625242
804	0.011215106962625242
805	0.011215106962625242
806	0.011215106962625242
807	0.011215106962625242
808	0.011215106962625242
809	0.011215106962625242
810	0.011169119203078389
811	0.011169119203078389
812	0.011169119203078389
813	0.011169119203078389
814	0.01116516333752872
815	0.011050028337458738
816	0.011002251955062702
817	0.011002251955062702
818	0.011002251955062702
819	0.011002251955062702
820	0.011002251955062702
821	0.011002251955062702
822	0.011002251955062702
823	0.011002251955062702
824	0.011002251955062702
825	0.011002251955062702
826	0.010920927242931302
827	0.010920927242931302
828	0.010920927242931302
829	0.010920927242931302
830	0.010852026420285424
831	0.010852026420285424
832	0.010852026420285424
833	0.010852026420285424
834	0.010852026420285424
835	0.010852026420285424
836	0.010852026420285424
837	0.010852026420285424
838	0.01083436164268845
839	0.01083436164268845
840	0.01083436164268845
841	0.01083436164268845
842	0.01083436164268845
843	0.01083436164268845
844	0.01083436164268845
845	0.01083436164268845
846	0.01083436164268845
847	0.01083436164268845
848	0.01083436164268845
849	0.01083436164268845
850	0.01083436164268845
851	0.01083436164268845
852	0.01083436164268845
853	0.01083436164268845
854	0.01083436164268845
855	0.01083436164268845
856	0.01083436164268845
857	0.01083436164268845
858	0.01083436164268845
859	0.01083436164268845
860	0.01083436164268845
861	0.01083436164268845
862	0.01083436164268845
863	0.01083436164268845
864	0.01083436164268845
865	0.01083436164268845
866	0.01083436164268845
867	0.01083436164268845
868	0.01083436164268845
869	0.01083436164268845
870	0.01083436164268845
871	0.01083436164268845
872	0.01083436164268845
873	0.01083436164268845
874	0.010816662267086977
875	0.010816662267086977
876	0.010816662267086977
877	0.010816662267086977
878	0.010816662267086977
879	0.010816662267086977
880	0.010816662267086977
881	0.010816662267086977
882	0.010816662267086977
883	0.010816662267086977
884	0.010816662267086977
885	0.010816662267086977
886	0.010816662267086977
887	0.010816662267086977
888	0.010816662267086977
889	0.010816662267086977
890	0.010816662267086977
891	0.010816662267086977
892	0.010816662267086977
893	0.010806244999974854
894	0.010806244999974854
895	0.010806244999974854
896	0.010806244999974854
897	0.010806244999974854
898	0.010757519301436504
899	0.01075271346722259
900	0.01075271346722259
901	0.01075271346722259
902	0.01075271346722259
903	0.010665959924543654
904	0.010665959924543654
905	0.010665959924543654
906	0.010665959924543654
907	0.010665959924543654
908	0.010665959924543654
909	0.010665959924543654
910	0.010665959924543654
911	0.010560017319874942
912	0.010560017319874942
913	0.010560017319874942
914	0.010530686886390936
915	0.010530686886390936
916	0.010530686886390936
917	0.010521471469375833
918	0.010521471469375833
919	0.010494062074252271
920	0.010494062074252271
921	0.010494062074252271
922	0.010494062074252271
923	0.010494062074252271
924	0.010486254339540129
925	0.010486254339540129
926	0.010437080794275065
927	0.010376618889336171
928	0.01037360229322179
929	0.01037360229322179
930	0.01037360229322179
931	0.01037360229322179
932	0.01037360229322179
933	0.01037360229322179
934	0.01037360229322179
935	0.01037360229322179
936	0.01037360229322179
937	0.01037360229322179
938	0.01037360229322179
939	0.01037360229322179
940	0.01037360229322179
941	0.01037360229322179
942	0.01037360229322179
943	0.01037360229322179
944	0.01037360229322179
945	0.01037360229322179
946	0.01037360229322179
947	0.01037360229322179
948	0.01037360229322179
949	0.01037360229322179
950	0.01037360229322179
951	0.010283301621746907
952	0.010283301621746907
953	0.010283301621746907
954	0.01023609469831375
955	0.010199579556611561
956	0.010172092178691925
957	0.010172092178691925
958	0.010172092178691925
959	0.010172092178691925
960	0.010172092178691925
961	0.010172092178691925
962	0.010138213396265243
963	0.010138213396265243
964	0.010138213396265243
965	0.010138213396265243
966	0.010138213396265243
967	0.010138213396265243
968	0.010138213396265243
969	0.010138213396265243
970	0.010138213396265243
971	0.010138213396265243
972	0.010080846243482343
973	0.010080846243482343
974	0.010080846243482343
975	0.010080846243482343
976	0.010080846243482343
977	0.010080846243482343
978	0.010080846243482343
979	0.010080846243482343
980	0.010080846243482343
981	0.010035006353353621
982	0.010035006353353621
983	0.010035006353353621
984	0.009995961089179741
985	0.009995961089179741
986	0.009995961089179741
987	0.009995961089179741
988	0.009995961089179741
989	0.009995961089179741
990	0.009995961089179741
991	0.009859785719736164
992	0.009859785719736164
993	0.009818918004929728
994	0.009818918004929728
995	0.009818918004929728
996	0.009818918004929728
997	0.009818918004929728
998	0.009818918004929728
999	0.009756883235158154
1000	0.009756883235158154
1001	0.009756883235158154
1002	0.009756883235158154
1003	0.009756883235158154
1004	0.009756883235158154
1005	0.009756883235158154
1006	0.009687644714860048
1007	0.009687644714860048
1008	0.009687644714860048
1009	0.009630802678772764
1010	0.009630802678772764
1011	0.009630802678772764
1012	0.009630802678772764
1013	0.009630802678772764
1014	0.009630802678772764
1015	0.009630802678772764
1016	0.009630802678772764
1017	0.009630802678772764
1018	0.009630802678772764
1019	0.009630802678772764
1020	0.009630802678772764
1021	0.009630802678772764
1022	0.009630802678772764
1023	0.009499404395875008
1024	0.009499404395875008
1025	0.009458276025143141
1026	0.009458276025143141
1027	0.009458276025143141
1028	0.009458276025143141
1029	0.009458276025143141
1030	0.009458276025143141
1031	0.009458276025143141
1032	0.009458276025143141
1033	0.009454141846365333
1034	0.009397450595035113
1035	0.009397450595035113
1036	0.009397450595035113
1037	0.009397450595035113
1038	0.009397450595035113
1039	0.009344913210815525
1040	0.009192871075094748
1041	0.009192871075094748
1042	0.009192871075094748
1043	0.00918777674025421
1044	0.00918777674025421
1045	0.00918777674025421
1046	0.00918777674025421
1047	0.00918777674025421
1048	0.00918777674025421
1049	0.009121744831909298
1050	0.009121744831909298
1051	0.009121744831909298
1052	0.009121744831909298
1053	0.009121744831909298
1054	0.00902150457357759
1055	0.00902150457357759
1056	0.00902150457357759
1057	0.00902150457357759
1058	0.008878000904419812
1059	0.008878000904419812
1060	0.008878000904419812
1061	0.008878000904419812
1062	0.008878000904419812
1063	0.008833849226716777
1064	0.008833849226716777
1065	0.008833849226716777
1066	0.008833849226716777
1067	0.008833849226716777
1068	0.008833849226716777
1069	0.008833849226716777
1070	0.008833849226716777
1071	0.008833849226716777
1072	0.008833849226716777
1073	0.008833849226716777
1074	0.008833849226716777
1075	0.008820129013915056
1076	0.008820129013915056
1077	0.008820129013915056
1078	0.008797473293782417
1079	0.008797473293782417
1080	0.008797473293782417
1081	0.008797473293782417
1082	0.008797473293782417
1083	0.008797473293782417
1084	0.008797473293782417
1085	0.008735245442673695
1086	0.008735245442673695
1087	0.008735245442673695
1088	0.008735245442673695
1089	0.008735245442673695
1090	0.008735245442673695
1091	0.008735245442673695
1092	0.008735245442673695
1093	0.008735245442673695
1094	0.008735245442673695
1095	0.008735245442673695
1096	0.008735245442673695
1097	0.008735245442673695
1098	0.008735245442673695
1099	0.008636051654253851
1100	0.008636051654253851
1101	0.008636051654253851
1102	0.008636051654253851
1103	0.008636051654253851
1104	0.008636051654253851
1105	0.008636051654253851
1106	0.008636051654253851
1107	0.008636051654253851
1108	0.008636051654253851
1109	0.008636051654253851
1110	0.008636051654253851
1111	0.008636051654253851
1112	0.008636051654253851
1113	0.008636051654253851
1114	0.008636051654253851
1115	0.008636051654253851
1116	0.008636051654253851
1117	0.008636051654253851
1118	0.008636051654253851
1119	0.008636051654253851
1120	0.008636051654253851
1121	0.008636051654253851
1122	0.008636051654253851
1123	0.008585446256518187
1124	0.008585446256518187
1125	0.008585446256518187
1126	0.008585446256518187
1127	0.008585446256518187
1128	0.008585446256518187
1129	0.008574327318940866
1130	0.008574327318940866
1131	0.008574327318940866
1132	0.008574327318940866
1133	0.008574327318940866
1134	0.008574327318940866
1135	0.008574327318940866
1136	0.008574327318940866
1137	0.008558572080199296
1138	0.008558572080199296
1139	0.008558572080199296
1140	0.008558572080199296
1141	0.008558572080199296
1142	0.008557502535341398
1143	0.00850863278543174
1144	0.00850863278543174
1145	0.00850863278543174
1146	0.00850863278543174
1147	0.00850863278543174
1148	0.00850863278543174
1149	0.00850863278543174
1150	0.008398789511935545
1151	0.008398789511935545
1152	0.008398789511935545
1153	0.008398789511935545
1154	0.008398789511935545
1155	0.008398789511935545
1156	0.008398789511935545
1157	0.008362775509246629
1158	0.008362775509246629
1159	0.008349425361833855
1160	0.008349425361833855
1161	0.008349425361833855
1162	0.008349425361833855
1163	0.008349425361833855
1164	0.008349425361833855
1165	0.008349425361833855
1166	0.008349425361833855
1167	0.008349425361833855
1168	0.008349425361833855
1169	0.008336296150033526
1170	0.008332115427744731
1171	0.008332115427744731
1172	0.008332115427744731
1173	0.008309011052973471
1174	0.008309011052973471
1175	0.008309011052973471
1176	0.008309011052973471
1177	0.008260941935725763
1178	0.008260941935725763
1179	0.008260941935725763
1180	0.008260941935725763
1181	0.008260941935725763
1182	0.008260941935725763
1183	0.008260941935725763
1184	0.008260941935725763
1185	0.008260941935725763
1186	0.008260941935725763
1187	0.008260941935725763
1188	0.008260941935725763
1189	0.008260941935725763
1190	0.008260941935725763
1191	0.008260941935725763
1192	0.008260941935725763
1193	0.008260941935725763
1194	0.008260941935725763
1195	0.008168158253072717
1196	0.008168158253072717
1197	0.008168158253072717
1198	0.008168158253072717
1199	0.00812915112098417
1200	0.00812915112098417
1201	0.00812915112098417
1202	0.00812915112098417
1203	0.00812915112098417
1204	0.008105214780672844
1205	0.008105214780672844
1206	0.008105214780672844
1207	0.00808155923653091
1208	0.00808155923653091
1209	0.008065432971418578
1210	0.008037108983454635
1211	0.007915276189276422
1212	0.007915276189276422
1213	0.007915276189276422
1214	0.007915276189276422
1215	0.007915276189276422
1216	0.007915276189276422
1217	0.007909329099468475
1218	0.007909329099468475
1219	0.007909329099468475
1220	0.007897832873601223
1221	0.007897832873601223
1222	0.007897832873601223
1223	0.007897832873601223
1224	0.007897832873601223
1225	0.007897832873601223
1226	0.007897832873601223
1227	0.007897832873601223
1228	0.007897832873601223
1229	0.007897832873601223
1230	0.007897832873601223
1231	0.007897832873601223
1232	0.007897832873601223
1233	0.007888532181384593
1234	0.007888532181384593
1235	0.007888532181384593
1236	0.007888532181384593
1237	0.007888532181384593
1238	0.007888532181384593
1239	0.007888532181384593
1240	0.007888532181384593
1241	0.007888532181384593
1242	0.007888532181384593
1243	0.007758893173111469
1244	0.007758893173111469
1245	0.007758893173111469
1246	0.007758893173111469
1247	0.007758893173111469
1248	0.007758893173111469
1249	0.007758893173111469
1250	0.007758893173111469
1251	0.007758893173111469
1252	0.007758893173111469
1253	0.007758893173111469
1254	0.007758893173111469
1255	0.007758893173111469
1256	0.007758893173111469
1257	0.007758893173111469
1258	0.007758893173111469
1259	0.007758893173111469
1260	0.007758893173111469
1261	0.007758893173111469
1262	0.007758893173111469
1263	0.007745649046429038
1264	0.007745649046429038
1265	0.007745649046429038
1266	0.007698183445057415
1267	0.007698183445057415
1268	0.007698183445057415
1269	0.007698183445057415
1270	0.007698183445057415
1271	0.007698183445057415
1272	0.007698183445057415
1273	0.007698183445057415
1274	0.007698183445057415
1275	0.007698183445057415
1276	0.007698183445057415
1277	0.007689806577915393
1278	0.007689806577915393
1279	0.007671430147090379
1280	0.007671430147090379
1281	0.007671430147090379
1282	0.007671430147090379
1283	0.007671430147090379
1284	0.007671430147090379
1285	0.007671430147090379
1286	0.007671430147090379
1287	0.007671430147090379
1288	0.007671430147090379
1289	0.007671430147090379
1290	0.007671430147090379
1291	0.007671430147090379
1292	0.007671430147090379
1293	0.007671430147090379
1294	0.007671430147090379
1295	0.007671430147090379
1296	0.007671430147090379
1297	0.007671430147090379
1298	0.007671430147090379
1299	0.007671430147090379
1300	0.007635822714663987
1301	0.007635822714663987
1302	0.007579686626547461
1303	0.007579686626547461
1304	0.007579686626547461
1305	0.007579686626547461
1306	0.007579686626547461
1307	0.007579686626547461
1308	0.007579686626547461
1309	0.007579686626547461
1310	0.007579686626547461
1311	0.007530753084183804
1312	0.007530753084183804
1313	0.007530753084183804
1314	0.007530753084183804
1315	0.007530753084183804
1316	0.007530753084183804
1317	0.007530753084183804
1318	0.007530753084183804
1319	0.007530753084183804
1320	0.007445001791926016
1321	0.007445001791926016
1322	0.007445001791926016
1323	0.007445001791926016
1324	0.007405393571751435
1325	0.007405393571751435
1326	0.007405393571751435
1327	0.007405393571751435
1328	0.007405393571751435
1329	0.007405393571751435
1330	0.007405393571751435
1331	0.007295338303584976
1332	0.007295338303584976
1333	0.007295338303584976
1334	0.007295338303584976
1335	0.007295338303584976
1336	0.007295338303584976
1337	0.007295338303584976
1338	0.007295338303584976
1339	0.007295338303584976
1340	0.007295338303584976
1341	0.007295338303584976
1342	0.007295338303584976
1343	0.007295338303584976
1344	0.007295338303584976
1345	0.007295338303584976
1346	0.007295338303584976
1347	0.007295338303584976
1348	0.007295338303584976
1349	0.007295338303584976
1350	0.007295338303584976
1351	0.007295338303584976
1352	0.007295338303584976
1353	0.007295338303584976
1354	0.007295338303584976
1355	0.007295338303584976
1356	0.007295338303584976
1357	0.007295338303584976
1358	0.007295338303584976
1359	0.007287175210198947
1360	0.007287175210198947
1361	0.007287175210198947
1362	0.007287175210198947
1363	0.007287175210198947
1364	0.007287175210198947
1365	0.007287175210198947
1366	0.007287175210198947
1367	0.007287175210198947
1368	0.007287175210198947
1369	0.007287175210198947
1370	0.007287175210198947
1371	0.007287175210198947
1372	0.007287175210198947
1373	0.007287175210198947
1374	0.007287175210198947
1375	0.007287175210198947
1376	0.007287175210198947
1377	0.007287175210198947
1378	0.007275193028745634
1379	0.007257989963065523
1380	0.007257989963065523
1381	0.007257989963065523
1382	0.007257989963065523
1383	0.007257989963065523
1384	0.007229987839038278
1385	0.007229987839038278
1386	0.007173722270295238
1387	0.007173722270295238
1388	0.007173722270295238
1389	0.007173722270295238
1390	0.007098737172251534
1391	0.0070847184934614855
1392	0.0070847184934614855
1393	0.0070847184934614855
1394	0.0070847184934614855
1395	0.0070847184934614855
1396	0.00708159057653848
1397	0.00708159057653848
1398	0.00708159057653848
1399	0.00708159057653848
1400	0.00708159057653848
1401	0.00708159057653848
1402	0.00708159057653848
1403	0.00708159057653848
1404	0.00708159057653848
1405	0.00708159057653848
1406	0.00708159057653848
1407	0.00708159057653848
1408	0.00708159057653848
1409	0.00708159057653848
1410	0.00708159057653848
1411	0.00708159057653848
1412	0.00708159057653848
1413	0.00708159057653848
1414	0.00708159057653848
1415	0.00708159057653848
1416	0.00708159057653848
1417	0.00708159057653848
1418	0.00708159057653848
1419	0.00708159057653848
1420	0.00708159057653848
1421	0.00708159057653848
1422	0.00708159057653848
1423	0.007014033177926315
1424	0.007014033177926315
1425	0.007014033177926315
1426	0.007014033177926315
1427	0.007014033177926315
1428	0.006988091985171528
1429	0.006973326080043338
1430	0.006973326080043338
1431	0.006973326080043338
1432	0.006973326080043338
1433	0.006973326080043338
1434	0.006973326080043338
1435	0.006973326080043338
1436	0.006973326080043338
1437	0.006969279799352716
1438	0.006969279799352716
1439	0.006969279799352716
1440	0.006969279799352716
1441	0.006969279799352716
1442	0.006969279799352716
1443	0.006969279799352716
1444	0.006969279799352716
1445	0.006969279799352716
1446	0.006969279799352716
1447	0.006969279799352716
1448	0.006969279799352716
1449	0.006969279799352716
1450	0.006969279799352716
1451	0.006969279799352716
1452	0.006969279799352716
1453	0.006969279799352716
1454	0.006969279799352716
1455	0.006969279799352716
1456	0.006969279799352716
1457	0.006969279799352716
1458	0.006969279799352716
1459	0.006969279799352716
1460	0.006969279799352716
1461	0.006969279799352716
1462	0.006968228052082122
1463	0.006968228052082122
1464	0.006968228052082122
1465	0.006968228052082122
1466	0.006968228052082122
1467	0.006968228052082122
1468	0.006968228052082122
1469	0.006968228052082122
1470	0.006968228052082122
1471	0.006968228052082122
1472	0.006968228052082122
1473	0.006968228052082122
1474	0.006968228052082122
1475	0.006968228052082122
1476	0.006968228052082122
1477	0.006968228052082122
1478	0.006968228052082122
1479	0.006968228052082122
1480	0.006968228052082122
1481	0.006968228052082122
1482	0.006968228052082122
1483	0.006968228052082122
1484	0.006968228052082122
1485	0.006968228052082122
1486	0.006954663787541723
1487	0.006954663787541723
1488	0.006954663787541723
1489	0.006954663787541723
1490	0.00690038603094172
1491	0.00690038603094172
1492	0.00690038603094172
1493	0.00690038603094172
1494	0.00690038603094172
1495	0.00690038603094172
1496	0.00690038603094172
1497	0.00690038603094172
1498	0.00690038603094172
1499	0.00690038603094172
1500	0.00690038603094172
1501	0.00690038603094172
1502	0.00690038603094172
1503	0.00690038603094172
1504	0.00690038603094172
1505	0.00690038603094172
1506	0.006885377796644856
1507	0.006885377796644856
1508	0.006815875679122578
1509	0.006800421639224457
1510	0.006800421639224457
1511	0.006800421639224457
1512	0.006800421639224457
1513	0.006800421639224457
1514	0.006800421639224457
1515	0.006800421639224457
1516	0.006800421639224457
1517	0.006800421639224457
1518	0.006800421639224457
1519	0.006800421639224457
1520	0.006800421639224457
1521	0.006800421639224457
1522	0.006800421639224457
1523	0.006800421639224457
1524	0.006753031074732282
1525	0.006753031074732282
1526	0.006753031074732282
1527	0.006753031074732282
1528	0.006753031074732282
1529	0.006753031074732282
1530	0.006753031074732282
1531	0.006753031074732282
1532	0.006753031074732282
1533	0.006753031074732282
1534	0.006753031074732282
1535	0.006753031074732282
1536	0.006753031074732282
1537	0.006753031074732282
1538	0.006753031074732282
1539	0.006753031074732282
1540	0.006753031074732282
1541	0.006753031074732282
1542	0.006753031074732282
1543	0.006666139132105579
1544	0.006666139132105579
1545	0.006666139132105579
1546	0.006565750330929356
1547	0.006565750330929356
1548	0.006561958575842799
1549	0.006475714187077029
1550	0.006475714187077029
1551	0.006475714187077029
1552	0.006475714187077029
1553	0.006475714187077029
1554	0.006475714187077029
1555	0.006475714187077029
1556	0.006475714187077029
1557	0.006475714187077029
1558	0.00643329831577724
1559	0.00643329831577724
1560	0.00643329831577724
1561	0.00643329831577724
1562	0.00643329831577724
1563	0.00643329831577724
1564	0.00643329831577724
1565	0.00643329831577724
1566	0.00643329831577724
1567	0.00643329831577724
1568	0.00643329831577724
1569	0.00643329831577724
1570	0.00643329831577724
1571	0.00643329831577724
1572	0.00643329831577724
1573	0.00643329831577724
1574	0.00643329831577724
1575	0.00643329831577724
1576	0.00643329831577724
1577	0.00643329831577724
1578	0.00643329831577724
1579	0.006372628818735724
1580	0.006349230363239254
1581	0.006349230363239254
1582	0.006349230363239254
1583	0.006197611712220455
1584	0.006197611712220455
1585	0.006197611712220455
1586	0.006197611712220455
1587	0.006197611712220455
1588	0.006151352788594401
1589	0.006151352788594401
1590	0.006151352788594401
1591	0.006151352788594401
1592	0.006151352788594401
1593	0.006151352788594401
1594	0.006144082615249264
1595	0.006144082615249264
1596	0.006144082615249264
1597	0.006144082615249264
1598	0.006144082615249264
1599	0.006144082615249264
1600	0.006144082615249264
1601	0.006144082615249264
1602	0.006144082615249264
1603	0.006144082615249264
1604	0.006144082615249264
1605	0.006144082615249264
1606	0.006144082615249264
1607	0.006144082615249264
1608	0.006144082615249264
1609	0.006144082615249264
1610	0.006144082615249264
1611	0.006144082615249264
1612	0.006144082615249264
1613	0.006123005988890473
1614	0.006123005988890473
1615	0.006123005988890473
1616	0.006123005988890473
1617	0.006123005988890473
1618	0.006123005988890473
1619	0.006123005988890473
1620	0.006123005988890473
1621	0.006123005988890473
1622	0.006123005988890473
1623	0.006123005988890473
1624	0.006123005988890473
1625	0.006123005988890473
1626	0.006123005988890473
1627	0.006123005988890473
1628	0.006123005988890473
1629	0.006123005988890473
1630	0.006118458089828559
1631	0.006118458089828559
1632	0.006118458089828559
1633	0.00600016627956965
1634	0.00600016627956965
1635	0.00600016627956965
1636	0.00600016627956965
1637	0.00600016627956965
1638	0.00600016627956965
1639	0.00600016627956965
1640	0.00600016627956965
1641	0.00600016627956965
1642	0.00600016627956965
1643	0.00600016627956965
1644	0.00600016627956965
1645	0.00600016627956965
1646	0.00600016627956965
1647	0.00600016627956965
1648	0.00600016627956965
1649	0.005988679126399863
1650	0.005988679126399863
1651	0.005988679126399863
1652	0.005988679126399863
1653	0.005988679126399863
1654	0.005988679126399863
1655	0.005988679126399863
1656	0.005988679126399863
1657	0.005974355484678019
1658	0.005974355484678019
1659	0.005974355484678019
1660	0.005974355484678019
1661	0.005974355484678019
1662	0.005974355484678019
1663	0.005974355484678019
1664	0.005974355484678019
1665	0.005974355484678019
1666	0.005974355484678019
1667	0.005974355484678019
1668	0.005974355484678019
1669	0.005974355484678019
1670	0.005974355484678019
1671	0.005969875199690299
1672	0.005969875199690299
1673	0.005969875199690299
1674	0.005969875199690299
1675	0.005969875199690299
1676	0.005969875199690299
1677	0.005969875199690299
1678	0.005969875199690299
1679	0.005969875199690299
1680	0.005969875199690299
1681	0.005969875199690299
1682	0.005969875199690299
1683	0.005969875199690299
1684	0.005969875199690299
1685	0.005969875199690299
1686	0.005969875199690299
1687	0.005969875199690299
1688	0.005969875199690299
1689	0.005969875199690299
1690	0.005969875199690299
1691	0.005969875199690299
1692	0.005969875199690299
1693	0.005969875199690299
1694	0.005969875199690299
1695	0.005969875199690299
1696	0.005969875199690299
1697	0.0059547769594864245
1698	0.0059547769594864245
1699	0.0059547769594864245
1700	0.0059547769594864245
1701	0.0059547769594864245
1702	0.0059547769594864245
1703	0.0059547769594864245
1704	0.0059547769594864245
1705	0.0059547769594864245
1706	0.0059547769594864245
1707	0.0059547769594864245
1708	0.0059547769594864245
1709	0.0059547769594864245
1710	0.0059547769594864245
1711	0.0059547769594864245
1712	0.0059547769594864245
1713	0.0059341782439658285
1714	0.005890871699785273
1715	0.005890871699785273
1716	0.005890871699785273
1717	0.005890871699785273
1718	0.005890871699785273
1719	0.005867670081272327
1720	0.005867670081272327
1721	0.005867670081272327
1722	0.005867670081272327
1723	0.005867670081272327
1724	0.005867670081272327
1725	0.005867670081272327
1726	0.005867670081272327
1727	0.005867670081272327
1728	0.005867670081272327
1729	0.005867670081272327
1730	0.005867670081272327
1731	0.005867670081272327
1732	0.005867670081272327
1733	0.0058003538036781425
1734	0.0058003538036781425
1735	0.0058003538036781425
1736	0.005774834714570983
1737	0.005669615485566013
1738	0.005669615485566013
1739	0.005669615485566013
1740	0.005669615485566013
1741	0.005669615485566013
1742	0.005669615485566013
1743	0.005669615485566013
1744	0.005669615485566013
1745	0.005669615485566013
1746	0.005669615485566013
1747	0.005669615485566013
1748	0.005669615485566013
1749	0.0056465704603113785
1750	0.0056465704603113785
1751	0.0056465704603113785
1752	0.0056465704603113785
1753	0.0056465704603113785
1754	0.005622232907940555
1755	0.005622232907940555
1756	0.005622232907940555
1757	0.005622232907940555
1758	0.005474142546010022
1759	0.005474142546010022
1760	0.005474142546010022
1761	0.005474142546010022
1762	0.005474142546010022
1763	0.005474142546010022
1764	0.005474142546010022
1765	0.005474142546010022
1766	0.005474142546010022
1767	0.005474142546010022
1768	0.005474142546010022
1769	0.005474142546010022
1770	0.005474142546010022
1771	0.005474142546010022
1772	0.00542925222114694
1773	0.00542925222114694
1774	0.00542925222114694
1775	0.00542925222114694
1776	0.00542925222114694
1777	0.00542925222114694
1778	0.00542925222114694
1779	0.0054177838276923684
1780	0.0054177838276923684
1781	0.0054177838276923684
1782	0.0054177838276923684
1783	0.0054177838276923684
1784	0.0054177838276923684
1785	0.0054177838276923684
1786	0.0054177838276923684
1787	0.0054177838276923684
1788	0.0054177838276923684
1789	0.0054177838276923684
1790	0.0054177838276923684
1791	0.0054177838276923684
1792	0.0054177838276923684
1793	0.0054177838276923684
1794	0.0054177838276923684
1795	0.0054177838276923684
1796	0.0054177838276923684
1797	0.0054177838276923684
1798	0.0054177838276923684
1799	0.0054177838276923684
1800	0.0054177838276923684
1801	0.0054177838276923684
1802	0.0054177838276923684
1803	0.0054177838276923684
1804	0.0054177838276923684
1805	0.0054177838276923684
1806	0.0054177838276923684
1807	0.0054177838276923684
1808	0.005414758265639653
1809	0.005414758265639653
1810	0.005414758265639653
1811	0.005414758265639653
1812	0.0054108768115340355
1813	0.0054108768115340355
1814	0.0054108768115340355
1815	0.0054108768115340355
1816	0.0054108768115340355
1817	0.0054108768115340355
1818	0.0054108768115340355
1819	0.0054108768115340355
1820	0.0054108768115340355
1821	0.0054108768115340355
1822	0.0054108768115340355
1823	0.0053804185229744846
1824	0.0053804185229744846
1825	0.005375556967313064
1826	0.005375556967313064
1827	0.0053450953888546605
1828	0.0053450953888546605
1829	0.0053450953888546605
1830	0.0053450953888546605
1831	0.0053450953888546605
1832	0.0053450953888546605
1833	0.0053450953888546605
1834	0.0053450953888546605
1835	0.0053450953888546605
1836	0.0053450953888546605
1837	0.0053450953888546605
1838	0.0053450953888546605
1839	0.0053450953888546605
1840	0.0053450953888546605
1841	0.0053450953888546605
1842	0.0053450953888546605
1843	0.0053450953888546605
1844	0.0053450953888546605
1845	0.0053450953888546605
1846	0.0053450953888546605
1847	0.0053450953888546605
1848	0.0053450953888546605
1849	0.0053450953888546605
1850	0.0053450953888546605
1851	0.0053450953888546605
1852	0.0053450953888546605
1853	0.005275565006402269
1854	0.005275565006402269
1855	0.005275565006402269
1856	0.005275565006402269
1857	0.005275565006402269
1858	0.0052625277002432405
1859	0.0052625277002432405
1860	0.0052625277002432405
1861	0.0052625277002432405
1862	0.0052625277002432405
1863	0.0052625277002432405
1864	0.0052625277002432405
1865	0.0052625277002432405
1866	0.0052625277002432405
1867	0.0052625277002432405
1868	0.0052625277002432405
1869	0.0052625277002432405
1870	0.0052625277002432405
1871	0.0052625277002432405
1872	0.0052625277002432405
1873	0.0052625277002432405
1874	0.0052625277002432405
1875	0.0052625277002432405
1876	0.0052625277002432405
1877	0.0052625277002432405
1878	0.0052625277002432405
1879	0.0052625277002432405
1880	0.0052625277002432405
1881	0.0052625277002432405
1882	0.0052625277002432405
1883	0.0052625277002432405
1884	0.0052625277002432405
1885	0.0052625277002432405
1886	0.0052625277002432405
1887	0.0052625277002432405
1888	0.0052625277002432405
1889	0.0052625277002432405
1890	0.0052625277002432405
1891	0.0052625277002432405
1892	0.0052625277002432405
1893	0.0052625277002432405
1894	0.0052625277002432405
1895	0.0052625277002432405
1896	0.005255748726208146
1897	0.005255286041644027
1898	0.005255286041644027
1899	0.005255286041644027
1900	0.005255286041644027
1901	0.005255286041644027
1902	0.005255286041644027
1903	0.005255286041644027
1904	0.005255286041644027
1905	0.005255286041644027
1906	0.005255286041644027
1907	0.005246383137372784
1908	0.005244283257050198
1909	0.005244283257050198
1910	0.005244283257050198
1911	0.005244283257050198
1912	0.005244283257050198
1913	0.005244283257050198
1914	0.005244283257050198
1915	0.005244283257050198
1916	0.005244283257050198
1917	0.005244283257050198
1918	0.005244283257050198
1919	0.005244283257050198
1920	0.005244283257050198
1921	0.005244283257050198
1922	0.005244283257050198
1923	0.005244283257050198
1924	0.005244283257050198
1925	0.005244283257050198
1926	0.005244283257050198
1927	0.005244283257050198
1928	0.005244283257050198
1929	0.005244283257050198
1930	0.005244283257050198
1931	0.005244283257050198
1932	0.005244283257050198
1933	0.005223335398955222
1934	0.005223335398955222
1935	0.005223335398955222
1936	0.005223335398955222
1937	0.005223335398955222
1938	0.005223335398955222
1939	0.005223335398955222
1940	0.005223335398955222
1941	0.005223335398955222
1942	0.005223335398955222
1943	0.005223335398955222
1944	0.005223335398955222
1945	0.005223335398955222
1946	0.005223335398955222
1947	0.005223335398955222
1948	0.005223335398955222
1949	0.005223335398955222
1950	0.005223335398955222
1951	0.005223335398955222
1952	0.005223335398955222
1953	0.005223335398955222
1954	0.0051687312452685435
1955	0.0051687312452685435
1956	0.0051687312452685435
1957	0.0051687312452685435
1958	0.0051687312452685435
1959	0.0051687312452685435
1960	0.0051687312452685435
1961	0.0051687312452685435
1962	0.0051687312452685435
1963	0.0051687312452685435
1964	0.0051687312452685435
1965	0.0051687312452685435
1966	0.0051687312452685435
1967	0.005164915934047752
1968	0.005164915934047752
1969	0.005164915934047752
1970	0.005164915934047752
1971	0.005164915934047752
1972	0.005164915934047752
1973	0.005164915934047752
1974	0.005164915934047752
1975	0.005164915934047752
1976	0.005164915934047752
1977	0.005164915934047752
1978	0.005164915934047752
1979	0.005164915934047752
1980	0.005164915934047752
1981	0.005164915934047752
1982	0.005164915934047752
1983	0.005164915934047752
1984	0.005121635537715566
1985	0.005121635537715566
1986	0.005121635537715566
1987	0.005120232304940754
1988	0.005120232304940754
1989	0.005120232304940754
1990	0.005120232304940754
1991	0.005120232304940754
1992	0.005120232304940754
1993	0.005120232304940754
1994	0.005120232304940754
1995	0.005120232304940754
1996	0.005120232304940754
1997	0.005120232304940754
1998	0.005120232304940754
1999	0.005120232304940754
2000	0.005120232304940754
2001	0.005120232304940754
2002	0.005120232304940754
2003	0.005120232304940754
2004	0.005120232304940754
2005	0.005120232304940754
2006	0.005120232304940754
2007	0.005120232304940754
2008	0.005082460917287119
2009	0.005082460917287119
2010	0.005082460917287119
2011	0.005082460917287119
2012	0.005082460917287119
2013	0.005082460917287119
2014	0.005082460917287119
2015	0.005080227869453081
2016	0.005080227869453081
2017	0.005080227869453081
2018	0.005080227869453081
2019	0.005080227869453081
2020	0.005080227869453081
2021	0.005080227869453081
2022	0.005080227869453081
2023	0.005080227869453081
2024	0.005080227869453081
2025	0.005080227869453081
2026	0.005080227869453081
2027	0.005080227869453081
2028	0.005080227869453081
2029	0.005080227869453081
2030	0.005080227869453081
2031	0.005080227869453081
2032	0.005080227869453081
2033	0.005080227869453081
2034	0.005080227869453081
2035	0.005080227869453081
2036	0.005080227869453081
2037	0.005080227869453081
2038	0.005080227869453081
2039	0.005080227869453081
2040	0.005080227869453081
2041	0.005080227869453081
2042	0.005080227869453081
2043	0.005080227869453081
2044	0.005080227869453081
2045	0.005080227869453081
2046	0.005080227869453081
2047	0.005080227869453081
2048	0.005080227869453081
2049	0.005080227869453081
2050	0.005080227869453081
2051	0.005080227869453081
2052	0.005073368902827813
2053	0.005073368902827813
2054	0.005073368902827813
2055	0.005073368902827813
2056	0.005073368902827813
2057	0.005054517560617646
2058	0.005054517560617646
2059	0.005054517560617646
2060	0.0050430655459522584
2061	0.0050430655459522584
2062	0.0050430655459522584
2063	0.0050430655459522584
2064	0.0050156729573000375
2065	0.0050156729573000375
2066	0.0050156729573000375
2067	0.0050156729573000375
2068	0.00500998727953015
2069	0.00500998727953015
2070	0.00500998727953015
2071	0.00500998727953015
2072	0.00500998727953015
2073	0.00500998727953015
2074	0.00500998727953015
2075	0.00500998727953015
2076	0.00500998727953015
2077	0.00500998727953015
2078	0.00500998727953015
2079	0.00500998727953015
2080	0.00500998727953015
2081	0.00500998727953015
2082	0.00500998727953015
2083	0.00500998727953015
2084	0.00500998727953015
2085	0.00500998727953015
2086	0.00500998727953015
2087	0.00500998727953015
2088	0.00500998727953015
2089	0.00500998727953015
2090	0.00500998727953015
2091	0.00500998727953015
2092	0.00500998727953015
2093	0.00500998727953015
2094	0.00500998727953015
2095	0.00500998727953015
2096	0.00500998727953015
2097	0.00500998727953015
2098	0.00500998727953015
2099	0.00500998727953015
2100	0.00500998727953015
2101	0.00500998727953015
2102	0.00500998727953015
2103	0.00500998727953015
2104	0.00500998727953015
2105	0.00500998727953015
2106	0.00500998727953015
2107	0.005005677369815962
2108	0.005005677369815962
2109	0.005005677369815962
2110	0.005005677369815962
2111	0.005005677369815962
2112	0.005005677369815962
2113	0.005005677369815962
2114	0.005005677369815962
2115	0.005005677369815962
2116	0.005005677369815962
2117	0.005005677369815962
2118	0.005005677369815962
2119	0.005005677369815962
2120	0.005005677369815962
2121	0.005005677369815962
2122	0.005005677369815962
2123	0.005005677369815962
2124	0.005005677369815962
2125	0.005005677369815962
2126	0.005005677369815962
2127	0.005005677369815962
2128	0.005005677369815962
2129	0.005005677369815962
2130	0.005005677369815962
2131	0.005005677369815962
2132	0.005005677369815962
2133	0.005005677369815962
2134	0.005005677369815962
2135	0.005005677369815962
2136	0.005005677369815962
2137	0.005005677369815962
2138	0.005005677369815962
2139	0.004993217321431651
2140	0.004948794251198475
2141	0.004948794251198475
2142	0.004948794251198475
2143	0.004948794251198475
2144	0.004948794251198475
2145	0.004948794251198475
2146	0.004948794251198475
2147	0.004948794251198475
2148	0.004948794251198475
2149	0.004948794251198475
2150	0.004948794251198475
2151	0.004948794251198475
2152	0.004948794251198475
2153	0.004948794251198475
2154	0.004948794251198475
2155	0.004948794251198475
2156	0.004948794251198475
2157	0.004948794251198475
2158	0.004948794251198475
2159	0.004948794251198475
2160	0.004948794251198475
2161	0.004948794251198475
2162	0.004948794251198475
2163	0.004948794251198475
2164	0.004948794251198475
2165	0.004948794251198475
2166	0.004948794251198475
2167	0.004948794251198475
2168	0.004948794251198475
2169	0.004948794251198475
2170	0.0049205851582098635
2171	0.0049205851582098635
2172	0.0049205851582098635
2173	0.004910425384443719
2174	0.004910425384443719
2175	0.004910425384443719
2176	0.004910425384443719
2177	0.004910425384443719
2178	0.004910425384443719
2179	0.004910425384443719
2180	0.004910425384443719
2181	0.004910425384443719
2182	0.004910425384443719
2183	0.004910425384443719
2184	0.004910425384443719
2185	0.004910425384443719
2186	0.004910425384443719
2187	0.004910425384443719
2188	0.004910425384443719
2189	0.004910425384443719
2190	0.004910425384443719
2191	0.004910425384443719
2192	0.004910425384443719
2193	0.0048999164583473686
2194	0.0048999164583473686
2195	0.0048999164583473686
2196	0.0048999164583473686
2197	0.0048999164583473686
2198	0.004891726900293072
2199	0.004884792841016691
2200	0.004884792841016691
2201	0.004884792841016691
2202	0.004884792841016691
2203	0.004884792841016691
2204	0.004884792841016691
2205	0.004884792841016691
2206	0.004884792841016691
2207	0.004876021387100229
2208	0.004876021387100229
2209	0.004865254773685867
2210	0.004865254773685867
2211	0.004865254773685867
2212	0.004865254773685867
2213	0.004850728230224043
2214	0.004850728230224043
2215	0.004850728230224043
2216	0.004850728230224043
2217	0.004850728230224043
2218	0.004850728230224043
2219	0.004850728230224043
2220	0.004850728230224043
2221	0.004850728230224043
2222	0.004850728230224043
2223	0.004850728230224043
2224	0.004850728230224043
2225	0.004850728230224043
2226	0.004850728230224043
2227	0.004850728230224043
2228	0.004850728230224043
2229	0.004850728230224043
2230	0.004850728230224043
2231	0.004850728230224043
2232	0.004850728230224043
2233	0.004850728230224043
2234	0.004850728230224043
2235	0.004850728230224043
2236	0.004850728230224043
2237	0.004850728230224043
2238	0.004850728230224043
2239	0.004850728230224043
2240	0.004850728230224043
2241	0.004850728230224043
2242	0.004850728230224043
2243	0.004850728230224043
2244	0.004850728230224043
2245	0.004829929938799581
2246	0.004829929938799581
2247	0.004829929938799581
2248	0.004829929938799581
2249	0.004829929938799581
2250	0.004829929938799581
2251	0.0047848959483697655
2252	0.0047848959483697655
2253	0.0047848959483697655
2254	0.0047848959483697655
2255	0.0047848959483697655
2256	0.0047848959483697655
2257	0.0047848959483697655
2258	0.0047848959483697655
2259	0.0047848959483697655
2260	0.0047848959483697655
2261	0.0047848959483697655
2262	0.0047848959483697655
2263	0.0047848959483697655
2264	0.0047848959483697655
2265	0.004759126660967717
2266	0.004759126660967717
2267	0.004759126660967717
2268	0.004742041440812929
2269	0.0047386319805343725
2270	0.0047386319805343725
2271	0.0047386319805343725
2272	0.0047386319805343725
2273	0.0047386319805343725
2274	0.0047386319805343725
2275	0.0047386319805343725
2276	0.0047386319805343725
2277	0.0047386319805343725
2278	0.0047386319805343725
2279	0.0047386319805343725
2280	0.0047386319805343725
2281	0.0047386319805343725
2282	0.0047386319805343725
2283	0.0047386319805343725
2284	0.0047140175484724125
2285	0.0047140175484724125
2286	0.0047140175484724125
2287	0.0047140175484724125
2288	0.0047140175484724125
2289	0.0047140175484724125
2290	0.0047140175484724125
2291	0.004713526495371231
2292	0.004713526495371231
2293	0.004713526495371231
2294	0.004713526495371231
2295	0.004694582328471262
2296	0.004694582328471262
2297	0.004694582328471262
2298	0.004694582328471262
2299	0.004694582328471262
2300	0.004682436975074917
2301	0.004682436975074917
2302	0.004682436975074917
2303	0.004682436975074917
2304	0.004682436975074917
2305	0.004665424698608726
2306	0.004665424698608726
2307	0.004665424698608726
2308	0.004665424698608726
2309	0.004665424698608726
2310	0.004665424698608726
2311	0.004665424698608726
2312	0.004665424698608726
2313	0.004665424698608726
2314	0.004665424698608726
2315	0.004665424698608726
2316	0.004665424698608726
2317	0.004665424698608726
2318	0.004665424698608726
2319	0.004665424698608726
2320	0.004665424698608726
2321	0.004665424698608726
2322	0.004665424698608726
2323	0.004665424698608726
2324	0.004665424698608726
2325	0.004593847989970585
2326	0.004593847989970585
2327	0.004593847989970585
2328	0.004593847989970585
2329	0.004593847989970585
2330	0.004593847989970585
2331	0.004593847989970585
2332	0.004593847989970585
2333	0.004593847989970585
2334	0.004593847989970585
2335	0.004593847989970585
2336	0.004593847989970585
2337	0.004593847989970585
2338	0.004556153601483847
2339	0.004556153601483847
2340	0.004556153601483847
2341	0.004556153601483847
2342	0.004556153601483847
2343	0.004553341408249926
2344	0.004553341408249926
2345	0.004553341408249926
2346	0.004553341408249926
2347	0.004541789328157902
2348	0.004541789328157902
2349	0.004541789328157902
2350	0.004541789328157902
2351	0.004541789328157902
2352	0.004532975238342011
2353	0.004532975238342011
2354	0.004532975238342011
2355	0.004532975238342011
2356	0.004532975238342011
2357	0.004532975238342011
2358	0.004532975238342011
2359	0.004532975238342011
2360	0.004532975238342011
2361	0.004532975238342011
2362	0.004532975238342011
2363	0.004532975238342011
2364	0.004532975238342011
2365	0.004532975238342011
2366	0.004532975238342011
2367	0.004518882800892554
2368	0.004518882800892554
2369	0.004490844099548349
2370	0.004490844099548349
2371	0.004404124832702719
2372	0.004404124832702719
2373	0.004404124832702719
2374	0.004404124832702719
2375	0.004351879052705144
2376	0.004351879052705144
2377	0.004351879052705144
2378	0.004351879052705144
2379	0.004351879052705144
2380	0.004332391677167858
2381	0.004332391677167858
2382	0.004332391677167858
2383	0.004332391677167858
2384	0.004332391677167858
2385	0.0043193185137694835
2386	0.0043193185137694835
2387	0.0043193185137694835
2388	0.0043193185137694835
2389	0.0043193185137694835
2390	0.0043193185137694835
2391	0.00427426645309082
2392	0.00427426645309082
2393	0.00427426645309082
2394	0.00427426645309082
2395	0.00427426645309082
2396	0.00427426645309082
2397	0.00427426645309082
2398	0.00427426645309082
2399	0.00427426645309082
2400	0.004232537249714463
2401	0.004232537249714463
2402	0.004232537249714463
2403	0.004232537249714463
2404	0.004232537249714463
2405	0.004232537249714463
2406	0.004232537249714463
2407	0.004232537249714463
2408	0.004232537249714463
2409	0.004232537249714463
2410	0.004232537249714463
2411	0.004232537249714463
2412	0.004232537249714463
2413	0.004232537249714463
2414	0.004232537249714463
2415	0.004232537249714463
2416	0.004232537249714463
2417	0.004232537249714463
2418	0.004232537249714463
2419	0.004232537249714463
2420	0.004232537249714463
2421	0.004232537249714463
2422	0.004232537249714463
2423	0.004232537249714463
2424	0.004232537249714463
2425	0.004232537249714463
2426	0.004232537249714463
2427	0.004232537249714463
2428	0.004232537249714463
2429	0.004232537249714463
2430	0.004232537249714463
2431	0.004232537249714463
2432	0.004232537249714463
2433	0.004232537249714463
2434	0.004232537249714463
2435	0.004232537249714463
2436	0.004232537249714463
2437	0.004232537249714463
2438	0.004232537249714463
2439	0.004232537249714463
2440	0.004232537249714463
2441	0.004232537249714463
2442	0.004203350235024735
2443	0.004203350235024735
2444	0.004203350235024735
2445	0.004203350235024735
2446	0.004203350235024735
2447	0.004203350235024735
2448	0.004186878829406397
2449	0.004186878829406397
2450	0.004186878829406397
2451	0.004178882498083311
2452	0.004178882498083311
2453	0.004178882498083311
2454	0.004178882498083311
2455	0.004178882498083311
2456	0.004178882498083311
2457	0.004178882498083311
2458	0.004178882498083311
2459	0.004178882498083311
2460	0.004178882498083311
2461	0.004178882498083311
2462	0.004178882498083311
2463	0.004178882498083311
2464	0.004178882498083311
2465	0.004178882498083311
2466	0.004178882498083311
2467	0.004178882498083311
2468	0.004178882498083311
2469	0.004178882498083311
2470	0.004178882498083311
2471	0.004178882498083311
2472	0.004178882498083311
2473	0.004178882498083311
2474	0.004178882498083311
2475	0.004178882498083311
2476	0.004178882498083311
2477	0.004178882498083311
2478	0.004178882498083311
2479	0.004178882498083311
2480	0.004178882498083311
2481	0.004178882498083311
2482	0.004173812674951189
2483	0.004173812674951189
2484	0.004173812674951189
2485	0.004173812674951189
2486	0.004173812674951189
2487	0.004173812674951189
2488	0.004173812674951189
2489	0.004173812674951189
2490	0.004173812674951189
2491	0.004173812674951189
2492	0.004173812674951189
2493	0.004173812674951189
2494	0.004173812674951189
2495	0.004173812674951189
2496	0.004173812674951189
2497	0.004173812674951189
2498	0.004173812674951189
2499	0.004173812674951189
2500	0.004173812674951189
2501	0.004173812674951189
2502	0.004173812674951189
2503	0.004173812674951189
2504	0.004157192090964703
2505	0.004157192090964703
2506	0.004157192090964703
2507	0.004157192090964703
2508	0.004157192090964703
2509	0.004157192090964703
2510	0.004157192090964703
2511	0.004157192090964703
2512	0.004157192090964703
2513	0.004157192090964703
2514	0.004157192090964703
2515	0.004157192090964703
2516	0.004157192090964703
2517	0.004157192090964703
2518	0.004157192090964703
2519	0.004157192090964703
2520	0.004157192090964703
2521	0.004157192090964703
2522	0.004157192090964703
2523	0.004157192090964703
2524	0.004157192090964703
2525	0.004157192090964703
2526	0.004157192090964703
2527	0.004157192090964703
2528	0.004157192090964703
2529	0.004157192090964703
2530	0.004157192090964703
2531	0.004157192090964703
2532	0.004157192090964703
2533	0.004157192090964703
2534	0.004157192090964703
2535	0.004157192090964703
2536	0.004157192090964703
2537	0.004157192090964703
2538	0.004157192090964703
2539	0.004157192090964703
2540	0.004157192090964703
2541	0.004157192090964703
2542	0.004157192090964703
2543	0.004148607685430707
2544	0.004148607685430707
2545	0.004148607685430707
2546	0.004148607685430707
2547	0.004148607685430707
2548	0.004148607685430707
2549	0.004148607685430707
2550	0.004148607685430707
2551	0.004148607685430707
2552	0.004148607685430707
2553	0.004148607685430707
2554	0.004148607685430707
2555	0.004148607685430707
2556	0.004148607685430707
2557	0.004119137780590665
2558	0.004119137780590665
2559	0.004119137780590665
2560	0.004119137780590665
2561	0.004106345773497808
2562	0.004106345773497808
2563	0.004106345773497808
2564	0.004106345773497808
2565	0.004106345773497808
2566	0.004106345773497808
2567	0.004106345773497808
2568	0.004106345773497808
2569	0.004106345773497808
2570	0.004106345773497808
2571	0.004106345773497808
2572	0.004096631233230291
2573	0.004096631233230291
2574	0.004096631233230291
2575	0.004096631233230291
2576	0.004096631233230291
2577	0.004096631233230291
2578	0.004096631233230291
2579	0.004096631233230291
2580	0.004096631233230291
2581	0.004096631233230291
2582	0.004096631233230291
2583	0.004096631233230291
2584	0.004096631233230291
2585	0.004096631233230291
2586	0.004096631233230291
2587	0.004096631233230291
2588	0.004096631233230291
2589	0.004096631233230291
2590	0.004096631233230291
2591	0.004096631233230291
2592	0.004096631233230291
2593	0.004096631233230291
2594	0.004096631233230291
2595	0.004096631233230291
2596	0.004092502649026266
2597	0.004092502649026266
2598	0.004092502649026266
2599	0.004092502649026266
2600	0.004092502649026266
2601	0.004092502649026266
2602	0.004092502649026266
2603	0.004092502649026266
2604	0.004092502649026266
2605	0.004092502649026266
2606	0.004092502649026266
2607	0.004092502649026266
2608	0.004092502649026266
2609	0.004092502649026266
2610	0.004092502649026266
2611	0.004092502649026266
2612	0.004092502649026266
2613	0.004092502649026266
2614	0.004092502649026266
2615	0.004092502649026266
2616	0.004092502649026266
2617	0.004092502649026266
2618	0.004092502649026266
2619	0.004092502649026266
2620	0.004092502649026266
2621	0.004092502649026266
2622	0.004092502649026266
2623	0.004092502649026266
2624	0.004092502649026266
2625	0.004092502649026266
2626	0.004092502649026266
2627	0.004092502649026266
2628	0.004092502649026266
2629	0.004092502649026266
2630	0.004092502649026266
2631	0.004092502649026266
2632	0.004092502649026266
2633	0.004092502649026266
2634	0.004092502649026266
2635	0.004092502649026266
2636	0.004092502649026266
2637	0.004092502649026266
2638	0.004092502649026266
2639	0.004092502649026266
2640	0.004092502649026266
2641	0.004092502649026266
2642	0.004092502649026266
2643	0.004092502649026266
2644	0.004092502649026266
2645	0.004092502649026266
2646	0.004092502649026266
2647	0.004092502649026266
2648	0.004092502649026266
2649	0.004092502649026266
2650	0.004092502649026266
2651	0.004092502649026266
2652	0.004092502649026266
2653	0.004092502649026266
2654	0.004092502649026266
2655	0.004080999921625824
2656	0.004031244350282895
2657	0.004031244350282895
2658	0.004031244350282895
2659	0.004031244350282895
2660	0.004024681529266694
2661	0.004024681529266694
2662	0.004024681529266694
2663	0.004024681529266694
2664	0.004024681529266694
2665	0.004024681529266694
2666	0.004024681529266694
2667	0.004024681529266694
2668	0.004024681529266694
2669	0.003974480864192837
2670	0.003974480864192837
2671	0.003974480864192837
2672	0.003974480864192837
2673	0.003974480864192837
2674	0.003974480864192837
2675	0.003974480864192837
2676	0.003974480864192837
2677	0.003974480864192837
2678	0.003974480864192837
2679	0.003974480864192837
2680	0.003974480864192837
2681	0.003974480864192837
2682	0.003974480864192837
2683	0.003966486640803916
2684	0.003966486640803916
2685	0.003966486640803916
2686	0.003966486640803916
2687	0.003966486640803916
2688	0.003966486640803916
2689	0.003966486640803916
2690	0.003966486640803916
2691	0.003966486640803916
2692	0.003966486640803916
2693	0.003966486640803916
2694	0.003966486640803916
2695	0.003966486640803916
2696	0.003966486640803916
2697	0.003966486640803916
2698	0.003966486640803916
2699	0.003966486640803916
2700	0.003966486640803916
2701	0.003966486640803916
2702	0.003966486640803916
2703	0.003966486640803916
2704	0.003966486640803916
2705	0.003966486640803916
2706	0.003966486640803916
2707	0.003966486640803916
2708	0.003966486640803916
2709	0.003966486640803916
2710	0.003966486640803916
2711	0.003966486640803916
2712	0.003966486640803916
2713	0.003966486640803916
2714	0.003966486640803916
2715	0.0039640808805471595
2716	0.0039640808805471595
2717	0.0039640808805471595
2718	0.0039640808805471595
2719	0.0039640808805471595
2720	0.0039640808805471595
2721	0.003953620346032415
2722	0.003953620346032415
2723	0.003953620346032415
2724	0.003953620346032415
2725	0.003953620346032415
2726	0.003953620346032415
2727	0.003953620346032415
2728	0.003953620346032415
2729	0.003953620346032415
2730	0.003953620346032415
2731	0.003953620346032415
2732	0.003953620346032415
2733	0.003941520171131972
2734	0.003941520171131972
2735	0.003941520171131972
2736	0.003941520171131972
2737	0.003941520171131972
2738	0.003941520171131972
2739	0.003941520171131972
2740	0.003941520171131972
2741	0.003941520171131972
2742	0.003941520171131972
2743	0.003941520171131972
2744	0.003941520171131972
2745	0.003941520171131972
2746	0.003941520171131972
2747	0.003941520171131972
2748	0.003941520171131972
2749	0.003941520171131972
2750	0.003941520171131972
2751	0.003941520171131972
2752	0.003941520171131972
2753	0.003941520171131972
2754	0.003941520171131972
2755	0.003941520171131972
2756	0.003941520171131972
2757	0.003941520171131972
2758	0.003941520171131972
2759	0.003941520171131972
2760	0.003941520171131972
2761	0.003941520171131972
2762	0.003941520171131972
2763	0.003941520171131972
2764	0.003941520171131972
2765	0.003941520171131972
2766	0.003941520171131972
2767	0.003941520171131972
2768	0.003941520171131972
2769	0.003941520171131972
2770	0.003941520171131972
2771	0.003941520171131972
2772	0.003935017244185159
2773	0.003935017244185159
2774	0.003935017244185159
2775	0.003935017244185159
2776	0.003935017244185159
2777	0.003935017244185159
2778	0.003935017244185159
2779	0.003935017244185159
2780	0.003935017244185159
2781	0.003935017244185159
2782	0.003935017244185159
2783	0.003935017244185159
2784	0.003935017244185159
2785	0.003935017244185159
2786	0.003935017244185159
2787	0.003935017244185159
2788	0.003935017244185159
2789	0.003935017244185159
2790	0.003935017244185159
2791	0.003935017244185159
2792	0.003935017244185159
2793	0.003935017244185159
2794	0.003935017244185159
2795	0.003935017244185159
2796	0.003935017244185159
2797	0.003935017244185159
2798	0.003915940545586921
2799	0.003915940545586921
2800	0.0039039871265572853
2801	0.0039039871265572853
2802	0.0039039871265572853
2803	0.0039039871265572853
2804	0.0039039871265572853
2805	0.0039039871265572853
2806	0.0039039871265572853
2807	0.0039039871265572853
2808	0.0039039871265572853
2809	0.0039039871265572853
2810	0.0038836628712780505
2811	0.0038836628712780505
2812	0.0038836628712780505
2813	0.0038836628712780505
2814	0.003880934398936946
2815	0.003880934398936946
2816	0.0038187752117105336
2817	0.0038187752117105336
2818	0.0038187752117105336
2819	0.0038187752117105336
2820	0.0038187752117105336
2821	0.0038187752117105336
2822	0.0038187752117105336
2823	0.0038187752117105336
2824	0.0038187752117105336
2825	0.0038187752117105336
2826	0.0038187752117105336
2827	0.0038187752117105336
2828	0.0038187752117105336
2829	0.0038187752117105336
2830	0.0038187752117105336
2831	0.0038187752117105336
2832	0.0038187752117105336
2833	0.0038187752117105336
2834	0.0038187752117105336
2835	0.0038187752117105336
2836	0.0038187752117105336
2837	0.0038187752117105336
2838	0.0038187752117105336
2839	0.0038187752117105336
2840	0.0038187752117105336
2841	0.0038187752117105336
2842	0.0038187752117105336
2843	0.0038187752117105336
2844	0.0038187752117105336
2845	0.0038187752117105336
2846	0.0038187752117105336
2847	0.0038187752117105336
2848	0.0038187752117105336
2849	0.0038187752117105336
2850	0.0038187752117105336
2851	0.003787728193089394
2852	0.003787728193089394
2853	0.003787728193089394
2854	0.0037811248539212205
2855	0.0037811248539212205
2856	0.0037811248539212205
2857	0.0037811248539212205
2858	0.0037811248539212205
2859	0.0037811248539212205
2860	0.0037811248539212205
2861	0.0037811248539212205
2862	0.0037811248539212205
2863	0.0037811248539212205
2864	0.0037811248539212205
2865	0.0037811248539212205
2866	0.0037811248539212205
2867	0.0037811248539212205
2868	0.0037811248539212205
2869	0.0037811248539212205
2870	0.0037811248539212205
2871	0.0037811248539212205
2872	0.0037811248539212205
2873	0.0037811248539212205
2874	0.003713351555335989
2875	0.003713351555335989
2876	0.003700257609317195
2877	0.003700257609317195
2878	0.003700257609317195
2879	0.003700257609317195
2880	0.003700257609317195
2881	0.003700257609317195
2882	0.003700257609317195
2883	0.003700257609317195
2884	0.003700257609317195
2885	0.003700257609317195
2886	0.003700257609317195
2887	0.003700257609317195
2888	0.003700257609317195
2889	0.003700257609317195
2890	0.003700257609317195
2891	0.003700257609317195
2892	0.003700257609317195
2893	0.003700257609317195
2894	0.003700257609317195
2895	0.003700257609317195
2896	0.003700257609317195
2897	0.0036772226412483235
2898	0.0036772226412483235
2899	0.0036772226412483235
2900	0.0036772226412483235
2901	0.0036772226412483235
2902	0.0036772226412483235
2903	0.0036772226412483235
2904	0.0036772226412483235
2905	0.0036772226412483235
2906	0.0036772226412483235
2907	0.0036772226412483235
2908	0.0036772226412483235
2909	0.0036772226412483235
2910	0.0036772226412483235
2911	0.0036772226412483235
2912	0.0036772226412483235
2913	0.0036772226412483235
2914	0.003664942951797782
2915	0.003664942951797782
2916	0.003664942951797782
2917	0.003664942951797782
2918	0.003664942951797782
2919	0.003664942951797782
2920	0.003664942951797782
2921	0.003664942951797782
2922	0.003664942951797782
2923	0.003664942951797782
2924	0.003664942951797782
2925	0.003664942951797782
2926	0.003664942951797782
2927	0.003664942951797782
2928	0.003664942951797782
2929	0.003664942951797782
2930	0.003664942951797782
2931	0.003664942951797782
2932	0.003664942951797782
2933	0.003664942951797782
2934	0.003664942951797782
2935	0.003664942951797782
2936	0.003664942951797782
2937	0.003664942951797782
2938	0.003664942951797782
2939	0.003664942951797782
2940	0.003664942951797782
2941	0.0036503019809547214
2942	0.0036503019809547214
2943	0.0036503019809547214
2944	0.0036503019809547214
2945	0.0036503019809547214
2946	0.0036503019809547214
2947	0.0036503019809547214
2948	0.0036503019809547214
2949	0.0036503019809547214
2950	0.0036503019809547214
2951	0.0036503019809547214
2952	0.0036503019809547214
2953	0.0036503019809547214
2954	0.0036503019809547214
2955	0.0036503019809547214
2956	0.0036503019809547214
2957	0.0036503019809547214
2958	0.0036503019809547214
2959	0.0036503019809547214
2960	0.0036503019809547214
2961	0.0036503019809547214
2962	0.0036503019809547214
2963	0.0036503019809547214
2964	0.0036503019809547214
2965	0.0036503019809547214
2966	0.0036503019809547214
2967	0.0036503019809547214
2968	0.0036503019809547214
2969	0.0036503019809547214
2970	0.0036503019809547214
2971	0.0036503019809547214
2972	0.0036503019809547214
2973	0.0036503019809547214
2974	0.0036503019809547214
2975	0.0036503019809547214
2976	0.00363867697544052
2977	0.00363867697544052
2978	0.00363867697544052
2979	0.00363867697544052
2980	0.00363867697544052
2981	0.00363867697544052
2982	0.003636105511011933
2983	0.003636105511011933
2984	0.003636105511011933
2985	0.003636105511011933
2986	0.003636105511011933
2987	0.003628743141718124
2988	0.003628743141718124
2989	0.003628743141718124
2990	0.003628743141718124
2991	0.003628743141718124
2992	0.003628743141718124
2993	0.003628743141718124
2994	0.003628743141718124
2995	0.003628743141718124
2996	0.003628743141718124
2997	0.003628743141718124
2998	0.003628743141718124
2999	0.003628743141718124
3000	0.003628743141718124
