1	47928.29951201338
2	42059.10576621553
3	37123.87168266101
4	34163.4610076264
5	30701.66322269012
6	27853.304444165686
7	25954.72943439441
8	23439.10139077097
9	22527.948020644468
10	21411.15985633113
11	20023.508826907073
12	18235.558297244843
13	17481.518331356594
14	15691.403838800825
15	14905.23929087253
16	14268.479739800885
17	13228.159534676959
18	12574.240586971722
19	12158.152809447258
20	11435.529552968454
21	10862.987485155676
22	10273.60831736953
23	9285.024972564599
24	8648.612267735896
25	8030.624409698719
26	7766.522972299975
27	7296.036135638397
28	7025.771884919388
29	6555.754963249582
30	6266.537128257487
31	5872.385434379861
32	5578.989135961483
33	5355.924233068042
34	5179.783676087573
35	4946.931806547803
36	4624.191366761725
37	4325.719892807376
38	4041.942098828979
39	3732.46729550006
40	3537.1707860501983
41	3360.6500859840744
42	3174.7533928210696
43	2929.7541375812975
44	2672.474393288151
45	2525.4199078407355
46	2445.0803564849934
47	2289.453742990697
48	2201.025287597949
49	2024.7108614613867
50	1948.1097907774658
51	1790.580054861474
52	1712.45730778751
53	1557.373029783726
54	1466.5788498202148
55	1390.3358561036882
56	1282.7720141873585
57	1241.562137442995
58	1127.1222221512992
59	1032.578699423277
60	965.8607622531399
61	893.8793154721345
62	852.1116448322107
63	787.4578127536722
64	770.3203092426036
65	743.4332101829717
66	709.3870952667202
67	660.6040898100565
68	627.9215347410113
69	572.8741174908134
70	542.5911992861751
71	498.7180495844994
72	468.3952960536815
73	431.0152693348645
74	404.6644434285059
75	374.22877539063745
76	352.21648636780725
77	328.26323508722766
78	315.9535878031134
79	294.21812494347495
80	277.95208804660376
81	260.54126619877854
82	244.23098678362388
83	229.92132214089932
84	215.01755124129735
85	202.26246083259295
86	194.79772512011772
87	188.36599173242152
88	170.6859203111899
89	156.4782930635212
90	147.77397700145687
91	136.17384098033537
92	126.70878963489963
93	119.4852663310318
94	110.06983787951823
95	101.6649118010544
96	94.99859559846931
97	91.98227569128527
98	87.78201464045257
99	81.39764989892994
100	74.84957818232677
101	71.0864404276386
102	64.22135514863498
103	60.814566585032935
104	56.795923442013695
105	53.56078471870962
106	49.99815868765646
107	46.489803153231236
108	44.11753646152719
109	41.64107879717146
110	38.69582369251113
111	35.43965874298457
112	32.042261972057176
113	30.200895775512816
114	27.707009005201606
115	26.530085610699736
116	24.974866275547424
117	22.86326082825135
118	22.043704443073498
119	20.957106247136576
120	19.427706957845086
121	17.772317049659605
122	17.17828785101158
123	16.475010088205433
124	14.633566203751451
125	13.875373733835053
126	13.149432211622896
127	12.138904509258074
128	11.167993604112521
129	10.362920456097719
130	9.768945735313366
131	9.284636615784544
132	8.638503380007377
133	7.874014128173627
134	7.447501417685102
135	7.109851993498449
136	6.6613552297651895
137	6.328332526635653
138	5.75496799738087
139	5.3200430959608145
140	5.0823065343394465
141	4.90242468373859
142	4.515265762925994
143	4.111376583452495
144	3.895899300552194
145	3.5854253732877415
146	3.39568094212814
147	3.237487810057027
148	3.0853180304165764
149	2.945670956269529
150	2.654110481984448
151	2.499121582041857
152	2.438686771539686
153	2.2953376620028836
154	2.114191382415021
155	1.954567622005975
156	1.8334158727028165
157	1.7629214157746718
158	1.6315612656527572
159	1.471214532758078
160	1.3555706422547138
161	1.290188671678475
162	1.1962561841543644
163	1.1191639537185625
164	1.0502311211411495
165	0.9904700341637894
166	0.943652396432233
167	0.8816084926863677
168	0.8256447167791033
169	0.7867092705357769
170	0.7309451004608495
171	0.6785417479705409
172	0.6368230658434515
173	0.609259335993211
174	0.5909439790410975
175	0.5309964749892054
176	0.503902941143458
177	0.46083367511568624
178	0.43570572667115104
179	0.4038990719529209
180	0.3796039682746598
181	0.36948002524241835
182	0.34772638810787526
183	0.31957180759148973
184	0.3065678840610675
185	0.28212106247594115
186	0.26677178746584007
187	0.23258356098049168
188	0.21931225503710874
189	0.20936810797804
190	0.19597674898505452
191	0.18355666367679255
192	0.17471423893636087
193	0.16131221223720754
194	0.15263079009284652
195	0.142137387440301
196	0.13472253663670147
197	0.12544002368188117
198	0.11328785149675098
199	0.10850595473218684
200	0.10124247095509949
201	0.0941388682313389
202	0.08939021013322748
203	0.0830847732256797
204	0.07881902071384851
205	0.07463873201870896
206	0.06949062788473297
207	0.06516046581238183
208	0.06082326284183729
209	0.057819625590107476
210	0.055473730621995634
211	0.05272056620171496
212	0.050002675868954544
213	0.0455838674013663
214	0.04187889151566484
215	0.039798041014626875
216	0.03739651739940759
217	0.03484751526875833
218	0.03203917157362262
219	0.02918466147917983
220	0.028034771221061978
221	0.02526377334174655
222	0.02266236945987843
223	0.02106771086444207
224	0.020217753802657785
225	0.01916797381493207
226	0.018234354084729783
227	0.016075041509068695
228	0.015313332555174275
229	0.014457727355938064
230	0.013528329343521548
231	0.013084193754437897
232	0.012370156257204707
233	0.01167059953293995
234	0.011031967546348602
235	0.010368379327099464
236	0.00992107813526551
237	0.009241844956632963
238	0.008842275633861744
239	0.00832943066555735
240	0.00783325236558428
241	0.0074167642571033145
242	0.00703993869907287
243	0.006521498086902065
244	0.006138286657192478
245	0.0056330950063443325
246	0.00502570946763707
247	0.004774055637478398
248	0.004634445866393058
249	0.004203322304895065
250	0.004032914358223552
251	0.0038400077966472134
252	0.003493213597831241
253	0.0032573634159078833
254	0.0030653412578320253
255	0.0030019970243525076
256	0.002700476819323951
257	0.00252340930561198
258	0.0023990806502140476
259	0.0022346643126826588
260	0.0019908427810079394
261	0.0018853994858200188
262	0.0017539322815445602
263	0.0016887284554774507
264	0.0016229818039447685
265	0.001541158562606865
266	0.0014555839256114931
267	0.0013704336066645512
268	0.0012681109055089515
269	0.001191272763297028
270	0.0011200557934044032
271	0.001046793443729358
272	9.616096936355285E-4
273	9.071192822881548E-4
274	8.578772196749213E-4
275	7.868228873690697E-4
276	7.604235949647267E-4
277	7.151214585202168E-4
278	6.47432926030572E-4
279	5.803115474840993E-4
280	5.507870759343086E-4
281	5.132237396222509E-4
282	4.8626556099995655E-4
283	4.5951734768034783E-4
284	4.285184660582554E-4
285	3.972946861298896E-4
286	3.7444870711633905E-4
287	3.6212463338413314E-4
288	3.349010500240879E-4
289	3.0636746149819154E-4
290	2.894393104111795E-4
291	2.6676213662252523E-4
292	2.4334943740074742E-4
293	2.3856061641137807E-4
294	2.147039254642931E-4
295	2.0910202059743862E-4
296	1.9541072496541948E-4
297	1.8528254754436932E-4
298	1.7637398458588034E-4
299	1.6762834861643318E-4
300	1.53865438495484E-4
301	1.4786208733578792E-4
302	1.3273091149967528E-4
303	1.2444718621088053E-4
304	1.165160944216806E-4
305	1.0939112146120039E-4
306	1.0380382988428564E-4
307	9.748446194710956E-5
308	9.197300234464232E-5
309	8.78189770143249E-5
310	8.160116925379836E-5
311	7.791218980448401E-5
312	7.234345282978109E-5
313	6.700260688008002E-5
314	6.294836949296989E-5
315	5.8686870828443136E-5
316	5.4089755271675107E-5
317	5.095622009489898E-5
318	4.876830659763529E-5
319	4.548519725702225E-5
320	4.2879753208804755E-5
321	3.8256036173714626E-5
322	3.6100179069875874E-5
323	3.400389173120731E-5
324	3.188436381951246E-5
325	3.119888439377263E-5
326	2.8348382121527E-5
327	2.720145856342642E-5
328	2.6135741847844764E-5
329	2.4404685053923153E-5
330	2.2389715272381802E-5
331	2.0965592401057462E-5
332	2.0111744331954123E-5
333	1.863704244328668E-5
334	1.698490442660366E-5
335	1.5481910401882587E-5
336	1.4263704381393101E-5
337	1.3429724593559891E-5
338	1.2728101715852327E-5
339	1.2025058916452127E-5
340	1.1311309249131935E-5
341	1.0740891497316804E-5
342	1.0146415117073647E-5
343	9.533604547645058E-6
344	8.939682809741811E-6
345	8.1470435240563E-6
346	7.4421566323029285E-6
347	7.020955509686709E-6
348	6.604078444594541E-6
349	6.239955137065613E-6
350	5.861763483747486E-6
351	5.391347967285036E-6
352	5.117995720460953E-6
353	4.9437629348925495E-6
354	4.706866563896772E-6
355	4.333291825990611E-6
356	4.124322641760217E-6
357	3.9304473503035306E-6
358	3.651020956231939E-6
359	3.4232238721474137E-6
360	3.1699192111506624E-6
361	2.882302330408654E-6
362	2.6849358430085563E-6
363	2.571005589201534E-6
364	2.4639778789195763E-6
365	2.275920936275621E-6
366	2.1702046974292322E-6
367	2.003828605687471E-6
368	1.8991689908500134E-6
369	1.77354495723382E-6
370	1.6751388071510712E-6
371	1.5101599065552799E-6
372	1.431663650958496E-6
373	1.3557808664533198E-6
374	1.2673576932344006E-6
375	1.1645959304260661E-6
376	1.1200929085308889E-6
377	1.0359210149185356E-6
378	9.865546499378352E-7
379	9.023852514692536E-7
380	8.475743925611922E-7
381	7.831589947294871E-7
382	7.53819758975779E-7
383	6.956779261356837E-7
384	6.579654025671402E-7
385	6.21448223339064E-7
386	5.80456694250088E-7
387	5.219907130483386E-7
388	4.791208263418574E-7
389	4.5242202145048653E-7
390	4.2855180278721737E-7
391	4.0947056373696277E-7
392	3.797769637684504E-7
393	3.5345192745504445E-7
394	3.2719680583162904E-7
395	3.1340088464685573E-7
396	2.943855708055907E-7
397	2.7944290672920646E-7
398	2.6543278082948093E-7
399	2.3852829474136136E-7
400	2.2311185191622713E-7
401	2.1348385553117511E-7
402	1.827336555410467E-7
403	1.7246092541151912E-7
404	1.6696403085866537E-7
405	1.5584755987506214E-7
406	1.4953640094725658E-7
407	1.3929765565532655E-7
408	1.2919833216158626E-7
409	1.2194796273343158E-7
410	1.170112688443823E-7
411	1.1078933029169188E-7
412	1.0135857764421029E-7
413	9.519485183132528E-8
414	9.049293424483195E-8
415	8.371307306681203E-8
416	8.069878496074349E-8
417	7.351952813593643E-8
418	7.161707314743928E-8
419	6.643223066191769E-8
420	6.218061109370725E-8
421	6.063593956351463E-8
422	5.6918449586342055E-8
423	5.365528590130942E-8
424	5.034165754141644E-8
425	4.683001195662811E-8
426	4.476057542116882E-8
427	4.166274276430226E-8
428	3.8458226852794305E-8
429	3.5938089493189175E-8
430	3.3608881111848886E-8
431	3.2158047529426384E-8
432	2.964753485323608E-8
433	2.7803904767059175E-8
434	2.5942294098301306E-8
435	2.4110414770342874E-8
436	2.3088995595768006E-8
437	2.168305743860433E-8
438	2.074301774372868E-8
439	1.9690648716813084E-8
440	1.7675480610077725E-8
441	1.64749354744634E-8
442	1.5325204096464707E-8
443	1.4010590927343632E-8
444	1.30246907973481E-8
445	1.2332987016114866E-8
446	1.170677920474855E-8
447	1.1168350072608065E-8
448	1.0378619473868242E-8
449	1.0215301845828588E-8
450	9.84393271517865E-9
451	9.421907374491456E-9
452	8.73789643035956E-9
453	8.377078888802742E-9
454	7.641590931556355E-9
455	7.082616387416762E-9
456	6.579330670145172E-9
457	5.971119216186202E-9
458	5.727456149529732E-9
459	5.6082963751270056E-9
460	5.259317544349298E-9
461	4.905329607661692E-9
462	4.536149086608449E-9
463	4.237516170576751E-9
464	3.985675423714689E-9
465	3.777078963486671E-9
466	3.6169748321743505E-9
467	3.3562106363607936E-9
468	3.1588968279553366E-9
469	2.834959790659107E-9
470	2.571666641818331E-9
471	2.3692084585425298E-9
472	2.2816721983565765E-9
473	2.1704169018691977E-9
474	2.0298088298942036E-9
475	1.959160419676709E-9
476	1.8427913486709927E-9
477	1.763827304735442E-9
478	1.5980198873691727E-9
479	1.5040342604808033E-9
480	1.3848664735696324E-9
481	1.3057852879271377E-9
482	1.2784801490778423E-9
483	1.2365323585245574E-9
484	1.1200124398394435E-9
485	1.0511946331787162E-9
486	9.715997591144893E-10
487	8.958664239486238E-10
488	8.618021646433486E-10
489	8.181142949132805E-10
490	7.685678290110074E-10
491	7.326051645553033E-10
492	6.817593267973744E-10
493	6.337399067928938E-10
494	5.836803164978268E-10
495	5.377916703494527E-10
496	5.186704671224811E-10
497	4.845179460954035E-10
498	4.5608477890228054E-10
499	4.34855944264002E-10
500	3.9117859196803795E-10
501	3.65735259686703E-10
502	3.308296919828367E-10
503	3.1262506510759606E-10
504	2.971727615366517E-10
505	2.759481609294291E-10
506	2.709283375343623E-10
507	2.5936312587344346E-10
508	2.4140680692007204E-10
509	2.192603594822748E-10
510	2.0490907643230524E-10
511	1.9433448606986404E-10
512	1.8353914152053443E-10
513	1.7464764324804415E-10
514	1.6173865910506893E-10
515	1.5220528369049458E-10
516	1.37383221142515E-10
517	1.3197468319253423E-10
518	1.2359008754923E-10
519	1.1655462694862403E-10
520	1.1004960365592248E-10
521	9.564128603656116E-11
522	8.92046426427003E-11
523	8.46151855405472E-11
524	7.750217152808879E-11
525	6.916379108031767E-11
526	6.47427946163126E-11
527	6.057105729737986E-11
528	5.7544169020209714E-11
529	5.47951196343178E-11
530	5.1548520349270207E-11
531	4.802070479215654E-11
532	4.38063024105944E-11
533	4.136767153658831E-11
534	3.7943978246616774E-11
535	3.650109722117366E-11
536	3.542234932024249E-11
537	3.3418516834108446E-11
538	3.103191665148768E-11
539	2.912431431023682E-11
540	2.8147577336651864E-11
541	2.688598294506021E-11
542	2.4963208808871142E-11
543	2.2259618790583737E-11
544	2.129939731420788E-11
545	2.0046709163189456E-11
546	1.9316761791276643E-11
547	1.7798691477451163E-11
548	1.6748876475778922E-11
549	1.5652619797919976E-11
550	1.43779033873659E-11
551	1.3724458819814725E-11
552	1.2377136848719405E-11
553	1.151113089294295E-11
554	1.0629006193072801E-11
555	9.969500766905118E-12
556	9.371623486137268E-12
557	8.722676285037526E-12
558	8.361736850314382E-12
559	7.819698539380532E-12
560	7.34259141730447E-12
561	7.13948207114745E-12
562	6.7114445656095005E-12
563	6.245160019636349E-12
564	5.473020456285439E-12
565	5.269311568397326E-12
566	5.034809538646935E-12
567	4.620152892252877E-12
568	4.297509557199835E-12
569	4.131781102914827E-12
570	3.840066243770034E-12
571	3.6053358640975322E-12
572	3.4643576050926043E-12
573	3.1419239232593255E-12
574	2.9907558767036242E-12
575	2.857416690252306E-12
576	2.645398241798436E-12
577	2.5005581772109473E-12
578	2.366716794216585E-12
579	2.196457516373211E-12
580	2.1020198800227137E-12
581	1.966568112137455E-12
582	1.817118674189581E-12
583	1.645576567293206E-12
584	1.5643445162509704E-12
585	1.5267466313403057E-12
586	1.4227483374775187E-12
587	1.3382339139584942E-12
588	1.2200878744781961E-12
589	1.1712222426690438E-12
590	1.0907500123844772E-12
591	1.0568442612828231E-12
592	1.0183009114115688E-12
593	9.556462279789532E-13
594	9.316023334017413E-13
595	8.101056595018042E-13
596	7.592363717731537E-13
597	7.257411646210046E-13
598	6.612714200225095E-13
599	6.044100069152175E-13
600	5.564139003760226E-13
601	5.274837932264805E-13
602	4.997761433828845E-13
603	4.590684279307299E-13
604	4.234044016787769E-13
605	4.0045183514044077E-13
606	3.790346616016747E-13
607	3.507486500294127E-13
608	3.3209879701775997E-13
609	3.144722296056692E-13
610	2.927859211094374E-13
611	2.6877345853117253E-13
612	2.570960161938449E-13
613	2.3695699741072366E-13
614	2.2755726413299693E-13
615	2.1735404797297113E-13
616	2.1148269708979493E-13
617	1.8552741376009386E-13
618	1.7217486280840523E-13
619	1.6253221476890215E-13
620	1.4948775778607528E-13
621	1.3976577251843742E-13
622	1.2517368021641088E-13
623	1.1925939057327278E-13
624	1.1397932492354219E-13
625	1.0328837480062294E-13
626	9.872903165081689E-14
627	9.082618358251771E-14
628	8.744590372505125E-14
629	8.417094061901797E-14
630	7.689631809948104E-14
631	6.885990221571288E-14
632	6.402399799632977E-14
633	6.202410079260378E-14
634	5.947873450978446E-14
635	5.35750865928992E-14
636	5.211750580419831E-14
637	4.833901382615522E-14
638	4.57453737405675E-14
639	4.492749735228246E-14
640	4.192168715275354E-14
641	3.9262641356651234E-14
642	3.6120486209831784E-14
643	3.396670433282511E-14
644	3.1110077531065394E-14
645	2.98583345619368E-14
646	2.7156072003192777E-14
647	2.5709556645300034E-14
648	2.4123221459260673E-14
649	2.3096409564825428E-14
650	2.0915031344928723E-14
651	1.9301604622509435E-14
652	1.863397290946796E-14
653	1.6819087961959484E-14
654	1.6010835746556312E-14
655	1.5301791114826844E-14
656	1.4289385380756743E-14
657	1.3560427652051436E-14
658	1.2004920332368908E-14
659	1.142272531531434E-14
660	1.0814005067399555E-14
661	1.0013784439959776E-14
662	9.571527628549816E-15
663	9.103583010598093E-15
664	8.181129715588467E-15
665	7.659421231942244E-15
666	7.403014445610627E-15
667	6.815021372920423E-15
668	6.513759316113029E-15
669	6.125920398429336E-15
670	5.4937961893606765E-15
671	5.176844944055941E-15
672	4.790124363693402E-15
673	4.463909714617555E-15
674	4.1309671137154346E-15
675	4.023888652307604E-15
676	3.65452784137174E-15
677	3.537175964625326E-15
678	3.3096153636694452E-15
679	3.08081894789264E-15
680	2.9033189808685633E-15
681	2.575744441020783E-15
682	2.469966030223092E-15
683	2.3381488463488245E-15
684	2.2411043098766293E-15
685	2.123078109613652E-15
686	1.9615219752000378E-15
687	1.8194233161064225E-15
688	1.6445797892035225E-15
689	1.5859569895559462E-15
690	1.516751014998039E-15
691	1.4271442663036542E-15
692	1.2992688115873946E-15
693	1.2129258891419863E-15
694	1.10711125739663E-15
695	1.0671428313334951E-15
696	9.86131701773281E-16
697	9.232553756487036E-16
698	8.623501531712291E-16
699	8.043959385134911E-16
700	7.437303824010051E-16
701	7.141407471290229E-16
702	6.728635548349038E-16
703	6.339046559929516E-16
704	5.754667974227843E-16
705	5.174204580916621E-16
706	4.940600637987106E-16
707	4.755215837595489E-16
708	4.519278020202597E-16
709	4.263087948402781E-16
710	3.942066436404155E-16
711	3.5530114751108326E-16
712	3.3202556532079103E-16
713	3.159227882298314E-16
714	3.0068886711848583E-16
715	2.685362954143472E-16
716	2.6101634983175926E-16
717	2.5089807927350727E-16
718	2.2711350564687666E-16
719	2.0887704018293257E-16
720	1.8937508864579964E-16
721	1.8413734265534508E-16
722	1.785152604261656E-16
723	1.7275587128237687E-16
724	1.5789250890463444E-16
725	1.4647383690179905E-16
726	1.4324640730465476E-16
727	1.313745913770008E-16
728	1.2795640915053127E-16
729	1.1549003191563385E-16
730	1.1156132535076837E-16
731	1.046560169785724E-16
732	9.771567155220564E-17
733	9.061980785702842E-17
734	8.67319771334116E-17
735	8.19158989424418E-17
736	7.691559057915162E-17
737	7.153273450011801E-17
738	6.90441627055424E-17
739	6.350140015771472E-17
740	6.061055317345857E-17
741	5.646065278059371E-17
742	5.321023120457257E-17
743	4.895900220670109E-17
744	4.485592551479987E-17
745	4.235379885477651E-17
746	4.008207950680047E-17
747	3.6900193098481456E-17
748	3.364551512621879E-17
749	3.25501603027699E-17
750	3.027465929305069E-17
751	2.912940952924217E-17
752	2.7494445353305062E-17
753	2.5522124822405747E-17
754	2.312473695125725E-17
755	2.2126717925002706E-17
756	2.077984171098064E-17
757	1.9448153164192795E-17
758	1.8348335812196557E-17
759	1.7363966249150986E-17
760	1.6293824530405583E-17
761	1.5414408630534965E-17
762	1.4368272263312177E-17
763	1.3238284425103514E-17
764	1.231719435657193E-17
765	1.1782463361229092E-17
766	1.1185969175267675E-17
767	1.0730121605524596E-17
768	9.897723034382865E-18
769	9.465597346469262E-18
770	8.835436682838626E-18
771	8.422710361833369E-18
772	7.636030424927573E-18
773	7.203047966371513E-18
774	6.746016799710786E-18
775	6.321942358439143E-18
776	5.924141187530354E-18
777	5.640291962065861E-18
778	5.374645587671831E-18
779	5.192247781789482E-18
780	4.923841778648861E-18
781	4.534163820547781E-18
782	4.263290995511839E-18
783	3.922963967342354E-18
784	3.7199097850307775E-18
785	3.434238469989267E-18
786	3.2045568660796625E-18
787	2.9483477328706155E-18
788	2.7005157417722724E-18
789	2.592333023585405E-18
790	2.421659112944416E-18
791	2.292940256205522E-18
792	2.1228834575394386E-18
793	1.9929463778051288E-18
794	1.6897880518619648E-18
795	1.5231057992145978E-18
796	1.4713164794532265E-18
797	1.3639171865194046E-18
798	1.2737877239855896E-18
799	1.2399460002456698E-18
800	1.1830881186826169E-18
801	1.1419777054639588E-18
802	1.0779588911930364E-18
803	1.047417565341821E-18
804	1.0064342431549456E-18
805	9.108800722548027E-19
806	8.572998738445163E-19
807	7.690220097340119E-19
808	7.253618080304682E-19
809	6.768950403820329E-19
810	6.450262076372645E-19
811	6.073701920517449E-19
812	5.795075810708046E-19
813	5.420531902391953E-19
814	4.926202149364156E-19
815	4.416498881431787E-19
816	4.1232402565076672E-19
817	3.843163607706078E-19
818	3.631280733558523E-19
819	3.4705588518068012E-19
820	3.212663647557139E-19
821	2.908746532737412E-19
822	2.825640744911449E-19
823	2.584365259671614E-19
824	2.4640962143147524E-19
825	2.28638537663535E-19
826	2.0890626811047121E-19
827	1.951538197685424E-19
828	1.8641111213401583E-19
829	1.7546928132360254E-19
830	1.5821157833685002E-19
831	1.4337320479251859E-19
832	1.345084620941303E-19
833	1.2649764050113293E-19
834	1.2081619115863308E-19
835	1.135613552152172E-19
836	1.0747735295700105E-19
837	9.87608683083752E-20
838	9.184315975514553E-20
839	8.252651612298512E-20
840	8.014058377212239E-20
841	7.650770526791787E-20
842	7.196270639525072E-20
843	6.62222104601116E-20
844	6.222124748087803E-20
845	5.726792626193406E-20
846	5.495466768574898E-20
847	5.2163936368686254E-20
848	4.8608127135797754E-20
849	4.633714379264634E-20
850	4.309237884298558E-20
851	4.028147449602316E-20
852	3.879695554731845E-20
853	3.501380825627574E-20
854	3.335238564089313E-20
855	3.1205776788943006E-20
856	2.8188988635972296E-20
857	2.6678616078194678E-20
858	2.5205072823376684E-20
859	2.3894390358765173E-20
860	2.3016713987027506E-20
861	2.1848217019105536E-20
862	2.080874431354464E-20
863	1.9982155113776424E-20
864	1.8241130832644206E-20
865	1.6981776817125235E-20
866	1.573585111782194E-20
867	1.4515049577255832E-20
868	1.3706515930344583E-20
869	1.2985097067897017E-20
870	1.2237973602665602E-20
871	1.1059795198815238E-20
872	1.0560353377784785E-20
873	9.654665323123717E-21
874	9.204604594169946E-21
875	8.674095693195057E-21
876	8.357036348453047E-21
877	7.665372969402641E-21
878	7.235478377138912E-21
879	6.997417637944666E-21
880	6.492837232339092E-21
881	6.083099486875392E-21
882	5.759585321011237E-21
883	5.1147865849070346E-21
884	4.757866669337275E-21
885	4.565994279958573E-21
886	4.290868408839114E-21
887	3.957826054177919E-21
888	3.668189958204078E-21
889	3.375552217828908E-21
890	3.0715983994169312E-21
891	2.978750685991368E-21
892	2.854409108345048E-21
893	2.7116800418355184E-21
894	2.511702294370615E-21
895	2.3647454947909194E-21
896	2.2711668193061594E-21
897	2.1003034715420668E-21
898	1.9938361161126116E-21
899	1.8444733000340183E-21
900	1.731841543997785E-21
901	1.5997982788003197E-21
902	1.533592004075788E-21
903	1.4065013651244366E-21
904	1.3539094941122089E-21
905	1.2672279285378965E-21
906	1.2132495983416971E-21
907	1.1392267191890484E-21
908	1.0236192997791462E-21
909	9.303739259398973E-22
910	8.937720309983297E-22
911	8.700336488509088E-22
912	8.285025515045866E-22
913	7.667402544179685E-22
914	7.030492513107809E-22
915	6.729072989289065E-22
916	6.239418158835041E-22
917	6.115714900539674E-22
918	5.73013855362557E-22
919	5.45428187497792E-22
920	5.184437170957783E-22
921	4.797255620873713E-22
922	4.391764763871421E-22
923	4.0912297597335908E-22
924	3.863501280096324E-22
925	3.6455785261232E-22
926	3.380565313623864E-22
927	3.1730582388847864E-22
928	3.019345696824777E-22
929	2.8900563952293476E-22
930	2.6468676902761556E-22
931	2.4680547384217133E-22
932	2.390627014530853E-22
933	2.209906951959909E-22
934	2.0664049764358667E-22
935	1.9801042139817973E-22
936	1.8975684721862545E-22
937	1.7418790152267216E-22
938	1.648673005553397E-22
939	1.544543727171879E-22
940	1.4263555808583775E-22
941	1.2669216575520935E-22
942	1.2037560624445432E-22
943	1.1836954202006923E-22
944	1.1055396788912095E-22
945	1.0012941247077288E-22
946	9.523359843912602E-23
947	9.105389498006938E-23
948	8.631005366744361E-23
949	8.237629355310597E-23
950	7.720084276559843E-23
951	7.497099352634326E-23
952	7.02970762297729E-23
953	5.99847908055595E-23
954	5.522459316916088E-23
955	5.2101912562951025E-23
956	5.038620388294385E-23
957	4.78950700984902E-23
958	4.2184503531902044E-23
959	3.876302254563231E-23
960	3.640575795874553E-23
961	3.394288212482176E-23
962	3.0867968082003776E-23
963	2.829314706283571E-23
964	2.6890199012388234E-23
965	2.5621031018412133E-23
966	2.4391910450189142E-23
967	2.249317265824519E-23
968	2.151841869792132E-23
969	1.996584691455117E-23
970	1.847576989367081E-23
971	1.744641516218585E-23
972	1.6508779776520276E-23
973	1.5238688414299943E-23
974	1.4512096066885777E-23
975	1.365073593487972E-23
976	1.3139732328134572E-23
977	1.2289366263547256E-23
978	1.1519217727534635E-23
979	1.091407972850746E-23
980	1.0526366082485676E-23
981	9.387318940080273E-24
982	8.719855782210461E-24
983	8.582281922537595E-24
984	8.26698981456947E-24
985	7.910103226643083E-24
986	7.26082799703785E-24
987	6.827316628845272E-24
988	6.624767204972186E-24
989	6.222704309064165E-24
990	5.7612015848857875E-24
991	5.504355875179509E-24
992	5.208063778228615E-24
993	4.896055458415185E-24
994	4.451829684616598E-24
995	4.4063601105054875E-24
996	4.043964556293754E-24
997	3.714845620021157E-24
998	3.548960999108532E-24
999	3.2434748467770462E-24
1000	3.009732801615072E-24
1001	2.9014507962021495E-24
1002	2.73022636143256E-24
1003	2.5528476734690294E-24
1004	2.4320349245089918E-24
1005	2.3390296622365802E-24
1006	2.210313888608201E-24
1007	2.0140824389596973E-24
1008	1.8990962629553953E-24
1009	1.6954858028761665E-24
1010	1.5759214917610551E-24
1011	1.4349612089770315E-24
1012	1.332172198726161E-24
1013	1.3200715259573508E-24
1014	1.2880701223614697E-24
1015	1.1917367566920915E-24
1016	1.117986369903836E-24
1017	1.0480010103548084E-24
1018	9.683880636347284E-25
1019	9.38190153375934E-25
1020	8.808948089792226E-25
1021	7.71574215855382E-25
1022	7.457973174372388E-25
1023	7.082578460409582E-25
1024	6.888767090360572E-25
1025	6.360860748049758E-25
1026	5.911595280755584E-25
1027	5.544336710402138E-25
1028	5.106437909973217E-25
1029	4.821455978219194E-25
1030	4.454932079939158E-25
1031	4.154952224506169E-25
1032	3.8405156703987817E-25
1033	3.4586292132943604E-25
1034	3.2101062624758397E-25
1035	3.083538904980633E-25
1036	2.9458498368779314E-25
1037	2.732119486481341E-25
1038	2.4314633701207283E-25
1039	2.3298167976036304E-25
1040	2.2474448094995565E-25
1041	2.137367523181503E-25
1042	1.8241493079902823E-25
1043	1.7411894965906017E-25
1044	1.6740471400446815E-25
1045	1.6053171988946463E-25
1046	1.519879635913331E-25
1047	1.4171912089455308E-25
1048	1.2360777518066992E-25
1049	1.1452286579289406E-25
1050	1.1243418741977134E-25
1051	1.0360587596914692E-25
1052	1.0096551862176834E-25
1053	9.654071418595313E-26
1054	8.339573493907424E-26
1055	7.429307110086072E-26
1056	6.987703381360277E-26
1057	6.774003931225904E-26
1058	6.529968335127691E-26
1059	6.40237548853008E-26
1060	6.202132848074408E-26
1061	5.35498334881155E-26
1062	4.9196079485322677E-26
1063	4.4144917298757207E-26
1064	4.309981069201333E-26
1065	3.879137193090286E-26
1066	3.6504802744587993E-26
1067	3.388475769748185E-26
1068	3.172338810215926E-26
1069	2.9985387882780426E-26
1070	2.8122167425720085E-26
1071	2.6926215877196224E-26
1072	2.4724459746772367E-26
1073	2.3748652221432266E-26
1074	2.2508587046942057E-26
1075	2.0855217460372067E-26
1076	1.932163078547441E-26
1077	1.8091906546688342E-26
1078	1.7248208746467373E-26
1079	1.5522000898030632E-26
1080	1.5026373709673194E-26
1081	1.428855838134527E-26
1082	1.296974407032144E-26
1083	1.2133986765167888E-26
1084	1.1053510046519135E-26
1085	1.009381762916575E-26
1086	9.485084729016094E-27
1087	8.66868903515651E-27
1088	7.958641955072883E-27
1089	7.550199555849292E-27
1090	7.040766798135843E-27
1091	6.590493334320082E-27
1092	6.392523469254668E-27
1093	5.650591870176718E-27
1094	5.433457208289792E-27
1095	5.2020759138520764E-27
1096	4.995583977903377E-27
1097	4.6294438013537484E-27
1098	4.440262797870095E-27
1099	4.141577513653527E-27
1100	3.971846039826658E-27
1101	3.5713975205564E-27
1102	3.3996878359795675E-27
1103	3.026530112765416E-27
1104	2.8258676834318653E-27
1105	2.620662436616717E-27
1106	2.3712258771729946E-27
1107	2.302574283071751E-27
1108	2.1869761655638017E-27
1109	2.0409182117073446E-27
1110	1.8531235287189033E-27
1111	1.7820860685721274E-27
1112	1.643767606302252E-27
1113	1.5416750851776436E-27
1114	1.4247744883726235E-27
1115	1.3658098509154846E-27
1116	1.3446338343593837E-27
1117	1.1817962336528166E-27
1118	1.0963335112391376E-27
1119	1.065714907373901E-27
1120	1.0094995482967864E-27
1121	9.234253726560321E-28
1122	8.650191289996282E-28
1123	8.001856022013824E-28
1124	7.5288776133210705E-28
1125	6.953062152228321E-28
1126	6.644337743003798E-28
1127	6.28232929646225E-28
1128	6.002852829401282E-28
1129	5.439983341195576E-28
1130	4.984906254256917E-28
1131	4.614736320825282E-28
1132	4.335222339231448E-28
1133	3.939547695396267E-28
1134	3.709623615726184E-28
1135	3.39268555894367E-28
1136	3.184955927013842E-28
1137	2.952874883526773E-28
1138	2.8502604765110736E-28
1139	2.7320214173298047E-28
1140	2.5507161401064644E-28
1141	2.399792174594086E-28
1142	2.242687553539875E-28
1143	2.1468109979814963E-28
1144	2.0363869490583346E-28
1145	1.875288450727264E-28
1146	1.773629930398732E-28
1147	1.6506087976106171E-28
1148	1.5408313112966143E-28
1149	1.4052101623713683E-28
1150	1.2949051483429916E-28
1151	1.1951592958478836E-28
1152	1.124467357544863E-28
1153	1.084767949839794E-28
1154	1.0697266968333476E-28
1155	9.979117856268904E-29
1156	9.562450918873284E-29
1157	8.930163316986677E-29
1158	8.169089204402429E-29
1159	7.450377742453566E-29
1160	6.813254008795005E-29
1161	6.601413868579026E-29
1162	6.32143953806213E-29
1163	6.020175688656315E-29
1164	5.236369148261357E-29
1165	4.9762577134066807E-29
1166	4.803755150792915E-29
1167	4.5193243812043264E-29
1168	4.0613750850276347E-29
1169	3.873453357947694E-29
1170	3.637705461653827E-29
1171	3.4335560442564477E-29
1172	3.233365322406656E-29
1173	2.9220912022182544E-29
1174	2.8911643282904476E-29
1175	2.694419856831654E-29
1176	2.579136833919779E-29
1177	2.3604731934302833E-29
1178	2.2650358249122345E-29
1179	2.0375054025114638E-29
1180	1.9015818600214654E-29
1181	1.813184369882081E-29
1182	1.7090590233206395E-29
1183	1.5699189167240688E-29
1184	1.4924075876467074E-29
1185	1.3900003977326586E-29
1186	1.2329055921728034E-29
1187	1.1779089458700491E-29
1188	1.1105200755599498E-29
1189	1.059694490610626E-29
1190	1.0045693089827504E-29
1191	9.420706772269076E-30
1192	8.931705184647619E-30
1193	8.571542252787006E-30
1194	7.981547571182814E-30
1195	7.418797900815914E-30
1196	6.861257298211844E-30
1197	6.586244769018611E-30
1198	6.256692181741128E-30
1199	5.640812740821327E-30
1200	5.239146812675183E-30
1201	4.941089371330554E-30
1202	4.475970280022457E-30
1203	4.1383251915471624E-30
1204	3.999417323771928E-30
1205	3.713854953740477E-30
1206	3.5044988068215145E-30
1207	3.2506097942880786E-30
1208	3.0109847348534907E-30
1209	2.7982615250442665E-30
1210	2.6330354655918796E-30
1211	2.4205553864873106E-30
1212	2.2561055155811704E-30
1213	2.1697760161334447E-30
1214	2.0311335798861594E-30
1215	1.8313958273125713E-30
1216	1.724290782197755E-30
1217	1.652357501431626E-30
1218	1.5618976284785107E-30
1219	1.4968540775275409E-30
1220	1.417723558329687E-30
1221	1.313865979974887E-30
1222	1.2227019805224782E-30
1223	1.053624212294379E-30
1224	9.958265925370975E-31
1225	9.689919121474259E-31
1226	9.054260738856681E-31
1227	8.552037697155382E-31
1228	8.122685857652424E-31
1229	7.612596493741597E-31
1230	6.838959164494978E-31
1231	6.162135535336696E-31
1232	5.919764605555223E-31
1233	5.365287808574929E-31
1234	5.027085675971932E-31
1235	4.922708309385257E-31
1236	4.543731202666318E-31
1237	4.398369112194907E-31
1238	4.082792571643694E-31
1239	3.7768782419333156E-31
1240	3.5243788737106024E-31
1241	3.29300677867854E-31
1242	3.0304368649480824E-31
1243	2.9408736350228597E-31
1244	2.7819170782492882E-31
1245	2.523184730944864E-31
1246	2.3643743138492476E-31
1247	2.188542536268951E-31
1248	2.0709207054197284E-31
1249	1.9451463587652333E-31
1250	1.8611720720247583E-31
1251	1.8258885837929903E-31
1252	1.6345895802695917E-31
1253	1.5073257286676237E-31
1254	1.438367680610294E-31
1255	1.3792119687773553E-31
1256	1.2897477922492877E-31
1257	1.1803313830890622E-31
1258	1.0955451602126606E-31
1259	1.022116647247436E-31
1260	9.653889239200224E-32
1261	9.316157055060314E-32
1262	8.334114950437808E-32
1263	7.764072976360977E-32
1264	7.488445016847228E-32
1265	7.06394873117099E-32
1266	6.955151294722786E-32
1267	6.224230147059757E-32
1268	5.633333835126659E-32
1269	5.36540407381452E-32
1270	5.194408971755843E-32
1271	4.773335987691429E-32
1272	4.5167755298576894E-32
1273	4.152901301887795E-32
1274	3.8150136926538556E-32
1275	3.7124703333979775E-32
1276	3.533884887190641E-32
1277	3.3389914300585616E-32
1278	3.0885452773375225E-32
1279	2.9287191571092174E-32
1280	2.688357750892488E-32
1281	2.4457564041899632E-32
1282	2.3416929395982112E-32
1283	2.2439812182142647E-32
1284	2.1276744704972142E-32
1285	1.9638885192035246E-32
1286	1.7969789177995284E-32
1287	1.5952202418985947E-32
1288	1.538943157941482E-32
1289	1.4493604898678388E-32
1290	1.3993646529204697E-32
1291	1.3097117107727215E-32
1292	1.2093856029803862E-32
1293	1.1448587304599269E-32
1294	1.0813947637613458E-32
1295	1.0123596047187237E-32
1296	9.367339193942893E-33
1297	8.845019111109181E-33
1298	8.44309542556387E-33
1299	7.781397365112545E-33
1300	7.27981542863924E-33
1301	6.834954848831888E-33
1302	6.403228027044738E-33
1303	5.9374719551145164E-33
1304	5.473203499652916E-33
1305	5.287404734553664E-33
1306	5.058026462439405E-33
1307	4.8353040402554005E-33
1308	4.4451847485553226E-33
1309	4.153213170875701E-33
1310	4.0419578140518534E-33
1311	3.676839270301246E-33
1312	3.384154058011997E-33
1313	3.264427685853071E-33
1314	2.89978365030732E-33
1315	2.8346220031146406E-33
1316	2.649446823614201E-33
1317	2.4856388718647514E-33
1318	2.415083976204064E-33
1319	2.3120161988949593E-33
1320	2.1961044061026855E-33
1321	1.9746402653839215E-33
1322	1.883828310412561E-33
1323	1.7690070403099904E-33
1324	1.617695630641603E-33
1325	1.5237558863024491E-33
1326	1.4328554360016834E-33
1327	1.3049596791735104E-33
1328	1.2576907364236478E-33
1329	1.1801125975411446E-33
1330	1.1097122422705122E-33
1331	1.055173165847898E-33
1332	9.446319122062905E-34
1333	8.833380593545966E-34
1334	8.177589500121315E-34
1335	7.830245083252374E-34
1336	7.33777078685287E-34
1337	7.007683821815904E-34
1338	6.384850624648081E-34
1339	6.106147489123996E-34
1340	5.982257745609906E-34
1341	5.719074403458224E-34
1342	5.412155672265281E-34
1343	5.135745377449187E-34
1344	4.809702405242212E-34
1345	4.459442468393647E-34
1346	4.045496003942731E-34
1347	3.8142595934381314E-34
1348	3.6896097424190436E-34
1349	3.3385436826660038E-34
1350	3.1512157647045833E-34
1351	2.967910806195984E-34
1352	2.8857113638360577E-34
1353	2.753730395940313E-34
1354	2.6427380221188026E-34
1355	2.4749477069401117E-34
1356	2.3431987505389264E-34
1357	2.087470243928965E-34
1358	1.997334589831265E-34
1359	1.9021761942550194E-34
1360	1.6904952498192552E-34
1361	1.5953662063429143E-34
1362	1.5552784357604168E-34
1363	1.4392848049314879E-34
1364	1.376558009703562E-34
1365	1.3141344063984399E-34
1366	1.228227771586351E-34
1367	1.133054411157173E-34
1368	1.0366889512405702E-34
1369	1.000777931762035E-34
1370	9.419944015329673E-35
1371	8.583827359978614E-35
1372	7.924570971350687E-35
1373	7.096092542529169E-35
1374	6.701587619203696E-35
1375	6.513056716364685E-35
1376	6.118988477626857E-35
1377	5.785837231924896E-35
1378	5.572112985329219E-35
1379	5.040345036986735E-35
1380	4.7533307448471514E-35
1381	4.4910459333093755E-35
1382	4.2274900398023534E-35
1383	4.015764518306322E-35
1384	3.502439973826642E-35
1385	3.2185657944719995E-35
1386	2.970619991625513E-35
1387	2.815384464252127E-35
1388	2.723018649653564E-35
1389	2.479672023887315E-35
1390	2.4345469717517667E-35
1391	2.2901441744585106E-35
1392	2.156790232605332E-35
1393	2.0455068741551592E-35
1394	1.9357361186754778E-35
1395	1.8583391498681065E-35
1396	1.725583800054726E-35
1397	1.62851787529137E-35
1398	1.4856959617002364E-35
1399	1.423182459598984E-35
1400	1.2845562720810274E-35
1401	1.2117293236023042E-35
1402	1.1142444970455564E-35
1403	9.960314906990887E-36
1404	8.980740159080976E-36
1405	8.676850615577025E-36
1406	8.541382118531467E-36
1407	8.286883769507078E-36
1408	7.932569008604108E-36
1409	7.503664289479569E-36
1410	6.94218237366719E-36
1411	6.756278765263616E-36
1412	6.312870812950156E-36
1413	5.757410179599548E-36
1414	5.513473177026949E-36
1415	5.064378784248677E-36
1416	4.714850995762844E-36
1417	4.456795967173986E-36
1418	4.220300964354368E-36
1419	3.9434464969454776E-36
1420	3.7554385056622986E-36
1421	3.317117005218062E-36
1422	3.1793296641601117E-36
1423	2.9785085506495187E-36
1424	2.750431089084763E-36
1425	2.6516841878693847E-36
1426	2.4373361486651746E-36
1427	2.365221250765009E-36
1428	2.203907045015336E-36
1429	2.143579837737544E-36
1430	1.9717970705725963E-36
1431	1.833463510485522E-36
1432	1.566989977414024E-36
1433	1.4842090806071359E-36
1434	1.3461721501379107E-36
1435	1.2642511936005068E-36
1436	1.1757350717509156E-36
1437	1.1058229796890834E-36
1438	1.0552843040535318E-36
1439	9.77258410117473E-37
1440	9.135495624146669E-37
1441	8.682409120498418E-37
1442	8.051631155926439E-37
1443	7.744781711056604E-37
1444	7.2281623557819915E-37
1445	6.5917968961587416E-37
1446	6.3560842281492615E-37
1447	6.255284339182134E-37
1448	5.7142159071296016E-37
1449	5.255526365606828E-37
1450	4.559841225286636E-37
1451	4.40263023201306E-37
1452	4.091962042680048E-37
1453	3.79947475953346E-37
1454	3.6488931739520268E-37
1455	3.477872521117583E-37
1456	3.349461072240605E-37
1457	3.213351741965692E-37
1458	3.0536500872451665E-37
1459	2.8005816842422517E-37
1460	2.674021162653958E-37
1461	2.363207979326002E-37
1462	2.2906663241190856E-37
1463	2.0861023595548244E-37
1464	1.9727704724769834E-37
1465	1.828420711543241E-37
1466	1.764696716588067E-37
1467	1.6343864136697061E-37
1468	1.5748159913330472E-37
1469	1.4990441674805381E-37
1470	1.3762404208430585E-37
1471	1.2585880642943439E-37
1472	1.1791122257159135E-37
1473	1.1137301521440163E-37
1474	1.0555063072696283E-37
1475	9.388919595783214E-38
1476	8.974426099936901E-38
1477	8.577118958740919E-38
1478	8.305389720957689E-38
1479	7.984916973782392E-38
1480	7.541608864926972E-38
1481	6.915012924080881E-38
1482	6.593714945304807E-38
1483	6.223016078044051E-38
1484	5.704437834594417E-38
1485	5.553075609744616E-38
1486	5.197054051205617E-38
1487	4.984500396525749E-38
1488	4.722070041303686E-38
1489	4.1744444310624016E-38
1490	3.959887782248969E-38
1491	3.793906920810998E-38
1492	3.6796244808324716E-38
1493	3.481147211362806E-38
1494	3.293517116680701E-38
1495	3.115457342341351E-38
1496	2.7565244626831847E-38
1497	2.605863663533571E-38
1498	2.3606925918375317E-38
1499	2.2256356296930212E-38
1500	2.0256791018720322E-38
1501	1.9229964569447783E-38
1502	1.7905858025370003E-38
1503	1.7146748919496615E-38
1504	1.659610599294518E-38
1505	1.6382499500320691E-38
1506	1.5323496539038817E-38
1507	1.4291998780682531E-38
1508	1.3333665056831557E-38
1509	1.270741761040194E-38
1510	1.1786434419686913E-38
1511	1.0940975104476004E-38
1512	1.0517098988122559E-38
1513	1.0078133999042171E-38
1514	9.491218970774258E-39
1515	8.729211417938876E-39
1516	8.117709548960196E-39
1517	7.355153498036065E-39
1518	6.763095411461128E-39
1519	6.213145154878937E-39
1520	6.08691942692879E-39
1521	5.728492540200877E-39
1522	5.1056846391387296E-39
1523	4.894338607124185E-39
1524	4.5635973664774423E-39
1525	4.384598771075476E-39
1526	4.1793550236885603E-39
1527	4.055597214339989E-39
1528	3.704940512866131E-39
1529	3.601524245334943E-39
1530	3.3804827313351605E-39
1531	3.1343124031553676E-39
1532	2.887898342891384E-39
1533	2.703227029759425E-39
1534	2.5861744708324586E-39
1535	2.36837939781833E-39
1536	2.1547916277032026E-39
1537	1.9323280431591486E-39
1538	1.8412449646602975E-39
1539	1.6478248002033232E-39
1540	1.5765302116949652E-39
1541	1.4970860346137822E-39
1542	1.4048494923289504E-39
1543	1.2811267534896045E-39
1544	1.243853884806287E-39
1545	1.0722533046217755E-39
1546	1.0371452723957976E-39
1547	1.0090715310611127E-39
1548	9.44632256770475E-40
1549	8.874863844574756E-40
1550	8.176449843839143E-40
1551	7.936856506578578E-40
1552	7.334007983877732E-40
1553	6.632712361557581E-40
1554	6.2166250807066214E-40
1555	6.043106247635738E-40
1556	5.482053407686207E-40
1557	5.175002923942248E-40
1558	4.737164358494201E-40
1559	4.44820517353405E-40
1560	4.317933037199864E-40
1561	4.156640070954828E-40
1562	3.911565873950904E-40
1563	3.738554562907352E-40
1564	3.3970885273343455E-40
1565	3.0978829057511312E-40
1566	2.972962333005136E-40
1567	2.8090716597428347E-40
1568	2.5754299277479428E-40
1569	2.383159894515213E-40
1570	2.2172032532848915E-40
1571	2.0665366836171972E-40
1572	1.9379675627812377E-40
1573	1.832320326154898E-40
1574	1.7323642858393809E-40
1575	1.6690835612550042E-40
1576	1.5467643052298587E-40
1577	1.4776160901473871E-40
1578	1.390367540276617E-40
1579	1.3311491729100978E-40
1580	1.22713931178217E-40
1581	1.0735838506339526E-40
1582	1.0146391815592206E-40
1583	9.420389693057018E-41
1584	8.815643576131385E-41
1585	8.537612477671491E-41
1586	8.111775836709699E-41
1587	7.480676444977788E-41
1588	7.212086077460923E-41
1589	6.509234228475078E-41
1590	6.301874860443098E-41
1591	5.963161575328631E-41
1592	5.597137102993103E-41
1593	5.171804799383482E-41
1594	4.816777147284779E-41
1595	4.613589613991355E-41
1596	4.268614357818716E-41
1597	4.0162752214061973E-41
1598	3.7401955224288834E-41
1599	3.552177734074108E-41
1600	3.26273661183328E-41
1601	3.0524590225469644E-41
1602	2.985761898587365E-41
1603	2.744094005665802E-41
1604	2.570745525495078E-41
1605	2.4101843458150623E-41
1606	2.2645857415352018E-41
1607	2.1162606296710882E-41
1608	2.0007844647894867E-41
1609	1.8862594893949702E-41
1610	1.811281972403111E-41
1611	1.7437083237132436E-41
1612	1.6182846362808912E-41
1613	1.442214014404326E-41
1614	1.3795167640657444E-41
1615	1.3155458355701823E-41
1616	1.2024382221887616E-41
1617	1.1187212665941829E-41
1618	1.0209280595318892E-41
1619	9.87859928968607E-42
1620	9.231824325259764E-42
1621	8.524568904875458E-42
1622	8.210501902438519E-42
1623	7.530363186525543E-42
1624	7.292863308758535E-42
1625	7.063228769794385E-42
1626	6.364866482200532E-42
1627	6.105771222993413E-42
1628	5.651456222429677E-42
1629	5.284026900061925E-42
1630	5.13044901616093E-42
1631	4.6920868292110515E-42
1632	4.520160394310262E-42
1633	4.275721705788701E-42
1634	4.039691551513917E-42
1635	3.7477862311909105E-42
1636	3.50096210174565E-42
1637	3.2939588413808554E-42
1638	3.076536375297234E-42
1639	2.831905628178357E-42
1640	2.676955912995554E-42
1641	2.550681896416933E-42
1642	2.3768713818787963E-42
1643	2.267877733616666E-42
1644	2.1060755609271525E-42
1645	1.947608520093536E-42
1646	1.8654473133289807E-42
1647	1.7522473726590024E-42
1648	1.6171538985082248E-42
1649	1.4686528424572937E-42
1650	1.3590720146583363E-42
1651	1.2480426058151785E-42
1652	1.1350980485768854E-42
1653	1.1100552182894288E-42
1654	1.029411608862143E-42
1655	1.006077863690173E-42
1656	9.671847809223734E-43
1657	8.720333223700424E-43
1658	8.077153763392251E-43
1659	7.56949996790638E-43
1660	6.734391698410957E-43
1661	6.522053306582179E-43
1662	6.2694183228608205E-43
1663	6.198780594734927E-43
1664	5.814831879965244E-43
1665	5.426519397597645E-43
1666	4.956787194335476E-43
1667	4.700679820364433E-43
1668	4.500564110583358E-43
1669	4.082944901430848E-43
1670	3.967296043471109E-43
1671	3.763774611109615E-43
1672	3.521521989827414E-43
1673	3.346002417505169E-43
1674	3.0100717207053608E-43
1675	2.7944731268471748E-43
1676	2.6326596727287233E-43
1677	2.4645778474678175E-43
1678	2.338628261488982E-43
1679	2.1927543144958266E-43
1680	1.9973679684184227E-43
1681	1.8605931736036957E-43
1682	1.709065906173249E-43
1683	1.5911889615830745E-43
1684	1.5648309021077141E-43
1685	1.472966864057992E-43
1686	1.3949151310271538E-43
1687	1.2766138067765968E-43
1688	1.205610560796913E-43
1689	1.1857766725088751E-43
1690	1.1075309414008903E-43
1691	1.038416519262204E-43
1692	9.961492189117727E-44
1693	9.359590293327795E-44
1694	8.541464374245456E-44
1695	8.076759816705156E-44
1696	7.4312091559432445E-44
1697	7.172301721846793E-44
1698	6.780483215623469E-44
1699	6.409277265898579E-44
1700	6.106023015591665E-44
1701	5.5635757381673E-44
1702	5.209757761702227E-44
1703	4.933122290082133E-44
1704	4.489113649693058E-44
1705	4.203292747367089E-44
1706	3.769958511838235E-44
1707	3.359626839605131E-44
1708	3.2897963925190044E-44
1709	3.13430163048779E-44
1710	2.7774122961386857E-44
1711	2.510525716389518E-44
1712	2.377459888448254E-44
1713	2.349267499996307E-44
1714	2.1054962863233406E-44
1715	1.981389388308781E-44
1716	1.8134332317858084E-44
1717	1.6803839973216675E-44
1718	1.575153644255898E-44
1719	1.5429030975362606E-44
1720	1.5298637028692413E-44
1721	1.3815532089658881E-44
1722	1.2995140004207984E-44
1723	1.1305809283772243E-44
1724	1.0784148778047117E-44
1725	1.0443269546256165E-44
1726	1.0107937934592076E-44
1727	9.750926811031207E-45
1728	9.469626839909591E-45
1729	8.922903039753597E-45
1730	8.235915398843773E-45
1731	7.838260952374732E-45
1732	6.997117634434764E-45
1733	6.300753670628763E-45
1734	5.860411107224631E-45
1735	5.534209301828736E-45
1736	5.412990188658474E-45
1737	5.0828472779806774E-45
1738	4.831500035491037E-45
1739	4.546749815346482E-45
1740	4.2810205994238694E-45
1741	4.125300015492782E-45
1742	3.8464513507569297E-45
1743	3.475593636525171E-45
1744	3.192723743960638E-45
1745	3.008842608550858E-45
1746	2.7395896731289734E-45
1747	2.5720300094166964E-45
1748	2.4793837125458716E-45
1749	2.3705255365908214E-45
1750	2.279774227212741E-45
1751	2.1815254164414942E-45
1752	2.0341688467036456E-45
1753	1.8946338256034688E-45
1754	1.798648068025416E-45
1755	1.6570855747534147E-45
1756	1.5868088295875525E-45
1757	1.4458143699413888E-45
1758	1.3230580075985233E-45
1759	1.2891561200008708E-45
1760	1.19391768838867E-45
1761	1.129046972389175E-45
1762	1.0552057659625333E-45
1763	1.0344943357062133E-45
1764	9.84566254822077E-46
1765	9.155260861373574E-46
1766	8.388037991836834E-46
1767	7.843197976154732E-46
1768	7.115097017344196E-46
1769	6.743422252825937E-46
1770	6.466683900317865E-46
1771	5.895217414842353E-46
1772	5.421849097278926E-46
1773	5.31000036608476E-46
1774	4.991701068682852E-46
1775	4.858751396154602E-46
1776	4.4504487616734585E-46
1777	4.20250842403956E-46
1778	3.72654339334262E-46
1779	3.531161669411967E-46
1780	3.4501301288378304E-46
1781	3.1846973693504285E-46
1782	3.02861177560586E-46
1783	2.9045520421429304E-46
1784	2.7496196897801048E-46
1785	2.510652522906107E-46
1786	2.375693481523435E-46
1787	2.2924101285261254E-46
1788	1.9977902564898155E-46
1789	1.8432268089485784E-46
1790	1.775967951401907E-46
1791	1.630426543391432E-46
1792	1.5644274218628938E-46
1793	1.4976038635868945E-46
1794	1.3231148787360701E-46
1795	1.277925301276718E-46
1796	1.1611883903155384E-46
1797	1.0715919004714131E-46
1798	1.0395484544752573E-46
1799	9.972582952763218E-47
1800	8.850652451195447E-47
1801	8.500517467440273E-47
1802	7.801001198114341E-47
1803	7.309229156788276E-47
1804	6.609566641786425E-47
1805	6.202970185630752E-47
1806	5.58329171835126E-47
1807	5.40084928081582E-47
1808	4.796666621606604E-47
1809	4.599422766320527E-47
1810	4.1640700065764956E-47
1811	4.074838208266882E-47
1812	3.8273684497124103E-47
1813	3.6204583365004214E-47
1814	3.156577400443161E-47
1815	3.095013085725585E-47
1816	2.7443961966652047E-47
1817	2.658073179345167E-47
1818	2.4670113220122634E-47
1819	2.3214712654669957E-47
1820	2.220416110067853E-47
1821	1.9715735791069999E-47
1822	1.881173627317861E-47
1823	1.8508790992002622E-47
1824	1.7379124354220972E-47
1825	1.6248408104679966E-47
1826	1.5176197286573167E-47
1827	1.4292756204712252E-47
1828	1.2958414119611598E-47
1829	1.2382892304151717E-47
1830	1.1978380848841385E-47
1831	1.142724188346314E-47
1832	1.0621207587665797E-47
1833	9.829437182865315E-48
1834	9.275353991243259E-48
1835	8.647933993381526E-48
1836	8.233995711221593E-48
1837	7.988853941957782E-48
1838	7.444480421776865E-48
1839	7.065797318047632E-48
1840	6.264134218332235E-48
1841	5.793856215842126E-48
1842	5.398021551692442E-48
1843	5.125463715217488E-48
1844	4.910765249007973E-48
1845	4.5825917249993783E-48
1846	4.2970924930997204E-48
1847	4.098071194415087E-48
1848	3.938797509880868E-48
1849	3.5123955627644763E-48
1850	3.166330541767556E-48
1851	2.991212579242561E-48
1852	2.8409197728810394E-48
1853	2.6597381418262727E-48
1854	2.6331709039518072E-48
1855	2.2338851089027665E-48
1856	2.1438747570506774E-48
1857	2.0887118883655444E-48
1858	2.0345428695013642E-48
1859	1.948589053112314E-48
1860	1.79280656268136E-48
1861	1.6721826296838374E-48
1862	1.4347500339826598E-48
1863	1.3896733089718344E-48
1864	1.2593229980178035E-48
1865	1.16192497561235E-48
1866	1.0944494873598018E-48
1867	1.043246936180205E-48
1868	1.0136369649013755E-48
1869	9.811739059576397E-49
1870	9.388118512747605E-49
1871	8.874712589975425E-49
1872	8.146636273457308E-49
1873	7.071329844416614E-49
1874	6.758575892017618E-49
1875	6.145374651420856E-49
1876	5.7199664989830516E-49
1877	5.334674044356831E-49
1878	5.192988329640343E-49
1879	5.074532693793883E-49
1880	4.468564500974912E-49
1881	4.1556540199346126E-49
1882	3.828158548802618E-49
1883	3.711426788865454E-49
1884	3.33404196406468E-49
1885	3.074964023734036E-49
1886	2.9219460777399758E-49
1887	2.776367370776848E-49
1888	2.652271658106846E-49
1889	2.4363985001620853E-49
1890	2.2756001215626418E-49
1891	2.222282351229942E-49
1892	2.029529463036511E-49
1893	1.818139270303688E-49
1894	1.6771449436783398E-49
1895	1.5711138506815498E-49
1896	1.5431880768820029E-49
1897	1.5211981334906621E-49
1898	1.2939893213637835E-49
1899	1.2377628733849402E-49
1900	1.1729392811892892E-49
1901	1.1389763424306215E-49
1902	1.0384792466616391E-49
1903	9.647165970983676E-50
1904	9.35511629701266E-50
1905	8.974393553024529E-50
1906	8.547315724923631E-50
1907	7.82481716757568E-50
1908	7.45919891137628E-50
1909	7.350249090834052E-50
1910	6.43417538968229E-50
1911	6.1452169323744515E-50
1912	5.705546968384459E-50
1913	5.075809383302056E-50
1914	4.654880162747696E-50
1915	4.492667541777621E-50
1916	4.384267970708471E-50
1917	4.0566958364245124E-50
1918	3.549173717468431E-50
1919	3.4159731334681506E-50
1920	3.3355417739254137E-50
1921	3.0256194393633734E-50
1922	2.7758851466428006E-50
1923	2.512176839494904E-50
1924	2.385199004277476E-50
1925	2.2535501255745164E-50
1926	2.1586144149200744E-50
1927	1.985911845551875E-50
1928	1.9192004134088724E-50
1929	1.784082123671016E-50
1930	1.646836964260045E-50
1931	1.5450107016201748E-50
1932	1.443280548768514E-50
1933	1.3567796948398992E-50
1934	1.2848282186257688E-50
1935	1.2214010496219513E-50
1936	1.1562849456807367E-50
1937	1.1049843306719598E-50
1938	1.0467587026443937E-50
1939	9.746541524900434E-51
1940	8.912016514945577E-51
1941	8.553957800446014E-51
1942	7.606233591887618E-51
1943	7.166482598735277E-51
1944	6.931922168099015E-51
1945	6.284245216597784E-51
1946	6.092749824871151E-51
1947	5.903296099462648E-51
1948	5.52297273590176E-51
1949	5.0168859920537997E-51
1950	4.56157932548777E-51
1951	4.307621428136971E-51
1952	3.8428251257562094E-51
1953	3.646336800559442E-51
1954	3.3968260974964273E-51
1955	3.28310000271537E-51
1956	3.0762667559942493E-51
1957	2.9412325213754025E-51
1958	2.76490151069409E-51
1959	2.5627253630356612E-51
1960	2.2811823877025486E-51
1961	2.158314618342967E-51
1962	2.0787080914104267E-51
1963	1.921110350847982E-51
1964	1.8135978815061807E-51
1965	1.69701189998213E-51
1966	1.651312958498273E-51
1967	1.5543667009679716E-51
1968	1.4709803758806958E-51
1969	1.3181346910984353E-51
1970	1.259719657736393E-51
1971	1.119902581951909E-51
1972	1.054932616201527E-51
1973	1.00559119384585E-51
1974	9.685992512980338E-52
1975	8.982491009791175E-52
1976	8.209302529550951E-52
1977	7.916625859568404E-52
1978	7.055324353961378E-52
1979	6.47898287695387E-52
1980	6.002458824623644E-52
1981	5.684102432251268E-52
1982	5.494800693642741E-52
1983	5.351937387584218E-52
1984	5.0304060557282445E-52
1985	4.486980224179921E-52
1986	4.2774669999958685E-52
1987	4.119490328842459E-52
1988	3.704197704793341E-52
1989	3.561819045861749E-52
1990	3.456308990885035E-52
1991	3.353869843354889E-52
1992	3.1406870640593845E-52
1993	2.9978676070698883E-52
1994	2.7205253064531765E-52
1995	2.48443751501437E-52
1996	2.3034392288838466E-52
1997	2.1417556207011308E-52
1998	1.941286108047535E-52
1999	1.7790512700307433E-52
2000	1.7036656760177637E-52
2001	1.5843365357648206E-52
2002	1.5214492544646689E-52
2003	1.4742716411474706E-52
2004	1.4046197670984658E-52
2005	1.3094683037414685E-52
2006	1.185914727851684E-52
2007	1.1503564916794535E-52
2008	1.1070499114672646E-52
2009	9.417754878558385E-53
2010	8.983336547100201E-53
2011	8.019454532820893E-53
2012	7.742827504636141E-53
2013	7.3120422863570725E-53
2014	7.114031834473286E-53
2015	6.649496720343019E-53
2016	5.936673457140925E-53
2017	5.738425678983668E-53
2018	5.536946813013554E-53
2019	5.130954854652345E-53
2020	4.884185239123089E-53
2021	4.607954080845771E-53
2022	4.247285950591062E-53
2023	3.8014160461685945E-53
2024	3.694789118218226E-53
2025	3.518184659938223E-53
2026	3.298942929270028E-53
2027	3.1493681665468006E-53
2028	2.9025430521532706E-53
2029	2.7379839094535193E-53
2030	2.5735477669111405E-53
2031	2.42746069624982E-53
2032	2.3684261624541003E-53
2033	2.194176383872619E-53
2034	2.0147018202735506E-53
2035	1.9176083853830626E-53
2036	1.762028376534015E-53
2037	1.5709977524344587E-53
2038	1.5150471934283674E-53
2039	1.455677493462134E-53
2040	1.3569146596768261E-53
2041	1.2451257130063241E-53
2042	1.1938908635626508E-53
2043	1.0168428226648559E-53
2044	9.533649791788547E-54
2045	8.999741559412436E-54
2046	8.319255200736753E-54
2047	7.764133512697284E-54
2048	7.502644223850267E-54
2049	7.051086390595689E-54
2050	6.855877887403445E-54
2051	6.58533433080813E-54
2052	5.854093669192791E-54
2053	5.32952910068488E-54
2054	5.0873384921661643E-54
2055	4.7938591596810093E-54
2056	4.585189868924789E-54
2057	4.291886523948921E-54
2058	4.115754657937593E-54
2059	3.9903950863876854E-54
2060	3.69656282263501E-54
2061	3.443272691201197E-54
2062	3.224061357718711E-54
2063	3.05841652190229E-54
2064	2.8547306615962025E-54
2065	2.7058967352580454E-54
2066	2.615011150367574E-54
2067	2.368203798493894E-54
2068	2.234481611647229E-54
2069	2.1410589547900728E-54
2070	1.9938286664998585E-54
2071	1.9580196333883364E-54
2072	1.8348603751297162E-54
2073	1.607936226300819E-54
2074	1.547722210885821E-54
2075	1.4672112914288258E-54
2076	1.4110990761214014E-54
2077	1.3703910155151733E-54
2078	1.1855208227343982E-54
2079	1.1070782892789035E-54
2080	1.0716708754457539E-54
2081	1.0287810553473813E-54
2082	9.58514835998322E-55
2083	8.925458154231783E-55
2084	8.33681450402996E-55
2085	7.32007580693071E-55
2086	6.928529009405145E-55
2087	6.50491519008053E-55
2088	5.818571948853187E-55
2089	5.538427277585287E-55
2090	5.17613322994796E-55
2091	4.9310196481311325E-55
2092	4.496311065314978E-55
2093	4.333406294074645E-55
2094	4.094709075069929E-55
2095	3.7887024999497604E-55
2096	3.5449926478117995E-55
2097	3.148408540693967E-55
2098	2.971940623344377E-55
2099	2.842204111236221E-55
2100	2.602970153623271E-55
2101	2.5151701206793387E-55
2102	2.381699019632405E-55
2103	2.251129574404768E-55
2104	2.2057175767788912E-55
2105	2.1085221149975712E-55
2106	1.9272391283446868E-55
2107	1.675842036000001E-55
2108	1.6144169915330199E-55
2109	1.4838030311298971E-55
2110	1.3529140896383566E-55
2111	1.2130031943324507E-55
2112	1.1818288621979399E-55
2113	1.116626006422727E-55
2114	1.0142863333789105E-55
2115	9.903152221214778E-56
2116	8.785573583291122E-56
2117	8.451909069987524E-56
2118	8.18115965054435E-56
2119	7.612803790538679E-56
2120	7.151826933503462E-56
2121	6.403659983638258E-56
2122	6.027885284794006E-56
2123	5.49961654983353E-56
2124	5.1611197634930945E-56
2125	4.486004888310827E-56
2126	4.269113625121837E-56
2127	3.9629503187795332E-56
2128	3.744131381498325E-56
2129	3.618208757742327E-56
2130	3.515457179612395E-56
2131	3.214869654531975E-56
2132	3.1017719381144697E-56
2133	2.9884829102607892E-56
2134	2.787437449439378E-56
2135	2.7122496638205396E-56
2136	2.6179321025743744E-56
2137	2.4788017243107287E-56
2138	2.277217659676183E-56
2139	2.171876328242801E-56
2140	1.9174834503055797E-56
2141	1.720051173362118E-56
2142	1.6843922474861466E-56
2143	1.5172650884300724E-56
2144	1.496590337806123E-56
2145	1.4374566762826217E-56
2146	1.3901446264383329E-56
2147	1.3232447816389954E-56
2148	1.2130036946938661E-56
2149	1.169282549688762E-56
2150	1.0758208395017806E-56
2151	1.0232166011548415E-56
2152	9.354828593900814E-57
2153	8.786265724415781E-57
2154	8.110677721378872E-57
2155	7.701545922602502E-57
2156	7.484467500145235E-57
2157	7.335649365247822E-57
2158	6.942394730929947E-57
2159	6.537079138756142E-57
2160	6.08685979052664E-57
2161	5.522289494086704E-57
2162	5.0563767664268335E-57
2163	4.6456017298516016E-57
2164	4.3595241065630204E-57
2165	4.185747298555694E-57
2166	3.948697191158575E-57
2167	3.7126024293551326E-57
2168	3.146735928239796E-57
2169	2.959801055630194E-57
2170	2.9113872184660255E-57
2171	2.717066801620384E-57
2172	2.58903887896827E-57
2173	2.3553391335339058E-57
2174	2.1220393671398176E-57
2175	2.0114050287569934E-57
2176	1.9490048991156547E-57
2177	1.828529519575129E-57
2178	1.7112712667165288E-57
2179	1.6094224814387403E-57
2180	1.50790117756505E-57
2181	1.439560481629206E-57
2182	1.348822439587645E-57
2183	1.295386901354983E-57
2184	1.2219828995258454E-57
2185	1.1058099017633591E-57
2186	1.0737481153236679E-57
2187	1.043973441753505E-57
2188	1.0109290565801016E-57
2189	9.235172472261294E-58
2190	8.427180846738924E-58
2191	7.771353200389167E-58
2192	7.310366886232135E-58
2193	6.712967730474981E-58
2194	6.259100015667248E-58
2195	6.079298449420255E-58
2196	5.8799067837039404E-58
2197	5.745028283599839E-58
2198	4.915626585209467E-58
2199	4.703888921190341E-58
2200	4.476568197695362E-58
2201	4.319405121063624E-58
2202	3.961693735239202E-58
2203	3.7540711846091344E-58
2204	3.475014973227342E-58
2205	3.273302221359463E-58
2206	2.9676950205151324E-58
2207	2.7914908042423E-58
2208	2.62743078944951E-58
2209	2.4843904532227145E-58
2210	2.2794179416052673E-58
2211	2.1451661214882356E-58
2212	2.0231615008053593E-58
2213	1.9791882602978026E-58
2214	1.813388848958406E-58
2215	1.6646239937683588E-58
2216	1.568663427327385E-58
2217	1.4562726299219958E-58
2218	1.3769048619241604E-58
2219	1.3503246074298067E-58
2220	1.3105483473716617E-58
2221	1.2540867690033664E-58
2222	1.1374504984722194E-58
2223	1.1090160741054934E-58
2224	1.0495181280073326E-58
2225	9.532782694654258E-59
2226	8.54140242413153E-59
2227	8.254524604780476E-59
2228	7.697802767464525E-59
2229	6.8977887687697955E-59
2230	6.604410048481342E-59
2231	6.442205368283672E-59
2232	5.981401294923893E-59
2233	5.667721757836868E-59
2234	5.2232310822091485E-59
2235	4.815117583885193E-59
2236	4.651464393700334E-59
2237	4.362095175694126E-59
2238	4.251708367554706E-59
2239	3.7478960687664203E-59
2240	3.506039663253026E-59
2241	3.3164878722616424E-59
2242	3.023088928020463E-59
2243	2.743237981421777E-59
2244	2.586376668662172E-59
2245	2.498502560593583E-59
2246	2.3516312067330423E-59
2247	2.148492061769727E-59
2248	1.9876001073890423E-59
2249	1.8955687537849565E-59
2250	1.6971070791598588E-59
2251	1.6480046046561782E-59
2252	1.5692472469137517E-59
2253	1.4623446667589432E-59
2254	1.3220979425277617E-59
2255	1.2294204274086452E-59
2256	1.1691659477887765E-59
2257	1.1059677885086883E-59
2258	1.059699577314192E-59
2259	9.919077218837367E-60
2260	9.60965475377545E-60
2261	9.010407503954671E-60
2262	8.280162844411753E-60
2263	7.815197658458972E-60
2264	7.09630357844136E-60
2265	6.762369150613588E-60
2266	6.383552661400829E-60
2267	5.992005545744964E-60
2268	5.742416619472246E-60
2269	5.150181420130192E-60
2270	4.88609194772747E-60
2271	4.6526060418610694E-60
2272	4.480917260173658E-60
2273	3.923850188607887E-60
2274	3.707491871203238E-60
2275	3.5037480088970456E-60
2276	3.253127910354437E-60
2277	3.027095952912506E-60
2278	2.959064846224911E-60
2279	2.78322568829937E-60
2280	2.52731524228275E-60
2281	2.4066828952939283E-60
2282	2.2318678603888958E-60
2283	2.0344544727948695E-60
2284	1.955383435210924E-60
2285	1.906085564875944E-60
2286	1.7923800049418735E-60
2287	1.6704585917102094E-60
2288	1.4509563685181563E-60
2289	1.3999600181092499E-60
2290	1.296194021568651E-60
2291	1.2476724043657243E-60
2292	1.1797347197504653E-60
2293	1.0990685310945487E-60
2294	9.961013354491829E-61
2295	9.572713479986985E-61
2296	9.248130507845195E-61
2297	8.522267794281755E-61
2298	8.225691931559909E-61
2299	7.578817863246278E-61
2300	6.919357370054356E-61
2301	6.580433700612079E-61
2302	6.296131646813523E-61
2303	5.958471991774669E-61
2304	5.392836758033994E-61
2305	5.0890928502540446E-61
2306	4.860953235801304E-61
2307	4.601291375885254E-61
2308	4.2131205943571376E-61
2309	4.0753311736937254E-61
2310	3.8224261270077065E-61
2311	3.6408990560583254E-61
2312	3.3529661463178966E-61
2313	2.9129460661174454E-61
2314	2.8242549733750342E-61
2315	2.6590040044156976E-61
2316	2.4305995810892694E-61
2317	2.3182536595324168E-61
2318	2.0958933462749083E-61
2319	1.9693556832837784E-61
2320	1.8219890398931462E-61
2321	1.6590275507144424E-61
2322	1.5379646131100651E-61
2323	1.5117788425858153E-61
2324	1.4895187944017903E-61
2325	1.439859455447007E-61
2326	1.3314843563115503E-61
2327	1.263673175575957E-61
2328	1.1052571436216391E-61
2329	1.0471205118378851E-61
2330	1.0282765426327257E-61
2331	9.726575037360406E-62
2332	9.098379804454566E-62
2333	8.889570953027512E-62
2334	8.00811812715135E-62
2335	7.54688856074701E-62
2336	7.087210104490868E-62
2337	6.869256141983781E-62
2338	6.182354531399112E-62
2339	5.843235309998295E-62
2340	5.494062636005761E-62
2341	4.995822799871345E-62
2342	4.708237475965374E-62
2343	4.230083592193524E-62
2344	4.122699085946822E-62
2345	4.0034029052265985E-62
2346	3.7530555953505215E-62
2347	3.6339258167139467E-62
2348	3.361311263150839E-62
2349	3.194017839196689E-62
2350	2.9467758296357895E-62
2351	2.6863218348135594E-62
2352	2.3867247539750584E-62
2353	2.250809819096532E-62
2354	2.1846060320330766E-62
2355	2.0988725087797726E-62
2356	1.9908314695266876E-62
2357	1.876105606358725E-62
2358	1.7230381836610687E-62
2359	1.5979502435482298E-62
2360	1.4867566514154427E-62
2361	1.3616802295604916E-62
2362	1.2994323965138963E-62
2363	1.127632761536539E-62
2364	1.0469967971435642E-62
2365	9.756860833678386E-63
2366	9.575835685629276E-63
2367	8.654450389902328E-63
2368	7.936835835538705E-63
2369	7.283170398803951E-63
2370	7.177913517269467E-63
2371	6.701136561395288E-63
2372	6.331531122897816E-63
2373	5.970921169761987E-63
2374	5.612127479467929E-63
2375	5.324039457801566E-63
2376	4.5622187432442587E-63
2377	4.203574478027399E-63
2378	4.049703326547271E-63
2379	3.937451153365538E-63
2380	3.859174378710183E-63
2381	3.572200935883787E-63
2382	3.4459091400815184E-63
2383	3.305169029976368E-63
2384	2.9426727359185623E-63
2385	2.776963370753497E-63
2386	2.439539090797635E-63
2387	2.2586670947179488E-63
2388	2.133347408078183E-63
2389	2.0892538390854937E-63
2390	1.8379890921588948E-63
2391	1.7533677040717267E-63
2392	1.651038451895746E-63
2393	1.5949887996103185E-63
2394	1.5087698324998536E-63
2395	1.4373245217221887E-63
2396	1.3259066441306215E-63
2397	1.2082990046266172E-63
2398	1.1490651601466692E-63
2399	1.1044088201505597E-63
2400	1.0751075007572067E-63
2401	9.405528992192832E-64
2402	9.109172228542163E-64
2403	8.703682755465004E-64
2404	8.249551787656762E-64
2405	7.103000130726291E-64
2406	6.499516486691422E-64
2407	5.475323620310005E-64
2408	5.212048409796239E-64
2409	5.023797856189717E-64
2410	4.8688050819587075E-64
2411	4.71433330791273E-64
2412	4.3832474033456816E-64
2413	4.1321087169429996E-64
2414	3.9127096374997666E-64
2415	3.677979123867915E-64
2416	3.3266773749402606E-64
2417	3.140125884591905E-64
2418	2.93768906407182E-64
2419	2.7153000954782317E-64
2420	2.5870540993918868E-64
2421	2.494618849740815E-64
2422	2.2347103415512865E-64
2423	2.141622447766514E-64
2424	1.9545860222236046E-64
2425	1.733036832378111E-64
2426	1.6232736331485153E-64
2427	1.6073650399624177E-64
2428	1.5574661857112742E-64
2429	1.4973838753855282E-64
2430	1.3685907407178493E-64
2431	1.2251186699281848E-64
2432	1.1337911247573182E-64
2433	1.0009734841528229E-64
2434	9.526706315641562E-65
2435	9.15904370712883E-65
2436	8.73536443316009E-65
2437	8.504041992494276E-65
2438	7.960671047575984E-65
2439	7.686854261984964E-65
2440	6.83343608291737E-65
2441	6.444906544123913E-65
2442	6.188907759233695E-65
2443	5.750228022755067E-65
2444	5.5662824096655625E-65
2445	5.418292418455918E-65
2446	4.820324208985362E-65
2447	4.530534964419576E-65
2448	4.069836171817103E-65
2449	3.857433355117889E-65
2450	3.7367317885053724E-65
2451	3.5094818098055753E-65
2452	3.3666492059020047E-65
2453	3.2642913736017476E-65
2454	3.0603287826053955E-65
2455	2.6495395988746454E-65
2456	2.497739857191808E-65
2457	2.4590259363269353E-65
2458	2.320797600027135E-65
2459	2.2230053542514646E-65
2460	2.107624394122244E-65
2461	1.9064704737949167E-65
2462	1.850709995106641E-65
2463	1.7313964229142909E-65
2464	1.6326381034317363E-65
2465	1.5526226651612286E-65
2466	1.4915893054099642E-65
2467	1.3356181736857257E-65
2468	1.2761683409874015E-65
2469	1.189172681205927E-65
2470	1.1078258766811471E-65
2471	1.0490762899590899E-65
2472	9.707157562975752E-66
2473	9.00760389594012E-66
2474	8.494552332881357E-66
2475	7.996832760274766E-66
2476	7.495576578681373E-66
2477	6.923715556174695E-66
2478	6.519448474305061E-66
2479	6.06029760159024E-66
2480	5.569893024893789E-66
2481	5.233446628945812E-66
2482	5.064045011955553E-66
2483	4.6647346571896077E-66
2484	4.599507750628526E-66
2485	4.255405165334639E-66
2486	4.1302847820808595E-66
2487	3.8654513149614237E-66
2488	3.4533490206424504E-66
2489	3.2582353682716827E-66
2490	3.118503061679206E-66
2491	2.883059547318388E-66
2492	2.814247244163091E-66
2493	2.6085822221822356E-66
2494	2.493928775146557E-66
2495	2.1609178065325277E-66
2496	2.1196566921015512E-66
2497	1.932949128532572E-66
2498	1.8264750625159063E-66
2499	1.5625494535401432E-66
2500	1.5130938293771654E-66
2501	1.41575963981335E-66
2502	1.3455380049315532E-66
2503	1.2289953985888032E-66
2504	1.0829545875304074E-66
2505	1.0630072378342951E-66
2506	1.0210530336415936E-66
2507	9.424513144290152E-67
2508	8.861185130273732E-67
2509	8.657156108681245E-67
2510	8.026198941049525E-67
2511	7.715325244454385E-67
2512	7.35337854020701E-67
2513	6.94033357580162E-67
2514	6.699351009220864E-67
2515	6.622996939953373E-67
2516	6.096672838864749E-67
2517	5.849167928271335E-67
2518	5.1033666392893035E-67
2519	4.469466110420762E-67
2520	4.313148011189946E-67
2521	4.190928363893266E-67
2522	3.980722970948353E-67
2523	3.666699425165076E-67
2524	3.3173442623919E-67
2525	3.221988405292641E-67
2526	2.9637495617190007E-67
2527	2.74208290010831E-67
2528	2.6186319718227725E-67
2529	2.2673337926925262E-67
2530	1.958316766931803E-67
2531	1.923502102251984E-67
2532	1.864948123180223E-67
2533	1.7052425661929375E-67
2534	1.6536471807440195E-67
2535	1.547677362755871E-67
2536	1.4790115968034676E-67
2537	1.3860278559540556E-67
2538	1.315924836662713E-67
2539	1.245763638328762E-67
2540	1.1677923879365529E-67
2541	1.1439016651655781E-67
2542	1.0522426649674665E-67
2543	9.812850832733152E-68
2544	9.53709406213767E-68
2545	8.957164536390454E-68
2546	8.552079750573233E-68
2547	7.979315173440694E-68
2548	7.50227010713231E-68
2549	6.7739474179561605E-68
2550	6.648877013694353E-68
2551	6.258362100584313E-68
2552	5.752482545548583E-68
2553	5.578450738399083E-68
2554	5.3037444189884045E-68
2555	5.117149963742281E-68
2556	4.6211990563588625E-68
2557	4.371132290628142E-68
2558	4.245753929439686E-68
2559	4.083705363711979E-68
2560	3.823747506946957E-68
2561	3.376182818937831E-68
2562	3.1803077058208246E-68
2563	3.028707112758091E-68
2564	2.818795145338762E-68
2565	2.601327184684917E-68
2566	2.5115742811525594E-68
2567	2.3105676546676674E-68
2568	2.1305290123956967E-68
2569	1.857520859827709E-68
2570	1.7166735371966556E-68
2571	1.642521219324874E-68
2572	1.4309882778924014E-68
2573	1.3475581389491943E-68
2574	1.2895020583719414E-68
2575	1.221898003778708E-68
2576	1.149727984964667E-68
2577	1.0310758544860697E-68
2578	9.04881652760844E-69
2579	8.807745633985331E-69
2580	8.284046019357283E-69
2581	8.106816464710815E-69
2582	7.70642112204551E-69
2583	7.578988957034231E-69
2584	7.400471811509524E-69
2585	6.92974434068085E-69
2586	6.178322293249364E-69
2587	5.57265540323188E-69
2588	4.975248065142948E-69
2589	4.702248026118703E-69
2590	4.527036029309978E-69
2591	4.25561584721031E-69
2592	4.02347908300929E-69
2593	3.9871717467960796E-69
2594	3.8306898664247057E-69
2595	3.1809081660155495E-69
2596	3.1019588200535445E-69
2597	3.0274794094891266E-69
2598	2.731131763702578E-69
2599	2.427402323723602E-69
2600	2.3159022233431592E-69
2601	2.2388897964771387E-69
2602	2.0585148810922682E-69
2603	1.9090158454153667E-69
2604	1.8320203084321473E-69
2605	1.600677509154334E-69
2606	1.5605496270929537E-69
2607	1.5042343393055563E-69
2608	1.4371977138048583E-69
2609	1.3335273854106733E-69
2610	1.2823912726389956E-69
2611	1.1846179647223495E-69
2612	1.1168853169526707E-69
2613	1.0316675319278389E-69
2614	9.865820304244013E-70
2615	8.737349537197129E-70
2616	8.321718629745227E-70
2617	7.975251982614024E-70
2618	7.689805811476264E-70
2619	7.519033273493782E-70
2620	6.609429830886082E-70
2621	6.394814414029278E-70
2622	5.88682057330077E-70
2623	5.829244272063983E-70
2624	5.393892836855828E-70
2625	5.0874494814844564E-70
2626	4.8334540212486324E-70
2627	4.772600273245152E-70
2628	4.4861653695385785E-70
2629	3.9536085221871165E-70
2630	3.416073581659018E-70
2631	3.191825883763973E-70
2632	3.147072074036449E-70
2633	2.8363459262229888E-70
2634	2.6807863320948872E-70
2635	2.3326062167626076E-70
2636	2.0305649263943202E-70
2637	1.8560902816428304E-70
2638	1.7450411593804757E-70
2639	1.6972458774532136E-70
2640	1.6572491460976595E-70
2641	1.5855284899140362E-70
2642	1.5006806841823587E-70
2643	1.3998334572102403E-70
2644	1.2677325907309155E-70
2645	1.2004739970586183E-70
2646	1.019289913375816E-70
2647	9.855847560197786E-71
2648	9.678686786001779E-71
2649	8.842141763396565E-71
2650	8.399523996106158E-71
2651	7.994863821310791E-71
2652	7.642184587659227E-71
2653	7.494528716021262E-71
2654	7.24780315697102E-71
2655	6.6781595351737915E-71
2656	6.2424530558578416E-71
2657	5.605943163470613E-71
2658	5.422698102084316E-71
2659	5.1736651722237075E-71
2660	4.7342611380875174E-71
2661	4.335388765047115E-71
2662	4.2286499310246315E-71
2663	4.0813310297264E-71
2664	3.5641012282018754E-71
2665	3.2824018410113662E-71
2666	2.942481250580296E-71
2667	2.7671721090182214E-71
2668	2.5120264334157094E-71
2669	2.472766436172479E-71
2670	2.163724360010877E-71
2671	2.0911286963950033E-71
2672	2.0411018392770076E-71
2673	1.9268490461564893E-71
2674	1.8520293371106652E-71
2675	1.6891471634103287E-71
2676	1.6357436322556162E-71
2677	1.5512679105513766E-71
2678	1.3916416844334171E-71
2679	1.314915789555575E-71
2680	1.2301227648336938E-71
2681	1.1791230301424095E-71
2682	1.0237887463133063E-71
2683	9.915036032351295E-72
2684	9.284869342147887E-72
2685	9.15183057235246E-72
2686	8.448883396801599E-72
2687	7.435695161794705E-72
2688	7.247766988563574E-72
2689	6.66069334869229E-72
2690	6.362843517495181E-72
2691	6.037557422919435E-72
2692	5.598834821414358E-72
2693	5.070073296021182E-72
2694	4.809554993953457E-72
2695	4.5232223576352325E-72
2696	4.055057628963697E-72
2697	3.947612117288774E-72
2698	3.6407366524329883E-72
2699	3.487277145284777E-72
2700	3.338873975474798E-72
2701	3.072181473413616E-72
2702	2.9260361053869726E-72
2703	2.8410092795180077E-72
2704	2.635182371604176E-72
2705	2.4202514816473944E-72
2706	2.191852096162513E-72
2707	2.0805977638415767E-72
2708	2.0125745671385178E-72
2709	1.9215537469043925E-72
2710	1.8539287087609728E-72
2711	1.747189567686512E-72
2712	1.5981810637951665E-72
2713	1.5261670549876457E-72
2714	1.467763590340405E-72
2715	1.359579573394481E-72
2716	1.2595664415441206E-72
2717	1.180569677996023E-72
2718	1.154279307563826E-72
2719	1.1032552914689031E-72
2720	9.970544819162913E-73
2721	9.524718330757401E-73
2722	8.66428425940439E-73
2723	7.827507862612024E-73
2724	7.553683930999787E-73
2725	7.228599499814894E-73
2726	6.824950154682571E-73
2727	6.654529433734016E-73
2728	6.417773984596115E-73
2729	6.175785428561514E-73
2730	5.3717055202910376E-73
2731	4.8668716219668225E-73
2732	4.722605563117886E-73
2733	4.4243506070980575E-73
2734	4.217219115824671E-73
2735	4.0598022322994616E-73
2736	3.685559056375392E-73
2737	3.419939485425796E-73
2738	3.227951009520384E-73
2739	2.926229039514028E-73
2740	2.7374605196336598E-73
2741	2.6545158784310433E-73
2742	2.5074375649864143E-73
2743	2.2757988192543873E-73
2744	2.0688939023411122E-73
2745	1.953691253999269E-73
2746	1.9020045944004185E-73
2747	1.743920472762221E-73
2748	1.7087728431126056E-73
2749	1.5763610610292212E-73
2750	1.4652193436802332E-73
2751	1.3942085491375209E-73
2752	1.3199600029486073E-73
2753	1.2219540155356616E-73
2754	1.1665197013749747E-73
2755	9.675629497921161E-74
2756	9.368367794729874E-74
2757	8.785013241211916E-74
2758	8.249353887895182E-74
2759	7.487672980702066E-74
2760	6.9789956295808356E-74
2761	6.905251694035815E-74
2762	6.620443369084229E-74
2763	6.379991192921373E-74
2764	5.679802469247912E-74
2765	5.222427518050502E-74
2766	4.7175295355273914E-74
2767	4.600265906366224E-74
2768	4.290761656956566E-74
2769	4.001390212285052E-74
2770	3.578134581770418E-74
2771	3.4577757510301435E-74
2772	3.0974252187730787E-74
2773	2.9628343610622356E-74
2774	2.8868451800207507E-74
2775	2.571366743979859E-74
2776	2.439125108220065E-74
2777	2.3871314420385154E-74
2778	2.2630516978822755E-74
2779	2.2285940928004896E-74
2780	1.9678393422396072E-74
2781	1.8621447724289343E-74
2782	1.8103485792564392E-74
2783	1.6458145190381014E-74
2784	1.5415580362463575E-74
2785	1.398565713423914E-74
2786	1.307025723127586E-74
2787	1.254264359365478E-74
2788	1.1278104943094856E-74
2789	1.0881691251390556E-74
2790	1.0166471524006642E-74
2791	9.5148290331385E-75
2792	9.121877115459525E-75
2793	8.820557220972675E-75
2794	8.461569096866103E-75
2795	7.939109376068713E-75
2796	7.295225099767072E-75
2797	6.756835324612521E-75
2798	6.373871822646077E-75
2799	6.114469345686391E-75
2800	5.834409810099103E-75
2801	5.316090438836175E-75
2802	4.893685394976565E-75
2803	4.593873493369326E-75
2804	4.2344717440456442E-75
2805	4.100757525045414E-75
2806	3.921416319057167E-75
2807	3.42496114563186E-75
2808	3.2810968368845204E-75
2809	3.1083997705475166E-75
2810	2.8150853345875773E-75
2811	2.3834396010080446E-75
2812	2.2940887854888613E-75
2813	2.224929673221804E-75
2814	1.8980438690527853E-75
2815	1.8121361906889371E-75
2816	1.705888410526576E-75
2817	1.654357305156968E-75
2818	1.5811961914446492E-75
2819	1.4724751396792233E-75
2820	1.3597407059281626E-75
2821	1.195387491827691E-75
2822	1.0929814027661494E-75
2823	1.0235288706870428E-75
2824	9.798936629018132E-76
2825	8.674273823056502E-76
2826	8.361560846343998E-76
2827	7.974203564951757E-76
2828	7.397299977741763E-76
2829	7.265326580243727E-76
2830	7.030451680859002E-76
2831	6.578545240413176E-76
2832	6.051566966432325E-76
2833	5.91626237447778E-76
2834	5.12356078276272E-76
2835	4.7663879222392736E-76
2836	4.4389516957995057E-76
2837	4.077806689677496E-76
2838	3.9836532375273233E-76
2839	3.7192186741763756E-76
2840	3.514818429732482E-76
2841	3.311933704691564E-76
2842	3.091803712037356E-76
2843	2.9168396580389286E-76
2844	2.8104283536432714E-76
2845	2.6768883519607292E-76
2846	2.4975051291404297E-76
2847	2.4555117816511055E-76
2848	2.3185468449050818E-76
2849	2.231954964077875E-76
2850	2.1599659680277875E-76
2851	2.0768218352102057E-76
2852	1.9520486227944156E-76
2853	1.7984049886692746E-76
2854	1.72728169357261E-76
2855	1.5522686168329847E-76
2856	1.3822776529287248E-76
2857	1.3255367197565026E-76
2858	1.2941252209515012E-76
2859	1.2383710290962299E-76
2860	1.1922416554810218E-76
2861	1.1072406108559153E-76
2862	9.53452658396003E-77
2863	8.874924496102923E-77
2864	8.062745694357243E-77
2865	7.195878710626386E-77
2866	6.8459544256286716E-77
2867	6.216448054858794E-77
2868	6.048383914355446E-77
2869	5.654825663500807E-77
2870	5.387831262667133E-77
2871	5.142617073409119E-77
2872	4.7339742293659775E-77
2873	4.4927980016648286E-77
2874	3.868173391546035E-77
2875	3.617138926427483E-77
2876	3.46806683935994E-77
2877	3.3581933201101562E-77
2878	3.0311171193515437E-77
2879	2.6781162543457783E-77
2880	2.6107595004215794E-77
2881	2.378648199290943E-77
2882	2.3169073375561534E-77
2883	2.1559724515301234E-77
2884	2.0298791578351297E-77
2885	1.841518901414125E-77
2886	1.7054946716091128E-77
2887	1.6245246915642208E-77
2888	1.5891090395533766E-77
2889	1.529982988142204E-77
2890	1.3583563941445574E-77
2891	1.22577945947636E-77
2892	1.1532878618098622E-77
2893	1.1285664980265302E-77
2894	1.00472989667522E-77
2895	9.222476274918065E-78
2896	9.083955901899103E-78
2897	8.309488010987868E-78
2898	7.793687844820221E-78
2899	7.374930281347397E-78
2900	6.532109697144833E-78
2901	5.991481270231393E-78
2902	5.766164687998011E-78
2903	5.607002101008159E-78
2904	5.306432305405986E-78
2905	4.938367153442658E-78
2906	4.701745085177447E-78
2907	4.0641430322780156E-78
2908	3.912799995599607E-78
2909	3.635823617118669E-78
2910	3.1890078891189653E-78
2911	3.1078432716637473E-78
2912	2.9812026352669815E-78
2913	2.789581540949193E-78
2914	2.6319509521250945E-78
2915	2.346756190233678E-78
2916	2.1654080850090514E-78
2917	2.0682230764804568E-78
2918	1.959191670187877E-78
2919	1.7739338434264042E-78
2920	1.7325739557964604E-78
2921	1.7074663017122553E-78
2922	1.627490148861742E-78
2923	1.4103922297790805E-78
2924	1.290127967821338E-78
2925	1.205738057638281E-78
2926	1.1202913771066146E-78
2927	1.0489480885114328E-78
2928	1.0212058003466211E-78
2929	9.347004342428904E-79
2930	9.084348904140927E-79
2931	8.724885927110902E-79
2932	8.17654820185008E-79
2933	7.907537163422345E-79
2934	7.39289261932057E-79
2935	7.133351961925216E-79
2936	6.411870559810934E-79
2937	6.228181909586681E-79
2938	5.862123101055243E-79
2939	5.680193846792454E-79
2940	5.180262753729892E-79
2941	5.0167658430908443E-79
2942	4.6744429549185186E-79
2943	4.3039172074176067E-79
2944	4.002661956546025E-79
2945	3.880662240756059E-79
2946	3.574138245289589E-79
2947	3.472726614499407E-79
2948	3.1759066074244305E-79
2949	2.9988525912442546E-79
2950	2.716311432454297E-79
2951	2.5961798991586556E-79
2952	2.5127932691716188E-79
2953	2.3193756761457683E-79
2954	2.1175661020878004E-79
2955	2.0691021791535598E-79
2956	1.9743997592362935E-79
2957	1.9110190364187965E-79
2958	1.846740084076711E-79
2959	1.7337127173821448E-79
2960	1.7185739426600368E-79
2961	1.653232484268615E-79
2962	1.4113700662911022E-79
2963	1.344278648908927E-79
2964	1.2173798888514512E-79
2965	1.1588679076423766E-79
2966	1.1193479792602465E-79
2967	1.0702359348240221E-79
2968	1.0319938376865132E-79
2969	9.821529299870322E-80
2970	9.570611031421469E-80
2971	9.020709069937703E-80
2972	8.332438106857929E-80
2973	7.709678977488665E-80
2974	6.428654481815302E-80
2975	6.1237847922306555E-80
2976	5.817552245249637E-80
2977	5.490222322968796E-80
2978	5.1061653209536666E-80
2979	4.821070070323265E-80
2980	4.377723616499783E-80
2981	4.349688623466863E-80
2982	4.0639424737913164E-80
2983	3.768748712829642E-80
2984	3.478394208958946E-80
2985	3.3198208813317028E-80
2986	3.2107559385827074E-80
2987	2.8617302266189486E-80
2988	2.5670028460895565E-80
2989	2.293123975007284E-80
2990	2.2066188489281537E-80
2991	2.1324331782035604E-80
2992	2.0609039400866273E-80
2993	1.8393369561430702E-80
2994	1.704103094882246E-80
2995	1.5785708619614406E-80
2996	1.509276411866846E-80
2997	1.401382600277384E-80
2998	1.3257416330701573E-80
2999	1.3100322260233836E-80
3000	1.2598812576976681E-80
