1	2.958378040949886E8
2	2.201187487341491E8
3	1.6211052373630178E8
4	1.3046538755420259E8
5	1.0574235145375118E8
6	8.641324771433891E7
7	6.85403373755969E7
8	5.625512340691056E7
9	4.719609845884954E7
10	4.386717909322366E7
11	3.744704801342083E7
12	3.422722294421863E7
13	2.9698226193761792E7
14	2.60700283232194E7
15	2.493353556291001E7
16	2.2207574018989038E7
17	1.8044451057920374E7
18	1.4455813227456268E7
19	1.272038297838725E7
20	1.2360594511843773E7
21	1.1380552369999286E7
22	1.1173818822865758E7
23	1.000815043411937E7
24	9051501.51989648
25	8497165.490324486
26	7372921.330712724
27	7013832.785418937
28	5168579.503138516
29	4418803.774554791
30	3888145.974754293
31	3272072.969489081
32	2511805.0559034846
33	2333493.795169368
34	1909528.4925868185
35	1658226.5460171967
36	1518573.8100695647
37	1407664.9152949527
38	1230188.4656939828
39	1071914.2128136016
40	945803.7359711566
41	797739.623482377
42	649173.9218143654
43	558424.5737166101
44	456318.56967872486
45	426022.14516016206
46	358133.9482987868
47	290238.94198748865
48	219811.429401977
49	188881.60697404528
50	163779.03416945718
51	139974.55109426688
52	133157.44780612856
53	100770.90263670955
54	81674.85544171032
55	60296.12130779923
56	53735.16046962257
57	41295.24231437284
58	33657.80436490202
59	29025.782642752285
60	21988.95416911966
61	19188.47770544082
62	16863.874431648364
63	14397.150151514705
64	13875.856089721037
65	11412.918156500853
66	7302.243185266979
67	6384.44538454661
68	5215.639356621008
69	4309.639940960064
70	2968.020387623246
71	2875.4949633048473
72	1971.397011927778
73	1702.18290669382
74	958.585810358523
75	918.5999136271878
76	630.6957538688586
77	554.8521308790316
78	480.0896855406402
79	411.98570142477126
80	409.1448299220226
81	398.7126092008561
82	397.03994669368336
83	376.00548623514237
84	366.04825723353775
85	365.3402679199325
86	150.71771131010777
87	53.02693549477648
88	52.11030678160386
89	36.487787172827886
90	35.49592297388597
91	33.15129759338335
92	32.42186416336152
93	31.743752144988353
94	31.442348389200582
95	30.504574932186593
96	30.11621152819051
97	29.789288951334186
98	29.469176614280464
99	28.380145153965397
100	28.16200605100762
101	21.270125832267016
102	17.91103750940148
103	17.508026599638942
104	17.472847653851936
105	17.201774320947308
106	16.061761707132938
107	15.690764635255798
108	15.608443499764228
109	15.424999214603359
110	14.978302944200761
111	14.854109648209207
112	14.638410296444135
113	14.429046569276782
114	14.32480066741576
115	14.18655607371126
116	13.507846888541076
117	13.507846888541076
118	13.333312570859892
119	13.249332406941303
120	13.12384562026489
121	12.808939555131028
122	12.778249538733574
123	12.50900376413931
124	12.443533802183804
125	12.048475461809696
126	11.784324585121952
127	11.749848001688521
128	11.687990153495685
129	11.588535528103616
130	11.3687448231564
131	11.329103983722844
132	11.090750266742075
133	10.953287062670075
134	10.722305498345293
135	10.614328076807313
136	10.397264394168777
137	10.359015796876262
138	10.30598265248735
139	10.23918087375812
140	9.9728532268059
141	9.801454899356829
142	9.714945993577892
143	9.702041440870538
144	9.612809654691883
145	9.612809654691883
146	9.555424637873225
147	9.40893081229864
148	9.249154115010084
149	9.0649133631302
150	8.878521518857243
151	8.83466265495284
152	8.688976226197225
153	8.564913026525835
154	8.517815319455362
155	8.399274017667684
156	8.334655468908759
157	8.23961698275606
158	8.150245766245964
159	8.026083132828559
160	8.026083132828559
161	7.9866738092642935
162	7.9575330013564365
163	7.90646659140213
164	7.873020089550034
165	7.775124398457612
166	7.698805260538231
167	7.5534299341329945
168	7.498403096455031
169	7.376049192697763
170	7.294143949831134
171	7.252102952585493
172	7.211146618810128
173	7.150729333787685
174	7.08124049716177
175	6.964006661192582
176	6.941602326812335
177	6.898391418423919
178	6.894420910836823
179	6.867422298554593
180	6.782672225628497
181	6.755193315928407
182	6.55113491058223
183	6.472476949494792
184	6.406274439455923
185	6.34934950904397
186	6.291027469965915
187	6.174640237397769
188	6.070236547803101
189	6.0252817859967704
190	5.778987517800102
191	5.658261975689461
192	5.575557704747349
193	5.501176914687022
194	5.469195839397994
195	5.3878736075924705
196	5.336705537915634
197	5.286411072847755
198	5.206700608651261
199	5.1697505430828405
200	5.088118666982974
201	5.0252161140666365
202	4.966173188170425
203	4.926407305505038
204	4.87542939942541
205	4.805823175214444
206	4.774697063053427
207	4.719060272228392
208	4.5552155256644635
209	4.498752135850344
210	4.446629205188341
211	4.422187597796829
212	4.344969233734762
213	4.300639095033034
214	4.214525013816742
215	4.198838787448801
216	4.16485541107789
217	4.155206989206317
218	4.071908945428665
219	4.054156397361992
220	3.997659528955132
221	3.926291170721954
222	3.8595284041383504
223	3.807156213588892
224	3.783894069408814
225	3.6807559095554345
226	3.551630496700832
227	3.5167080075526167
228	3.4973006686786094
229	3.487086957067168
230	3.434993142706747
231	3.413752274252057
232	3.3718948427413395
233	3.355863112672958
234	3.3154968809974035
235	3.2899358670172782
236	3.251003722782466
237	3.2211237096907115
238	3.1895395774257724
239	3.161066036551793
240	3.134959369271926
241	3.050499391712506
242	3.035563523135488
243	3.0244521747182005
244	3.010435954623977
245	2.9772725886144755
246	2.9585018565265804
247	2.937090946848345
248	2.9215295656828797
249	2.9175272530363117
250	2.8633717811437895
251	2.7980425419914265
252	2.758980813911451
253	2.7331683633969415
254	2.725251810313162
255	2.694784065139204
256	2.6790903330128857
257	2.668019794083962
258	2.6640754405956537
259	2.6448647602182844
260	2.627448906783842
261	2.6074189192019337
262	2.5866179985531326
263	2.5716546148496096
264	2.5252738754131925
265	2.502999066389457
266	2.4534526145528464
267	2.433123802350205
268	2.4200677241828994
269	2.4126311250767953
270	2.3895766151318356
271	2.338331199439413
272	2.3232677148450223
273	2.2707614982026536
274	2.2594636493471456
275	2.2520533681114445
276	2.2350021134416336
277	2.219525231941374
278	2.187247277746109
279	2.0309104405580527
280	1.9739419765439241
281	1.9464671975805794
282	1.9438711128609354
283	1.8904337858586584
284	1.888310959301401
285	1.8854520986771541
286	1.8795651239926436
287	1.869328227067311
288	1.863444052481719
289	1.8574221234689565
290	1.8479532586744323
291	1.8362896505929909
292	1.8341671368091066
293	1.814989252249582
294	1.8051874197199433
295	1.798697083013273
296	1.7961231416242458
297	1.7924325036188697
298	1.7795741433978887
299	1.7761056122288374
300	1.7575041420973745
301	1.751548965888554
302	1.6733385196788693
303	1.6608868176045297
304	1.657795342458229
305	1.6520961299151016
306	1.6499962516403968
307	1.622916874371876
308	1.6152352353820718
309	1.605634940870646
310	1.5938194956168488
311	1.5881991938714526
312	1.5828841746718874
313	1.5746726201427093
314	1.4668031035148377
315	1.457345821462017
316	1.4475379914704847
317	1.441541679109748
318	1.4326976330093832
319	1.4172560678814605
320	1.400921515019912
321	1.3935674956888136
322	1.381279385474372
323	1.3796126714096226
324	1.3761163698645673
325	1.372933486908174
326	1.371082292885215
327	1.3629052580142966
328	1.3604879423169627
329	1.3573401031978445
330	1.3551352577386266
331	1.3536987411777124
332	1.347623761206968
333	1.3300817974050287
334	1.3129486226044993
335	1.2922825363291999
336	1.2851902277910168
337	1.2688772726154212
338	1.261280954973511
339	1.2546981469863725
340	1.24747531791652
341	1.242116514907117
342	1.2391781183422064
343	1.234365627630776
344	1.2164353229501057
345	1.2102884852103324
346	1.2083344228831965
347	1.198490672901424
348	1.1845719566824306
349	1.180672349046134
350	1.1475107213038775
351	1.1068651437646992
352	1.0922244754930688
353	1.0831675654127875
354	1.0706826602376116
355	1.0663898794751765
356	1.0644606848312554
357	1.0633317851481876
358	1.0627027881328164
359	1.0621904988703466
360	1.0580925619637196
361	1.046194661891567
362	1.0374883107349981
363	1.034297429765382
364	1.03208462531904
365	1.0285779626982041
366	1.0270952041211858
367	1.0230459372387266
368	1.0156425162022162
369	1.010812911416225
370	1.0063000642164837
371	1.002870146044782
372	0.9929373853090321
373	0.9910633888984253
374	0.9739085176230718
375	0.9708825961179627
376	0.970573569502318
377	0.9698896857053805
378	0.969135895737805
379	0.965207836975253
380	0.9585661716608569
381	0.9580433435425104
382	0.9569651494098672
383	0.9557644452497996
384	0.9519784899773113
385	0.942009532074785
386	0.9405720325977956
387	0.9180727350961999
388	0.9172255334052098
389	0.8952775810311848
390	0.868922379256657
391	0.8626395301332265
392	0.8583736905448011
393	0.8563910965140243
394	0.810662353455337
395	0.8057627366309343
396	0.8051420053670526
397	0.8032990603665962
398	0.7992026394476106
399	0.7702879597590456
400	0.7595170379829417
401	0.7488538068205899
402	0.7461338766280231
403	0.7453369225033768
404	0.7391693174994427
405	0.7386646226205413
406	0.7374635148806742
407	0.7324921612365504
408	0.7282666860040835
409	0.7267041298998648
410	0.7242311195850843
411	0.7208462502177946
412	0.7134779839310853
413	0.710685886960681
414	0.7079841819805573
415	0.6975928327295278
416	0.6915622893315312
417	0.6837653746687626
418	0.6797385792422783
419	0.6753713275379561
420	0.6682357264320105
421	0.6662274812228826
422	0.6660091107799196
423	0.6531288375406962
424	0.6505862705419635
425	0.6484739919524863
426	0.6442525072448696
427	0.6193704226874509
428	0.6173111230563207
429	0.6155724688613653
430	0.6134985232762385
431	0.6087631477104535
432	0.6081103407151016
433	0.6073132918184292
434	0.601962893294077
435	0.5837518164935123
436	0.5808664274511478
437	0.5788516751812149
438	0.5762256610666079
439	0.5680208131553084
440	0.5605194328563613
441	0.5581714624122169
442	0.5559493363782324
443	0.5522446350891722
444	0.5374306966490097
445	0.5346530358096665
446	0.5295632173930945
447	0.5280518001539207
448	0.523513700073764
449	0.5163553160586773
450	0.4945338690419735
451	0.49156075903688734
452	0.4874356035402591
453	0.48686488137301115
454	0.4730245723036017
455	0.46763942587011964
456	0.4283791844023395
457	0.4267965801309455
458	0.4267073715085086
459	0.42305582451509777
460	0.42303314692658656
461	0.4222312056661066
462	0.4195921999200381
463	0.4187472267168032
464	0.41798271386744995
465	0.4176428691495934
466	0.41241921884094895
467	0.41224060747424507
468	0.41101547995535564
469	0.40455646877991225
470	0.40368844023825934
471	0.3999579054372497
472	0.39897270537236706
473	0.3988903148959403
474	0.394751038331507
475	0.3946483150688544
476	0.3938131147857991
477	0.38800581601132583
478	0.3874289596261705
479	0.3869684076833779
480	0.38304673070258854
481	0.38197908986221285
482	0.3798152662981356
483	0.37863797178203545
484	0.37569173321722343
485	0.37505646810428916
486	0.3726027956429297
487	0.3709457000429399
488	0.368549477396081
489	0.36535976088598776
490	0.36333639602227347
491	0.3629207452349944
492	0.3624380347699237
493	0.36112237624490456
494	0.36058872624016575
495	0.3583991165112891
496	0.3578200658618489
497	0.3541749211143353
498	0.3531719893879489
499	0.3514465971056573
500	0.3489045632907286
501	0.34878520014781245
502	0.3427492074605794
503	0.3419672939906232
504	0.34134194587973515
505	0.34037213581604314
506	0.3389631126491819
507	0.3382488325133417
508	0.33714345045410726
509	0.33560899766709174
510	0.3321142008092046
511	0.2903888317194736
512	0.28850749484713595
513	0.28577771159612575
514	0.283190607592022
515	0.2809829046370978
516	0.27896374387881917
517	0.27822027202421107
518	0.2765383145326295
519	0.2755739210032724
520	0.2733568937947078
521	0.26482109579487967
522	0.26273585363119206
523	0.2611063326728746
524	0.2576417042800116
525	0.255984364211579
526	0.25541765761193613
527	0.25421045923110236
528	0.25200647451377256
529	0.2427726056799136
530	0.23707565412094542
531	0.21787684623639839
532	0.21746451192956195
533	0.21365747954099262
534	0.21314294637342193
535	0.2123094854766672
536	0.21041765624935566
537	0.21036032616339026
538	0.20788212175058918
539	0.20773931743899268
540	0.2067666875178922
541	0.1992746673882313
542	0.19300056349521624
543	0.19265053963857787
544	0.191530554118878
545	0.19124407714485356
546	0.18938273946310824
547	0.18839774823246788
548	0.18799158028331348
549	0.18139920868597567
550	0.1798639115422828
551	0.1781520957060847
552	0.16893173157913574
553	0.1659595808061317
554	0.1645375477938628
555	0.15834163513439714
556	0.1514644733865394
557	0.15142479000589568
558	0.15136102786047884
559	0.1512594162426425
560	0.14769092079697818
561	0.14756571270223418
562	0.14455500085529616
563	0.14191718835730974
564	0.14184786184304585
565	0.14112021235044245
566	0.13600848708150517
567	0.13589458178724023
568	0.13584916939697705
569	0.13571945624339604
570	0.13564126016254596
571	0.13463450265432195
572	0.13437371509656412
573	0.1341508093357072
574	0.13273298912363546
575	0.1325139654290685
576	0.13196611088026167
577	0.13016535361990547
578	0.12988654111164638
579	0.12933019233847245
580	0.128579659373024
581	0.12734197610306802
582	0.12523463346440636
583	0.12434921317684915
584	0.12389116932101837
585	0.12369196134149893
586	0.12323607050858446
587	0.12066038757870494
588	0.11996966710314931
589	0.11965637848024252
590	0.11913223811217448
591	0.11893811702847695
592	0.11811814390094649
593	0.11701530114821668
594	0.11575791463859221
595	0.11456734810343057
596	0.11097216370359536
597	0.10958496274624038
598	0.1084704791501075
599	0.10586856281514923
600	0.10335003770601761
601	0.1030937378758737
602	0.1010587625625806
603	0.09765302270993685
604	0.09465298993954516
605	0.09364059259391048
606	0.09247883407130462
607	0.08925054674862193
608	0.08881058852251973
609	0.08864816447913941
610	0.08551762007674499
611	0.08435738427287284
612	0.08205658610206806
613	0.08201104915194633
614	0.08186762030172923
615	0.08185539115309307
616	0.08143930658315553
617	0.07946995147278248
618	0.07880451621144502
619	0.07867331938852629
620	0.0781950137538409
621	0.0765889686926426
622	0.07658798076315047
623	0.07612298597757312
624	0.07586316101416761
625	0.07586316071859525
626	0.07519375051812677
627	0.07510934874308488
628	0.07368645422017345
629	0.07350829782115843
630	0.07350280385292254
631	0.07329566785584891
632	0.07321642206359602
633	0.07294656622852735
634	0.07266739750434391
635	0.0724969886303253
636	0.07243623655668466
637	0.0722759315466038
638	0.07222243643049471
639	0.07178823338275049
640	0.07121886835370006
641	0.07115626271813012
642	0.07098815927222416
643	0.07072825911605549
644	0.070727810388627
645	0.0707136312044858
646	0.07059200523660929
647	0.07012051254170307
648	0.07005184458173641
649	0.06989085070531674
650	0.06951802165576197
651	0.06945259352301161
652	0.06891943446817499
653	0.06873508502369702
654	0.0684166897667365
655	0.06796964113176569
656	0.06793201370445599
657	0.06756565832163487
658	0.06752516790699556
659	0.06707374300126615
660	0.06645808057391685
661	0.0661540980849027
662	0.06561507239013323
663	0.06535390274504863
664	0.06515719356967438
665	0.0647376681548309
666	0.06462245885916863
667	0.06441076259831803
668	0.06414116322496873
669	0.06385670230874331
670	0.06366078755033415
671	0.06363808926209061
672	0.06337682053697001
673	0.06316867344102056
674	0.0629953681667596
675	0.06297381561195799
676	0.06293949740275066
677	0.06278423868142637
678	0.06272513533525477
679	0.06267801853296556
680	0.06242262122232246
681	0.06230589357424908
682	0.062278650131147945
683	0.06227862633985112
684	0.06214185752163985
685	0.06207471860086689
686	0.062032482636004804
687	0.06189148795801374
688	0.061789809974628025
689	0.0617222862270787
690	0.06169779922274627
691	0.061623710280451445
692	0.06145031118794439
693	0.061350426467282795
694	0.06120389271828916
695	0.06110463660988609
696	0.06076672777382981
697	0.060763111993299666
698	0.060673073805458805
699	0.06048453517026823
700	0.06010439289057389
701	0.05985874539173246
702	0.05985106115124427
703	0.059646115004746356
704	0.05952880252966444
705	0.05925435712692073
706	0.0589797888659465
707	0.0589793587698809
708	0.058822433219776794
709	0.05854956755992399
710	0.05827311482307689
711	0.058015463450761265
712	0.05801545130015508
713	0.05757545202999125
714	0.05745813166083307
715	0.057387719328650895
716	0.05710775211831546
717	0.05689377863364003
718	0.0565772855682763
719	0.05626087141803093
720	0.05599808083538338
721	0.05574571966958149
722	0.05506373672271511
723	0.05493876168091728
724	0.054460460523408576
725	0.053982231269630414
726	0.053943543095776626
727	0.052797124762808255
728	0.052249384968392786
729	0.05171547032169485
730	0.050832657580704516
731	0.04989287158586491
732	0.04945222364916592
733	0.04945222223525512
734	0.049007614830913614
735	0.04900761275746805
736	0.04842014856078463
737	0.048066481560367545
738	0.04775389735541948
739	0.047425274068568994
740	0.04711375996844367
741	0.04675228433278898
742	0.04675121661620092
743	0.046751216247143644
744	0.04675071315019324
745	0.04652050240643067
746	0.04652009056668808
747	0.046519726804028806
748	0.046390961805644775
749	0.04613006249174359
750	0.04612940310797401
751	0.04593001303226577
752	0.04589310022207276
753	0.04583187180934248
754	0.04583187150655479
755	0.04559210299206827
756	0.04550741749069123
757	0.045507417487479156
758	0.04531775622037696
759	0.04531758466265788
760	0.045317575577889006
761	0.04531757556336037
762	0.04531740699925656
763	0.04531733558856599
764	0.045194034336014516
765	0.04519393322512442
766	0.04519393273698443
767	0.04516734889504857
768	0.045118116779580816
769	0.045104949694458205
770	0.04509062535465347
771	0.04508271571972874
772	0.0450693683789796
773	0.04505583801739955
774	0.045032937005611874
775	0.04503293693132126
776	0.04503293669588734
777	0.0449991250407609
778	0.04499912462580158
779	0.044999124618427734
780	0.044999124518988
781	0.044999087442797035
782	0.04499906799403519
783	0.044982376271715745
784	0.04498237625308802
785	0.044982376240484366
786	0.044982375490271696
787	0.044982375352007095
788	0.04497508397989282
789	0.04497168558656961
790	0.044964051618522835
791	0.04496190779054767
792	0.044961878492461374
793	0.04496037923461093
794	0.044960324317782706
795	0.04495628772983163
796	0.044955919575647485
797	0.04495591953300685
798	0.04495591950012665
799	0.044953184399328695
800	0.04495313497692864
801	0.044943235051707414
802	0.04494323498545127
803	0.044943234975251815
804	0.04494323490109782
805	0.04494168299014303
806	0.044941682990135054
807	0.044941682939237865
808	0.04494168293923533
809	0.04494167288342578
810	0.04494053863712582
811	0.04494053176186503
812	0.04493764407015754
813	0.044937633036537535
814	0.044936755014244524
815	0.04493575356090895
816	0.04493528620238933
817	0.04493413038439776
818	0.04493412657264807
819	0.04492968101729169
820	0.04492966694191774
821	0.04492965874441111
822	0.04492965492018151
823	0.04492965490780898
824	0.044929654894259784
825	0.044929654879645384
826	0.044929653239580286
827	0.044929652519174586
828	0.04492954482260949
829	0.04492844591161308
830	0.044928321279622215
831	0.04492748030972956
832	0.04492748030529181
833	0.04492556220135122
834	0.044925562189725876
835	0.04492556000288135
836	0.04492555935750473
837	0.04492555865555903
838	0.044925558654232464
839	0.04492548158472712
840	0.04492500188300396
841	0.04492472301534462
842	0.044924719277667564
843	0.04492385165431862
844	0.044923844498789264
845	0.04492379310610566
846	0.04492340415521146
847	0.04492340415015039
848	0.04492332764170533
849	0.04492332764169431
850	0.04492328506632112
851	0.044923071888335095
852	0.044923071887628944
853	0.04492307188660791
854	0.044922426014297384
855	0.04492242482832557
856	0.04492242482587557
857	0.04492200540684384
858	0.044922005405829225
859	0.044922003652516126
860	0.044922003649983694
861	0.044922002489711385
862	0.04492200248904778
863	0.044922002489047604
864	0.04492200148654508
865	0.04492199833649901
866	0.044921865560407004
867	0.04492183481767203
868	0.044921639045164184
869	0.044921498886868215
870	0.044921498885043896
871	0.044921498884928406
872	0.04492142896331015
873	0.04492142720652722
874	0.04492142600791687
875	0.04492142600774562
876	0.044921370984271264
877	0.04492137098309378
878	0.04492133165394592
879	0.04492133165272701
880	0.04492129773125686
881	0.044921296831316376
882	0.04492129683131518
883	0.044921273467120146
884	0.04492127346655681
885	0.044921241073684635
886	0.044921185605026795
887	0.044921185058054106
888	0.04492118505750501
889	0.04492118495467954
890	0.044921163856597154
891	0.04492116385659672
892	0.04492116372652348
893	0.044921163726248096
894	0.04492116372604208
895	0.04492113977678473
896	0.044921137293424646
897	0.04492113725749757
898	0.044921132749141716
899	0.04492112603367583
900	0.04492112590561862
901	0.044921105389030304
902	0.044921090586025066
903	0.04492105668254668
904	0.04492105668242733
905	0.0449210566821966
906	0.044921056197917544
907	0.04492105573094759
908	0.04492104725297017
909	0.04492104711369561
910	0.0449210471136187
911	0.04492104427707886
912	0.044921044276869174
913	0.04492103551717021
914	0.04492103551717013
915	0.0449210355171264
916	0.04492101612257036
917	0.04492100995152372
918	0.04492100995148499
919	0.044921009855538596
920	0.044921009855538596
921	0.04492100985546756
922	0.04492100862490151
923	0.0449210073783402
924	0.04492100736898077
925	0.04492100725966222
926	0.04492100000902615
927	0.04492099997781408
928	0.044920992896933624
929	0.044920992896904
930	0.044920992857116454
931	0.04492099284571886
932	0.04492099284571378
933	0.04492098772636146
934	0.044920987726344196
935	0.04492098235088068
936	0.04492098218141774
937	0.04492098218140033
938	0.0449209818953212
939	0.0449209810529269
940	0.044920981026171446
941	0.04492098099441168
942	0.04492098099441166
943	0.04492098099440272
944	0.044920980994385046
945	0.0449209809943724
946	0.04492098023135479
947	0.04492098023134993
948	0.04492097939400525
949	0.04492097939129673
950	0.044920978928381136
951	0.044920978110506916
952	0.04492097810922523
953	0.04492097798770791
954	0.0449209779848848
955	0.044920977856179864
956	0.04492097785071693
957	0.04492097622817738
958	0.04492097622697588
959	0.044920976220094534
960	0.04492097614487819
961	0.04492097614010287
962	0.04492097614009995
963	0.04492097571774886
964	0.04492097571774886
965	0.044920975717740785
966	0.04492097571773756
967	0.044920975436979566
968	0.04492097492152443
969	0.044920974481028324
970	0.044920974481027255
971	0.04492097435816387
972	0.044920974173323545
973	0.044920974087041175
974	0.04492097408703945
975	0.0449209740344342
976	0.04492097403297208
977	0.04492097402905957
978	0.0449209739932938
979	0.04492097368906216
980	0.044920973533413414
981	0.044920973533412296
982	0.04492097353340926
983	0.0449209735334046
984	0.04492097342347098
985	0.04492097342347031
986	0.04492097342286077
987	0.04492097322458234
988	0.04492097322220524
989	0.0449209729822067
990	0.044920972978808246
991	0.044920972677288847
992	0.04492097267728831
993	0.04492097267728492
994	0.0449209726772843
995	0.04492097267728366
996	0.044920972677008605
997	0.044920972676550194
998	0.04492097267655019
999	0.044920972590913814
1000	0.044920972545804704
1001	0.04492097247691755
1002	0.0449209724769166
1003	0.04492097229161092
1004	0.04492097229160988
1005	0.044920972291609775
1006	0.044920972276929504
1007	0.04492097227667222
1008	0.04492097218814469
1009	0.044920972188144684
1010	0.04492097217193346
1011	0.04492097213937076
1012	0.04492097207071299
1013	0.04492097203080411
1014	0.04492097203002967
1015	0.044920972030028955
1016	0.0449209719876431
1017	0.044920971864260646
1018	0.04492097186415259
1019	0.04492097186415231
1020	0.04492097186415231
1021	0.044920971814192724
1022	0.04492097181402371
1023	0.04492097181391444
1024	0.04492097181374071
1025	0.04492097181374063
1026	0.04492097181374059
1027	0.04492097181374025
1028	0.04492097181374025
1029	0.044920971813740045
1030	0.0449209718035772
1031	0.0449209717360113
1032	0.044920971736011166
1033	0.04492097173599205
1034	0.044920971735849406
1035	0.044920971699950484
1036	0.0449209716999502
1037	0.044920971699922776
1038	0.044920971699922756
1039	0.04492097169988927
1040	0.04492097169986171
1041	0.04492097169960027
1042	0.04492097169733124
1043	0.04492097168729668
1044	0.04492097167917575
1045	0.044920971679175685
1046	0.04492097167915134
1047	0.04492097166711088
1048	0.04492097166709934
1049	0.04492097166709934
1050	0.04492097166709931
1051	0.044920971667069355
1052	0.044920971667007814
1053	0.044920971667007814
1054	0.04492097166698939
1055	0.04492097165634713
1056	0.0449209716536756
1057	0.04492097165367011
1058	0.04492097165255282
1059	0.044920971649279884
1060	0.04492097164927969
1061	0.04492097164593931
1062	0.044920971641100566
1063	0.04492097164107604
1064	0.04492097163759003
1065	0.04492097163756914
1066	0.044920971635788676
1067	0.04492097163499074
1068	0.044920971634901746
1069	0.044920971634901705
1070	0.044920971631780125
1071	0.044920971631764485
1072	0.04492097163057498
1073	0.04492097162986237
1074	0.04492097162985985
1075	0.044920971625537494
1076	0.044920971625249544
1077	0.04492097162522832
1078	0.044920971624522785
1079	0.044920971624518836
1080	0.044920971624502835
1081	0.044920971624502835
1082	0.04492097162384622
1083	0.044920971623518234
1084	0.04492097162351358
1085	0.04492097162142248
1086	0.04492097162142248
1087	0.04492097162125679
1088	0.04492097162017899
1089	0.04492097162017898
1090	0.04492097161875847
1091	0.04492097161875847
1092	0.04492097161875847
1093	0.044920971618758444
1094	0.04492097161874104
1095	0.04492097161840815
1096	0.04492097161799227
1097	0.04492097161799227
1098	0.044920971617980636
1099	0.04492097161661362
1100	0.04492097161661361
1101	0.04492097161639359
1102	0.04492097161639359
1103	0.04492097161639308
1104	0.044920971616391095
1105	0.04492097161639109
1106	0.04492097161591737
1107	0.04492097161591407
1108	0.04492097161527006
1109	0.044920971615269
1110	0.04492097161519584
1111	0.044920971615008305
1112	0.044920971615008305
1113	0.044920971615008305
1114	0.044920971615008305
1115	0.0449209716149794
1116	0.0449209716149794
1117	0.0449209716149793
1118	0.0449209716149793
1119	0.04492097161468244
1120	0.04492097161468152
1121	0.04492097161468152
1122	0.04492097161468152
1123	0.044920971614622704
1124	0.04492097161406097
1125	0.04492097161404169
1126	0.04492097161404169
1127	0.04492097161404169
1128	0.044920971614028735
1129	0.044920971614028735
1130	0.04492097161400959
1131	0.04492097161382257
1132	0.04492097161382211
1133	0.04492097161382137
1134	0.04492097161382137
1135	0.044920971613821366
1136	0.044920971613821366
1137	0.04492097161382079
1138	0.04492097161382073
1139	0.044920971613795255
1140	0.044920971613751776
1141	0.04492097161366847
1142	0.04492097161363868
1143	0.044920971613638325
1144	0.044920971613638075
1145	0.044920971613638075
1146	0.044920971613637874
1147	0.044920971613575424
1148	0.04492097161355255
1149	0.04492097161355255
1150	0.04492097161348461
1151	0.0449209716134836
1152	0.04492097161348296
1153	0.04492097161348296
1154	0.04492097161348296
1155	0.044920971613455644
1156	0.04492097161342953
1157	0.04492097161342953
1158	0.044920971613429436
1159	0.04492097161342091
1160	0.044920971613397594
1161	0.04492097161339574
1162	0.04492097161339311
1163	0.044920971613393056
1164	0.044920971613392945
1165	0.044920971613392945
1166	0.044920971613392945
1167	0.0449209716133888
1168	0.0449209716133888
1169	0.04492097161337201
1170	0.04492097161337195
1171	0.04492097161337152
1172	0.044920971613369304
1173	0.044920971613369304
1174	0.04492097161335891
1175	0.04492097161335494
1176	0.04492097161334649
1177	0.04492097161334649
1178	0.044920971613338606
1179	0.044920971613335595
1180	0.044920971613335595
1181	0.044920971613335595
1182	0.044920971613335546
1183	0.04492097161333506
1184	0.04492097161333506
1185	0.04492097161333127
1186	0.044920971613327976
1187	0.04492097161332796
1188	0.04492097161332796
1189	0.044920971613325276
1190	0.044920971613323285
1191	0.04492097161332325
1192	0.044920971613319136
1193	0.04492097161331913
1194	0.04492097161331619
1195	0.044920971613312904
1196	0.04492097161331254
1197	0.04492097161331254
1198	0.04492097161331135
1199	0.04492097161331135
1200	0.04492097161331078
1201	0.044920971613310774
1202	0.044920971613310545
1203	0.04492097161331054
1204	0.044920971613309324
1205	0.044920971613309324
1206	0.044920971613309324
1207	0.04492097161330931
1208	0.04492097161330809
1209	0.04492097161330706
1210	0.04492097161330706
1211	0.04492097161330706
1212	0.044920971613306965
1213	0.04492097161330661
1214	0.04492097161330661
1215	0.04492097161330554
1216	0.04492097161330531
1217	0.04492097161330531
1218	0.044920971613305306
1219	0.0449209716133053
1220	0.044920971613305286
1221	0.044920971613304
1222	0.044920971613304
1223	0.044920971613304
1224	0.044920971613304
1225	0.044920971613303995
1226	0.044920971613303995
1227	0.0449209716133039
1228	0.04492097161330369
1229	0.04492097161330343
1230	0.04492097161330343
1231	0.04492097161330241
1232	0.04492097161330241
1233	0.04492097161330237
1234	0.04492097161330237
1235	0.044920971613301885
1236	0.044920971613301476
1237	0.044920971613301434
1238	0.04492097161330131
1239	0.04492097161330131
1240	0.04492097161330119
1241	0.04492097161330086
1242	0.04492097161330086
1243	0.04492097161330081
1244	0.04492097161330056
1245	0.044920971613300234
1246	0.044920971613300234
1247	0.044920971613300234
1248	0.04492097161330015
1249	0.04492097161330015
1250	0.04492097161330001
1251	0.044920971613300005
1252	0.044920971613300005
1253	0.044920971613300005
1254	0.04492097161329987
1255	0.044920971613299804
1256	0.04492097161329978
1257	0.04492097161329978
1258	0.04492097161329978
1259	0.044920971613299714
1260	0.044920971613299714
1261	0.04492097161329962
1262	0.04492097161329962
1263	0.044920971613299575
1264	0.04492097161329956
1265	0.044920971613299554
1266	0.044920971613299554
1267	0.044920971613299554
1268	0.04492097161329949
1269	0.04492097161329949
1270	0.04492097161329947
1271	0.04492097161329936
1272	0.0449209716132993
1273	0.0449209716132993
1274	0.0449209716132993
1275	0.0449209716132993
1276	0.04492097161329927
1277	0.044920971613299256
1278	0.044920971613299256
1279	0.044920971613299256
1280	0.044920971613299186
1281	0.044920971613299186
1282	0.04492097161329916
1283	0.044920971613299124
1284	0.04492097161329911
1285	0.04492097161329911
1286	0.04492097161329911
1287	0.04492097161329911
1288	0.04492097161329911
1289	0.04492097161329911
1290	0.0449209716132991
1291	0.044920971613299075
1292	0.044920971613299075
1293	0.04492097161329906
1294	0.04492097161329905
1295	0.04492097161329902
1296	0.04492097161329902
1297	0.044920971613299006
1298	0.044920971613299006
1299	0.044920971613299006
1300	0.044920971613299
1301	0.04492097161329898
1302	0.04492097161329898
1303	0.04492097161329898
1304	0.04492097161329898
1305	0.044920971613298964
1306	0.044920971613298964
1307	0.044920971613298964
1308	0.044920971613298964
1309	0.04492097161329896
1310	0.04492097161329896
1311	0.04492097161329893
1312	0.04492097161329892
1313	0.04492097161329892
1314	0.04492097161329892
1315	0.044920971613298916
1316	0.044920971613298916
1317	0.044920971613298916
1318	0.044920971613298916
1319	0.044920971613298916
1320	0.044920971613298916
1321	0.044920971613298916
1322	0.04492097161329891
1323	0.04492097161329891
1324	0.04492097161329891
1325	0.04492097161329891
1326	0.04492097161329891
1327	0.0449209716132989
1328	0.0449209716132989
1329	0.0449209716132989
1330	0.0449209716132989
1331	0.0449209716132989
1332	0.0449209716132989
1333	0.0449209716132989
1334	0.044920971613298895
1335	0.044920971613298895
1336	0.044920971613298895
1337	0.044920971613298895
1338	0.044920971613298895
1339	0.044920971613298895
1340	0.044920971613298895
1341	0.044920971613298895
1342	0.044920971613298895
1343	0.044920971613298895
1344	0.044920971613298895
1345	0.044920971613298895
1346	0.044920971613298895
1347	0.044920971613298895
1348	0.044920971613298895
1349	0.044920971613298895
1350	0.044920971613298895
1351	0.044920971613298895
1352	0.044920971613298895
1353	0.044920971613298895
1354	0.044920971613298895
1355	0.044920971613298895
1356	0.044920971613298895
1357	0.044920971613298895
1358	0.044920971613298895
1359	0.044920971613298895
1360	0.04492097161329889
1361	0.04492097161329889
1362	0.04492097161329889
1363	0.04492097161329889
1364	0.04492097161329889
1365	0.04492097161329889
1366	0.04492097161329889
1367	0.04492097161329889
1368	0.04492097161329889
1369	0.04492097161329889
1370	0.04492097161329889
1371	0.04492097161329889
1372	0.04492097161329889
1373	0.04492097161329889
1374	0.04492097161329889
1375	0.04492097161329889
1376	0.04492097161329889
1377	0.04492097161329889
1378	0.04492097161329889
1379	0.04492097161329889
1380	0.04492097161329889
1381	0.04492097161329889
1382	0.04492097161329889
1383	0.04492097161329889
1384	0.04492097161329889
1385	0.04492097161329889
1386	0.04492097161329889
1387	0.04492097161329889
1388	0.04492097161329889
1389	0.04492097161329889
1390	0.04492097161329889
1391	0.04492097161329889
1392	0.04492097161329889
1393	0.04492097161329889
1394	0.04492097161329889
1395	0.04492097161329889
1396	0.04492097161329889
1397	0.04492097161329889
1398	0.04492097161329889
1399	0.04492097161329889
1400	0.04492097161329889
1401	0.04492097161329889
1402	0.04492097161329889
1403	0.04492097161329889
1404	0.04492097161329889
1405	0.04492097161329889
1406	0.04492097161329889
1407	0.04492097161329889
1408	0.04492097161329889
1409	0.04492097161329889
1410	0.04492097161329889
1411	0.04492097161329889
1412	0.04492097161329889
1413	0.04492097161329889
1414	0.04492097161329889
1415	0.04492097161329889
1416	0.04492097161329889
1417	0.04492097161329889
1418	0.04492097161329889
1419	0.04492097161329889
1420	0.04492097161329889
1421	0.04492097161329889
1422	0.04492097161329889
1423	0.04492097161329889
1424	0.04492097161329889
1425	0.04492097161329889
1426	0.04492097161329889
1427	0.04492097161329889
1428	0.04492097161329889
1429	0.04492097161329889
1430	0.04492097161329889
1431	0.04492097161329889
1432	0.04492097161329889
1433	0.04492097161329889
1434	0.04492097161329889
1435	0.04492097161329889
1436	0.04492097161329889
1437	0.04492097161329889
1438	0.04492097161329889
1439	0.04492097161329889
1440	0.04492097161329889
1441	0.04492097161329889
1442	0.04492097161329889
1443	0.04492097161329889
1444	0.04492097161329889
1445	0.04492097161329889
1446	0.04492097161329889
1447	0.04492097161329889
1448	0.04492097161329889
1449	0.04492097161329889
1450	0.04492097161329889
1451	0.04492097161329889
1452	0.04492097161329889
1453	0.04492097161329889
1454	0.04492097161329889
1455	0.04492097161329889
1456	0.04492097161329889
1457	0.04492097161329889
1458	0.04492097161329889
1459	0.04492097161329889
1460	0.04492097161329889
1461	0.04492097161329889
1462	0.04492097161329889
1463	0.04492097161329889
1464	0.04492097161329889
1465	0.04492097161329889
1466	0.04492097161329889
1467	0.04492097161329889
1468	0.04492097161329889
1469	0.04492097161329889
1470	0.04492097161329889
1471	0.04492097161329889
1472	0.04492097161329889
1473	0.04492097161329889
1474	0.04492097161329889
1475	0.04492097161329889
1476	0.04492097161329889
1477	0.04492097161329889
1478	0.04492097161329889
1479	0.04492097161329889
1480	0.04492097161329889
1481	0.04492097161329889
1482	0.04492097161329889
1483	0.04492097161329889
1484	0.04492097161329889
1485	0.04492097161329889
1486	0.04492097161329889
1487	0.04492097161329889
1488	0.04492097161329889
1489	0.04492097161329889
1490	0.04492097161329889
1491	0.04492097161329889
1492	0.04492097161329889
1493	0.04492097161329889
1494	0.04492097161329889
1495	0.04492097161329889
1496	0.04492097161329889
1497	0.04492097161329889
1498	0.04492097161329889
1499	0.04492097161329889
1500	0.04492097161329889
1501	0.04492097161329889
1502	0.04492097161329889
1503	0.04492097161329889
1504	0.04492097161329889
1505	0.04492097161329889
1506	0.04492097161329889
1507	0.04492097161329889
1508	0.04492097161329889
1509	0.04492097161329889
1510	0.04492097161329889
1511	0.04492097161329889
1512	0.04492097161329889
1513	0.04492097161329889
1514	0.04492097161329889
1515	0.04492097161329889
1516	0.04492097161329889
1517	0.04492097161329889
1518	0.04492097161329889
1519	0.04492097161329889
1520	0.04492097161329889
1521	0.04492097161329889
1522	0.04492097161329889
1523	0.04492097161329889
1524	0.04492097161329889
1525	0.04492097161329889
1526	0.04492097161329889
1527	0.04492097161329889
1528	0.04492097161329889
1529	0.04492097161329889
1530	0.04492097161329889
1531	0.04492097161329889
1532	0.04492097161329889
1533	0.04492097161329889
1534	0.04492097161329889
1535	0.04492097161329889
1536	0.04492097161329889
1537	0.04492097161329889
1538	0.04492097161329889
1539	0.04492097161329889
1540	0.04492097161329889
1541	0.04492097161329889
1542	0.04492097161329889
1543	0.04492097161329889
1544	0.04492097161329889
1545	0.04492097161329889
1546	0.04492097161329889
1547	0.04492097161329889
1548	0.04492097161329889
1549	0.04492097161329889
1550	0.04492097161329889
1551	0.04492097161329889
1552	0.04492097161329889
1553	0.04492097161329889
1554	0.04492097161329889
1555	0.04492097161329889
1556	0.04492097161329889
1557	0.04492097161329889
1558	0.04492097161329889
1559	0.04492097161329889
1560	0.04492097161329889
1561	0.04492097161329889
1562	0.04492097161329889
1563	0.04492097161329889
1564	0.04492097161329889
1565	0.04492097161329889
1566	0.04492097161329889
1567	0.04492097161329889
1568	0.04492097161329889
1569	0.04492097161329889
1570	0.04492097161329889
1571	0.04492097161329889
1572	0.04492097161329889
1573	0.04492097161329889
1574	0.04492097161329889
1575	0.04492097161329889
1576	0.04492097161329889
1577	0.04492097161329889
1578	0.04492097161329889
1579	0.04492097161329889
1580	0.04492097161329889
1581	0.04492097161329889
1582	0.04492097161329889
1583	0.04492097161329889
1584	0.04492097161329889
1585	0.04492097161329889
1586	0.04492097161329889
1587	0.04492097161329889
1588	0.04492097161329889
1589	0.04492097161329889
1590	0.04492097161329889
1591	0.04492097161329889
1592	0.04492097161329889
1593	0.04492097161329889
1594	0.04492097161329889
1595	0.04492097161329889
1596	0.04492097161329889
1597	0.04492097161329889
1598	0.04492097161329889
1599	0.04492097161329889
1600	0.04492097161329889
1601	0.04492097161329889
1602	0.04492097161329889
1603	0.04492097161329889
1604	0.04492097161329889
1605	0.04492097161329889
1606	0.04492097161329889
1607	0.04492097161329889
1608	0.04492097161329889
1609	0.04492097161329889
1610	0.04492097161329889
1611	0.04492097161329889
1612	0.04492097161329889
1613	0.04492097161329889
1614	0.04492097161329889
1615	0.04492097161329889
1616	0.04492097161329889
1617	0.04492097161329889
1618	0.04492097161329889
1619	0.04492097161329889
1620	0.04492097161329889
1621	0.04492097161329889
1622	0.04492097161329889
1623	0.04492097161329889
1624	0.04492097161329889
1625	0.04492097161329889
1626	0.04492097161329889
1627	0.04492097161329889
1628	0.04492097161329889
1629	0.04492097161329889
1630	0.04492097161329889
1631	0.04492097161329889
1632	0.04492097161329889
1633	0.04492097161329889
1634	0.04492097161329889
1635	0.04492097161329889
1636	0.04492097161329889
1637	0.04492097161329889
1638	0.04492097161329889
1639	0.04492097161329889
1640	0.04492097161329889
1641	0.04492097161329889
1642	0.04492097161329889
1643	0.04492097161329889
1644	0.04492097161329889
1645	0.04492097161329889
1646	0.04492097161329889
1647	0.04492097161329889
1648	0.04492097161329889
1649	0.04492097161329889
1650	0.04492097161329889
1651	0.04492097161329889
1652	0.04492097161329889
1653	0.04492097161329889
1654	0.04492097161329889
1655	0.04492097161329889
1656	0.04492097161329889
1657	0.04492097161329889
1658	0.04492097161329889
1659	0.04492097161329889
1660	0.04492097161329889
1661	0.04492097161329889
1662	0.04492097161329889
1663	0.04492097161329889
1664	0.04492097161329889
1665	0.04492097161329889
1666	0.04492097161329889
1667	0.04492097161329889
1668	0.04492097161329889
1669	0.04492097161329889
1670	0.04492097161329889
1671	0.04492097161329889
1672	0.04492097161329889
1673	0.04492097161329889
1674	0.04492097161329889
1675	0.04492097161329889
1676	0.04492097161329889
1677	0.04492097161329889
1678	0.04492097161329889
1679	0.04492097161329889
1680	0.04492097161329889
1681	0.04492097161329889
1682	0.04492097161329889
1683	0.04492097161329889
1684	0.04492097161329889
1685	0.04492097161329889
1686	0.04492097161329889
1687	0.04492097161329889
1688	0.04492097161329889
1689	0.04492097161329889
1690	0.04492097161329889
1691	0.04492097161329889
1692	0.04492097161329889
1693	0.04492097161329889
1694	0.04492097161329889
1695	0.04492097161329889
1696	0.04492097161329889
1697	0.04492097161329889
1698	0.04492097161329889
1699	0.04492097161329889
1700	0.04492097161329889
1701	0.04492097161329889
1702	0.04492097161329889
1703	0.04492097161329889
1704	0.04492097161329889
1705	0.04492097161329889
1706	0.04492097161329889
1707	0.04492097161329889
1708	0.04492097161329889
1709	0.04492097161329889
1710	0.04492097161329889
1711	0.04492097161329889
1712	0.04492097161329889
1713	0.04492097161329889
1714	0.04492097161329889
1715	0.04492097161329889
1716	0.04492097161329889
1717	0.04492097161329889
1718	0.04492097161329889
1719	0.04492097161329889
1720	0.04492097161329889
1721	0.04492097161329889
1722	0.04492097161329889
1723	0.04492097161329889
1724	0.04492097161329889
1725	0.04492097161329889
1726	0.04492097161329889
1727	0.04492097161329889
1728	0.04492097161329889
1729	0.04492097161329889
1730	0.04492097161329889
1731	0.04492097161329889
1732	0.04492097161329889
1733	0.04492097161329889
1734	0.04492097161329889
1735	0.04492097161329889
1736	0.04492097161329889
1737	0.04492097161329889
1738	0.04492097161329889
1739	0.04492097161329889
1740	0.04492097161329889
1741	0.04492097161329889
1742	0.04492097161329889
1743	0.04492097161329889
1744	0.04492097161329889
1745	0.04492097161329889
1746	0.04492097161329889
1747	0.04492097161329889
1748	0.04492097161329889
1749	0.04492097161329889
1750	0.04492097161329889
1751	0.04492097161329889
1752	0.04492097161329889
1753	0.04492097161329889
1754	0.04492097161329889
1755	0.04492097161329889
1756	0.04492097161329889
1757	0.04492097161329889
1758	0.04492097161329889
1759	0.04492097161329889
1760	0.04492097161329889
1761	0.04492097161329889
1762	0.04492097161329889
1763	0.04492097161329889
1764	0.04492097161329889
1765	0.04492097161329889
1766	0.04492097161329889
1767	0.04492097161329889
1768	0.04492097161329889
1769	0.04492097161329889
1770	0.04492097161329889
1771	0.04492097161329889
1772	0.04492097161329889
1773	0.04492097161329889
1774	0.04492097161329889
1775	0.04492097161329889
1776	0.04492097161329889
1777	0.04492097161329889
1778	0.04492097161329889
1779	0.04492097161329889
1780	0.04492097161329889
1781	0.04492097161329889
1782	0.04492097161329889
1783	0.04492097161329889
1784	0.04492097161329889
1785	0.04492097161329889
1786	0.04492097161329889
1787	0.04492097161329889
1788	0.04492097161329889
1789	0.04492097161329889
1790	0.04492097161329889
1791	0.04492097161329889
1792	0.04492097161329889
1793	0.04492097161329889
1794	0.04492097161329889
1795	0.04492097161329889
1796	0.04492097161329889
1797	0.04492097161329889
1798	0.04492097161329889
1799	0.04492097161329889
1800	0.04492097161329889
1801	0.04492097161329889
1802	0.04492097161329889
1803	0.04492097161329889
1804	0.04492097161329889
1805	0.04492097161329889
1806	0.04492097161329889
1807	0.04492097161329889
1808	0.04492097161329889
1809	0.04492097161329889
1810	0.04492097161329889
1811	0.04492097161329889
1812	0.04492097161329889
1813	0.04492097161329889
1814	0.04492097161329889
1815	0.04492097161329889
1816	0.04492097161329889
1817	0.04492097161329889
1818	0.04492097161329889
1819	0.04492097161329889
1820	0.04492097161329889
1821	0.04492097161329889
1822	0.04492097161329889
1823	0.04492097161329889
1824	0.04492097161329889
1825	0.04492097161329889
1826	0.04492097161329889
1827	0.04492097161329889
1828	0.04492097161329889
1829	0.04492097161329889
1830	0.04492097161329889
1831	0.04492097161329889
1832	0.04492097161329889
1833	0.04492097161329889
1834	0.04492097161329889
1835	0.04492097161329889
1836	0.04492097161329889
1837	0.04492097161329889
1838	0.04492097161329889
1839	0.04492097161329889
1840	0.04492097161329889
1841	0.04492097161329889
1842	0.04492097161329889
1843	0.04492097161329889
1844	0.04492097161329889
1845	0.04492097161329889
1846	0.04492097161329889
1847	0.04492097161329889
1848	0.04492097161329889
1849	0.04492097161329889
1850	0.04492097161329889
1851	0.04492097161329889
1852	0.04492097161329889
1853	0.04492097161329889
1854	0.04492097161329889
1855	0.04492097161329889
1856	0.04492097161329889
1857	0.04492097161329889
1858	0.04492097161329889
1859	0.04492097161329889
1860	0.04492097161329889
1861	0.04492097161329889
1862	0.04492097161329889
1863	0.04492097161329889
1864	0.04492097161329889
1865	0.04492097161329889
1866	0.04492097161329889
1867	0.04492097161329889
1868	0.04492097161329889
1869	0.04492097161329889
1870	0.04492097161329889
1871	0.04492097161329889
1872	0.04492097161329889
1873	0.04492097161329889
1874	0.04492097161329889
1875	0.04492097161329889
1876	0.04492097161329889
1877	0.04492097161329889
1878	0.04492097161329889
1879	0.04492097161329889
1880	0.04492097161329889
1881	0.04492097161329889
1882	0.04492097161329889
1883	0.04492097161329889
1884	0.04492097161329889
1885	0.04492097161329889
1886	0.04492097161329889
1887	0.04492097161329889
1888	0.04492097161329889
1889	0.04492097161329889
1890	0.04492097161329889
1891	0.04492097161329889
1892	0.04492097161329889
1893	0.04492097161329889
1894	0.04492097161329889
1895	0.04492097161329889
1896	0.04492097161329889
1897	0.04492097161329889
1898	0.04492097161329889
1899	0.04492097161329889
1900	0.04492097161329889
1901	0.04492097161329889
1902	0.04492097161329889
1903	0.04492097161329889
1904	0.04492097161329889
1905	0.04492097161329889
1906	0.04492097161329889
1907	0.04492097161329889
1908	0.04492097161329889
1909	0.04492097161329889
1910	0.04492097161329889
1911	0.04492097161329889
1912	0.04492097161329889
1913	0.04492097161329889
1914	0.04492097161329889
1915	0.04492097161329889
1916	0.04492097161329889
1917	0.04492097161329889
1918	0.04492097161329889
1919	0.04492097161329889
1920	0.04492097161329889
1921	0.04492097161329889
1922	0.04492097161329889
1923	0.04492097161329889
1924	0.04492097161329889
1925	0.04492097161329889
1926	0.04492097161329889
1927	0.04492097161329889
1928	0.04492097161329889
1929	0.04492097161329889
1930	0.04492097161329889
1931	0.04492097161329889
1932	0.04492097161329889
1933	0.04492097161329889
1934	0.04492097161329889
1935	0.04492097161329889
1936	0.04492097161329889
1937	0.04492097161329889
1938	0.04492097161329889
1939	0.04492097161329889
1940	0.04492097161329889
1941	0.04492097161329889
1942	0.04492097161329889
1943	0.04492097161329889
1944	0.04492097161329889
1945	0.04492097161329889
1946	0.04492097161329889
1947	0.04492097161329889
1948	0.04492097161329889
1949	0.04492097161329889
1950	0.04492097161329889
1951	0.04492097161329889
1952	0.04492097161329889
1953	0.04492097161329889
1954	0.04492097161329889
1955	0.04492097161329889
1956	0.04492097161329889
1957	0.04492097161329889
1958	0.04492097161329889
1959	0.04492097161329889
1960	0.04492097161329889
1961	0.04492097161329889
1962	0.04492097161329889
1963	0.04492097161329889
1964	0.04492097161329889
1965	0.04492097161329889
1966	0.04492097161329889
1967	0.04492097161329889
1968	0.04492097161329889
1969	0.04492097161329889
1970	0.04492097161329889
1971	0.04492097161329889
1972	0.04492097161329889
1973	0.04492097161329889
1974	0.04492097161329889
1975	0.04492097161329889
1976	0.04492097161329889
1977	0.04492097161329889
1978	0.04492097161329889
1979	0.04492097161329889
1980	0.04492097161329889
1981	0.04492097161329889
1982	0.04492097161329889
1983	0.04492097161329889
1984	0.04492097161329889
1985	0.04492097161329889
1986	0.04492097161329889
1987	0.04492097161329889
1988	0.04492097161329889
1989	0.04492097161329889
1990	0.04492097161329889
1991	0.04492097161329889
1992	0.04492097161329889
1993	0.04492097161329889
1994	0.04492097161329889
1995	0.04492097161329889
1996	0.04492097161329889
1997	0.04492097161329889
1998	0.04492097161329889
1999	0.04492097161329889
2000	0.04492097161329889
2001	0.04492097161329889
2002	0.04492097161329889
2003	0.04492097161329889
2004	0.04492097161329889
2005	0.04492097161329889
2006	0.04492097161329889
2007	0.04492097161329889
2008	0.04492097161329889
2009	0.04492097161329889
2010	0.04492097161329889
2011	0.04492097161329889
2012	0.04492097161329889
2013	0.04492097161329889
2014	0.04492097161329889
2015	0.04492097161329889
2016	0.04492097161329889
2017	0.04492097161329889
2018	0.04492097161329889
2019	0.04492097161329889
2020	0.04492097161329889
2021	0.04492097161329889
2022	0.04492097161329889
2023	0.04492097161329889
2024	0.04492097161329889
2025	0.04492097161329889
2026	0.04492097161329889
2027	0.04492097161329889
2028	0.04492097161329889
2029	0.04492097161329889
2030	0.04492097161329889
2031	0.04492097161329889
2032	0.04492097161329889
2033	0.04492097161329889
2034	0.04492097161329889
2035	0.04492097161329889
2036	0.04492097161329889
2037	0.04492097161329889
2038	0.04492097161329889
2039	0.04492097161329889
2040	0.04492097161329889
2041	0.04492097161329889
2042	0.04492097161329889
2043	0.04492097161329889
2044	0.04492097161329889
2045	0.04492097161329889
2046	0.04492097161329889
2047	0.04492097161329889
2048	0.04492097161329889
2049	0.04492097161329889
2050	0.04492097161329889
2051	0.04492097161329889
2052	0.04492097161329889
2053	0.04492097161329889
2054	0.04492097161329889
2055	0.04492097161329889
2056	0.04492097161329889
2057	0.04492097161329889
2058	0.04492097161329889
2059	0.04492097161329889
2060	0.04492097161329889
2061	0.04492097161329889
2062	0.04492097161329889
2063	0.04492097161329889
2064	0.04492097161329889
2065	0.04492097161329889
2066	0.04492097161329889
2067	0.04492097161329889
2068	0.04492097161329889
2069	0.04492097161329889
2070	0.04492097161329889
2071	0.04492097161329889
2072	0.04492097161329889
2073	0.04492097161329889
2074	0.04492097161329889
2075	0.04492097161329889
2076	0.04492097161329889
2077	0.04492097161329889
2078	0.04492097161329889
2079	0.04492097161329889
2080	0.04492097161329889
2081	0.04492097161329889
2082	0.04492097161329889
2083	0.04492097161329889
2084	0.04492097161329889
2085	0.04492097161329889
2086	0.04492097161329889
2087	0.04492097161329889
2088	0.04492097161329889
2089	0.04492097161329889
2090	0.04492097161329889
2091	0.04492097161329889
2092	0.04492097161329889
2093	0.04492097161329889
2094	0.04492097161329889
2095	0.04492097161329889
2096	0.04492097161329889
2097	0.04492097161329889
2098	0.04492097161329889
2099	0.04492097161329889
2100	0.04492097161329889
2101	0.04492097161329889
2102	0.04492097161329889
2103	0.04492097161329889
2104	0.04492097161329889
2105	0.04492097161329889
2106	0.04492097161329889
2107	0.04492097161329889
2108	0.04492097161329889
2109	0.04492097161329889
2110	0.04492097161329889
2111	0.04492097161329889
2112	0.04492097161329889
2113	0.04492097161329889
2114	0.04492097161329889
2115	0.04492097161329889
2116	0.04492097161329889
2117	0.04492097161329889
2118	0.04492097161329889
2119	0.04492097161329889
2120	0.04492097161329889
2121	0.04492097161329889
2122	0.04492097161329889
2123	0.04492097161329889
2124	0.04492097161329889
2125	0.04492097161329889
2126	0.04492097161329889
2127	0.04492097161329889
2128	0.04492097161329889
2129	0.04492097161329889
2130	0.04492097161329889
2131	0.04492097161329889
2132	0.04492097161329889
2133	0.04492097161329889
2134	0.04492097161329889
2135	0.04492097161329889
2136	0.04492097161329889
2137	0.04492097161329889
2138	0.04492097161329889
2139	0.04492097161329889
2140	0.04492097161329889
2141	0.04492097161329889
2142	0.04492097161329889
2143	0.04492097161329889
2144	0.04492097161329889
2145	0.04492097161329889
2146	0.04492097161329889
2147	0.04492097161329889
2148	0.04492097161329889
2149	0.04492097161329889
2150	0.04492097161329889
2151	0.04492097161329889
2152	0.04492097161329889
2153	0.04492097161329889
2154	0.04492097161329889
2155	0.04492097161329889
2156	0.04492097161329889
2157	0.04492097161329889
2158	0.04492097161329889
2159	0.04492097161329889
2160	0.04492097161329889
2161	0.04492097161329889
2162	0.04492097161329889
2163	0.04492097161329889
2164	0.04492097161329889
2165	0.04492097161329889
2166	0.04492097161329889
2167	0.04492097161329889
2168	0.04492097161329889
2169	0.04492097161329889
2170	0.04492097161329889
2171	0.04492097161329889
2172	0.04492097161329889
2173	0.04492097161329889
2174	0.04492097161329889
2175	0.04492097161329889
2176	0.04492097161329889
2177	0.04492097161329889
2178	0.04492097161329889
2179	0.04492097161329889
2180	0.04492097161329889
2181	0.04492097161329889
2182	0.04492097161329889
2183	0.04492097161329889
2184	0.04492097161329889
2185	0.04492097161329889
2186	0.04492097161329889
2187	0.04492097161329889
2188	0.04492097161329889
2189	0.04492097161329889
2190	0.04492097161329889
2191	0.04492097161329889
2192	0.04492097161329889
2193	0.04492097161329889
2194	0.04492097161329889
2195	0.04492097161329889
2196	0.04492097161329889
2197	0.04492097161329889
2198	0.04492097161329889
2199	0.04492097161329889
2200	0.04492097161329889
2201	0.04492097161329889
2202	0.04492097161329889
2203	0.04492097161329889
2204	0.04492097161329889
2205	0.04492097161329889
2206	0.04492097161329889
2207	0.04492097161329889
2208	0.04492097161329889
2209	0.04492097161329889
2210	0.04492097161329889
2211	0.04492097161329889
2212	0.04492097161329889
2213	0.04492097161329889
2214	0.04492097161329889
2215	0.04492097161329889
2216	0.04492097161329889
2217	0.04492097161329889
2218	0.04492097161329889
2219	0.04492097161329889
2220	0.04492097161329889
2221	0.04492097161329889
2222	0.04492097161329889
2223	0.04492097161329889
2224	0.04492097161329889
2225	0.04492097161329889
2226	0.04492097161329889
2227	0.04492097161329889
2228	0.04492097161329889
2229	0.04492097161329889
2230	0.04492097161329889
2231	0.04492097161329889
2232	0.04492097161329889
2233	0.04492097161329889
2234	0.04492097161329889
2235	0.04492097161329889
2236	0.04492097161329889
2237	0.04492097161329889
2238	0.04492097161329889
2239	0.04492097161329889
2240	0.04492097161329889
2241	0.04492097161329889
2242	0.04492097161329889
2243	0.04492097161329889
2244	0.04492097161329889
2245	0.04492097161329889
2246	0.04492097161329889
2247	0.04492097161329889
2248	0.04492097161329889
2249	0.04492097161329889
2250	0.04492097161329889
2251	0.04492097161329889
2252	0.04492097161329889
2253	0.04492097161329889
2254	0.04492097161329889
2255	0.04492097161329889
2256	0.04492097161329889
2257	0.04492097161329889
2258	0.04492097161329889
2259	0.04492097161329889
2260	0.04492097161329889
2261	0.04492097161329889
2262	0.04492097161329889
2263	0.04492097161329889
2264	0.04492097161329889
2265	0.04492097161329889
2266	0.04492097161329889
2267	0.04492097161329889
2268	0.04492097161329889
2269	0.04492097161329889
2270	0.04492097161329889
2271	0.04492097161329889
2272	0.04492097161329889
2273	0.04492097161329889
2274	0.04492097161329889
2275	0.04492097161329889
2276	0.04492097161329889
2277	0.04492097161329889
2278	0.04492097161329889
2279	0.04492097161329889
2280	0.04492097161329889
2281	0.04492097161329889
2282	0.04492097161329889
2283	0.04492097161329889
2284	0.04492097161329889
2285	0.04492097161329889
2286	0.04492097161329889
2287	0.04492097161329889
2288	0.04492097161329889
2289	0.04492097161329889
2290	0.04492097161329889
2291	0.04492097161329889
2292	0.04492097161329889
2293	0.04492097161329889
2294	0.04492097161329889
2295	0.04492097161329889
2296	0.04492097161329889
2297	0.04492097161329889
2298	0.04492097161329889
2299	0.04492097161329889
2300	0.04492097161329889
2301	0.04492097161329889
2302	0.04492097161329889
2303	0.04492097161329889
2304	0.04492097161329889
2305	0.04492097161329889
2306	0.04492097161329889
2307	0.04492097161329889
2308	0.04492097161329889
2309	0.04492097161329889
2310	0.04492097161329889
2311	0.04492097161329889
2312	0.04492097161329889
2313	0.04492097161329889
2314	0.04492097161329889
2315	0.04492097161329889
2316	0.04492097161329889
2317	0.04492097161329889
2318	0.04492097161329889
2319	0.04492097161329889
2320	0.04492097161329889
2321	0.04492097161329889
2322	0.04492097161329889
2323	0.04492097161329889
2324	0.04492097161329889
2325	0.04492097161329889
2326	0.04492097161329889
2327	0.04492097161329889
2328	0.04492097161329889
2329	0.04492097161329889
2330	0.04492097161329889
2331	0.04492097161329889
2332	0.04492097161329889
2333	0.04492097161329889
2334	0.04492097161329889
2335	0.04492097161329889
2336	0.04492097161329889
2337	0.04492097161329889
2338	0.04492097161329889
2339	0.04492097161329889
2340	0.04492097161329889
2341	0.04492097161329889
2342	0.04492097161329889
2343	0.04492097161329889
2344	0.04492097161329889
2345	0.04492097161329889
2346	0.04492097161329889
2347	0.04492097161329889
2348	0.04492097161329889
2349	0.04492097161329889
2350	0.04492097161329889
2351	0.04492097161329889
2352	0.04492097161329889
2353	0.04492097161329889
2354	0.04492097161329889
2355	0.04492097161329889
2356	0.04492097161329889
2357	0.04492097161329889
2358	0.04492097161329889
2359	0.04492097161329889
2360	0.04492097161329889
2361	0.04492097161329889
2362	0.04492097161329889
2363	0.04492097161329889
2364	0.04492097161329889
2365	0.04492097161329889
2366	0.04492097161329889
2367	0.04492097161329889
2368	0.04492097161329889
2369	0.04492097161329889
2370	0.04492097161329889
2371	0.04492097161329889
2372	0.04492097161329889
2373	0.04492097161329889
2374	0.04492097161329889
2375	0.04492097161329889
2376	0.04492097161329889
2377	0.04492097161329889
2378	0.04492097161329889
2379	0.04492097161329889
2380	0.04492097161329889
2381	0.04492097161329889
2382	0.04492097161329889
2383	0.04492097161329889
2384	0.04492097161329889
2385	0.04492097161329889
2386	0.04492097161329889
2387	0.04492097161329889
2388	0.04492097161329889
2389	0.04492097161329889
2390	0.04492097161329889
2391	0.04492097161329889
2392	0.04492097161329889
2393	0.04492097161329889
2394	0.04492097161329889
2395	0.04492097161329889
2396	0.04492097161329889
2397	0.04492097161329889
2398	0.04492097161329889
2399	0.04492097161329889
2400	0.04492097161329889
2401	0.04492097161329889
2402	0.04492097161329889
2403	0.04492097161329889
2404	0.04492097161329889
2405	0.04492097161329889
2406	0.04492097161329889
2407	0.04492097161329889
2408	0.04492097161329889
2409	0.04492097161329889
2410	0.04492097161329889
2411	0.04492097161329889
2412	0.04492097161329889
2413	0.04492097161329889
2414	0.04492097161329889
2415	0.04492097161329889
2416	0.04492097161329889
2417	0.04492097161329889
2418	0.04492097161329889
2419	0.04492097161329889
2420	0.04492097161329889
2421	0.04492097161329889
2422	0.04492097161329889
2423	0.04492097161329889
2424	0.04492097161329889
2425	0.04492097161329889
2426	0.04492097161329889
2427	0.04492097161329889
2428	0.04492097161329889
2429	0.04492097161329889
2430	0.04492097161329889
2431	0.04492097161329889
2432	0.04492097161329889
2433	0.04492097161329889
2434	0.04492097161329889
2435	0.04492097161329889
2436	0.04492097161329889
2437	0.04492097161329889
2438	0.04492097161329889
2439	0.04492097161329889
2440	0.04492097161329889
2441	0.04492097161329889
2442	0.04492097161329889
2443	0.04492097161329889
2444	0.04492097161329889
2445	0.04492097161329889
2446	0.04492097161329889
2447	0.04492097161329889
2448	0.04492097161329889
2449	0.04492097161329889
2450	0.04492097161329889
2451	0.04492097161329889
2452	0.04492097161329889
2453	0.04492097161329889
2454	0.04492097161329889
2455	0.04492097161329889
2456	0.04492097161329889
2457	0.04492097161329889
2458	0.04492097161329889
2459	0.04492097161329889
2460	0.04492097161329889
2461	0.04492097161329889
2462	0.04492097161329889
2463	0.04492097161329889
2464	0.04492097161329889
2465	0.04492097161329889
2466	0.04492097161329889
2467	0.04492097161329889
2468	0.04492097161329889
2469	0.04492097161329889
2470	0.04492097161329889
2471	0.04492097161329889
2472	0.04492097161329889
2473	0.04492097161329889
2474	0.04492097161329889
2475	0.04492097161329889
2476	0.04492097161329889
2477	0.04492097161329889
2478	0.04492097161329889
2479	0.04492097161329889
2480	0.04492097161329889
2481	0.04492097161329889
2482	0.04492097161329889
2483	0.04492097161329889
2484	0.04492097161329889
2485	0.04492097161329889
2486	0.04492097161329889
2487	0.04492097161329889
2488	0.04492097161329889
2489	0.04492097161329889
2490	0.04492097161329889
2491	0.04492097161329889
2492	0.04492097161329889
2493	0.04492097161329889
2494	0.04492097161329889
2495	0.04492097161329889
2496	0.04492097161329889
2497	0.04492097161329889
2498	0.04492097161329889
2499	0.04492097161329889
2500	0.04492097161329889
2501	0.04492097161329889
2502	0.04492097161329889
2503	0.04492097161329889
2504	0.04492097161329889
2505	0.04492097161329889
2506	0.04492097161329889
2507	0.04492097161329889
2508	0.04492097161329889
2509	0.04492097161329889
2510	0.04492097161329889
2511	0.04492097161329889
2512	0.04492097161329889
2513	0.04492097161329889
2514	0.04492097161329889
2515	0.04492097161329889
2516	0.04492097161329889
2517	0.04492097161329889
2518	0.04492097161329889
2519	0.04492097161329889
2520	0.04492097161329889
2521	0.04492097161329889
2522	0.04492097161329889
2523	0.04492097161329889
2524	0.04492097161329889
2525	0.04492097161329889
2526	0.04492097161329889
2527	0.04492097161329889
2528	0.04492097161329889
2529	0.04492097161329889
2530	0.04492097161329889
2531	0.04492097161329889
2532	0.04492097161329889
2533	0.04492097161329889
2534	0.04492097161329889
2535	0.04492097161329889
2536	0.04492097161329889
2537	0.04492097161329889
2538	0.04492097161329889
2539	0.04492097161329889
2540	0.04492097161329889
2541	0.04492097161329889
2542	0.04492097161329889
2543	0.04492097161329889
2544	0.04492097161329889
2545	0.04492097161329889
2546	0.04492097161329889
2547	0.04492097161329889
2548	0.04492097161329889
2549	0.04492097161329889
2550	0.04492097161329889
2551	0.04492097161329889
2552	0.04492097161329889
2553	0.04492097161329889
2554	0.04492097161329889
2555	0.04492097161329889
2556	0.04492097161329889
2557	0.04492097161329889
2558	0.04492097161329889
2559	0.04492097161329889
2560	0.04492097161329889
2561	0.04492097161329889
2562	0.04492097161329889
2563	0.04492097161329889
2564	0.04492097161329889
2565	0.04492097161329889
2566	0.04492097161329889
2567	0.04492097161329889
2568	0.04492097161329889
2569	0.04492097161329889
2570	0.04492097161329889
2571	0.04492097161329889
2572	0.04492097161329889
2573	0.04492097161329889
2574	0.04492097161329889
2575	0.04492097161329889
2576	0.04492097161329889
2577	0.04492097161329889
2578	0.04492097161329889
2579	0.04492097161329889
2580	0.04492097161329889
2581	0.04492097161329889
2582	0.04492097161329889
2583	0.04492097161329889
2584	0.04492097161329889
2585	0.04492097161329889
2586	0.04492097161329889
2587	0.04492097161329889
2588	0.04492097161329889
2589	0.04492097161329889
2590	0.04492097161329889
2591	0.04492097161329889
2592	0.04492097161329889
2593	0.04492097161329889
2594	0.04492097161329889
2595	0.04492097161329889
2596	0.04492097161329889
2597	0.04492097161329889
2598	0.04492097161329889
2599	0.04492097161329889
2600	0.04492097161329889
2601	0.04492097161329889
2602	0.04492097161329889
2603	0.04492097161329889
2604	0.04492097161329889
2605	0.04492097161329889
2606	0.04492097161329889
2607	0.04492097161329889
2608	0.04492097161329889
2609	0.04492097161329889
2610	0.04492097161329889
2611	0.04492097161329889
2612	0.04492097161329889
2613	0.04492097161329889
2614	0.04492097161329889
2615	0.04492097161329889
2616	0.04492097161329889
2617	0.04492097161329889
2618	0.04492097161329889
2619	0.04492097161329889
2620	0.04492097161329889
2621	0.04492097161329889
2622	0.04492097161329889
2623	0.04492097161329889
2624	0.04492097161329889
2625	0.04492097161329889
2626	0.04492097161329889
2627	0.04492097161329889
2628	0.04492097161329889
2629	0.04492097161329889
2630	0.04492097161329889
2631	0.04492097161329889
2632	0.04492097161329889
2633	0.04492097161329889
2634	0.04492097161329889
2635	0.04492097161329889
2636	0.04492097161329889
2637	0.04492097161329889
2638	0.04492097161329889
2639	0.04492097161329889
2640	0.04492097161329889
2641	0.04492097161329889
2642	0.04492097161329889
2643	0.04492097161329889
2644	0.04492097161329889
2645	0.04492097161329889
2646	0.04492097161329889
2647	0.04492097161329889
2648	0.04492097161329889
2649	0.04492097161329889
2650	0.04492097161329889
2651	0.04492097161329889
2652	0.04492097161329889
2653	0.04492097161329889
2654	0.04492097161329889
2655	0.04492097161329889
2656	0.04492097161329889
2657	0.04492097161329889
2658	0.04492097161329889
2659	0.04492097161329889
2660	0.04492097161329889
2661	0.04492097161329889
2662	0.04492097161329889
2663	0.04492097161329889
2664	0.04492097161329889
2665	0.04492097161329889
2666	0.04492097161329889
2667	0.04492097161329889
2668	0.04492097161329889
2669	0.04492097161329889
2670	0.04492097161329889
2671	0.04492097161329889
2672	0.04492097161329889
2673	0.04492097161329889
2674	0.04492097161329889
2675	0.04492097161329889
2676	0.04492097161329889
2677	0.04492097161329889
2678	0.04492097161329889
2679	0.04492097161329889
2680	0.04492097161329889
2681	0.04492097161329889
2682	0.04492097161329889
2683	0.04492097161329889
2684	0.04492097161329889
2685	0.04492097161329889
2686	0.04492097161329889
2687	0.04492097161329889
2688	0.04492097161329889
2689	0.04492097161329889
2690	0.04492097161329889
2691	0.04492097161329889
2692	0.04492097161329889
2693	0.04492097161329889
2694	0.04492097161329889
2695	0.04492097161329889
2696	0.04492097161329889
2697	0.04492097161329889
2698	0.04492097161329889
2699	0.04492097161329889
2700	0.04492097161329889
2701	0.04492097161329889
2702	0.04492097161329889
2703	0.04492097161329889
2704	0.04492097161329889
2705	0.04492097161329889
2706	0.04492097161329889
2707	0.04492097161329889
2708	0.04492097161329889
2709	0.04492097161329889
2710	0.04492097161329889
2711	0.04492097161329889
2712	0.04492097161329889
2713	0.04492097161329889
2714	0.04492097161329889
2715	0.04492097161329889
2716	0.04492097161329889
2717	0.04492097161329889
2718	0.04492097161329889
2719	0.04492097161329889
2720	0.04492097161329889
2721	0.04492097161329889
2722	0.04492097161329889
2723	0.04492097161329889
2724	0.04492097161329889
2725	0.04492097161329889
2726	0.04492097161329889
2727	0.04492097161329889
2728	0.04492097161329889
2729	0.04492097161329889
2730	0.04492097161329889
2731	0.04492097161329889
2732	0.04492097161329889
2733	0.04492097161329889
2734	0.04492097161329889
2735	0.04492097161329889
2736	0.04492097161329889
2737	0.04492097161329889
2738	0.04492097161329889
2739	0.04492097161329889
2740	0.04492097161329889
2741	0.04492097161329889
2742	0.04492097161329889
2743	0.04492097161329889
2744	0.04492097161329889
2745	0.04492097161329889
2746	0.04492097161329889
2747	0.04492097161329889
2748	0.04492097161329889
2749	0.04492097161329889
2750	0.04492097161329889
2751	0.04492097161329889
2752	0.04492097161329889
2753	0.04492097161329889
2754	0.04492097161329889
2755	0.04492097161329889
2756	0.04492097161329889
2757	0.04492097161329889
2758	0.04492097161329889
2759	0.04492097161329889
2760	0.04492097161329889
2761	0.04492097161329889
2762	0.04492097161329889
2763	0.04492097161329889
2764	0.04492097161329889
2765	0.04492097161329889
2766	0.04492097161329889
2767	0.04492097161329889
2768	0.04492097161329889
2769	0.04492097161329889
2770	0.04492097161329889
2771	0.04492097161329889
2772	0.04492097161329889
2773	0.04492097161329889
2774	0.04492097161329889
2775	0.04492097161329889
2776	0.04492097161329889
2777	0.04492097161329889
2778	0.04492097161329889
2779	0.04492097161329889
2780	0.04492097161329889
2781	0.04492097161329889
2782	0.04492097161329889
2783	0.04492097161329889
2784	0.04492097161329889
2785	0.04492097161329889
2786	0.04492097161329889
2787	0.04492097161329889
2788	0.04492097161329889
2789	0.04492097161329889
2790	0.04492097161329889
2791	0.04492097161329889
2792	0.04492097161329889
2793	0.04492097161329889
2794	0.04492097161329889
2795	0.04492097161329889
2796	0.04492097161329889
2797	0.04492097161329889
2798	0.04492097161329889
2799	0.04492097161329889
2800	0.04492097161329889
2801	0.04492097161329889
2802	0.04492097161329889
2803	0.04492097161329889
2804	0.04492097161329889
2805	0.04492097161329889
2806	0.04492097161329889
2807	0.04492097161329889
2808	0.04492097161329889
2809	0.04492097161329889
2810	0.04492097161329889
2811	0.04492097161329889
2812	0.04492097161329889
2813	0.04492097161329889
2814	0.04492097161329889
2815	0.04492097161329889
2816	0.04492097161329889
2817	0.04492097161329889
2818	0.04492097161329889
2819	0.04492097161329889
2820	0.04492097161329889
2821	0.04492097161329889
2822	0.04492097161329889
2823	0.04492097161329889
2824	0.04492097161329889
2825	0.04492097161329889
2826	0.04492097161329889
2827	0.04492097161329889
2828	0.04492097161329889
2829	0.04492097161329889
2830	0.04492097161329889
2831	0.04492097161329889
2832	0.04492097161329889
2833	0.04492097161329889
2834	0.04492097161329889
2835	0.04492097161329889
2836	0.04492097161329889
2837	0.04492097161329889
2838	0.04492097161329889
2839	0.04492097161329889
2840	0.04492097161329889
2841	0.04492097161329889
2842	0.04492097161329889
2843	0.04492097161329889
2844	0.04492097161329889
2845	0.04492097161329889
2846	0.04492097161329889
2847	0.04492097161329889
2848	0.04492097161329889
2849	0.04492097161329889
2850	0.04492097161329889
2851	0.04492097161329889
2852	0.04492097161329889
2853	0.04492097161329889
2854	0.04492097161329889
2855	0.04492097161329889
2856	0.04492097161329889
2857	0.04492097161329889
2858	0.04492097161329889
2859	0.04492097161329889
2860	0.04492097161329889
2861	0.04492097161329889
2862	0.04492097161329889
2863	0.04492097161329889
2864	0.04492097161329889
2865	0.04492097161329889
2866	0.04492097161329889
2867	0.04492097161329889
2868	0.04492097161329889
2869	0.04492097161329889
2870	0.04492097161329889
2871	0.04492097161329889
2872	0.04492097161329889
2873	0.04492097161329889
2874	0.04492097161329889
2875	0.04492097161329889
2876	0.04492097161329889
2877	0.04492097161329889
2878	0.04492097161329889
2879	0.04492097161329889
2880	0.04492097161329889
2881	0.04492097161329889
2882	0.04492097161329889
2883	0.04492097161329889
2884	0.04492097161329889
2885	0.04492097161329889
2886	0.04492097161329889
2887	0.04492097161329889
2888	0.04492097161329889
2889	0.04492097161329889
2890	0.04492097161329889
2891	0.04492097161329889
2892	0.04492097161329889
2893	0.04492097161329889
2894	0.04492097161329889
2895	0.04492097161329889
2896	0.04492097161329889
2897	0.04492097161329889
2898	0.04492097161329889
2899	0.04492097161329889
2900	0.04492097161329889
2901	0.04492097161329889
2902	0.04492097161329889
2903	0.04492097161329889
2904	0.04492097161329889
2905	0.04492097161329889
2906	0.04492097161329889
2907	0.04492097161329889
2908	0.04492097161329889
2909	0.04492097161329889
2910	0.04492097161329889
2911	0.04492097161329889
2912	0.04492097161329889
2913	0.04492097161329889
2914	0.04492097161329889
2915	0.04492097161329889
2916	0.04492097161329889
2917	0.04492097161329889
2918	0.04492097161329889
2919	0.04492097161329889
2920	0.04492097161329889
2921	0.04492097161329889
2922	0.04492097161329889
2923	0.04492097161329889
2924	0.04492097161329889
2925	0.04492097161329889
2926	0.04492097161329889
2927	0.04492097161329889
2928	0.04492097161329889
2929	0.04492097161329889
2930	0.04492097161329889
2931	0.04492097161329889
2932	0.04492097161329889
2933	0.04492097161329889
2934	0.04492097161329889
2935	0.04492097161329889
2936	0.04492097161329889
2937	0.04492097161329889
2938	0.04492097161329889
2939	0.04492097161329889
2940	0.04492097161329889
2941	0.04492097161329889
2942	0.04492097161329889
2943	0.04492097161329889
2944	0.04492097161329889
2945	0.04492097161329889
2946	0.04492097161329889
2947	0.04492097161329889
2948	0.04492097161329889
2949	0.04492097161329889
2950	0.04492097161329889
2951	0.04492097161329889
2952	0.04492097161329889
2953	0.04492097161329889
2954	0.04492097161329889
2955	0.04492097161329889
2956	0.04492097161329889
2957	0.04492097161329889
2958	0.04492097161329889
2959	0.04492097161329889
2960	0.04492097161329889
2961	0.04492097161329889
2962	0.04492097161329889
2963	0.04492097161329889
2964	0.04492097161329889
2965	0.04492097161329889
2966	0.04492097161329889
2967	0.04492097161329889
2968	0.04492097161329889
2969	0.04492097161329889
2970	0.04492097161329889
2971	0.04492097161329889
2972	0.04492097161329889
2973	0.04492097161329889
2974	0.04492097161329889
2975	0.04492097161329889
2976	0.04492097161329889
2977	0.04492097161329889
2978	0.04492097161329889
2979	0.04492097161329889
2980	0.04492097161329889
2981	0.04492097161329889
2982	0.04492097161329889
2983	0.04492097161329889
2984	0.04492097161329889
2985	0.04492097161329889
2986	0.04492097161329889
2987	0.04492097161329889
2988	0.04492097161329889
2989	0.04492097161329889
2990	0.04492097161329889
2991	0.04492097161329889
2992	0.04492097161329889
2993	0.04492097161329889
2994	0.04492097161329889
2995	0.04492097161329889
2996	0.04492097161329889
2997	0.04492097161329889
2998	0.04492097161329889
2999	0.04492097161329889
3000	0.04492097161329889
