1	1.725216235038722E9
2	1.5371992154226735E8
3	1.8464728040141653E7
4	4506253.878527232
5	1876235.0136677048
6	431879.98787212966
7	121556.71303032941
8	107721.53430609357
9	20090.371092815665
10	7821.604946539437
11	4244.418288902568
12	4031.9521686574885
13	3445.8121865917446
14	3240.4792410944046
15	3237.5116950937236
16	1632.7840719012797
17	1345.5109422498688
18	1176.1415528948746
19	931.8301689645834
20	814.2971761552047
21	756.5363530879392
22	667.1084734343968
23	112.22336497550651
24	109.26449761730517
25	97.01383963072149
26	66.14245124640726
27	64.635422699393
28	62.3218085178925
29	58.209533474933956
30	56.65572421585386
31	56.32310456719994
32	55.98971263878647
33	55.205237215539945
34	53.78040124854068
35	53.16741837802743
36	51.917717047110465
37	50.389154293148174
38	50.06453678727165
39	49.56299012539809
40	47.78923014413845
41	46.98130106660811
42	45.93573972751669
43	45.61634307595525
44	45.546334341957625
45	44.93102303223299
46	44.36845862467006
47	44.03006749782798
48	42.99803163703909
49	41.98994355108401
50	41.61518613782419
51	40.98759624208888
52	40.52276404290648
53	40.07227741067997
54	39.4713460252086
55	38.946951607933926
56	38.410987030707616
57	37.65514101943104
58	36.926125423811605
59	36.55859932353225
60	36.39528252601051
61	35.698328327378285
62	35.016719906044315
63	33.952861030436985
64	33.09685572020243
65	32.51155741702626
66	32.121454762647076
67	31.27148840584031
68	30.825999804509358
69	30.01506261645326
70	29.501229711674064
71	29.44263386838105
72	28.77905283699062
73	28.26593244892207
74	27.302579833324426
75	26.30949994262894
76	25.715020119836364
77	25.211096298139935
78	24.520060386992572
79	23.8383777801365
80	23.1631680628028
81	22.53506054655967
82	21.908860651390775
83	21.35888975597123
84	21.023023112689643
85	20.669837590092786
86	20.28898806571143
87	19.588958064375937
88	19.06152501100478
89	18.689849549732408
90	18.320783616540016
91	17.742598619561647
92	17.225664074325696
93	16.887727291710693
94	16.80598871794688
95	16.247247584795964
96	15.892265367928216
97	15.538898811776866
98	15.088852651658943
99	14.694879164783966
100	14.157787305039951
101	13.761647190900394
102	13.201630946415502
103	12.799498471541062
104	12.44827613174091
105	12.318100234971062
106	12.02309744051804
107	11.72899345663605
108	11.147400594811455
109	10.72930019169033
110	10.564446759128339
111	10.160756033625123
112	9.971956300228564
113	9.824478673597941
114	9.632354018303419
115	9.33915000049796
116	9.02289813833099
117	8.891821769134562
118	8.688775092130316
119	8.112357002904
120	7.862171158663464
121	7.684430079312537
122	7.523051432001775
123	7.2686136495359674
124	7.0231374661069355
125	6.931469614554555
126	6.75029500770178
127	6.5397262457843075
128	6.331953254219739
129	6.167649419491054
130	6.011356737378382
131	5.90813523399424
132	5.713122172058957
133	5.576078341074811
134	5.434097107162055
135	5.269727221172735
136	5.18633008649721
137	5.130798069959434
138	4.939308210188165
139	4.861106186623052
140	4.72788852194878
141	4.636845502679185
142	4.46679111940138
143	4.364334563124803
144	4.303748040548977
145	4.211828300880146
146	4.096475403830344
147	4.005516447395085
148	3.8910969994913027
149	3.810561518138495
150	3.6658735811173537
151	3.5792437987048005
152	3.437343670119304
153	3.4087857889853392
154	3.2845797042898863
155	3.214080400706616
156	3.1422365322922277
157	3.0676381252595943
158	3.006405658360242
159	2.939111427707741
160	2.8383788986817056
161	2.773682328919828
162	2.6616836481663637
163	2.6205008852025604
164	2.5512503723058413
165	2.447788273608084
166	2.3636869924076427
167	2.324700454253721
168	2.2348572406212615
169	2.1712213780664893
170	2.1314232993382087
171	2.118126658206464
172	2.0659189451995945
173	2.0000878229082786
174	1.9329948073393177
175	1.8856588863817072
176	1.8160807498994653
177	1.7523399672876585
178	1.710568945279142
179	1.6664432356676453
180	1.6278338715582263
181	1.5998393450799726
182	1.56186908947182
183	1.5017865830857529
184	1.4367378397492652
185	1.3997154722614555
186	1.3794528272295146
187	1.3555628389098324
188	1.3292216614081829
189	1.275979811033701
190	1.2516867709119794
191	1.2152996849627395
192	1.2023656907690032
193	1.1657704826882669
194	1.133418435659544
195	1.0981638278328738
196	1.0763354785554393
197	1.047825032554412
198	1.0288162297871022
199	1.0093077630599196
200	0.9750812974661865
201	0.9382696194620863
202	0.9140755993650573
203	0.8873622332493752
204	0.8644326952119503
205	0.8388084672537757
206	0.8205290654360362
207	0.7923492386237048
208	0.775771495655246
209	0.7561933291245603
210	0.7326788887480392
211	0.7118968881877272
212	0.6826500436710782
213	0.6773327167989501
214	0.6591131270652478
215	0.6458265205908267
216	0.6298740954958613
217	0.6045741995483301
218	0.5905188039342862
219	0.5713999683275721
220	0.5546051995579561
221	0.5374352742372774
222	0.5196872469136504
223	0.5065638445490183
224	0.48492232689634246
225	0.4804553629622895
226	0.4733561457563036
227	0.46614226080209686
228	0.45858830917905513
229	0.44542950254030944
230	0.42891763736256056
231	0.4156078564328532
232	0.4050431692792833
233	0.3961378748807474
234	0.3877460139548907
235	0.3818679004112771
236	0.367093857749281
237	0.35390937209046575
238	0.3388209243982103
239	0.3285428847077917
240	0.3220476818329904
241	0.3162665508425136
242	0.31162027396097547
243	0.30334491291034127
244	0.2966029206603011
245	0.28965859437663527
246	0.28239997570925685
247	0.2724466935253081
248	0.26616212421910124
249	0.26011205729269293
250	0.25181654066696385
251	0.2454608847619295
252	0.2385047585622867
253	0.22982355389372303
254	0.2249060780344766
255	0.220513504951613
256	0.21550593387840286
257	0.21331991637056427
258	0.20690109971696088
259	0.20302620070760496
260	0.19926513942674998
261	0.19347204292783185
262	0.18922568136303936
263	0.18410991811951688
264	0.17847402400440235
265	0.1740489359481438
266	0.16894302753042892
267	0.16719229046245865
268	0.16429567707698187
269	0.15668120831106044
270	0.149456352568318
271	0.14676061771771506
272	0.14594094588558168
273	0.142344337706636
274	0.139076542307571
275	0.13700575877873264
276	0.13282299295733188
277	0.1269473675084135
278	0.12322065412321216
279	0.12055974209385219
280	0.11615709801409266
281	0.11438370800693982
282	0.1120404965395115
283	0.1084650821022521
284	0.10597985580222388
285	0.10343488371615979
286	0.10181105900737306
287	0.09933041042112935
288	0.09581957626719738
289	0.0934116050978589
290	0.09086865095007564
291	0.08815959933112552
292	0.08697370417718148
293	0.08510514826088035
294	0.08157290183632954
295	0.07897229114543011
296	0.0765634611848971
297	0.07485763938115088
298	0.07279815796288418
299	0.07100519715217843
300	0.0686284579733641
301	0.06637195112307323
302	0.06517591770204731
303	0.0640942010624089
304	0.061934765194157394
305	0.06033912976818735
306	0.05888859535719566
307	0.0581332347930845
308	0.05691451996902596
309	0.055196304417532524
310	0.054086940029420306
311	0.052532383498397915
312	0.05076270241222709
313	0.0496955863014408
314	0.04846283600399777
315	0.04724011759321194
316	0.045565991006908065
317	0.04388962336165413
318	0.04214946172409739
319	0.04101817927122022
320	0.0400747273343643
321	0.039096218185553346
322	0.03832983554240795
323	0.037452605679525554
324	0.03614811484390081
325	0.03577652186459393
326	0.034623932616485435
327	0.03357147383570937
328	0.03252439248374027
329	0.03146472912619398
330	0.030641317484429317
331	0.029822689366344014
332	0.029155037264440978
333	0.028241541018085743
334	0.027972992395428962
335	0.027299359136877498
336	0.02621449381166666
337	0.025073521592570484
338	0.024752083390063302
339	0.02420904143978609
340	0.023619139493777995
341	0.023073068406958497
342	0.02253838120674519
343	0.021836404920924906
344	0.021217843383013062
345	0.02064710015057727
346	0.020201021341428482
347	0.01975715247223631
348	0.01869143755298486
349	0.018410683184529392
350	0.018191317201822137
351	0.01785960746088612
352	0.017235473251364423
353	0.016633837054214024
354	0.01593134128213032
355	0.015448981911303289
356	0.015218885990787396
357	0.014824045551285891
358	0.014525000258775633
359	0.014325782218581894
360	0.01385246693843258
361	0.01361874315534942
362	0.013215735989241691
363	0.012657867980743589
364	0.012362340729287363
365	0.01201281839760369
366	0.011622028982453817
367	0.011445118902083226
368	0.011254156640755499
369	0.010906733601501604
370	0.010613460363777015
371	0.010376425629804982
372	0.009915214343450806
373	0.009767182606851945
374	0.009448806527632933
375	0.009364631106896138
376	0.009054452145335448
377	0.008932745208925336
378	0.008695375188253704
379	0.008320430287244952
380	0.008134574511571914
381	0.007981479268190912
382	0.007798467959041706
383	0.007581038018542604
384	0.007440741697181525
385	0.0072808835497144815
386	0.007063096071778031
387	0.00685570308115867
388	0.0066889796037061435
389	0.006470436832225467
390	0.006274047742032258
391	0.006106171433523925
392	0.005873161864343047
393	0.005763700957499873
394	0.005617196280198118
395	0.005492621228798
396	0.005383687609858836
397	0.0051964168081912905
398	0.005037313430634345
399	0.004923612020062497
400	0.004818446165162544
401	0.0047033423187573704
402	0.004611670421909075
403	0.0045407698192543346
404	0.004472883531966113
405	0.0043597261076717
406	0.004234927864634105
407	0.0041170042150975306
408	0.004024341183752656
409	0.0038542037401146007
410	0.003809196058169692
411	0.00364035604088208
412	0.0035927940822453206
413	0.003536814437505209
414	0.0034463923559427865
415	0.0034096115813356384
416	0.0033152776539363323
417	0.0032110140678515147
418	0.0030902817032580254
419	0.0030055649291424926
420	0.00290320430343489
421	0.0028131788654008174
422	0.002745407977112994
423	0.0027064894475325773
424	0.00263542511147653
425	0.0025508588318923567
426	0.0024976740465769264
427	0.002381782703884991
428	0.0023127695727865843
429	0.002275462977499116
430	0.002231725067969919
431	0.0021564315109619545
432	0.0020688690762391657
433	0.002011355989619716
434	0.0019820868065955543
435	0.001956844009581152
436	0.0018922519061173374
437	0.0018402754142308713
438	0.0017872427966717063
439	0.0017675655089296235
440	0.0017092103809300202
441	0.001652166218861771
442	0.0016036548557773647
443	0.0015409320294392623
444	0.0014994323569062858
445	0.0014472322756808127
446	0.001426145848056494
447	0.0013974329940933303
448	0.001363351832281244
449	0.001333205350099231
450	0.0012901900301506561
451	0.0012556804456513853
452	0.0012179811057169757
453	0.0011947065003820093
454	0.001163721788806407
455	0.0011403119287897502
456	0.0011184634363059357
457	0.001103844940987762
458	0.001068219097856114
459	0.0010344363626787541
460	0.001021876624564392
461	9.980301246501194E-4
462	9.700481203904137E-4
463	9.414285272588556E-4
464	9.128750414000238E-4
465	8.946162284961902E-4
466	8.784738557748267E-4
467	8.60940017644955E-4
468	8.206852509289289E-4
469	8.046842241889869E-4
470	7.96915754025707E-4
471	7.835720569680818E-4
472	7.52100623608575E-4
473	7.194576822500214E-4
474	7.025851581351652E-4
475	6.830800096913716E-4
476	6.599194375679286E-4
477	6.37241789373744E-4
478	6.259515668260066E-4
479	6.041996767576908E-4
480	5.955887112283184E-4
481	5.712803532544247E-4
482	5.535079191892431E-4
483	5.441376261847928E-4
484	5.310451864361669E-4
485	5.200363552921491E-4
486	5.116688752430029E-4
487	4.974230506062237E-4
488	4.8599177906976314E-4
489	4.7538681908909587E-4
490	4.64568044747486E-4
491	4.552835793206008E-4
492	4.4764600224908227E-4
493	4.296967281542786E-4
494	4.195258078066893E-4
495	4.0809336841882913E-4
496	3.955829687871264E-4
497	3.8889322031679136E-4
498	3.826498308525163E-4
499	3.5936372569299476E-4
500	3.522682030674372E-4
501	3.4486092716601974E-4
502	3.316933970609556E-4
503	3.204117037592849E-4
504	3.1338244912535574E-4
505	3.084849903106982E-4
506	2.995585268502677E-4
507	2.936285190352427E-4
508	2.835479579969389E-4
509	2.7551637676167655E-4
510	2.7018445831352675E-4
511	2.627645957217678E-4
512	2.546729554833037E-4
513	2.4917550306712076E-4
514	2.4343739424600763E-4
515	2.398181493467593E-4
516	2.304968335688875E-4
517	2.2777406984563904E-4
518	2.162359799646593E-4
519	2.086994699729249E-4
520	2.0577810286687536E-4
521	2.001460187282105E-4
522	1.935626303291685E-4
523	1.9061266247282505E-4
524	1.8671887816270466E-4
525	1.8449492753561719E-4
526	1.781160918398022E-4
527	1.737057611871829E-4
528	1.6969755877006937E-4
529	1.6448375730805813E-4
530	1.5910796414169987E-4
531	1.55424064770388E-4
532	1.5121627748378684E-4
533	1.4826688528949097E-4
534	1.453151974525373E-4
535	1.413518803600132E-4
536	1.382320858500114E-4
537	1.3576047698010492E-4
538	1.305494239935866E-4
539	1.2809917624539036E-4
540	1.2614622795204233E-4
541	1.2305470913360434E-4
542	1.2109088512228355E-4
543	1.1761635226338818E-4
544	1.108664491052322E-4
545	1.0795017776352753E-4
546	1.0629921878131268E-4
547	1.0342982831233767E-4
548	1.0248028182864488E-4
549	9.929045246077529E-5
550	9.646629823415113E-5
551	9.185766629126111E-5
552	8.918562681022836E-5
553	8.59594417077726E-5
554	8.42570645577689E-5
555	8.162844912826702E-5
556	7.875729639371555E-5
557	7.535198958830326E-5
558	7.430835672703691E-5
559	7.195715397724941E-5
560	7.024929143596104E-5
561	6.926323578030535E-5
562	6.764221277910566E-5
563	6.538667616088438E-5
564	6.476779726223095E-5
565	6.306478109911676E-5
566	6.0550180192073876E-5
567	5.839080568454796E-5
568	5.735238822122939E-5
569	5.564257444885501E-5
570	5.391765418125539E-5
571	5.285230641681807E-5
572	5.1564994076693394E-5
573	5.076378012688522E-5
574	4.854867370779077E-5
575	4.715539704421838E-5
576	4.567635956070157E-5
577	4.4453835412820115E-5
578	4.357907769858053E-5
579	4.2522684477605356E-5
580	4.1403869845489396E-5
581	4.0450935025790654E-5
582	3.9630804153043666E-5
583	3.77745746442122E-5
584	3.663268629062045E-5
585	3.557011696861366E-5
586	3.4973993868531635E-5
587	3.388360893165388E-5
588	3.291671714278955E-5
589	3.228525557513482E-5
590	3.188504879741714E-5
591	3.087953653743038E-5
592	2.9875890470380285E-5
593	2.905142643053804E-5
594	2.8720420777370642E-5
595	2.796102685518007E-5
596	2.728468051489247E-5
597	2.6393690749514163E-5
598	2.5674059253981118E-5
599	2.5365849662811722E-5
600	2.4868235962388897E-5
601	2.390107374123369E-5
602	2.355457512685201E-5
603	2.2950704211239657E-5
604	2.2255942787664516E-5
605	2.1481675286050446E-5
606	2.111288537062859E-5
607	2.035736729115058E-5
608	1.976005602102043E-5
609	1.9179158275460365E-5
610	1.849665907276278E-5
611	1.8242356639853103E-5
612	1.7398653138700457E-5
613	1.7257829452071874E-5
614	1.6911790085483292E-5
615	1.6491061610722903E-5
616	1.6178938211870966E-5
617	1.576118175194691E-5
618	1.5135749791626903E-5
619	1.4956143478272756E-5
620	1.4508996262892371E-5
621	1.3884700080011628E-5
622	1.3678192797864115E-5
623	1.3394324768733903E-5
624	1.3087450902920377E-5
625	1.2504876677127051E-5
626	1.2169504771657634E-5
627	1.1962354890749983E-5
628	1.1509371409982243E-5
629	1.1262985859688817E-5
630	1.0920236168826188E-5
631	1.0705704232237483E-5
632	1.0343420351756538E-5
633	1.0170805195971763E-5
634	1.0077959278712302E-5
635	9.807051191062458E-6
636	9.539201317169679E-6
637	9.30053210929823E-6
638	9.017804224149803E-6
639	8.67326021284788E-6
640	8.451458950750528E-6
641	8.29033586562723E-6
642	8.13320406484588E-6
643	7.8203347642794E-6
644	7.621567815760632E-6
645	7.4557272789508255E-6
646	7.326439706586698E-6
647	7.164751720623048E-6
648	6.899392674883923E-6
649	6.5499034787804704E-6
650	6.396464091236425E-6
651	6.2515120581900984E-6
652	6.1072080515891405E-6
653	6.012389790850555E-6
654	5.845912299762533E-6
655	5.770885009669164E-6
656	5.657097863092277E-6
657	5.555032960441662E-6
658	5.364897828674662E-6
659	5.188877306116048E-6
660	5.078582007781958E-6
661	4.913790275737722E-6
662	4.774693372779222E-6
663	4.650913430209359E-6
664	4.549358938669013E-6
665	4.373542933460345E-6
666	4.244868456045647E-6
667	4.119798384896851E-6
668	3.980441489789969E-6
669	3.891910378038744E-6
670	3.7932756577005757E-6
671	3.7145903300556203E-6
672	3.60382013626318E-6
673	3.509937747169828E-6
674	3.4266070672512328E-6
675	3.342913521903899E-6
676	3.229450789291397E-6
677	3.133455797592037E-6
678	3.0862980839296266E-6
679	3.017379376650523E-6
680	2.97838538383357E-6
681	2.9297416206624398E-6
682	2.88377273136557E-6
683	2.798865093836272E-6
684	2.7035199657986305E-6
685	2.6469829036570847E-6
686	2.4903745766817717E-6
687	2.4379778059864546E-6
688	2.406628023435715E-6
689	2.3290673269717125E-6
690	2.288022102208335E-6
691	2.2244808633610196E-6
692	2.1734400254375963E-6
693	2.09419187066909E-6
694	2.0441982527897793E-6
695	2.0100811616596326E-6
696	1.9299913709336077E-6
697	1.8897740869205428E-6
698	1.8477233893471375E-6
699	1.8099904132253138E-6
700	1.7546375935971968E-6
701	1.7228163798630536E-6
702	1.685623120321494E-6
703	1.6364061959867564E-6
704	1.599830014881313E-6
705	1.5635325696402974E-6
706	1.5381645384102463E-6
707	1.4975002569612227E-6
708	1.4462758149657562E-6
709	1.3786324985156141E-6
710	1.348536797754493E-6
711	1.3026219167644512E-6
712	1.2494672109878682E-6
713	1.2425595617425312E-6
714	1.1988659750486652E-6
715	1.1784174632531059E-6
716	1.1482388336950805E-6
717	1.1203254773923087E-6
718	1.0649779224454683E-6
719	1.0387355259398224E-6
720	1.0125666702253197E-6
721	1.0011933000202476E-6
722	9.711717834938881E-7
723	9.483754679750224E-7
724	9.074619286213063E-7
725	8.729359757332435E-7
726	8.590884240046975E-7
727	8.3991969936904E-7
728	8.17410929851134E-7
729	8.065612167262703E-7
730	7.805891293483204E-7
731	7.666975850339885E-7
732	7.447244360945463E-7
733	7.277451202444128E-7
734	7.021587061099721E-7
735	6.887314177365227E-7
736	6.701760209065048E-7
737	6.501536937801208E-7
738	6.336777534387384E-7
739	6.229810386142352E-7
740	5.897420377625E-7
741	5.711784732012132E-7
742	5.665566915514791E-7
743	5.590878677623686E-7
744	5.454455429921974E-7
745	5.294411458324051E-7
746	5.170164944960999E-7
747	5.057394478343716E-7
748	4.985886883703204E-7
749	4.89911145880795E-7
750	4.808244937030803E-7
751	4.6820399760481876E-7
752	4.468354920684324E-7
753	4.397052666001368E-7
754	4.2768147961031693E-7
755	4.139001978597706E-7
756	4.0348310253882745E-7
757	3.9268288690919286E-7
758	3.8277409990741223E-7
759	3.719719339421267E-7
760	3.5795747098848363E-7
761	3.465421317000269E-7
762	3.3646121422721505E-7
763	3.32222761538653E-7
764	3.20930057301189E-7
765	3.0796857371042774E-7
766	3.001086653275769E-7
767	2.932069049265052E-7
768	2.8650730837598296E-7
769	2.7973440516554075E-7
770	2.7272385512371946E-7
771	2.6417060014522996E-7
772	2.553430536591821E-7
773	2.526070412044827E-7
774	2.4802231809904183E-7
775	2.403316545563963E-7
776	2.35571045308402E-7
777	2.288769140674166E-7
778	2.2357818962994943E-7
779	2.1860115605824272E-7
780	2.146410644350525E-7
781	2.076524906504709E-7
782	2.0626028798110284E-7
783	2.0083161036687326E-7
784	1.9595869270186334E-7
785	1.9102451527053276E-7
786	1.8799343072914383E-7
787	1.8388772130886758E-7
788	1.7836635837034374E-7
789	1.732461897914083E-7
790	1.690445854105919E-7
791	1.6287330491658263E-7
792	1.5737513491536204E-7
793	1.5343622072748457E-7
794	1.4786022195512847E-7
795	1.4438220243685112E-7
796	1.3978823130769803E-7
797	1.3669027176055665E-7
798	1.335001524833381E-7
799	1.3093360634740395E-7
800	1.2751449033622427E-7
801	1.2186144999394395E-7
802	1.1726968203930633E-7
803	1.1473646700004742E-7
804	1.1134407644933936E-7
805	1.089091118179708E-7
806	1.0751041071633868E-7
807	1.0501323511128872E-7
808	1.0225230663906179E-7
809	9.877030042629196E-8
810	9.557885644261448E-8
811	9.417211859601836E-8
812	9.255427014175007E-8
813	8.962978651637792E-8
814	8.697691234734734E-8
815	8.559917599838967E-8
816	8.296471560384E-8
817	8.173555179979267E-8
818	8.049187114427194E-8
819	7.785990431057415E-8
820	7.459260516414265E-8
821	7.238616199150813E-8
822	7.117420270933568E-8
823	6.861383732565104E-8
824	6.69028930388949E-8
825	6.582164556661127E-8
826	6.358491994919728E-8
827	6.237168262836415E-8
828	6.120756359762894E-8
829	5.969857247108347E-8
830	5.8432325124188647E-8
831	5.7004336233710274E-8
832	5.596911709146393E-8
833	5.4799785336028884E-8
834	5.3674074965156534E-8
835	4.96405584580664E-8
836	4.882361733690398E-8
837	4.81061394085858E-8
838	4.730806625786896E-8
839	4.5518597124262896E-8
840	4.437431667731486E-8
841	4.324873312244477E-8
842	4.241218746419241E-8
843	4.0977935403577696E-8
844	4.012049776014518E-8
845	3.9016240502312316E-8
846	3.8063283744589615E-8
847	3.718000013078081E-8
848	3.6311602182696285E-8
849	3.5627969174597386E-8
850	3.453717878853562E-8
851	3.359664297847323E-8
852	3.225075684178567E-8
853	3.1706517307870154E-8
854	3.0755989281745546E-8
855	2.981179315383144E-8
856	2.9191964593035182E-8
857	2.8356598069620266E-8
858	2.77799897842997E-8
859	2.723591999162639E-8
860	2.6450165979298467E-8
861	2.5917845746178287E-8
862	2.546200983572134E-8
863	2.461171381459112E-8
864	2.4121765882893987E-8
865	2.3520424452298317E-8
866	2.2791549755124544E-8
867	2.249115055767325E-8
868	2.2089336422416437E-8
869	2.1468039213935128E-8
870	2.0857657186833092E-8
871	2.0470724455185507E-8
872	1.976302102470692E-8
873	1.9046217596593515E-8
874	1.8540556390847913E-8
875	1.8191935276078134E-8
876	1.7873818347015062E-8
877	1.7146897717115935E-8
878	1.664748673766556E-8
879	1.623800516370333E-8
880	1.5747982348124232E-8
881	1.5451042177651457E-8
882	1.5167149305084195E-8
883	1.4652282662867024E-8
884	1.4305793614336239E-8
885	1.3570183414061275E-8
886	1.3380595501805647E-8
887	1.3156827720295662E-8
888	1.3036217655301558E-8
889	1.2652854967479815E-8
890	1.2138570823439063E-8
891	1.1921425377047081E-8
892	1.1737585292826616E-8
893	1.1491225598478824E-8
894	1.1194634653384001E-8
895	1.0852158675680709E-8
896	1.0592813597124826E-8
897	1.0186084333247825E-8
898	9.662010225066326E-9
899	9.430812656843494E-9
900	9.272330417353784E-9
901	9.094916644306564E-9
902	8.778136416635283E-9
903	8.561671222339576E-9
904	8.434135485812119E-9
905	8.190710097798062E-9
906	8.051288926990511E-9
907	7.882000427570854E-9
908	7.694460965483033E-9
909	7.440651890598529E-9
910	7.272438447131508E-9
911	6.846275485221905E-9
912	6.6654106218032E-9
913	6.565509524347543E-9
914	6.423595017664003E-9
915	6.194901636869422E-9
916	5.99045509255581E-9
917	5.824376934826039E-9
918	5.66683703571778E-9
919	5.51265991673278E-9
920	5.482079688770408E-9
921	5.345212527421067E-9
922	5.1903995410885025E-9
923	5.00717484723284E-9
924	4.906240556140416E-9
925	4.814489531775371E-9
926	4.624413826140723E-9
927	4.5215168005155376E-9
928	4.431598087598294E-9
929	4.331630919485064E-9
930	4.222817862164102E-9
931	4.136180988760215E-9
932	3.920035166481886E-9
933	3.734864435567324E-9
934	3.6410039995681573E-9
935	3.503972934347069E-9
936	3.45038561296678E-9
937	3.3871453906498957E-9
938	3.3094001485576652E-9
939	3.232165825282354E-9
940	3.0984923696081287E-9
941	3.0267368758587496E-9
942	2.9582850165748063E-9
943	2.8791005496374193E-9
944	2.8210465489498326E-9
945	2.770604178671054E-9
946	2.7127813078395127E-9
947	2.6934069069160343E-9
948	2.658566403956034E-9
949	2.5992993006212264E-9
950	2.5340802864768312E-9
951	2.457778112315498E-9
952	2.3967801555797693E-9
953	2.3608627474523095E-9
954	2.2485253764159823E-9
955	2.187793407019333E-9
956	2.137453308027498E-9
957	2.0793346523368265E-9
958	2.0509287121893935E-9
959	1.976044485793323E-9
960	1.9231490508229207E-9
961	1.8820824577949507E-9
962	1.8348377990823595E-9
963	1.8052874975480294E-9
964	1.7629821845798623E-9
965	1.7219354289515832E-9
966	1.6679181066655266E-9
967	1.6398740804981774E-9
968	1.540011676413675E-9
969	1.5063379703651397E-9
970	1.4381432641366837E-9
971	1.3921568603106724E-9
972	1.361684425610403E-9
973	1.3377039403127874E-9
974	1.2941362778671977E-9
975	1.24508791616822E-9
976	1.2365755181460699E-9
977	1.2018284174242793E-9
978	1.1800365567002239E-9
979	1.1212609420392709E-9
980	1.0837941073561924E-9
981	1.0599726836634638E-9
982	1.0242531986183288E-9
983	9.900735823771234E-10
984	9.814440192345432E-10
985	9.663380404995653E-10
986	9.354822799633867E-10
987	9.174060182123199E-10
988	8.965096389941735E-10
989	8.781655112006418E-10
990	8.403938881765329E-10
991	8.29851123367526E-10
992	8.147984694550655E-10
993	7.987585764186174E-10
994	7.819169346452919E-10
995	7.502724651971672E-10
996	7.381224828621407E-10
997	7.253686786584248E-10
998	7.082953561435531E-10
999	6.805585310811628E-10
1000	6.64192954095913E-10
1001	6.432810749987629E-10
1002	6.236567032826293E-10
1003	6.005476419635179E-10
1004	5.785084732939381E-10
1005	5.594908033284349E-10
1006	5.386484032187339E-10
1007	5.282065549647457E-10
1008	5.16059566471023E-10
1009	5.015402290007986E-10
1010	4.949918772794754E-10
1011	4.88812280134717E-10
1012	4.804446929274079E-10
1013	4.706438292370919E-10
1014	4.5583350302640694E-10
1015	4.4432055993934004E-10
1016	4.387238152221727E-10
1017	4.138174717286348E-10
1018	4.0278599105477567E-10
1019	3.962100985438187E-10
1020	3.807198827948671E-10
1021	3.684930593275325E-10
1022	3.5907404086009985E-10
1023	3.4724017103591573E-10
1024	3.393527689207848E-10
1025	3.323312355353638E-10
1026	3.248240896311924E-10
1027	3.1170842903506625E-10
1028	3.013118300359359E-10
1029	2.947212289657527E-10
1030	2.895800628807047E-10
1031	2.8150868073939944E-10
1032	2.7309042960467186E-10
1033	2.6858008148654904E-10
1034	2.607859730400333E-10
1035	2.536096943487554E-10
1036	2.468889459454292E-10
1037	2.359300324183716E-10
1038	2.3086871183321915E-10
1039	2.2143715967190533E-10
1040	2.1848070352903903E-10
1041	2.1335642305373984E-10
1042	2.05584480096471E-10
1043	2.0040596476832212E-10
1044	1.918544029935761E-10
1045	1.868246006850448E-10
1046	1.8144682724395168E-10
1047	1.75741317074372E-10
1048	1.7385574997404472E-10
1049	1.691455080118164E-10
1050	1.6393251008998878E-10
1051	1.594394333649627E-10
1052	1.5696409745995616E-10
1053	1.53621414010962E-10
1054	1.4914209049705972E-10
1055	1.4650775988288184E-10
1056	1.4321407489637908E-10
1057	1.404867216720275E-10
1058	1.3604644627530953E-10
1059	1.3472215233521732E-10
1060	1.3068847090798083E-10
1061	1.285139285314288E-10
1062	1.2558429592166095E-10
1063	1.2202036511665008E-10
1064	1.1943871483332222E-10
1065	1.1531908750885369E-10
1066	1.1221919283808555E-10
1067	1.0924389464888522E-10
1068	1.0696143028684544E-10
1069	1.0542083521069463E-10
1070	1.024714444652833E-10
1071	9.89832313034586E-11
1072	9.62437802429171E-11
1073	9.261587313048553E-11
1074	8.83174236207508E-11
1075	8.700102274267079E-11
1076	8.468941869449021E-11
1077	8.335558932393908E-11
1078	8.186254059789728E-11
1079	8.002337490324125E-11
1080	7.687649487374109E-11
1081	7.528249228811426E-11
1082	7.341503001803692E-11
1083	7.109932289173922E-11
1084	6.873327251472543E-11
1085	6.627766121608693E-11
1086	6.429685140381371E-11
1087	6.270434580163205E-11
1088	6.090906989131443E-11
1089	5.959203066150795E-11
1090	5.7850043234870514E-11
1091	5.576365752296637E-11
1092	5.3687900140585924E-11
1093	5.272105035413032E-11
1094	5.0788354128630055E-11
1095	5.040115211029824E-11
1096	4.9536630845963064E-11
1097	4.8411341417397776E-11
1098	4.7418071980706653E-11
1099	4.543189306061771E-11
1100	4.376425658012239E-11
1101	4.324549833378122E-11
1102	4.219267705571476E-11
1103	4.1429720689020395E-11
1104	4.019908944563862E-11
1105	3.9503705951694474E-11
1106	3.8401271041247195E-11
1107	3.72911990374531E-11
1108	3.6282148165205664E-11
1109	3.558740147272975E-11
1110	3.488625998959888E-11
1111	3.372379666436907E-11
1112	3.327152058164554E-11
1113	3.281913884377806E-11
1114	3.1529829308516446E-11
1115	3.011684604079919E-11
1116	2.976156660184345E-11
1117	2.8027862954838184E-11
1118	2.7619308313102772E-11
1119	2.6919011111970267E-11
1120	2.6605040502490452E-11
1121	2.6024689743897665E-11
1122	2.523386699594406E-11
1123	2.4562546491353717E-11
1124	2.3565794327253428E-11
1125	2.3088680334138072E-11
1126	2.2332360268383206E-11
1127	2.184066158102061E-11
1128	2.1334906626192604E-11
1129	2.1052895807709403E-11
1130	2.0524195860835812E-11
1131	2.0013727155006092E-11
1132	1.9486091033100635E-11
1133	1.8944725304980062E-11
1134	1.836274368202246E-11
1135	1.777811529244721E-11
1136	1.745072609956947E-11
1137	1.6962206475001167E-11
1138	1.653838207471875E-11
1139	1.616073926014245E-11
1140	1.5789795897279325E-11
1141	1.553348206206824E-11
1142	1.504272752422188E-11
1143	1.479593727543919E-11
1144	1.4533127831003905E-11
1145	1.4145821616781468E-11
1146	1.3906048318887411E-11
1147	1.3578337924880494E-11
1148	1.3300777714895528E-11
1149	1.3065653519897555E-11
1150	1.2508161057627087E-11
1151	1.2166888262299228E-11
1152	1.1820775086408877E-11
1153	1.125867241162504E-11
1154	1.1133338844029449E-11
1155	1.0838292012214782E-11
1156	1.0281778943996965E-11
1157	1.015459242105563E-11
1158	9.780169115491375E-12
1159	9.62350472960475E-12
1160	9.371811381389072E-12
1161	9.163685777106656E-12
1162	8.943733693195792E-12
1163	8.75315616259564E-12
1164	8.609398414792177E-12
1165	8.424740605504481E-12
1166	8.117582101635955E-12
1167	7.722651352964332E-12
1168	7.606887446237241E-12
1169	7.369054215024548E-12
1170	7.229478555177672E-12
1171	6.89636367982006E-12
1172	6.843691360724148E-12
1173	6.5210823782001745E-12
1174	6.240360778913386E-12
1175	6.081843271729142E-12
1176	6.0104361487224545E-12
1177	5.914538808595017E-12
1178	5.756241380148795E-12
1179	5.6425621069043644E-12
1180	5.413323868624855E-12
1181	5.34011232644816E-12
1182	5.23997924760953E-12
1183	5.145107597523487E-12
1184	4.999973866966673E-12
1185	4.889392675688937E-12
1186	4.734532604768094E-12
1187	4.674200686172969E-12
1188	4.51427920758291E-12
1189	4.3307717094669245E-12
1190	4.195241057472042E-12
1191	4.130037764882513E-12
1192	4.026379367618121E-12
1193	4.020418177863732E-12
1194	3.9181180212042325E-12
1195	3.7813997564276464E-12
1196	3.623477515345836E-12
1197	3.5362687096052494E-12
1198	3.4755593586150548E-12
1199	3.4026055627797418E-12
1200	3.3425922374379524E-12
1201	3.2725710419272757E-12
1202	3.14334522813415E-12
1203	3.0594999365592355E-12
1204	2.9796355810899746E-12
1205	2.9127769725562168E-12
1206	2.8278862615808612E-12
1207	2.737094231788907E-12
1208	2.690651549963736E-12
1209	2.6540969010950405E-12
1210	2.6017376025168598E-12
1211	2.5409139968532767E-12
1212	2.472476121018483E-12
1213	2.4184627361250947E-12
1214	2.4009870951510715E-12
1215	2.3264793889755077E-12
1216	2.2707703544363407E-12
1217	2.2160780624857668E-12
1218	2.13048432820752E-12
1219	2.0351500363896598E-12
1220	2.004875250115017E-12
1221	1.9278841902040127E-12
1222	1.85947849286096E-12
1223	1.8103832979880743E-12
1224	1.8016540414265781E-12
1225	1.7629858773189526E-12
1226	1.7038465469527111E-12
1227	1.670108743026292E-12
1228	1.5489173936612689E-12
1229	1.5194601109077552E-12
1230	1.4708442953881689E-12
1231	1.4492866856747723E-12
1232	1.4169462838696899E-12
1233	1.3888270837901614E-12
1234	1.3584470209541114E-12
1235	1.3377812073610854E-12
1236	1.2986562218869531E-12
1237	1.28164432272822E-12
1238	1.2527980072844206E-12
1239	1.2148150330755489E-12
1240	1.1955616445902163E-12
1241	1.1714082539027706E-12
1242	1.134355853661578E-12
1243	1.11724192305394E-12
1244	1.0754491232415E-12
1245	1.0163325388787152E-12
1246	1.0004351310926496E-12
1247	9.7834503042387E-13
1248	9.347868035474512E-13
1249	9.122819324917103E-13
1250	8.880147685612005E-13
1251	8.738527120644343E-13
1252	8.41055138067247E-13
1253	8.177346032254932E-13
1254	8.012787749077773E-13
1255	7.880302659152739E-13
1256	7.740846069137492E-13
1257	7.504845020139664E-13
1258	7.302651746184162E-13
1259	7.182533759237844E-13
1260	7.036342650769106E-13
1261	6.816951779289088E-13
1262	6.556754749662214E-13
1263	6.407989700245994E-13
1264	6.200668276695149E-13
1265	5.938781972254056E-13
1266	5.832380782715433E-13
1267	5.500005012726441E-13
1268	5.421722303313491E-13
1269	5.287515615411978E-13
1270	5.183754897673717E-13
1271	5.159109479449271E-13
1272	5.041699914418166E-13
1273	4.991084743411334E-13
1274	4.844718094648279E-13
1275	4.731375204047032E-13
1276	4.577049182660321E-13
1277	4.3894818352611107E-13
1278	4.2849587961351887E-13
1279	4.1495376137536497E-13
1280	4.0737403749208506E-13
1281	3.8971583995751796E-13
1282	3.806360818415319E-13
1283	3.727289512880459E-13
1284	3.619513099437368E-13
1285	3.5238992182137067E-13
1286	3.3405265705359924E-13
1287	3.2886794161811804E-13
1288	3.238340390842399E-13
1289	3.197786874236279E-13
1290	3.1643785624233463E-13
1291	3.0414987953960507E-13
1292	2.98311733701404E-13
1293	2.9101047676798124E-13
1294	2.8373698266057567E-13
1295	2.7504017999190566E-13
1296	2.6386836724627156E-13
1297	2.581428188989832E-13
1298	2.49316855768642E-13
1299	2.428260651820148E-13
1300	2.399268231455986E-13
1301	2.3364480777014016E-13
1302	2.288539223649344E-13
1303	2.1948526049502246E-13
1304	2.1317574752830653E-13
1305	2.0591263529757554E-13
1306	2.0123538920409074E-13
1307	1.9768889182697394E-13
1308	1.906470175180638E-13
1309	1.8653100908060445E-13
1310	1.7989976267648564E-13
1311	1.7519432539911612E-13
1312	1.7103998507005034E-13
1313	1.6611510000239387E-13
1314	1.6148659062904397E-13
1315	1.5786778785114206E-13
1316	1.5322105006944475E-13
1317	1.4976016158847042E-13
1318	1.43139062362731E-13
1319	1.4036092335836463E-13
1320	1.3562017691742524E-13
1321	1.3324967396237505E-13
1322	1.306955815725116E-13
1323	1.2699636928726806E-13
1324	1.2255943612310618E-13
1325	1.1778121914644385E-13
1326	1.1476826628280143E-13
1327	1.1112666636616968E-13
1328	1.0707298941160772E-13
1329	1.0459711625759275E-13
1330	1.027413203612295E-13
1331	9.929020504048887E-14
1332	9.757451983825507E-14
1333	9.487118834835029E-14
1334	9.230751408286775E-14
1335	8.907989045935025E-14
1336	8.701922314976181E-14
1337	8.44037550303302E-14
1338	8.123920729497269E-14
1339	8.027063115800625E-14
1340	7.794558501186257E-14
1341	7.629333224882959E-14
1342	7.295813280862852E-14
1343	7.114191282531871E-14
1344	7.01891083578503E-14
1345	6.813316608565868E-14
1346	6.524674029890818E-14
1347	6.313340952028457E-14
1348	6.14027147010199E-14
1349	5.924106802607612E-14
1350	5.889713885761555E-14
1351	5.738992441950095E-14
1352	5.670674849684661E-14
1353	5.428011205870753E-14
1354	5.353309689140221E-14
1355	5.2140875332937205E-14
1356	5.157357771965097E-14
1357	5.0193440854729665E-14
1358	4.806895451287771E-14
1359	4.712903344887823E-14
1360	4.5536300678995046E-14
1361	4.468565496789435E-14
1362	4.346185823897017E-14
1363	4.2666977584993036E-14
1364	4.1579273539402724E-14
1365	4.094348918360207E-14
1366	3.9114802751242177E-14
1367	3.863122483597516E-14
1368	3.7597402190089256E-14
1369	3.646456615468061E-14
1370	3.484171128778267E-14
1371	3.3528445046848334E-14
1372	3.31956304383174E-14
1373	3.2643431439193577E-14
1374	3.1968180272751644E-14
1375	3.127692332569038E-14
1376	3.03468987209395E-14
1377	2.992140818718233E-14
1378	2.8706963143148116E-14
1379	2.8304464482279875E-14
1380	2.7097226968303443E-14
1381	2.5772764098486748E-14
1382	2.5356783833319383E-14
1383	2.4842712361812858E-14
1384	2.4307250639896904E-14
1385	2.3684317810466286E-14
1386	2.3125304267516413E-14
1387	2.275838207034843E-14
1388	2.2093924980087274E-14
1389	2.1410345944627257E-14
1390	2.1216135469595466E-14
1391	2.0883707150971212E-14
1392	2.02499128238498E-14
1393	1.9626007861032546E-14
1394	1.927397112856265E-14
1395	1.8700117163829736E-14
1396	1.8177315153987014E-14
1397	1.7325759404436314E-14
1398	1.6769402227318936E-14
1399	1.6160484827510415E-14
1400	1.5639168152306184E-14
1401	1.5291520500425446E-14
1402	1.500041504268342E-14
1403	1.475208190577787E-14
1404	1.442007960534385E-14
1405	1.4148671039098398E-14
1406	1.3899642749493806E-14
1407	1.3554104584885778E-14
1408	1.3210652290139607E-14
1409	1.2900409352085804E-14
1410	1.2337277251031856E-14
1411	1.2076220916903741E-14
1412	1.1851189027049911E-14
1413	1.1550953429196249E-14
1414	1.1243979919889054E-14
1415	1.1126599466613427E-14
1416	1.0860958324940415E-14
1417	1.0547971394057076E-14
1418	1.0034980898201667E-14
1419	9.623940315784573E-15
1420	9.391074413285267E-15
1421	9.043120347118753E-15
1422	8.738006777620117E-15
1423	8.549888495990971E-15
1424	8.198469808244998E-15
1425	8.030790078604754E-15
1426	7.874132239074514E-15
1427	7.732320466564605E-15
1428	7.493905012822856E-15
1429	7.237491499432152E-15
1430	6.998898260067275E-15
1431	6.783666257667224E-15
1432	6.714534681557684E-15
1433	6.608375494195869E-15
1434	6.4489938566671116E-15
1435	6.290018578247657E-15
1436	6.1726648489653824E-15
1437	5.940093062098327E-15
1438	5.775241339854454E-15
1439	5.557796839957424E-15
1440	5.402468393748199E-15
1441	5.291432708205273E-15
1442	5.111254653685758E-15
1443	5.041738490348082E-15
1444	4.891151339501567E-15
1445	4.787165617425718E-15
1446	4.681028906505122E-15
1447	4.555040224133105E-15
1448	4.3975008057239834E-15
1449	4.333386696169976E-15
1450	4.23535346704342E-15
1451	4.14902174257002E-15
1452	4.050500056859809E-15
1453	3.9267641528973275E-15
1454	3.83204019516876E-15
1455	3.7696134742442266E-15
1456	3.663470064173107E-15
1457	3.571353755121509E-15
1458	3.438368208904136E-15
1459	3.3452805891757114E-15
1460	3.2578998550189717E-15
1461	3.163581323407578E-15
1462	3.0844554812744995E-15
1463	3.022601755271201E-15
1464	2.963413012483246E-15
1465	2.8781192848988456E-15
1466	2.7875427802723888E-15
1467	2.7269860060958257E-15
1468	2.6980505380600057E-15
1469	2.5885915118475918E-15
1470	2.530503072684639E-15
1471	2.4633001123127536E-15
1472	2.356664134662038E-15
1473	2.3031329090150073E-15
1474	2.260153113727371E-15
1475	2.2150478334488683E-15
1476	2.161313871137163E-15
1477	2.124798858102171E-15
1478	2.110819978986728E-15
1479	2.0386821680644196E-15
1480	1.9805548406882805E-15
1481	1.9206881004144727E-15
1482	1.8854897035368625E-15
1483	1.8291015041765817E-15
1484	1.7723645575559435E-15
1485	1.7371217259614017E-15
1486	1.6877346777989559E-15
1487	1.6511583423914325E-15
1488	1.6171090264952126E-15
1489	1.5210318093533057E-15
1490	1.4733230226012516E-15
1491	1.4466474094318744E-15
1492	1.4313118948490361E-15
1493	1.3927402320619106E-15
1494	1.336762191816739E-15
1495	1.2965318475952497E-15
1496	1.2760664559706826E-15
1497	1.2417954146971094E-15
1498	1.2187694956144376E-15
1499	1.1835988256627776E-15
1500	1.1734699499404435E-15
1501	1.1225874075952114E-15
1502	1.0899431386205502E-15
1503	1.066404713012945E-15
1504	1.0419536711545867E-15
1505	1.0226974663374605E-15
1506	9.855308751804493E-16
1507	9.537880422889565E-16
1508	9.271300501544479E-16
1509	9.14513078651839E-16
1510	9.011804500493274E-16
1511	8.739245855912827E-16
1512	8.289042275690106E-16
1513	8.21213145086662E-16
1514	8.006525923805182E-16
1515	7.830896887177237E-16
1516	7.592190244846335E-16
1517	7.412387982714403E-16
1518	7.166502953287902E-16
1519	6.981425597287013E-16
1520	6.87165491158768E-16
1521	6.782392075469829E-16
1522	6.525461889878263E-16
1523	6.289568132652223E-16
1524	6.120805902017972E-16
1525	6.022370114396816E-16
1526	5.900663710217765E-16
1527	5.821678068334181E-16
1528	5.688501236594151E-16
1529	5.515933040776881E-16
1530	5.423950024373113E-16
1531	5.256955297373459E-16
1532	5.149358316658638E-16
1533	5.023570146738875E-16
1534	4.904139886022217E-16
1535	4.763704888096269E-16
1536	4.555646348323339E-16
1537	4.479480361092077E-16
1538	4.300168436128467E-16
1539	4.188470937815816E-16
1540	4.073905621566767E-16
1541	3.836735021713242E-16
1542	3.7059219507378105E-16
1543	3.664136163781509E-16
1544	3.590541978866262E-16
1545	3.5269630398694854E-16
1546	3.463576174194903E-16
1547	3.432478602444581E-16
1548	3.3462383177486693E-16
1549	3.2707476356234063E-16
1550	3.175603455574944E-16
1551	3.0897413794444647E-16
1552	3.0375343084214523E-16
1553	2.9480585091517347E-16
1554	2.818420220120208E-16
1555	2.691775073137205E-16
1556	2.644479501587493E-16
1557	2.590650802065446E-16
1558	2.566375555568423E-16
1559	2.5091061285391506E-16
1560	2.4422186551707506E-16
1561	2.364310277727329E-16
1562	2.3254147159460275E-16
1563	2.229861468230907E-16
1564	2.2001453041652058E-16
1565	2.1317822207384858E-16
1566	2.0957195940866522E-16
1567	2.0265456634173603E-16
1568	1.9523648285673482E-16
1569	1.8831413166260585E-16
1570	1.7812473830443875E-16
1571	1.7152368575288971E-16
1572	1.6717520606708368E-16
1573	1.6310863671247116E-16
1574	1.598906254348637E-16
1575	1.5539433971539573E-16
1576	1.490722323980472E-16
1577	1.4598668404161694E-16
1578	1.430943695056726E-16
1579	1.3824529548726367E-16
1580	1.3705990207870363E-16
1581	1.3419237094731512E-16
1582	1.3228354558881518E-16
1583	1.2738303367642125E-16
1584	1.2630123628708467E-16
1585	1.2143614346930893E-16
1586	1.1774520306540266E-16
1587	1.1541164329318668E-16
1588	1.1386418855379836E-16
1589	1.1095125638578419E-16
1590	1.0682475916424654E-16
1591	1.0463237775886616E-16
1592	1.0316215439245302E-16
1593	1.0172446719498424E-16
1594	9.824382779756655E-17
1595	9.572405674520827E-17
1596	9.415509019482613E-17
1597	9.261312244501661E-17
1598	9.117159343237306E-17
1599	8.864525155104584E-17
1600	8.815188505617784E-17
1601	8.296420176794991E-17
1602	8.050240408559784E-17
1603	7.979910667598059E-17
1604	7.610839894343145E-17
1605	7.397092144993735E-17
1606	7.153391549995968E-17
1607	7.044585342494979E-17
1608	6.696525085144702E-17
1609	6.542618190981309E-17
1610	6.408835227295583E-17
1611	6.223044732294603E-17
1612	6.132313983947882E-17
1613	6.048203796615583E-17
1614	5.72855672783124E-17
1615	5.4989280030753694E-17
1616	5.439139311898049E-17
1617	5.2850639192274115E-17
1618	5.185367701801E-17
1619	5.0383028725636674E-17
1620	4.722447888820368E-17
1621	4.6367933229408346E-17
1622	4.422128220160718E-17
1623	4.3120020839577236E-17
1624	4.245660152438728E-17
1625	4.071528898072069E-17
1626	4.041668995216956E-17
1627	3.974983706599896E-17
1628	3.835094028267111E-17
1629	3.748886494985276E-17
1630	3.6797566631024146E-17
1631	3.5326289143429994E-17
1632	3.5020455334293815E-17
1633	3.416822279481769E-17
1634	3.3812482333717585E-17
1635	3.340934255563584E-17
1636	3.203175420408986E-17
1637	3.089485168239893E-17
1638	3.0496695067512306E-17
1639	2.9391902874517845E-17
1640	2.8852004811042144E-17
1641	2.7622042389747193E-17
1642	2.6856430991581326E-17
1643	2.6349868930874378E-17
1644	2.5578857816376188E-17
1645	2.4340923260046607E-17
1646	2.4079151404334975E-17
1647	2.3379677746439426E-17
1648	2.2553451597476363E-17
1649	2.20907335237453E-17
1650	2.14402533262598E-17
1651	2.076817171613163E-17
1652	2.0129848840448837E-17
1653	1.954978740600204E-17
1654	1.9249739226134677E-17
1655	1.876366422679941E-17
1656	1.8248794832096684E-17
1657	1.7519358814384162E-17
1658	1.6966758519486822E-17
1659	1.6678832980741525E-17
1660	1.625440464977511E-17
1661	1.5835388599030795E-17
1662	1.5461568050666975E-17
1663	1.497864023908746E-17
1664	1.4541300328487956E-17
1665	1.4128857472510173E-17
1666	1.3947508163552966E-17
1667	1.3441019212020444E-17
1668	1.324203771138014E-17
1669	1.2950368182309993E-17
1670	1.2631809943752831E-17
1671	1.232780605052134E-17
1672	1.2114453158430406E-17
1673	1.1677183528319547E-17
1674	1.1413036843802906E-17
1675	1.0858782785435105E-17
1676	1.061395285389176E-17
1677	1.0323126267938087E-17
1678	1.0012459647888447E-17
1679	9.784119586542624E-18
1680	9.540086588900198E-18
1681	9.342616918701615E-18
1682	9.100140032291464E-18
1683	8.989835416884652E-18
1684	8.654438097455959E-18
1685	8.54003385848046E-18
1686	8.28557510893809E-18
1687	7.777248727834908E-18
1688	7.602774312649432E-18
1689	7.477092533950435E-18
1690	7.2965741863914E-18
1691	7.127366296496965E-18
1692	6.931601409798978E-18
1693	6.6426605080094875E-18
1694	6.534420555719542E-18
1695	6.397272842693712E-18
1696	6.184571537650641E-18
1697	5.994022150472942E-18
1698	5.861536142145647E-18
1699	5.748804065112768E-18
1700	5.52118858686147E-18
1701	5.308565564228944E-18
1702	5.218576366813102E-18
1703	5.097567294154121E-18
1704	4.983433627239125E-18
1705	4.833307992418333E-18
1706	4.651885364982324E-18
1707	4.5227660296647006E-18
1708	4.365565543478297E-18
1709	4.334653217834475E-18
1710	4.189255785967716E-18
1711	3.984630918059051E-18
1712	3.936820456835165E-18
1713	3.857016374491566E-18
1714	3.80037338057587E-18
1715	3.684901102872728E-18
1716	3.536998372790189E-18
1717	3.48399987595956E-18
1718	3.385909526659269E-18
1719	3.3333012990602978E-18
1720	3.180067319684466E-18
1721	3.1497925040057145E-18
1722	3.125062356290074E-18
1723	3.026561050896817E-18
1724	2.9387264676295424E-18
1725	2.860723208506751E-18
1726	2.755308240882967E-18
1727	2.6809286310692607E-18
1728	2.616870355475506E-18
1729	2.5449403866999674E-18
1730	2.4796528724040202E-18
1731	2.398847370732584E-18
1732	2.274272034715219E-18
1733	2.223434859619419E-18
1734	2.1651078619343452E-18
1735	2.1332675435042704E-18
1736	2.0959065095409272E-18
1737	2.0520267269305378E-18
1738	1.9696744567459636E-18
1739	1.8997049469130398E-18
1740	1.8636047527507397E-18
1741	1.818605934413005E-18
1742	1.763382396078296E-18
1743	1.7217153139064234E-18
1744	1.6706618220612177E-18
1745	1.630411068874102E-18
1746	1.6090302122427753E-18
1747	1.5965428984434007E-18
1748	1.5470763515486777E-18
1749	1.4915013655250572E-18
1750	1.4609467851581096E-18
1751	1.4350373849920944E-18
1752	1.4117266307841362E-18
1753	1.3649571495149972E-18
1754	1.3398470794443825E-18
1755	1.3183904607444006E-18
1756	1.2628019956782124E-18
1757	1.2264827004399168E-18
1758	1.202782312839473E-18
1759	1.1823170830344816E-18
1760	1.1561803339683033E-18
1761	1.1225535307704813E-18
1762	1.0857713150859036E-18
1763	1.0604404220922725E-18
1764	1.0452023954572662E-18
1765	1.0205401320872432E-18
1766	9.848117338893996E-19
1767	9.353133340371909E-19
1768	9.19256868626755E-19
1769	9.05638337057981E-19
1770	8.934814692675188E-19
1771	8.823081253590197E-19
1772	8.398600380356414E-19
1773	8.069824765890953E-19
1774	7.754760836081677E-19
1775	7.557190542407752E-19
1776	7.397574823978857E-19
1777	7.098383711465352E-19
1778	6.989896962566691E-19
1779	6.768510273933777E-19
1780	6.583424345236275E-19
1781	6.530923530883963E-19
1782	6.38160960729168E-19
1783	6.326152956682406E-19
1784	6.22335837424135E-19
1785	5.969415460416921E-19
1786	5.720474150965638E-19
1787	5.56418904586457E-19
1788	5.443255164394788E-19
1789	5.331100382003093E-19
1790	5.200396955185765E-19
1791	4.92422591993136E-19
1792	4.784864903671589E-19
1793	4.717449043224813E-19
1794	4.595998413615407E-19
1795	4.468438192945874E-19
1796	4.405250878161765E-19
1797	4.29691645847479E-19
1798	4.1670033522982213E-19
1799	4.0093816298340153E-19
1800	3.967314430761118E-19
1801	3.898037461262807E-19
1802	3.8153581373193827E-19
1803	3.6727812445901066E-19
1804	3.567651122005468E-19
1805	3.5025705914330796E-19
1806	3.295198076366723E-19
1807	3.1717784827115094E-19
1808	3.0905632706716254E-19
1809	2.9931736443854773E-19
1810	2.947398657373025E-19
1811	2.834922188571777E-19
1812	2.7458937218403437E-19
1813	2.701740532022173E-19
1814	2.6321789516106295E-19
1815	2.533965801262158E-19
1816	2.4104814696761504E-19
1817	2.3582198375511683E-19
1818	2.332106228483242E-19
1819	2.270211714155531E-19
1820	2.232275035108121E-19
1821	2.1713913258701213E-19
1822	2.1392369104153837E-19
1823	2.0690770035234642E-19
1824	2.0050193317684253E-19
1825	1.9705176613097622E-19
1826	1.9354386954854788E-19
1827	1.900463955059198E-19
1828	1.878123336225127E-19
1829	1.8439551816427756E-19
1830	1.750442567613888E-19
1831	1.696338411365977E-19
1832	1.6209101126007037E-19
1833	1.6012862779121214E-19
1834	1.568805989146018E-19
1835	1.5297943608137182E-19
1836	1.478508386685072E-19
1837	1.4744223873554625E-19
1838	1.4467830782046448E-19
1839	1.422626094905157E-19
1840	1.3686132948465423E-19
1841	1.3457707803219414E-19
1842	1.2922523174222612E-19
1843	1.244979504800875E-19
1844	1.215391975511219E-19
1845	1.182878822033514E-19
1846	1.1666745851507608E-19
1847	1.1355987139341406E-19
1848	1.116167359911916E-19
1849	1.0674471487256772E-19
1850	1.0227411317645753E-19
1851	9.993825070661562E-20
1852	9.710555632811826E-20
1853	9.455476493730519E-20
1854	9.25182000488713E-20
1855	8.985131364201523E-20
1856	8.883825440299224E-20
1857	8.733792497367703E-20
1858	8.574477467389517E-20
1859	8.304804639770366E-20
1860	8.124366560985634E-20
1861	7.928853067133083E-20
1862	7.776287431591432E-20
1863	7.539387604050865E-20
1864	7.226677468824389E-20
1865	7.034224655570023E-20
1866	6.908244657745686E-20
1867	6.687148072587522E-20
1868	6.511242483271807E-20
1869	6.432724265326176E-20
1870	6.149490682540173E-20
1871	5.949046613979692E-20
1872	5.819990402154388E-20
1873	5.798625996112689E-20
1874	5.533301525079221E-20
1875	5.462113954881223E-20
1876	5.212236814956282E-20
1877	4.936549421323685E-20
1878	4.8521550206943543E-20
1879	4.740433407107225E-20
1880	4.604999027842063E-20
1881	4.510515223387293E-20
1882	4.301457923367289E-20
1883	4.2212769228328104E-20
1884	4.2027134537084446E-20
1885	4.124926665776504E-20
1886	3.958809217671952E-20
1887	3.8585243687448805E-20
1888	3.7967560158615326E-20
1889	3.715566114722318E-20
1890	3.6516604668973035E-20
1891	3.5449407415663205E-20
1892	3.478985563804372E-20
1893	3.3629068506199286E-20
1894	3.265988397557507E-20
1895	3.1519207083532774E-20
1896	3.078449549316824E-20
1897	2.9912673673382345E-20
1898	2.947329461632299E-20
1899	2.879843129064896E-20
1900	2.737858675692701E-20
1901	2.5931940548861784E-20
1902	2.5599576171110936E-20
1903	2.5010401395277654E-20
1904	2.4482862537999354E-20
1905	2.3818830073382334E-20
1906	2.338142420200035E-20
1907	2.2935229774357614E-20
1908	2.27053574296206E-20
1909	2.2095833821987592E-20
1910	2.1401458596667182E-20
1911	2.077369852335946E-20
1912	1.9917639477571747E-20
1913	1.973264535200459E-20
1914	1.9102078830916903E-20
1915	1.8144754948644104E-20
1916	1.779593496272592E-20
1917	1.7317267843012513E-20
1918	1.707434544819511E-20
1919	1.6460895175908102E-20
1920	1.6079414637267678E-20
1921	1.5778538957145725E-20
1922	1.5293755779361662E-20
1923	1.5109315970046302E-20
1924	1.46338352956978E-20
1925	1.4237998606460118E-20
1926	1.3961906836876698E-20
1927	1.3597924364370726E-20
1928	1.3393783437960619E-20
1929	1.2872167307146696E-20
1930	1.2653828476424076E-20
1931	1.2407844642394091E-20
1932	1.1891490586511714E-20
1933	1.1729038338047477E-20
1934	1.140079731801446E-20
1935	1.1096065306245969E-20
1936	1.0650966620012242E-20
1937	1.0370333728222146E-20
1938	1.0117131263405286E-20
1939	1.001311312291222E-20
1940	9.800549900465877E-21
1941	9.709763599882371E-21
1942	9.350869750855809E-21
1943	9.163375530137873E-21
1944	8.833177369948701E-21
1945	8.649360715017104E-21
1946	8.39963217334647E-21
1947	8.25109329374296E-21
1948	8.08540593148268E-21
1949	7.908748063065213E-21
1950	7.62860404519764E-21
1951	7.403075867817443E-21
1952	7.295604357312464E-21
1953	7.176497101107448E-21
1954	6.95273098665472E-21
1955	6.724360082034731E-21
1956	6.502693248069743E-21
1957	6.276915973211398E-21
1958	6.102444804672027E-21
1959	6.040977407414921E-21
1960	5.8906468497597094E-21
1961	5.830442892159074E-21
1962	5.730833401178639E-21
1963	5.528518181367191E-21
1964	5.40416882464735E-21
1965	5.3297936394827445E-21
1966	5.20515200140252E-21
1967	4.952099940415078E-21
1968	4.887203830330902E-21
1969	4.702494846912345E-21
1970	4.547304126606996E-21
1971	4.438456957944151E-21
1972	4.355377198738701E-21
1973	4.300807403689369E-21
1974	4.1684514973767764E-21
1975	3.9984661830589284E-21
1976	3.890617909558837E-21
1977	3.824190058078364E-21
1978	3.6539102763081986E-21
1979	3.56383676727221E-21
1980	3.395991421469974E-21
1981	3.2982147483133147E-21
1982	3.239955489409456E-21
1983	3.1073155141656193E-21
1984	3.0600391400786328E-21
1985	3.0269011502730465E-21
1986	2.9191039884422698E-21
1987	2.8761997948816197E-21
1988	2.834674829526047E-21
1989	2.7101090055287584E-21
1990	2.6420444033912515E-21
1991	2.5867564698566774E-21
1992	2.505145254348118E-21
1993	2.4363146128845605E-21
1994	2.377122914810798E-21
1995	2.334863633560813E-21
1996	2.273938586211846E-21
1997	2.1126498165086574E-21
1998	2.097468895318239E-21
1999	2.0638383333374287E-21
2000	2.0215512208171E-21
2001	1.962815717228173E-21
2002	1.923559386577564E-21
2003	1.9077660985018527E-21
2004	1.807830135371635E-21
2005	1.7547193840152873E-21
2006	1.7160127964937278E-21
2007	1.6823583932264167E-21
2008	1.6671151242418656E-21
2009	1.629996488109648E-21
2010	1.5919801404158451E-21
2011	1.5321580667386764E-21
2012	1.451921134577438E-21
2013	1.4277817133822945E-21
2014	1.4062662325607902E-21
2015	1.3668970633348247E-21
2016	1.316127985654297E-21
2017	1.2979465111745964E-21
2018	1.2625432388629687E-21
2019	1.2232819531460059E-21
2020	1.1926176465326375E-21
2021	1.1721539780016661E-21
2022	1.142861875347037E-21
2023	1.0986948039310572E-21
2024	1.0897822993102653E-21
2025	1.0662008073076907E-21
2026	1.0370395808998726E-21
2027	1.0007738669371066E-21
2028	9.682911031761488E-22
2029	9.445352001440444E-22
2030	9.16822043392077E-22
2031	9.021761363066839E-22
2032	8.65758072134614E-22
2033	8.425985354016585E-22
2034	8.255464297033313E-22
2035	8.137925459571029E-22
2036	7.811890374032018E-22
2037	7.550793973836896E-22
2038	7.445194695788249E-22
2039	7.375228911533105E-22
2040	7.100501015754351E-22
2041	6.89097219227698E-22
2042	6.628389944079931E-22
2043	6.435247706171412E-22
2044	6.314024341960512E-22
2045	6.177030528221868E-22
2046	6.006887452239991E-22
2047	5.883073710450433E-22
2048	5.785102251846738E-22
2049	5.735818660289643E-22
2050	5.561910612738474E-22
2051	5.439101845493951E-22
2052	5.278084779688692E-22
2053	5.102034450896822E-22
2054	4.97493107118294E-22
2055	4.87431571768103E-22
2056	4.732419456875526E-22
2057	4.562843546331872E-22
2058	4.470695167874587E-22
2059	4.341270677903067E-22
2060	4.210181719962636E-22
2061	4.109781411582183E-22
2062	3.9918895893198128E-22
2063	3.924097771496689E-22
2064	3.83126449298096E-22
2065	3.757096792590315E-22
2066	3.675452627401862E-22
2067	3.4977834899643697E-22
2068	3.458306064592466E-22
2069	3.357789868051225E-22
2070	3.2695210616881016E-22
2071	3.182815949568793E-22
2072	3.1174421131925407E-22
2073	3.0476459769498614E-22
2074	2.9198551240954044E-22
2075	2.8314692439144E-22
2076	2.7984527589268593E-22
2077	2.722678493634341E-22
2078	2.665450528492539E-22
2079	2.64088683673922E-22
2080	2.576200625483551E-22
2081	2.4722540661492795E-22
2082	2.4297126300112316E-22
2083	2.372153071582474E-22
2084	2.334681048230093E-22
2085	2.289521838291009E-22
2086	2.2052761765607454E-22
2087	2.1129813871163771E-22
2088	2.0544438369481772E-22
2089	2.0151903750583443E-22
2090	1.9775669225963825E-22
2091	1.9262517338538244E-22
2092	1.8956242089119767E-22
2093	1.889123342657058E-22
2094	1.8205439198931453E-22
2095	1.7920712260799643E-22
2096	1.7241546029673447E-22
2097	1.6714585491734123E-22
2098	1.637934393136197E-22
2099	1.5979417843658577E-22
2100	1.5399561746928557E-22
2101	1.4894042813954013E-22
2102	1.468062795997235E-22
2103	1.4410121268457816E-22
2104	1.3851412832847317E-22
2105	1.3363950934567846E-22
2106	1.304133793093916E-22
2107	1.2656203002239905E-22
2108	1.2090162122377045E-22
2109	1.183564920248957E-22
2110	1.1747639688646675E-22
2111	1.1265095932899987E-22
2112	1.1048212497785696E-22
2113	1.0663512804962803E-22
2114	1.048831099778313E-22
2115	1.0051349733108425E-22
2116	9.82416884080664E-23
2117	9.558908715395225E-23
2118	9.20079394908463E-23
2119	8.940820005861875E-23
2120	8.741797243394126E-23
2121	8.487239085546608E-23
2122	8.347336462237465E-23
2123	8.231799004856173E-23
2124	8.171260147700765E-23
2125	7.963885523116393E-23
2126	7.869569966996544E-23
2127	7.543826874137011E-23
2128	7.391704086796822E-23
2129	7.196852688705646E-23
2130	7.053836001041832E-23
2131	6.865596928504103E-23
2132	6.548480734456785E-23
2133	6.399404808092565E-23
2134	6.262921489342906E-23
2135	6.172374156184404E-23
2136	5.92583588083807E-23
2137	5.780670261614415E-23
2138	5.64095987709098E-23
2139	5.436132791773963E-23
2140	5.330701027424456E-23
2141	5.246495930805306E-23
2142	5.1268699867994806E-23
2143	4.888420504182113E-23
2144	4.732076699940195E-23
2145	4.575014886957521E-23
2146	4.4181492319062306E-23
2147	4.392702947784064E-23
2148	4.291653865316602E-23
2149	4.2003493066207514E-23
2150	4.102452785064706E-23
2151	4.078855425380524E-23
2152	4.0502346672010824E-23
2153	3.9220294517920744E-23
2154	3.7336360451293916E-23
2155	3.64844199851522E-23
2156	3.4734017705723726E-23
2157	3.403166079753113E-23
2158	3.293901583156675E-23
2159	3.239138975143256E-23
2160	3.1150445566139594E-23
2161	3.051854797036902E-23
2162	2.9836429978776297E-23
2163	2.91155494869254E-23
2164	2.8685577608880045E-23
2165	2.8174526838467594E-23
2166	2.7194167623173365E-23
2167	2.6476374374050633E-23
2168	2.5177829883333808E-23
2169	2.4604925667823223E-23
2170	2.406700635168321E-23
2171	2.3471722899747966E-23
2172	2.272845369636324E-23
2173	2.2280055933696907E-23
2174	2.1976582094111492E-23
2175	2.13549663365201E-23
2176	2.0881367310725554E-23
2177	2.0709159445623878E-23
2178	2.023523011556596E-23
2179	1.9445176726825277E-23
2180	1.8213288912497034E-23
2181	1.7455143594961112E-23
2182	1.6966583293079177E-23
2183	1.6734899433565607E-23
2184	1.6495365734713494E-23
2185	1.6053183257395398E-23
2186	1.5418317661290715E-23
2187	1.5328421490459573E-23
2188	1.4679286907077936E-23
2189	1.4400402035810956E-23
2190	1.3974562468170622E-23
2191	1.3352247972892898E-23
2192	1.324894165943968E-23
2193	1.3187191657820874E-23
2194	1.2592585233699299E-23
2195	1.2185154607448837E-23
2196	1.1936357104186686E-23
2197	1.1683487901394037E-23
2198	1.1399800396191076E-23
2199	1.1216611753140888E-23
2200	1.0815567942412921E-23
2201	1.0441980780252647E-23
2202	1.0193323094815246E-23
2203	1.0086182359437839E-23
2204	9.723235408631395E-24
2205	9.406332972136428E-24
2206	9.153565606428215E-24
2207	8.884667726486277E-24
2208	8.507865019557923E-24
2209	8.379549014489114E-24
2210	8.254467905964296E-24
2211	8.040430026793405E-24
2212	7.79691980458971E-24
2213	7.673600363781667E-24
2214	7.503738931348984E-24
2215	7.084111622767778E-24
2216	6.967227991049274E-24
2217	6.781936534508423E-24
2218	6.69997337962441E-24
2219	6.554029049156555E-24
2220	6.266735439672139E-24
2221	6.168137846794586E-24
2222	5.912555024604641E-24
2223	5.859039241784585E-24
2224	5.670942355293079E-24
2225	5.551515318095577E-24
2226	5.421473597137855E-24
2227	5.351075944565393E-24
2228	5.101416062550959E-24
2229	5.000701594682291E-24
2230	4.804546583174435E-24
2231	4.6960399910609624E-24
2232	4.552174638844044E-24
2233	4.4846379617614285E-24
2234	4.42011315846595E-24
2235	4.242369943810952E-24
2236	4.149728116246031E-24
2237	4.0797698071350326E-24
2238	4.01376724610699E-24
2239	3.8598657070628425E-24
2240	3.7894194033430435E-24
2241	3.73131644000538E-24
2242	3.653915582550654E-24
2243	3.56394210819525E-24
2244	3.475247443436773E-24
2245	3.387229500509677E-24
2246	3.248861032794892E-24
2247	3.150068861204933E-24
2248	3.058600344038004E-24
2249	3.018942991988087E-24
2250	2.926816797066529E-24
2251	2.8113141402712896E-24
2252	2.7641552817950007E-24
2253	2.714470681982832E-24
2254	2.669268760318372E-24
2255	2.5609080272902657E-24
2256	2.5471482989334265E-24
2257	2.473513033915396E-24
2258	2.431771261619903E-24
2259	2.3879603881098067E-24
2260	2.3546046510489105E-24
2261	2.2410575669136838E-24
2262	2.1026732612258225E-24
2263	2.0425124864962127E-24
2264	2.008291681521827E-24
2265	1.9580087179708064E-24
2266	1.8512451638818198E-24
2267	1.801407036199864E-24
2268	1.774348542777793E-24
2269	1.698996152496994E-24
2270	1.6810607106281667E-24
2271	1.6676861247945536E-24
2272	1.6262341009758879E-24
2273	1.5813270307996128E-24
2274	1.5372568911295654E-24
2275	1.5094045428084925E-24
2276	1.4421849891970006E-24
2277	1.4074664381856411E-24
2278	1.3808533657242926E-24
2279	1.3611257953840498E-24
2280	1.3360655256789531E-24
2281	1.258727271493719E-24
2282	1.2282074235241806E-24
2283	1.1869140164604195E-24
2284	1.1384818206242005E-24
2285	1.110138853179244E-24
2286	1.0958934388747084E-24
2287	1.0641709098480516E-24
2288	1.0315489891324555E-24
2289	1.0068793653435584E-24
2290	9.869074799826012E-25
2291	9.791597378103758E-25
2292	9.501712031684026E-25
2293	9.407012169797904E-25
2294	9.221489849111522E-25
2295	8.926484434233237E-25
2296	8.621325616277557E-25
2297	8.452903752820504E-25
2298	8.040382354937269E-25
2299	7.993785762340653E-25
2300	7.77348233989146E-25
2301	7.643877315633913E-25
2302	7.372914965826619E-25
2303	7.187070088595721E-25
2304	6.947567426789455E-25
2305	6.811942010890556E-25
2306	6.658758018426147E-25
2307	6.530287408979094E-25
2308	6.361247574824154E-25
2309	6.272921021213803E-25
2310	6.09266894897251E-25
2311	5.918315637434698E-25
2312	5.729407122495289E-25
2313	5.57766572291198E-25
2314	5.461890616181265E-25
2315	5.414501756297279E-25
2316	5.2338987182522075E-25
2317	5.07518489192554E-25
2318	4.847020459391313E-25
2319	4.740180613818774E-25
2320	4.600871564929426E-25
2321	4.527016763661132E-25
2322	4.287906871424939E-25
2323	4.185171863877184E-25
2324	4.149826218548588E-25
2325	4.075847882229831E-25
2326	3.8169729156295636E-25
2327	3.7583839253964585E-25
2328	3.652244056850508E-25
2329	3.525204565697626E-25
2330	3.469042791277103E-25
2331	3.4058090090339414E-25
2332	3.3332172845752523E-25
2333	3.2812539021569724E-25
2334	3.174048491459631E-25
2335	3.136833432566284E-25
2336	3.049145101578584E-25
2337	2.9554534303459764E-25
2338	2.8759450727239295E-25
2339	2.7857422453827792E-25
2340	2.7140746445478924E-25
2341	2.6555095325465053E-25
2342	2.6144614152863434E-25
2343	2.546376401803364E-25
2344	2.4352977579251335E-25
2345	2.387577890245032E-25
2346	2.324782354441101E-25
2347	2.243898697894459E-25
2348	2.2183530386736436E-25
2349	2.1852973400258865E-25
2350	2.057044886501969E-25
2351	2.0212734714355395E-25
2352	1.9671048262246507E-25
2353	1.921256035829411E-25
2354	1.8834283066463427E-25
2355	1.8268674239111108E-25
2356	1.7340883945677998E-25
2357	1.6901185578045516E-25
2358	1.6603603975454211E-25
2359	1.6243008505343064E-25
2360	1.604352977318629E-25
2361	1.5823226821304404E-25
2362	1.5118368685692888E-25
2363	1.4606147696864669E-25
2364	1.4051008296645272E-25
2365	1.3849310473587957E-25
2366	1.342197899085705E-25
2367	1.3172812647343846E-25
2368	1.2674108220372176E-25
2369	1.2193924641247238E-25
2370	1.1925270470265346E-25
2371	1.1688381847893333E-25
2372	1.136528748404523E-25
2373	1.0961530647390376E-25
2374	1.0366926564939055E-25
2375	1.0085469330994445E-25
2376	9.852611572833857E-26
2377	9.661914847760313E-26
2378	9.336473064623862E-26
2379	9.144645528739926E-26
2380	8.989663676811708E-26
2381	8.627497983837162E-26
2382	8.5549405026222E-26
2383	8.36835324734461E-26
2384	8.285320293280745E-26
2385	7.99709768639098E-26
2386	7.67248545669316E-26
2387	7.451033205204347E-26
2388	7.292047796557356E-26
2389	6.893396593943025E-26
2390	6.733206046609069E-26
2391	6.484833256829997E-26
2392	6.332056929841109E-26
2393	6.22479431764667E-26
2394	6.072344376930851E-26
2395	5.942482483403468E-26
2396	5.726638707659752E-26
2397	5.519935716653793E-26
2398	5.38064559218895E-26
2399	5.248492808549106E-26
2400	5.1595191935102164E-26
2401	4.977880093813337E-26
2402	4.836106019148909E-26
2403	4.712901132870783E-26
2404	4.494051722338894E-26
2405	4.384754958392407E-26
2406	4.241487698735729E-26
2407	4.1915872587138016E-26
2408	4.108380271908693E-26
2409	3.978119842560029E-26
2410	3.7284997932854673E-26
2411	3.653881759387621E-26
2412	3.5876023564735174E-26
2413	3.535653119517956E-26
2414	3.397727114240589E-26
2415	3.344725483360406E-26
2416	3.2236421524313516E-26
2417	3.181049024227906E-26
2418	3.07727706577263E-26
2419	3.0062509444497407E-26
2420	2.963028305370931E-26
2421	2.921106147231592E-26
2422	2.779301831071996E-26
2423	2.727412114536641E-26
2424	2.625732676480614E-26
2425	2.5859621331446757E-26
2426	2.504151414259734E-26
2427	2.4471709470838082E-26
2428	2.4227758352857644E-26
2429	2.368985777830993E-26
2430	2.2894728437378117E-26
2431	2.2732072020748155E-26
2432	2.2090560863385504E-26
2433	2.1455146683380837E-26
2434	2.0484062389351502E-26
2435	2.009727041265898E-26
2436	1.9511555109964026E-26
2437	1.931996907143645E-26
2438	1.8779461455848737E-26
2439	1.8427512322032304E-26
2440	1.805806573679448E-26
2441	1.7337288815340896E-26
2442	1.7039981498407545E-26
2443	1.6731655155235687E-26
2444	1.6154122845824114E-26
2445	1.563571753253118E-26
2446	1.5078719793441224E-26
2447	1.4701703613726313E-26
2448	1.4531755250590154E-26
2449	1.4172254015591275E-26
2450	1.3902100048623154E-26
2451	1.363738783316918E-26
2452	1.314383771406773E-26
2453	1.2731051601761789E-26
2454	1.2444255485720222E-26
2455	1.2135411648612321E-26
2456	1.1941637159243E-26
2457	1.1513142513381329E-26
2458	1.1062032856412801E-26
2459	1.0847319059956098E-26
2460	1.0520694956557585E-26
2461	1.0392896783168253E-26
2462	1.0307957972312156E-26
2463	1.0089429466786221E-26
2464	9.673911303700078E-27
2465	9.34010582531668E-27
2466	9.179506969014562E-27
2467	9.067210384890803E-27
2468	8.752447582564096E-27
2469	8.421439348504879E-27
2470	7.990101505588159E-27
2471	7.816305005999723E-27
2472	7.674835614639582E-27
2473	7.335188064154453E-27
2474	7.195264767540908E-27
2475	7.022420338146335E-27
2476	6.754211913992109E-27
2477	6.667915727365947E-27
2478	6.59282885831608E-27
2479	6.340245031787347E-27
2480	6.138873810552903E-27
2481	5.8764918762848214E-27
2482	5.813879630492511E-27
2483	5.617249118413591E-27
2484	5.385933192526278E-27
2485	5.22285490779048E-27
2486	5.157964079930911E-27
2487	5.027542660393919E-27
2488	4.8118151996334444E-27
2489	4.708478022179037E-27
2490	4.502621907846285E-27
2491	4.440730845716764E-27
2492	4.301413625850839E-27
2493	4.263393715181175E-27
2494	4.143399308521733E-27
2495	3.998787788425304E-27
2496	3.926050082458161E-27
2497	3.8566906722514986E-27
2498	3.81905288374484E-27
2499	3.698794837051975E-27
2500	3.5313465112362684E-27
2501	3.421139788992589E-27
2502	3.3427957989805745E-27
2503	3.242665619813533E-27
2504	3.184516227782775E-27
2505	3.088587798383268E-27
2506	3.012772548286949E-27
2507	2.9129279630274305E-27
2508	2.872292113978235E-27
2509	2.7055254896406678E-27
2510	2.5924178307024125E-27
2511	2.5454475503702055E-27
2512	2.5262666253265907E-27
2513	2.4595995372271717E-27
2514	2.4353324417050532E-27
2515	2.361285449878753E-27
2516	2.304525219755096E-27
2517	2.207269413465563E-27
2518	2.171597383617675E-27
2519	2.124722018388743E-27
2520	2.1029290427420463E-27
2521	2.0136711154219055E-27
2522	1.9846188648714803E-27
2523	1.9470105306165918E-27
2524	1.867597817125106E-27
2525	1.82099695725122E-27
2526	1.7526331110228032E-27
2527	1.6697390637412248E-27
2528	1.632237271726063E-27
2529	1.5707289690482175E-27
2530	1.552125999279253E-27
2531	1.516237224296351E-27
2532	1.454362567228922E-27
2533	1.4318746600227655E-27
2534	1.3827781195286903E-27
2535	1.3630651478163957E-27
2536	1.3250963672628114E-27
2537	1.3011958425977948E-27
2538	1.2469896108994995E-27
2539	1.2203075549211345E-27
2540	1.1924507118453033E-27
2541	1.1603908439464807E-27
2542	1.1161274865921162E-27
2543	1.104689773425457E-27
2544	1.0751527999403364E-27
2545	1.0469669649423822E-27
2546	1.015630632272846E-27
2547	9.773494944631225E-28
2548	9.582443020589202E-28
2549	9.407373548474548E-28
2550	9.277310370435814E-28
2551	9.154398042184039E-28
2552	8.959140098765662E-28
2553	8.807041367404077E-28
2554	8.515704052813666E-28
2555	8.170501392086728E-28
2556	7.94089020443588E-28
2557	7.7483778938851795E-28
2558	7.494157930586386E-28
2559	7.295522758935099E-28
2560	7.152512150103113E-28
2561	7.043978838553701E-28
2562	6.971156830375735E-28
2563	6.841046598024355E-28
2564	6.624303176319631E-28
2565	6.514555824630936E-28
2566	6.156989564257131E-28
2567	6.0104945970374775E-28
2568	5.896827422299667E-28
2569	5.575357978454234E-28
2570	5.506901738758534E-28
2571	5.4057978568623695E-28
2572	5.294767914177969E-28
2573	5.1481913116929605E-28
2574	5.077231121230614E-28
2575	4.934359672408655E-28
2576	4.800570740541432E-28
2577	4.613068563758658E-28
2578	4.501675230522828E-28
2579	4.346974159209947E-28
2580	4.295308492461682E-28
2581	4.215536273885652E-28
2582	4.159941022431483E-28
2583	4.081231130199244E-28
2584	3.9305870472175183E-28
2585	3.849808125437781E-28
2586	3.76707182021506E-28
2587	3.720579111271739E-28
2588	3.6614423205051573E-28
2589	3.6059395981491625E-28
2590	3.3681131531054428E-28
2591	3.230553024361335E-28
2592	3.1863125616892423E-28
2593	3.1126015088480113E-28
2594	3.0002025089439916E-28
2595	2.8846782425930408E-28
2596	2.7995181986242216E-28
2597	2.733243088156459E-28
2598	2.657662584515777E-28
2599	2.59048573515293E-28
2600	2.5086043012582595E-28
2601	2.4674599560790053E-28
2602	2.4352029797558765E-28
2603	2.362149386676597E-28
2604	2.3048585612436954E-28
2605	2.19726822447622E-28
2606	2.1668610717885484E-28
2607	2.097759295103805E-28
2608	2.074765781408548E-28
2609	1.9930190135778064E-28
2610	1.9654596306574605E-28
2611	1.8899546070707211E-28
2612	1.8437423556663334E-28
2613	1.7924180791766635E-28
2614	1.7557783620655724E-28
2615	1.7261419679829629E-28
2616	1.6702909736539437E-28
2617	1.641483623609877E-28
2618	1.6059700001974782E-28
2619	1.54988991355203E-28
2620	1.4968440088436703E-28
2621	1.4536195667452088E-28
2622	1.397236616204431E-28
2623	1.3564270247249997E-28
2624	1.300216784856977E-28
2625	1.2454945822839835E-28
2626	1.2001689762094385E-28
2627	1.1896967757241977E-28
2628	1.1826522701976929E-28
2629	1.1651992456501878E-28
2630	1.1549724277684546E-28
2631	1.107403829836611E-28
2632	1.0829351422991367E-28
2633	1.0599870786252204E-28
2634	1.0382325110281824E-28
2635	1.0117078946775164E-28
2636	9.560238170510951E-29
2637	9.331039930261794E-29
2638	8.981806221627192E-29
2639	8.794064870674634E-29
2640	8.447748423125442E-29
2641	8.368066096149749E-29
2642	8.184475393458332E-29
2643	7.962033712891833E-29
2644	7.737837075201581E-29
2645	7.558473865220523E-29
2646	7.449118228853911E-29
2647	7.36226393904695E-29
2648	7.106125261354151E-29
2649	6.922786930330582E-29
2650	6.838561181007998E-29
2651	6.70285602835766E-29
2652	6.537952858776416E-29
2653	6.085589966593753E-29
2654	5.954211697525891E-29
2655	5.747219673280265E-29
2656	5.662823716996913E-29
2657	5.455686566840799E-29
2658	5.199886650003717E-29
2659	5.168703935500563E-29
2660	5.090757906293846E-29
2661	4.891773900607076E-29
2662	4.768816745890505E-29
2663	4.603385365459277E-29
2664	4.537797991368246E-29
2665	4.4344992329869144E-29
2666	4.28670824369741E-29
2667	4.209764059050095E-29
2668	4.163614629580348E-29
2669	4.0047368813789563E-29
2670	3.833601996523566E-29
2671	3.808547430440168E-29
2672	3.7113827647487373E-29
2673	3.59449390739557E-29
2674	3.504983865105955E-29
2675	3.4075042394708864E-29
2676	3.3184063782110234E-29
2677	3.232653583357092E-29
2678	3.2048571659309217E-29
2679	3.0961018340354257E-29
2680	3.0340178449568567E-29
2681	2.9765994730457257E-29
2682	2.923493136094388E-29
2683	2.843873009602038E-29
2684	2.7715685549196946E-29
2685	2.716734897110862E-29
2686	2.592343746222238E-29
2687	2.5020876898982137E-29
2688	2.453457003827438E-29
2689	2.4309329861439115E-29
2690	2.3812680783999625E-29
2691	2.334645540744868E-29
2692	2.2639746677107995E-29
2693	2.2325284424855972E-29
2694	2.1592742247705895E-29
2695	2.0864796370205055E-29
2696	2.0596017818854936E-29
2697	2.0025988866478646E-29
2698	1.9746060928494854E-29
2699	1.931027059393914E-29
2700	1.8892551438930027E-29
2701	1.830924729655722E-29
2702	1.794832022477209E-29
2703	1.7485273825165135E-29
2704	1.6637763474609574E-29
2705	1.628361235318063E-29
2706	1.5891902854387236E-29
2707	1.5204229597071573E-29
2708	1.4892289560665127E-29
2709	1.452989807724081E-29
2710	1.4049877255560388E-29
2711	1.3538085871770164E-29
2712	1.3289368638591636E-29
2713	1.293160455580723E-29
2714	1.2530097286609997E-29
2715	1.2215366330084784E-29
2716	1.1930782884802828E-29
2717	1.1082294111836985E-29
2718	1.1005370576346039E-29
2719	1.0841997417092244E-29
2720	1.0616994904500804E-29
2721	1.0282174046339271E-29
2722	1.005660670352108E-29
2723	9.835497464414714E-30
2724	9.735411201782405E-30
2725	9.275468715529951E-30
2726	9.086476977191433E-30
2727	8.93357982959158E-30
2728	8.436727141655994E-30
2729	8.07658662947878E-30
2730	8.000180635376768E-30
2731	7.905699574760137E-30
2732	7.643152986788305E-30
2733	7.385731750647245E-30
2734	7.185163632678262E-30
2735	7.002276716742887E-30
2736	6.860592980149212E-30
2737	6.619672896339668E-30
2738	6.454788354256748E-30
2739	6.327726136863798E-30
2740	6.135713297474139E-30
2741	5.943107790630669E-30
2742	5.6465327696508634E-30
2743	5.402718679248427E-30
2744	5.2655724140504794E-30
2745	5.249900731368717E-30
2746	5.050703676208054E-30
2747	4.952043313812777E-30
2748	4.831097374595889E-30
2749	4.779679693964165E-30
2750	4.665455075203754E-30
2751	4.4524823503861074E-30
2752	4.3667845321495544E-30
2753	4.270273470648204E-30
2754	4.091782664129538E-30
2755	4.03660794969832E-30
2756	3.786017412413435E-30
2757	3.662083792685857E-30
2758	3.611803480804108E-30
2759	3.523292714483375E-30
2760	3.42260298792222E-30
2761	3.352827867039726E-30
2762	3.247996801183774E-30
2763	3.079135403346865E-30
2764	3.0249322992157535E-30
2765	3.010509491172165E-30
2766	2.9009171741170056E-30
2767	2.858865598151949E-30
2768	2.727073440260719E-30
2769	2.6390195981312854E-30
2770	2.5133062955035233E-30
2771	2.4647355266327918E-30
2772	2.3985244044544214E-30
2773	2.3680725659091248E-30
2774	2.3190875301806824E-30
2775	2.2394918291959996E-30
2776	2.1737878104716315E-30
2777	2.13071243159781E-30
2778	2.1120828218379307E-30
2779	1.966078925871147E-30
2780	1.932625671577955E-30
2781	1.906817852082436E-30
2782	1.8542900605466245E-30
2783	1.8099245104010937E-30
2784	1.746465425064495E-30
2785	1.7356527369635587E-30
2786	1.6968729992631575E-30
2787	1.6475869979385615E-30
2788	1.5957612235961686E-30
2789	1.583894818471536E-30
2790	1.5338669967284816E-30
2791	1.5188677256835466E-30
2792	1.4382323556201735E-30
2793	1.4210609657237929E-30
2794	1.3981495760598529E-30
2795	1.3395621636336893E-30
2796	1.305468579350649E-30
2797	1.2609237168952911E-30
2798	1.2135488755969002E-30
2799	1.1998075116610141E-30
2800	1.1214997596698592E-30
2801	1.1026439601709985E-30
2802	1.0763602581222758E-30
2803	1.0329228777793414E-30
2804	9.833989220883461E-31
2805	9.643465831700289E-31
2806	9.48835008647909E-31
2807	9.223490304073051E-31
2808	8.896300984529955E-31
2809	8.750072720418237E-31
2810	8.662736188258724E-31
2811	8.392118176070546E-31
2812	8.033906637767591E-31
2813	7.821946493180623E-31
2814	7.732995660448906E-31
2815	7.550010186090921E-31
2816	7.446792522989431E-31
2817	7.122208337619005E-31
2818	6.939185656258003E-31
2819	6.71729976274365E-31
2820	6.530202346804324E-31
2821	6.403000884525632E-31
2822	6.3341253182379934E-31
2823	6.112007334507903E-31
2824	5.952309879274255E-31
2825	5.88772991774607E-31
2826	5.691007831390098E-31
2827	5.534596824245375E-31
2828	5.371776320061822E-31
2829	5.255549735503395E-31
2830	5.114054763395085E-31
2831	4.878357950387194E-31
2832	4.766324196352847E-31
2833	4.597825859275913E-31
2834	4.44677504254339E-31
2835	4.376530231630669E-31
2836	4.303101441189669E-31
2837	4.134029198930077E-31
2838	4.034992508040308E-31
2839	3.9853443958502285E-31
2840	3.8447713752263468E-31
2841	3.70218980524487E-31
2842	3.593059746315515E-31
2843	3.5086114447715944E-31
2844	3.378118224968831E-31
2845	3.2557364239138047E-31
2846	3.218964723348092E-31
2847	3.1660843440854695E-31
2848	3.117536860906063E-31
2849	3.0660063547767897E-31
2850	2.881187940827902E-31
2851	2.819135597970939E-31
2852	2.7606433434340297E-31
2853	2.717847806041463E-31
2854	2.6037139613307305E-31
2855	2.5819374581300243E-31
2856	2.5635059405462763E-31
2857	2.506954182833619E-31
2858	2.4069202719857308E-31
2859	2.3766834995539587E-31
2860	2.3174813973866238E-31
2861	2.286790889788968E-31
2862	2.23676857693487E-31
2863	2.1496016442129417E-31
2864	2.075072859566288E-31
2865	2.0432840488647737E-31
2866	1.9692958375073253E-31
2867	1.8949473046178388E-31
2868	1.8361289341161357E-31
2869	1.8099316960646506E-31
2870	1.7647060467853989E-31
2871	1.7169041134199529E-31
2872	1.6998836752954064E-31
2873	1.646651543370231E-31
2874	1.6179530706447665E-31
2875	1.5183918063118683E-31
2876	1.4543996426821762E-31
2877	1.4201651759210209E-31
2878	1.3711186014500072E-31
2879	1.337098720083699E-31
2880	1.3135916792821148E-31
2881	1.3030339948886507E-31
2882	1.260630079305756E-31
2883	1.223538064719925E-31
2884	1.1808718812555358E-31
2885	1.1663885452296003E-31
2886	1.1526175242129607E-31
2887	1.117346745901084E-31
2888	1.0803139710693576E-31
2889	1.0385856583130035E-31
2890	1.0151693310149952E-31
2891	9.89968950706451E-32
2892	9.484808170480693E-32
2893	9.310325835076085E-32
2894	9.095149554269248E-32
2895	8.965388022014556E-32
2896	8.58815900644684E-32
2897	8.409070922381963E-32
2898	8.18179290923637E-32
2899	8.078387808254212E-32
2900	7.752249685354392E-32
2901	7.659924364725533E-32
2902	7.598505622822923E-32
2903	7.386774071192357E-32
2904	6.923359474571207E-32
2905	6.865203232165349E-32
2906	6.780832359597263E-32
2907	6.563731495955014E-32
2908	6.501806458229366E-32
2909	6.38149429084764E-32
2910	6.235093489648004E-32
2911	5.940819370577154E-32
2912	5.752169800153584E-32
2913	5.636080652220761E-32
2914	5.455945994531692E-32
2915	5.344222325786338E-32
2916	5.218271949458006E-32
2917	5.131962932850794E-32
2918	4.946713117225369E-32
2919	4.76420533858244E-32
2920	4.687271533104397E-32
2921	4.522341231260737E-32
2922	4.3190746477371326E-32
2923	4.2562846236436563E-32
2924	4.1085906988042733E-32
2925	4.029990149405927E-32
2926	3.9934435225308324E-32
2927	3.92087506065479E-32
2928	3.801057196845848E-32
2929	3.719546525753221E-32
2930	3.5731812621512234E-32
2931	3.487237951088853E-32
2932	3.3375731029516914E-32
2933	3.2941018147602505E-32
2934	3.207066118195425E-32
2935	3.113968963073829E-32
2936	3.010786607926134E-32
2937	2.9651915183735036E-32
2938	2.8759255312127264E-32
2939	2.799754713072593E-32
2940	2.752661566965454E-32
2941	2.722308480725011E-32
2942	2.596787262538109E-32
2943	2.5291248778760316E-32
2944	2.475259718058621E-32
2945	2.3955020530377386E-32
2946	2.3017549982773014E-32
2947	2.2499195745600823E-32
2948	2.2068633250598485E-32
2949	2.0904519670287765E-32
2950	1.9983572342592526E-32
2951	1.9674984545837236E-32
2952	1.8775150032775264E-32
2953	1.8394584333014556E-32
2954	1.7570117704500332E-32
2955	1.739200171436178E-32
2956	1.6965980744239352E-32
2957	1.6615683736718487E-32
2958	1.5958484573172248E-32
2959	1.5806859151715257E-32
2960	1.530874508462126E-32
2961	1.4711691002636075E-32
2962	1.4061662445239464E-32
2963	1.3433305954855255E-32
2964	1.3265682456351514E-32
2965	1.3053280263736205E-32
2966	1.283591924606235E-32
2967	1.2456815259165392E-32
2968	1.1911289320817409E-32
2969	1.1465833660699767E-32
2970	1.1263683182153762E-32
2971	1.0954146678234325E-32
2972	1.0644141359813916E-32
2973	1.0549550905005969E-32
2974	1.0294138984439396E-32
2975	1.0025830878281605E-32
2976	9.691007184707926E-33
2977	9.508814985795993E-33
2978	9.347061328716452E-33
2979	8.977890513572058E-33
2980	8.661980506513536E-33
2981	8.553342550070151E-33
2982	8.247697841099349E-33
2983	8.0817545477066E-33
2984	7.992894672886017E-33
2985	7.846546688414456E-33
2986	7.547097075461925E-33
2987	7.292850645006694E-33
2988	7.040767698271882E-33
2989	6.83274117734849E-33
2990	6.666846030051635E-33
2991	6.54927014055569E-33
2992	6.460484341791232E-33
2993	6.347794185052328E-33
2994	5.999100992372075E-33
2995	5.886200089703275E-33
2996	5.809950476168116E-33
2997	5.687185786063564E-33
2998	5.487284987599546E-33
2999	5.25629136212708E-33
3000	5.164000298490961E-33
