1	65.6896922477027
2	53.24000978115618
3	42.819598355479684
4	34.90213312944603
5	29.870295198711897
6	26.453742445965407
7	23.137082010878387
8	20.38779400131015
9	18.864963756751322
10	16.625694733127112
11	15.712546259976664
12	13.315998034377044
13	11.793665524751875
14	11.089963691658548
15	9.840765816808588
16	9.105401052818483
17	8.568939311884812
18	7.950350157860302
19	7.33386009132958
20	6.653304946522099
21	6.322788307768945
22	5.9877550485646625
23	5.851192355499564
24	5.257928301744894
25	5.013453150321108
26	4.655648155944595
27	4.107820693227716
28	3.8283897706351406
29	3.7560812713689327
30	3.6056890819936904
31	3.3319593018596416
32	3.0639501062506773
33	2.9376490655373955
34	2.6341189890970447
35	2.591100576262026
36	2.3432759740175437
37	2.179345760308456
38	2.2513498999780053
39	1.9631374450672345
40	1.9028406935539124
41	1.8354656127298432
42	1.8411611117650029
43	1.6907970938687422
44	1.7033069252353568
45	1.7111499841316546
46	1.6879081369814544
47	1.6000585286525633
48	1.557039264384919
49	1.4965773017509667
50	1.4371736533938784
51	1.3696114288491161
52	1.4433025794118661
53	1.3580067726912175
54	1.3361190632815327
55	1.2621591367918819
56	1.2472988602156363
57	1.256149955119285
58	1.174426458215377
59	1.2681686714076368
60	1.2617837951308821
61	1.165355647192458
62	1.1524358224610338
63	1.1868018894514065
64	1.125222291508156
65	1.1281902433293722
66	1.1385963013878042
67	1.166771063101978
68	1.0641350883219267
69	1.1290485676675097
70	1.0310412972865672
71	1.0804783078937157
72	1.0620773221093218
73	1.0347518423622228
74	1.0378398716892456
75	1.0045678585509754
76	1.0280254086075251
77	1.0069257944592855
78	1.0040073922217845
79	0.9754738920129749
80	0.9831359636441329
81	1.0434219573413457
82	0.9386192778610565
83	0.9520836937781438
84	0.9529135698865162
85	0.9863602419621647
86	0.9581101762405398
87	0.9333744862204546
88	0.9737950205744776
89	0.9758322993422162
90	0.9714708582945993
91	1.0120346841755736
92	0.9242381941452834
93	0.9734433129793942
94	0.8349145077185294
95	0.9497856446457639
96	0.9380336678709381
97	0.8863156038955158
98	0.9783632458469053
99	0.8946163000946499
100	0.9134745157359632
101	0.9105827249395263
102	0.9209990209224163
103	0.9261253475773851
104	0.9913071615311448
105	0.9252819993217034
106	0.9266892346036696
107	0.8948954336719305
108	0.9053498007236546
109	0.8919998231309006
110	0.8818548118041023
111	0.9687880637461248
112	0.8603519207782006
113	0.9089301975100372
114	0.9170019564841616
115	0.9213405896644784
116	0.9194300438022545
117	0.8517405109337435
118	0.9191592095351953
119	0.9813395352123859
120	0.9032808487397396
121	0.8950878776680173
122	0.9209340115550717
123	0.9339094299926268
124	0.9765035655146561
125	0.8962274418681399
126	0.9521739225698795
127	0.9244069129202932
128	0.9738032582904812
129	0.8792182586126474
130	0.9319815347115499
131	0.9303506367198212
132	0.8961407403476513
133	0.896563045320199
134	0.9050669608694911
135	0.8989169936429917
136	0.9193820967951332
137	0.9355918821848449
138	0.9503165139221584
139	0.9298916524577822
140	0.879945758350574
141	0.984885690651388
142	0.923018077553334
143	0.8893828943545602
144	0.8990122345317623
145	0.918016091750662
146	0.9472506314417056
147	0.8963031498186035
148	0.9174625865181161
149	0.8673544445723301
150	0.9129810443685588
151	0.9233070823435517
152	0.9456239658401967
153	0.8630107289090039
154	0.9038605991499385
155	0.8860352839129718
156	0.8516539589632418
157	0.8704746134552486
158	0.9081673033028662
159	0.8843456893643381
160	0.9425879183443484
161	0.8649114280270196
162	0.8849398826431918
163	0.8849699959556127
164	0.8530522771102407
165	0.9618180280088511
166	0.8738866578263734
167	0.9655701289644156
168	0.953049718241211
169	0.9093322825815283
170	0.9475238109653236
171	0.9174802321821616
172	0.8728287846842959
173	0.8737436716963227
174	0.8913562123331652
175	0.8802395157502134
176	0.8222436444890651
177	0.8670812620013728
178	0.9210162178068629
179	0.9292738855809098
180	0.8534604851823658
181	0.9421927863043972
182	0.9038598533756012
183	0.8897505811726991
184	0.9178536644478598
185	0.8899549184942491
186	0.932982472599112
187	0.9202544380718091
188	0.8805266979926855
189	0.8998454385622786
190	0.9127275434516433
191	0.9322752294714785
192	0.8752050882628865
193	0.9032027608240825
194	0.9005308581016572
195	0.9087985574086338
196	0.8966944119307604
197	0.8738446935381816
198	0.941427126326354
199	0.896674619632933
200	0.8769370792926002
201	0.8932764472235863
202	0.9234629570622014
203	0.9124275058559643
204	0.8951751838239337
205	0.9048696201513408
206	0.8611355437115922
207	0.9129151864285276
208	0.9153432290496791
209	0.8571895494352137
210	0.8686451663699906
211	0.9289007277777881
212	0.8882915164990429
213	0.9269835220421989
214	0.9147769427108791
215	0.9507961621039468
216	0.8984495945288029
217	0.9481055733926526
218	0.8487536982777628
219	0.9209398164287316
220	0.8725377780915697
221	0.9170235867677936
222	0.9328980973127924
223	0.8128677054388666
224	0.9103816495948978
225	0.9014604642303399
226	0.899075283170735
227	0.9522261364000433
228	0.8677970833302401
229	0.8533919513151936
230	0.9619621181018144
231	0.8996802587472275
232	0.8931144722510648
233	0.8654924963615982
234	0.9288244721194979
235	0.8469843131620483
236	0.8940239957749953
237	0.9033174106966245
238	0.9218722237692938
239	0.8999595660281499
240	0.8930834673999019
241	0.9135014271117363
242	0.9204070950536921
243	0.7757792742289173
244	0.9015379190404212
245	0.9129713667493581
246	0.9229094254957207
247	0.84007624392533
248	0.8853482989603659
249	0.9287359679248456
250	0.9199392743556546
251	0.8800452689720489
252	0.9218088767417285
253	0.9068992039656146
254	0.9073347842991856
255	0.8310767987875208
256	0.8421795169864766
257	0.9008666347908746
258	0.8290321916762243
259	0.9015039357199303
260	0.9273017413913943
261	0.9784304342739687
262	0.9366449925464566
263	0.893038506573983
264	0.8821452866142433
265	0.847428526490689
266	0.8905084141968409
267	0.8731634065518554
268	0.8493759399766624
269	0.9099421837248608
270	0.9137453795487397
271	0.8539583912742289
272	0.9158266844755071
273	0.8642413354686169
274	0.9022615404870848
275	0.8950582990321354
276	0.9037231193410389
277	0.8261907225794626
278	0.8837105160726906
279	0.966949639607109
280	0.900566374202595
281	0.9365619190488913
282	0.8903778093159966
283	0.9201448396445715
284	0.849739534408171
285	0.8766482503683187
286	0.7687454605219389
287	0.8839578569922106
288	0.8052063492066311
289	0.927534492721185
290	0.9193165310079449
291	0.9338222963726381
292	0.9330198605162469
293	0.892819204801933
294	0.9369858814981638
295	0.9372875171068638
296	0.8981846578298497
297	0.8897272172437649
298	0.8876964613586035
299	0.9166396524085568
300	0.8983197293634181
301	0.9176724441584919
302	0.9238330699200007
303	0.8873153476012452
304	0.9590841448819838
305	0.9250497359183725
306	0.8514719724701553
307	0.899981242184541
308	0.8586499953973458
309	0.945770330656277
310	0.9843818536228689
311	0.891897556280558
312	0.8771835742482972
313	0.8644057819650087
314	0.8432293046173457
315	0.9046269810856388
316	0.9054411067565484
317	0.9080258828586056
318	0.8837756850947027
319	0.9198423354188467
320	0.948151290625836
321	0.8804483091843317
322	0.8912670300899405
323	0.9610235105148309
324	0.9180371413301386
325	0.862428233253119
326	0.8780976564309481
327	0.8925694254981532
328	0.9362360347238426
329	0.9065023148853649
330	0.9411299337917156
331	0.9219826407646148
332	0.953258800232504
333	0.9030778953793582
334	0.862373689966201
335	0.893546903424927
336	0.9426341259225578
337	0.9472197540729996
338	0.9675470864313667
339	0.8333657830462035
340	0.9277878542002274
341	0.9140872222435482
342	0.906119274075727
343	0.8413928758239148
344	0.9523484417829995
345	0.8995701367825313
346	0.9114957733893131
347	0.8770540147275732
348	0.8773683177894601
349	0.8882106232803594
350	0.9073235757467885
351	0.8476604978043707
352	0.8843390225840809
353	0.8864329599289775
354	0.9178712686245182
355	0.8640928673891011
356	0.8641745392641659
357	0.8769212488720939
358	0.9116117963665574
359	0.959076387302483
360	0.887758146933777
361	0.889092600586743
362	0.937700795741614
363	0.890046122990297
364	0.9334711087828553
365	0.8802294029191294
366	0.8467389428279567
367	0.8654466608658665
368	0.9024586076142499
369	0.8807363698854964
370	0.9862391623753742
371	0.885603303173084
372	0.837947271893403
373	0.9356762444503818
374	0.8884455636398129
375	0.9297140569188347
376	0.9098222490823435
377	0.9324958909255671
378	0.8785462216419316
379	0.8791270125447124
380	0.9082986856230302
381	0.8869600858624852
382	0.8926713380587273
383	0.8904944387841388
384	0.851431377468041
385	0.8185045271101682
386	0.922767047087909
387	0.9353452069958178
388	0.8186367985529298
389	0.9141342974426275
390	0.8970182107621747
391	0.899392490447468
392	0.9526906865782047
393	0.8997042769692168
394	0.8672117919265107
395	0.854757883669926
396	1.0066720544345797
397	0.9107024653453121
398	0.9078798064832421
399	0.9378549473212623
400	0.9420868672416549
401	0.8532632408268
402	0.8940787067248059
403	0.7998744619569756
404	0.919220280452856
405	0.8687567869296883
406	0.9454384277486745
407	0.9342487188300451
408	0.9237989308832326
409	0.8923893938735675
410	0.8823379773731024
411	0.9097310633833803
412	0.8655319910762758
413	0.8751877896129275
414	0.862831401173208
415	0.8931971560331964
416	0.822548841439739
417	0.84370256507667
418	0.8456094424351085
419	0.8215528031560692
420	0.9320521526630342
421	0.9378159014162856
422	0.8907048463300851
423	0.8174557902372228
424	0.9399017277086197
425	0.8954403345777997
426	0.8768092730770244
427	0.9194726279006383
428	0.8970946256746708
429	0.8705014348705704
430	0.8766387633487323
431	0.9371755904564869
432	0.9077910989307829
433	0.903825945133711
434	0.8955937346825693
435	0.9102148875920054
436	0.9168803064368376
437	0.8722748521619647
438	0.9020567289214768
439	0.9324122241611164
440	0.9222723548132685
441	0.8962501891391855
442	0.8794065204789089
443	0.9317518230282451
444	0.9167879516500811
445	0.8667160014439665
446	0.8648704479817543
447	0.872956567206534
448	0.9171019494230273
449	0.882548095252585
450	0.9129612545027617
451	0.8433925145438398
452	0.9321066237032899
453	0.9261946803201059
454	0.9502626527757057
455	0.9111620839231301
456	0.9291496978436269
457	0.8992200498853865
458	0.883152602486125
459	0.8515543578871472
460	0.8970856979375109
461	0.8877155248371356
462	0.9072792825479932
463	0.8777095508440474
464	0.9919411130294249
465	0.8284993620852313
466	0.8892043386824116
467	0.9331649619376017
468	0.8449424741267408
469	0.9018757615411167
470	0.8636967372853898
471	0.8321679557388066
472	0.8877642698702243
473	0.9104790334385838
474	0.9130777539301626
475	0.930394187174288
476	0.8405178095853824
477	0.8832885309622412
478	0.9309947926785902
479	0.8712361615211227
480	0.887787192624184
481	0.889064186093029
482	0.9126114439048373
483	0.9581930195601297
484	0.9020528048716057
485	0.9055677365902081
486	0.8702220526872096
487	0.8661144373064175
488	0.9386682480200716
489	0.8777106722388942
490	0.8550119326263712
491	0.8600791043356212
492	0.8785919852450481
493	0.9078931185217652
494	0.9138468465149805
495	0.8394334517570574
496	0.8255727587002532
497	0.8492756197615765
498	0.8924685159542893
499	0.8902025832703208
500	0.8710347571819473
501	0.893046282387371
502	0.8428892826451391
503	0.8796668265783396
504	0.8885852428508658
505	0.8824030369855526
506	0.9020632805093409
507	0.8658814250434475
508	0.8940251511321246
509	0.8870098592445671
510	0.9144102052674753
511	0.931592358752732
512	0.8580363453807581
513	0.9040720205693884
514	0.9297773410478793
515	0.9381876075840602
516	0.8612284538492959
517	0.9058453131929245
518	0.9349144717108904
519	0.9168017260945086
520	0.9030374793337708
521	0.8869711055171674
522	0.8687136481461456
523	0.8922628612377889
524	0.9342162525811948
525	0.9024985153060714
526	0.9027466730731264
527	0.9316036461282806
528	0.849926773723255
529	0.8351730726170067
530	0.8758670792486459
531	0.9220841979711113
532	0.9284420314862726
533	0.8601115357263557
534	0.910193255719867
535	0.953491267743119
536	0.939145907991544
537	0.8922010100887464
538	0.9295315266137274
539	0.9296290698159144
540	0.8943147662148561
541	0.937798638995001
542	0.9076463569294125
543	0.8810801448461647
544	0.9932221741406807
545	0.9006401962795395
546	0.9043601690779411
547	0.9440796415738003
548	0.8990684468265163
549	0.8991592361919377
550	0.9261275588421465
551	0.9167065264578454
552	0.9299633134898057
553	0.8910044509878908
554	0.8314916485714012
555	0.9420601368463437
556	0.8976645816316965
557	0.8968172652182144
558	0.8803107626491612
559	0.9287226958400481
560	0.872595374701201
561	0.9598894771603399
562	0.9465844215625825
563	0.8482449058477625
564	0.9098551714162147
565	0.9203684358953824
566	0.9044716013708207
567	0.9685429271296151
568	0.9266359528574137
569	0.9310618095414689
570	0.8582779804538168
571	0.9242975289996713
572	0.9402430231131306
573	0.8625469510936244
574	0.8703672395326364
575	0.9049315885112648
576	0.8777058666386295
577	0.9236137550433268
578	0.9830971113353656
579	0.8550888675438532
580	0.9365714025467168
581	0.9130779184929866
582	0.9446959575334437
583	0.9207473176705291
584	0.8931650045494757
585	0.8680325803271123
586	0.8702110304177364
587	0.8882426296554958
588	0.9027323526046805
589	0.8906019298700394
590	0.8837013184153318
591	0.8986393294941912
592	0.9466828250402591
593	0.8632062787629102
594	0.9187388117850439
595	0.887748112351477
596	0.9359847966254989
597	0.8817041116220088
598	0.8760075311812455
599	0.9097797716069942
600	0.9215066202921993
601	0.9019021682121843
602	0.8901024079985529
603	0.9079222210804853
604	0.8951432254401599
605	0.9317411972966709
606	0.9198676010631627
607	0.9188247535469887
608	0.879709229524427
609	0.919800126592856
610	0.8960367683913453
611	0.9663099778957652
612	0.9166143182791908
613	0.8562538721114767
614	0.9231868532490545
615	0.9512111483245858
616	0.9700089344491167
617	0.9141811820097672
618	0.8943586297184668
619	0.9612873824792295
620	0.9260968433888954
621	0.9206211579207778
622	0.8731195058372877
623	0.9103374751382703
624	0.8740031908419154
625	0.8557346273251022
626	0.9302650845185804
627	0.825174731322487
628	0.9183296553229275
629	0.9225807986391334
630	0.9017000507404054
631	0.883961845554865
632	0.8749328308029417
633	0.9029233807482763
634	0.906527549520883
635	0.8830742046317106
636	0.8984591987668996
637	0.854551149356528
638	0.8918397121867071
639	0.9418353255846987
640	0.8792507708054159
641	0.9196740020265082
642	0.9171496298566009
643	0.9309033533223795
644	0.8938177897014568
645	0.9321056041739642
646	0.9199524068670585
647	0.892246339594914
648	0.8941518869159792
649	0.8972007760084552
650	0.9328049094411571
651	0.8621550745069624
652	0.8676010993145261
653	0.9173365364887721
654	0.9047914308692439
655	0.8675951566520881
656	0.9088635735487143
657	0.916776553159374
658	0.8829643550477998
659	0.8723501955392811
660	0.9195011445396842
661	0.8679914998945419
662	0.949409928420836
663	0.8703957510163921
664	0.9226636614926554
665	0.8835047987999374
666	0.912657186066164
667	0.8991831652156524
668	0.8948067792688249
669	0.9230069284469657
670	0.8805565391886014
671	0.9013727512261954
672	0.8009692254400835
673	0.8859858156693078
674	0.8351964738101125
675	0.8963679700061957
676	0.8571339394621024
677	0.8761760004182277
678	0.9123354948899368
679	0.9142351430565427
680	0.9372501833444814
681	0.8944421978010901
682	0.8780273125547161
683	0.9175183874591254
684	0.8807530104527077
685	0.8687305244765124
686	0.8661908084358664
687	0.8976105949471763
688	0.8800747074297833
689	0.904028117096783
690	0.8882196919784398
691	0.9327981324412674
692	0.8646320616343424
693	0.901592615551588
694	0.9315837256167769
695	0.9948520144813126
696	0.9595697707671078
697	0.9185532378557071
698	0.7982499775861611
699	0.8523338974057777
700	0.9738277591847643
701	0.9292584719215898
702	0.9377773024196877
703	0.8999186205203533
704	0.8998090405225287
705	0.8458884606198426
706	0.8810300843536009
707	0.9397102352536566
708	0.8095900956967793
709	0.8728263672059006
710	0.9053858773184066
711	0.886357978307068
712	0.8684072489945306
713	0.9201087253979252
714	0.9033124382196721
715	0.9398295154143254
716	0.8911068897890035
717	0.9023977522818998
718	0.8746896441084966
719	0.8661090822392986
720	0.8528609806714069
721	0.9080142019009505
722	0.8792873293942232
723	0.9008094419968354
724	0.8459926048483605
725	0.915284942095868
726	0.8551639214767476
727	0.9086085378069835
728	0.8045351509321853
729	0.9352597742155618
730	0.8419642163416632
731	0.8496309289829415
732	0.8091479327121063
733	0.8931628465021508
734	0.8591448119989822
735	0.9442908314537605
736	0.9418273836907898
737	0.8631493603038943
738	0.929268452063892
739	0.900376398379055
740	0.9619779623037092
741	0.8966923386705008
742	0.9012867899931264
743	0.8151497042574415
744	0.860626565879271
745	0.9045938642498687
746	0.8846723128431114
747	0.9518182094217219
748	0.8342110413301302
749	0.8930701147062761
750	0.8863979982529412
751	0.8968110853859227
752	0.8790772923542085
753	0.9422272149750927
754	0.9581498282192193
755	0.8312188652405629
756	0.9775672656131448
757	0.902536559006182
758	0.8787347028618032
759	0.9253644921118543
760	0.937077536764989
761	0.8620892217030451
762	0.922428799328783
763	0.9557610994387189
764	0.942534374502599
765	0.8888420931458855
766	0.8997457434001409
767	0.8790137318073413
768	0.8731079017269622
769	0.9953638236736578
770	0.8954450112324591
771	0.9089566812684018
772	0.845982366051335
773	0.9477273236281895
774	0.9851408564451359
775	0.8161566276067441
776	0.9310305144048626
777	0.9449155310942614
778	0.9014929883378608
779	0.9462483380010975
780	0.9423644635678051
781	0.9092090698543637
782	0.8448143085237931
783	0.9211032001148195
784	0.9380970662902204
785	0.9058785179869397
786	0.902226035123516
787	0.8877663455271239
788	0.8980528001327087
789	0.91741498625003
790	0.9386720869723509
791	0.8517316167470289
792	0.8895166790998926
793	0.8623491139456586
794	0.8862763638004235
795	0.8528320221825668
796	0.8408212866323727
797	0.8898004589831001
798	0.8366997899702245
799	0.8747799906866691
800	0.9275837849151871
801	0.8496082525735627
802	0.921758802153286
803	0.8692110569142923
804	0.8508837291786517
805	0.8432301506266858
806	0.8774359905369885
807	0.8845996899168238
808	0.8817196971261883
809	0.8870295392326331
810	0.8982656950169103
811	0.9032717901875013
812	0.8095966850305742
813	0.9438216143726468
814	0.8971253437113372
815	0.9222845378617751
816	0.9233818287851587
817	0.8731127300375154
818	0.9271123835012471
819	0.9054325234070089
820	0.8533215986471069
821	0.9462238645715662
822	0.8757355166312124
823	0.945159176485416
824	0.8899623384528551
825	0.8651270076466572
826	0.9052550435634433
827	0.8677698864837176
828	0.9216282212943482
829	0.8494183346807586
830	0.932742816345807
831	0.9364389176368763
832	0.895355620787873
833	0.9357652365731864
834	0.9038765787392399
835	0.9627926059792045
836	0.948946039798623
837	0.921956972992138
838	0.872497358128981
839	0.8312157769433356
840	0.9183041055249276
841	0.804100944209824
842	0.8344727847026102
843	0.9211522310543951
844	0.8923361595414865
845	0.8837101675033951
846	0.873285080225804
847	0.861855958769919
848	0.9387949787853742
849	0.9223933680219171
850	0.9034553220197944
851	0.8916484366058887
852	0.9129386066371605
853	0.8601795481420751
854	0.9352648373308596
855	0.9311349362384213
856	0.9312899820423105
857	0.84450896421681
858	0.9455274209423047
859	0.9247713678655078
860	0.8742222424022775
861	0.9308035437173564
862	0.8892942178172496
863	0.9350492790660406
864	0.9056066577494207
865	0.8737840397582394
866	0.9135515817408866
867	0.8737959579218274
868	0.896837555812152
869	0.8948404101495134
870	0.8340864576092714
871	0.8967034912587788
872	0.8762518585729464
873	0.9243134232322942
874	0.8923021951569676
875	0.9243516962914641
876	0.9024625237227021
877	0.874513299208336
878	0.8789317304639729
879	0.9792077561274043
880	0.9688408979988862
881	0.9545210682560509
882	0.9093833513600551
883	0.8606016420710058
884	0.895855054141272
885	0.9358786462730297
886	0.8855964065107816
887	0.9788686257349027
888	0.9166348650634023
889	0.8974587963482726
890	0.897547407566329
891	0.8214238907919152
892	0.8639278868947838
893	0.9248410485461285
894	0.9691996075691452
895	0.8700056109559667
896	0.876293784429821
897	0.8898088805698537
898	0.9118122728414105
899	0.875919580987145
900	0.9040438776198264
901	0.8433557774590145
902	0.877195806825076
903	0.8689188080895477
904	0.8736581788114981
905	0.9389310447324932
906	0.9183126922961097
907	0.956343348249476
908	0.8875924271398218
909	0.9002020403350582
910	0.9166694413498451
911	0.9557912418247781
912	0.9515046683006789
913	0.8916752373480283
914	0.9057772783333047
915	0.8437303988283522
916	0.8546398238645693
917	0.912816736123471
918	0.8609846697192595
919	0.9491385129183246
920	0.9140688334129368
921	0.911668748315099
922	0.910656284837178
923	0.8902172774495369
924	0.9072866762526228
925	0.9108728857640987
926	0.8640092610831194
927	0.9837590173251184
928	0.8148729325453118
929	0.9333424864188115
930	0.9062543844303412
931	0.9115568178064561
932	0.9037369724833406
933	0.8194880479505305
934	0.8758087290836871
935	0.9813331370688771
936	0.8936277318509134
937	0.901034009779482
938	0.8676675753568267
939	0.9288120312280724
940	0.876440966720924
941	0.8561969196285009
942	0.9065402414893972
943	0.935568933557874
944	0.926061528570483
945	0.8988206797985978
946	0.9488669649053522
947	0.8876231716123412
948	0.8698362608133535
949	0.871878378509162
950	0.9016825452904204
951	0.9540375127048144
952	0.933779787942235
953	0.8883001356965646
954	0.905846896042107
955	0.9191862605040666
956	0.9407227210813782
957	0.9273689243739651
958	0.9163785179922126
959	0.8279745432402077
960	0.9870588664093188
961	0.942137076786936
962	0.9204922906956715
963	0.9623761049694236
964	0.8279199514811763
965	0.9394619611972654
966	0.8216339855719794
967	0.832951890407488
968	0.8705962460399898
969	0.8884498617512832
970	0.9391278753999682
971	0.9465496034932622
972	0.9327862987852759
973	0.891640791990824
974	0.8959562218169316
975	0.9106339560564134
976	0.9200527161684354
977	0.910519077077686
978	0.9017286727877759
979	0.8805207271423473
980	0.9154529415121897
981	0.8953671225707728
982	0.8430822738789202
983	0.8944687107992623
984	0.8589345099280014
985	0.8724041209596319
986	0.8926721093158122
987	0.967011352551893
988	0.9017125665355904
989	0.8970578719566494
990	0.8679273677560815
991	0.9120843288302753
992	0.9320008929802831
993	0.9159228543483023
994	0.9473287938963891
995	0.8443913418001845
996	0.9243480413854699
997	0.9208635378097981
998	0.9649179707074377
999	0.8597444660312138
1000	0.8545611285558322
1001	0.9344162614361892
1002	0.9144472025696041
1003	0.8639625296918799
1004	0.9313093314635483
1005	0.9073349554469268
1006	0.9383916862000453
1007	0.8785132322648619
1008	0.9299318208494245
1009	0.8928012417627007
1010	0.9491434962051227
1011	0.8355298748791811
1012	0.9085454567566752
1013	0.8812363492423204
1014	0.904515575745224
1015	0.9118179333639139
1016	0.8337257971020552
1017	0.8792993381868739
1018	0.9118240145750245
1019	0.9047445746596754
1020	0.947834838551994
1021	0.8984615556028096
1022	0.9168129951770457
1023	0.9882977762142542
1024	0.9000992681445978
1025	0.936222118889115
1026	0.8700477340108382
1027	0.9434066971563401
1028	0.9286255582585614
1029	0.8992355331182266
1030	0.958044882091297
1031	0.916659203398478
1032	0.8838224677670204
1033	0.8700480159855519
1034	0.9360355284042657
1035	0.8539529094384709
1036	0.8919070226673763
1037	0.9041219747924754
1038	0.8771550477830801
1039	0.9222699130229546
1040	0.880405224178057
1041	0.8958240108844284
1042	0.8489848264785003
1043	0.9126656933106204
1044	0.8803362885313698
1045	0.9197193648387612
1046	0.9122696382408413
1047	0.9396151151544029
1048	0.8268291380673438
1049	0.9022744197933475
1050	0.9053672801895244
1051	0.8708875921174999
1052	0.9118532464152956
1053	0.9015172329344787
1054	0.8746522591409663
1055	0.9034405282432659
1056	0.9286116070324074
1057	0.9360233417598841
1058	0.933471522858232
1059	0.952570695075632
1060	0.915155639846756
1061	0.9528091661994831
1062	0.8976699767153629
1063	0.9159349527566992
1064	0.8880816330894369
1065	0.9306908276348362
1066	0.9556777641994735
1067	0.8870626438960248
1068	0.9350681481486334
1069	0.9248431132761932
1070	0.9266184521622731
1071	0.9130974629297743
1072	0.9113166261040268
1073	0.8268741007017776
1074	0.902314769701943
1075	0.8444920057732801
1076	0.9317189098595345
1077	0.8796144348008442
1078	0.8777138286828516
1079	0.980118505414288
1080	0.9627959061128362
1081	0.8879196221272523
1082	1.0037698912803636
1083	0.9260700598902637
1084	0.9016818824779568
1085	0.8637523520438357
1086	0.8290807485869139
1087	0.920249315802261
1088	0.8955307282409477
1089	0.9757025313748845
1090	0.9224678182440079
1091	0.9258249664165742
1092	0.890394932753292
1093	0.883277164273467
1094	0.9276672525401689
1095	0.9071244219893998
1096	0.8543797595365715
1097	0.8967207022694649
1098	0.8853396175096797
1099	0.8887638470498518
1100	0.9239532969901265
1101	0.9564927336966683
1102	0.8944029908692512
1103	0.9358707097912564
1104	0.9063183396709901
1105	0.8839828957510234
1106	0.8790763814939113
1107	0.8579966076860265
1108	0.9461956113292327
1109	0.8872184064179797
1110	0.9065238516749938
1111	0.8900348343132515
1112	0.9627983317872452
1113	0.919405095599253
1114	0.9293629510087021
1115	0.8707291393854582
1116	0.9186725518553704
1117	0.9547535762305057
1118	0.9147587096350825
1119	0.9226326719594193
1120	0.9227914794145669
1121	0.920866624075455
1122	0.9379257493334242
1123	0.9224684224332363
1124	0.9218721935133819
1125	0.8975893698243186
1126	0.9209160006715263
1127	0.9095912301516927
1128	0.872835753444938
1129	0.9243555757209242
1130	0.9547323929957181
1131	0.9280205349639011
1132	0.9107901817265079
1133	0.9015635615841877
1134	0.9219720768661854
1135	0.8762655617945317
1136	0.9200122553838977
1137	0.9731317245659625
1138	0.9091694415249905
1139	0.9321455757746565
1140	0.936561924505577
1141	0.9760249647674205
1142	0.9156284929346433
1143	0.9217627291473995
1144	0.8787991261150322
1145	0.9093182288088072
1146	0.912362811117464
1147	0.9192035037170322
1148	0.9487877379381076
1149	0.9572452349060394
1150	0.8973817103932065
1151	0.9138173658518873
1152	0.964188979598894
1153	0.876328578724832
1154	0.9121699462528964
1155	0.8917264183275095
1156	0.9133044409968785
1157	0.8806235043796552
1158	0.8714798906751182
1159	0.833540782928209
1160	0.8759087318511655
1161	0.9456397654158436
1162	0.9013144257548789
1163	0.8889956405848378
1164	0.8234951997509691
1165	0.881774128639069
1166	0.8657049636904977
1167	0.8341267719331961
1168	0.7892530272246157
1169	0.885601403544559
1170	0.8668730550208539
1171	0.843804364100238
1172	0.8871721805932083
1173	0.8648132584359565
1174	0.8779516608217022
1175	0.8993952775207076
1176	0.8262290731565575
1177	0.8969681454071757
1178	0.8782824744893087
1179	0.8981955875632626
1180	0.8715601380445067
1181	0.853700778020084
1182	0.8546843661914683
1183	0.8931398551638091
1184	0.9126785765607529
1185	0.9007021724790751
1186	0.9257518002611215
1187	0.8858445216825449
1188	0.8634273365228924
1189	0.8656784798449422
1190	0.9048671650682033
1191	0.8675535843187071
1192	0.8572686929445908
1193	0.873633134247932
1194	0.8134312760509161
1195	0.8375140702423287
1196	0.8509419752681437
1197	0.8664147380792406
1198	0.8937846958013949
1199	0.9175647100806549
1200	0.9369477499029915
1201	0.8850254372089619
1202	0.8374361296604558
1203	0.8715253731480119
1204	0.8698176412067904
1205	0.878215350412733
1206	0.9125401417655997
1207	0.8838571849312191
1208	0.8990705987142885
1209	0.8475154768878369
1210	0.9707808077847565
1211	0.8936053638206624
1212	0.8263369123344062
1213	0.8501737267444412
1214	0.9396745423474319
1215	0.9209704370196821
1216	0.8835131281627909
1217	0.8534352253261439
1218	0.8820130517048201
1219	0.8547320296715946
1220	0.895983554170656
1221	0.8800162442287338
1222	0.9030429975084824
1223	0.8330492894767489
1224	0.864407061616226
1225	0.8504535632760183
1226	0.868025752436127
1227	0.8731845839409454
1228	0.8700517091775845
1229	0.9404497790579032
1230	0.9258575469484523
1231	0.9113861501488697
1232	0.8454351582908868
1233	0.9196658817750996
1234	0.9331469894008075
1235	0.886894667759296
1236	0.9021812806975361
1237	0.9055455642989971
1238	0.9910287231013064
1239	0.8771500670005856
1240	0.8538704534590651
1241	0.8666446150114112
1242	0.9346309468571544
1243	0.8823337040558612
1244	0.9070193180470597
1245	0.8561002870168006
1246	0.905442358369735
1247	0.8938763332660218
1248	0.9143266851551547
1249	0.9482294778893721
1250	0.9604211895083421
1251	0.8861696129428164
1252	0.8533781138358216
1253	0.9148897027037655
1254	0.8799283530159852
1255	0.8698318303233159
1256	0.9379137662895244
1257	0.9745130229988294
1258	0.9537187094866815
1259	0.9210369122467981
1260	0.9586136465751001
1261	0.8413523157067833
1262	0.9168605639831202
1263	0.895051504720562
1264	0.9321447529673251
1265	0.8258119350293674
1266	0.9101270578511996
1267	0.9255881103222177
1268	0.9079045203307247
1269	0.848142849533927
1270	0.8983857226612345
1271	0.8738016707000272
1272	0.8313330744208794
1273	0.9016568775462991
1274	0.8697362003195741
1275	0.9576027640075299
1276	0.9417793997404095
1277	0.9238522082131762
1278	0.8824040184089902
1279	0.8520767329921208
1280	0.893561150246365
1281	0.8481026204073937
1282	0.9148599469590617
1283	0.9366336690662478
1284	0.9541482420382487
1285	0.8732792257931579
1286	0.9498670545518476
1287	0.8915552831878242
1288	0.8355657053920886
1289	0.8498046633796679
1290	0.8843672396683958
1291	0.894185630557588
1292	0.9443322218781068
1293	0.8847796504064716
1294	0.9370441025505947
1295	0.867923760515015
1296	0.7894172342182268
1297	0.9105264179112988
1298	0.8533656348226483
1299	0.8989752452022107
1300	0.9451054051883611
1301	0.9277556340857355
1302	0.965947914671159
1303	0.8525740915132248
1304	0.9330373827590062
1305	0.9202945503797488
1306	0.938391298248733
1307	0.9135771235354813
1308	0.8712844412539096
1309	0.9714968184831009
1310	0.9580918758829353
1311	0.8757916240522104
1312	0.9318816896880124
1313	0.8867162969388417
1314	0.8884804335556029
1315	0.9400985908099592
1316	0.921560919468633
1317	0.9120934984437212
1318	0.8718463433848408
1319	0.9431747218728432
1320	0.9079306030368106
1321	0.9315616516876273
1322	0.8745889308277498
1323	0.9069677616015919
1324	0.8536063183980312
1325	0.935329002400388
1326	0.9079631884301359
1327	0.9345814080609782
1328	0.9511592477633077
1329	0.902057386084671
1330	0.9483845791016275
1331	0.8217711952177498
1332	0.9010538996203887
1333	0.8766369588282024
1334	0.8269630634141953
1335	0.9141932720554632
1336	0.8677300978223494
1337	0.9298690654695451
1338	0.874805937960895
1339	0.8381393146838156
1340	0.8990140565631138
1341	0.8912664536390857
1342	0.879259052582943
1343	0.9031832030196377
1344	0.9129983586050128
1345	0.8758908223365116
1346	0.9756112329857459
1347	0.9201868162090515
1348	0.9518049179872119
1349	0.9450881765959297
1350	0.8658490258792306
1351	0.8494839854225941
1352	0.85562931395521
1353	0.8303928702181237
1354	0.8999720725421658
1355	0.9195480553766064
1356	0.9307075083954904
1357	0.9248148389609656
1358	0.8808702397689304
1359	0.9045536003259792
1360	0.8697907757366813
1361	0.839835585502058
1362	0.8434538763305129
1363	0.9162311768420028
1364	0.9239555310050295
1365	0.87181707095205
1366	0.9338708469381541
1367	0.8579740503882718
1368	0.9415066953659429
1369	0.9008455697317503
1370	0.8543323487159895
1371	0.9176934203222916
1372	0.8811265717221989
1373	0.9530005797514399
1374	0.8928587016870082
1375	0.8572850381382691
1376	0.8493858369812284
1377	0.9345053313966869
1378	0.9336711660587735
1379	0.8404433997440691
1380	0.9472232887979083
1381	0.8508405619664713
1382	0.8884330506936552
1383	0.8331692113783937
1384	0.8186275823038943
1385	0.9290470649007099
1386	0.8361036452674305
1387	0.8813286011356922
1388	0.8618752938334495
1389	0.8404437371846736
1390	0.8604296215251068
1391	0.8456030242583996
1392	0.822437274402468
1393	0.9179157121916857
1394	0.9580394609933457
1395	0.9543888054290383
1396	0.874814069668101
1397	0.8584845894167326
1398	0.9117402623304637
1399	0.9432790766285524
1400	0.9178031501605778
1401	0.9527843144640358
1402	0.9312872714837198
1403	0.9378986691421556
1404	0.9161102398745915
1405	0.9377270714242179
1406	0.9453924699532802
1407	0.8793100472749035
1408	0.966963072511743
1409	0.8527633812423275
1410	0.8719246104844244
1411	0.8754147843742008
1412	0.9658944448679878
1413	0.8802065393553424
1414	0.9648757378716629
1415	0.8644573462348857
1416	0.8817625238482603
1417	0.9774288543093872
1418	0.9028405966532499
1419	0.9399351312436303
1420	0.9039182798727108
1421	0.9367308962339091
1422	0.8750675121553583
1423	0.853160692384854
1424	0.9567241915710738
1425	0.9411189327303046
1426	0.8854995059924168
1427	0.910979453106975
1428	0.9135609828566118
1429	0.9401244435341732
1430	0.891157338137059
1431	0.9186421306126612
1432	0.9080309853933101
1433	0.9212976195780737
1434	0.8753250477821838
1435	0.8892306064802059
1436	0.8996035999290851
1437	0.9181751380735927
1438	0.8736142289525428
1439	0.9236242655487821
1440	0.9114974549327672
1441	0.86902493936215
1442	0.905962051993923
1443	0.8870841578148294
1444	0.9263078370526122
1445	0.8784788693505731
1446	0.8311442014455197
1447	0.9012145164910644
1448	0.9679735167966317
1449	0.9117269437320918
1450	0.922566531948749
1451	0.822790483867683
1452	0.8549621112767594
1453	0.9088033526260217
1454	0.9320475261103003
1455	0.938390214272952
1456	0.9776594872797012
1457	0.9285453583249852
1458	0.8954767899598827
1459	0.886002434762286
1460	0.9494957978383733
1461	0.8901817877264234
1462	0.8811836083540153
1463	0.9261494511263175
1464	0.9057614781163811
1465	0.8758686173957012
1466	0.9571166972312167
1467	0.9279412090875749
1468	0.9367270144943379
1469	0.9440784487605439
1470	0.9410179665343283
1471	0.8874407733251033
1472	0.8931373351544016
1473	0.8985015150434297
1474	0.9820316267969672
1475	0.9150619230674665
1476	0.8828531087579258
1477	0.9031642131852876
1478	0.9121353384418026
1479	0.8941083261214521
1480	0.9739041119241371
1481	0.9455698646447743
1482	0.9615112311553999
1483	0.9789934531907244
1484	0.8976576289084532
1485	0.8583440590858847
1486	0.874845408960509
1487	0.9166411394870987
1488	0.8899225813733511
1489	0.9167857822072948
1490	0.9482263939171264
1491	0.918334662376819
1492	0.8814591235653011
1493	0.8732598035717891
1494	0.9511242174399233
1495	0.916445128702664
1496	0.9668811635305844
1497	0.9107201226556166
1498	0.9548277189313225
1499	0.9056855390927939
1500	0.8702217110899944
1501	0.9057455471455039
1502	0.8991196408625175
1503	0.8858002925049289
1504	0.9601466669404985
1505	0.8774572164808653
1506	0.935864402743913
1507	0.938554212681272
1508	0.9415223667966247
1509	0.9439563519218577
1510	0.8923082252493642
1511	0.920002431353024
1512	0.902763729757356
1513	0.899338331088845
1514	0.8881038361609286
1515	0.923453586646039
1516	0.9011725514462233
1517	0.9111245966245118
1518	0.8893750167452477
1519	0.8670043107875683
1520	0.9081536608093566
1521	0.8616127928360365
1522	0.9060537227883457
1523	0.9065256508249291
1524	0.8941969709317646
1525	0.8792892948482068
1526	0.9118480494997138
1527	0.932907006526673
1528	0.886630146890584
1529	0.9353930123161457
1530	0.9290867409931972
1531	0.891528874393403
1532	0.950972961779199
1533	0.9140075477860172
1534	0.9039463010586367
1535	0.9221253664537026
1536	0.9090415984583913
1537	0.9375098632718362
1538	0.9081454803920688
1539	0.9052670047234301
1540	0.9383707453712347
1541	0.9470512964247626
1542	0.9197604031593215
1543	0.9293618992412961
1544	0.9091872317397797
1545	0.9220615307889355
1546	0.9567659345411275
1547	0.8870134994217357
1548	0.950715385941341
1549	0.9778864501785018
1550	0.8987022272793864
1551	0.9759496182209896
1552	0.9364288616329096
1553	0.8792416596210467
1554	0.9074642425534023
1555	0.9154009128300581
1556	0.8612936459173728
1557	0.8617591357738325
1558	0.8718825862399895
1559	0.9297481897041493
1560	0.818268625615284
1561	0.9428478369798576
1562	0.8556729916776866
1563	0.8583596521272512
1564	0.8725388556420891
1565	0.9037312914151221
1566	0.9457370254946037
1567	0.855409768063068
1568	0.8947520523503059
1569	0.9577502954125413
1570	0.8850013786981598
1571	0.8872392014128017
1572	0.9076760271361414
1573	0.9009270934320969
1574	0.9095037051986785
1575	0.9279686493880183
1576	0.935526365467206
1577	0.8665509099383288
1578	0.8863771169729376
1579	0.8999251924101254
1580	0.8970769840842497
1581	0.9044985081505039
1582	0.8968360567417161
1583	0.9063136122064805
1584	0.9324023944906613
1585	0.9190225481423475
1586	0.9287044351630611
1587	0.8685462750380903
1588	0.8510287628029247
1589	0.9383260615808717
1590	0.8797193070627961
1591	0.8536999594577429
1592	0.8529271979637366
1593	0.9215463383354844
1594	0.8554833805832139
1595	0.9290471543917646
1596	0.8823875672767733
1597	0.8895874673313625
1598	0.936858425570819
1599	0.8846549565463001
1600	0.8985348967060249
1601	0.8672947843339786
1602	0.9576648832101883
1603	0.891804368277518
1604	0.8851425848064323
1605	0.8375125282269581
1606	0.8804468351634849
1607	0.8966006657097118
1608	0.8703856703868136
1609	0.923147610622414
1610	0.9033712548012108
1611	0.8776797115058255
1612	0.9290896794575215
1613	0.9776857389844652
1614	0.8330628744500014
1615	0.9295499523268671
1616	0.9630138814732743
1617	0.8937075875077293
1618	0.9270851109830084
1619	0.9467554962184848
1620	0.8784289872609329
1621	0.9081458414285953
1622	0.8904292901794716
1623	0.9595598928449331
1624	0.8928773175865883
1625	0.8955585219806359
1626	0.817788382005529
1627	0.9286787840134685
1628	0.8997328018219091
1629	0.9210489476013063
1630	0.9340902823288849
1631	0.8317558147243833
1632	0.8654921076124382
1633	0.8578710773271929
1634	0.8939106955706744
1635	0.8727773592678153
1636	0.8543640728067923
1637	0.8687544664827288
1638	0.8906506480533023
1639	0.9312964482631496
1640	0.8650773953505321
1641	0.927673794568307
1642	0.8574752233311795
1643	0.8973861058328417
1644	0.8788864623526802
1645	0.898135966383744
1646	0.9230497931181678
1647	0.8905481261659604
1648	0.9259592757126645
1649	0.8943368780111949
1650	0.8791312059166021
1651	0.9014083665800166
1652	0.9210145753013286
1653	0.8806207241126571
1654	0.9031793252557041
1655	0.896382916975272
1656	0.8482213191608351
1657	0.8703789778558658
1658	0.9104688949647818
1659	0.9142826190789342
1660	0.9141561188346047
1661	0.8985814094150685
1662	0.8629126352202203
1663	0.8959788027610112
1664	0.9367935434636199
1665	0.9016546027074293
1666	0.8880844248082839
1667	0.884084207192201
1668	0.9060072916543248
1669	0.9320173016970486
1670	0.8894290308725263
1671	0.9926427966641422
1672	0.877170557586033
1673	0.9092322651464392
1674	0.9462669655234978
1675	0.9364614000969189
1676	0.9397839736844914
1677	0.8855580365143941
1678	0.933400745853345
1679	0.9184207779944523
1680	0.9254875945049329
1681	0.931582872208177
1682	0.9164925826487459
1683	0.9103839016056902
1684	0.977238739037727
1685	0.9033980298358764
1686	0.9111560535119152
1687	0.8820722392789474
1688	0.8808088811449682
1689	0.8511697698987714
1690	0.9011582303896107
1691	0.8673838097636667
1692	0.8486807314271282
1693	0.967196966480498
1694	0.821434291821565
1695	0.8519981485381705
1696	0.9486875164110554
1697	0.8710297974928687
1698	0.8926687126915688
1699	0.8637696398714938
1700	0.8581451835310148
1701	0.880483573509628
1702	0.8686520663228056
1703	0.8673901754188179
1704	0.8848416568827944
1705	0.9286528344214215
1706	0.8647667727984155
1707	0.8806766148194315
1708	0.9366168625514172
1709	0.8985790559211954
1710	0.8968081754147126
1711	0.9001110646252921
1712	0.9017794026788727
1713	0.88227850304304
1714	0.8163451800741425
1715	0.9068508883046658
1716	0.9200956280595572
1717	0.9384593583884423
1718	0.9186066624832177
1719	0.8662998080530995
1720	0.8892190536317988
1721	0.9019236511093581
1722	0.90255386440224
1723	0.8870883069555929
1724	0.899562525278346
1725	0.9260612101911941
1726	0.9187179593480123
1727	0.8967828228206768
1728	0.8811092645317081
1729	0.9420889568480565
1730	0.8597848843413425
1731	0.8654694606302115
1732	0.8720725183463275
1733	0.9675055701706534
1734	0.9373318075892867
1735	0.8859210901503061
1736	0.9350890414337367
1737	0.9319070667209317
1738	0.8896331496423147
1739	0.9102843623701933
1740	0.8908751979111148
1741	0.9291188264349243
1742	0.8904319942540809
1743	0.9164969786863851
1744	0.8946431830255304
1745	0.9077494651958653
1746	0.8898129866426914
1747	0.8771061840489401
1748	0.9061497648865855
1749	0.8900756309887764
1750	0.8996652118133983
1751	0.8875854658498684
1752	0.9170449747227113
1753	0.9211899622644647
1754	0.8730879856258758
1755	0.9032584027632946
1756	0.8743773788387739
1757	0.89056005558432
1758	0.9022772467970894
1759	0.8949483113641874
1760	0.8947197423351215
1761	0.960447427762661
1762	0.9554431577837321
1763	0.9288340370109808
1764	0.8888532456211148
1765	0.9180019333295767
1766	0.9015045626747391
1767	0.9153991918249552
1768	0.9583385625955294
1769	0.905712555507416
1770	0.9518085274473904
1771	0.9284347314210207
1772	0.9055925329574461
1773	0.8462253708458819
1774	0.8959589098034614
1775	0.8807643703028322
1776	0.8922700540698713
1777	0.9087046983192708
1778	0.8916276481902485
1779	0.9441540950911494
1780	0.8393978004650952
1781	0.8442172657975097
1782	0.9206856907450937
1783	0.9170244154364657
1784	0.9018574153429435
1785	0.8598755912484912
1786	0.8904326164292038
1787	0.9063849154618336
1788	0.8925943781717369
1789	0.9437450613747118
1790	0.8972115550749106
1791	0.8758123463986018
1792	0.9495844817926308
1793	0.8937281734440999
1794	0.931548362138909
1795	0.8628998146521283
1796	0.8930819157454407
1797	0.8805950753807322
1798	0.9055524506353518
1799	0.9135449680125497
1800	0.9320806554566262
1801	0.9090129415517535
1802	0.9413710869527602
1803	0.8442657863508276
1804	0.9032949907982231
1805	0.9169460736259277
1806	0.9083869038267502
1807	0.8883756840449538
1808	0.8951951184220239
1809	0.9036821782483417
1810	0.9258790493454033
1811	0.8961996760216951
1812	0.9341740887890656
1813	0.9057301112403138
1814	0.9129089780216503
1815	0.8903302052121279
1816	0.8946143425361541
1817	0.9198976361483234
1818	0.8895833627685247
1819	0.8759916572425879
1820	0.8567216501855869
1821	0.8797918159036493
1822	0.8803836912445344
1823	0.8695673017327553
1824	0.9133124889107538
1825	0.9492599832078084
1826	0.8882116832078808
1827	0.9174784882854319
1828	0.8909163458526371
1829	0.9666953982545388
1830	0.9410546631102866
1831	0.9220653142724675
1832	0.8805136207949747
1833	0.8842281234905831
1834	0.9016080663927226
1835	0.9070302418574931
1836	0.871364111583891
1837	0.9899108018865157
1838	0.8852135556484402
1839	0.8669267827637446
1840	0.8733095398516489
1841	0.9472779873355248
1842	0.8431038745335868
1843	0.8694398193922529
1844	0.8182838850734231
1845	0.8730958820532552
1846	0.8704542113916334
1847	0.9301846185862914
1848	0.8781270077103301
1849	0.8386118866008538
1850	0.8860600659475568
1851	0.8814508925389124
1852	0.8541578131376343
1853	0.9338603240595321
1854	0.8591098643087399
1855	0.9158934374657287
1856	0.8923581816628714
1857	0.8869397040382696
1858	0.9270713894364184
1859	0.9588805270636089
1860	0.8729823531890266
1861	0.9297489160989358
1862	0.8475493908168235
1863	0.8073248155971288
1864	0.8679622668475416
1865	0.9563046417196648
1866	0.8904943684403989
1867	0.8970232652375238
1868	0.947599218772622
1869	0.8753761761141928
1870	0.7873872701229957
1871	0.9755491306947397
1872	0.9046149994063568
1873	0.9613399761915594
1874	0.891763281460891
1875	0.881776183420066
1876	0.8954049788591509
1877	0.9319165930810853
1878	0.890640223844136
1879	0.8735551378176383
1880	0.9599747671406665
1881	0.8694049377880677
1882	0.9361585939908715
1883	0.9243057768180792
1884	0.8989453753738649
1885	0.9458565552661748
1886	0.9084138225398956
1887	0.959411172200517
1888	0.8612225348175602
1889	0.9373147059831533
1890	0.9190585596093187
1891	0.9128827072288718
1892	0.8891471775342482
1893	0.9019710366622712
1894	0.8715981952344782
1895	0.8929185615283289
1896	0.9696752678557057
1897	0.9013394170540813
1898	0.9447720639554673
1899	0.921831514203299
1900	0.8229363181122858
1901	0.9754690508224506
1902	0.8966372849949832
1903	0.9548618453942851
1904	0.9014645564583554
1905	0.9020509359725567
1906	0.9411602127011341
1907	0.9124254058745705
1908	0.9082428363536204
1909	0.9150703227084763
1910	0.9409166828949653
1911	0.9187692538078152
1912	0.8769317244140037
1913	0.8861264488404265
1914	0.8793339336447755
1915	0.8385533325983554
1916	0.866866506389957
1917	0.9266096399625192
1918	0.9169519227082533
1919	0.9120201133166229
1920	0.9273742795779275
1921	0.9091742556104854
1922	0.8824060781900166
1923	0.9501391213419494
1924	0.9709266046581387
1925	0.9385807015018587
1926	0.999280843630665
1927	0.9353415493829348
1928	0.938294365328583
1929	0.8886734826243095
1930	0.9394706696975503
1931	0.892613155544515
1932	0.8898912043277828
1933	0.9365309972966627
1934	0.8313795121273788
1935	0.8952406347685414
1936	0.9371294898596284
1937	0.8657044019134851
1938	0.8782407753588525
1939	0.9087660980095961
1940	0.9512139161196917
1941	0.9134871916778319
1942	0.8862620831968911
1943	0.9017247773705577
1944	0.9500504949019147
1945	0.9000076624466585
1946	0.9233290762566649
1947	0.8587358206433081
1948	0.9099280853328958
1949	0.9124496042773907
1950	0.9076936831246285
1951	0.9059333453582658
1952	0.943016065828756
1953	0.9162515012801734
1954	0.8513616935454887
1955	0.9127986507371139
1956	0.8866814455872681
1957	0.8426235348403398
1958	0.9325216307333529
1959	0.9132406041062934
1960	0.8532207055974769
1961	0.9172109314187195
1962	0.8529121141864604
1963	0.8783629406359721
1964	0.8809474355631729
1965	0.852726967372425
1966	0.8798056501156524
1967	0.9392356027206302
1968	0.883392737859829
1969	0.8625097148244372
1970	0.8758152701703086
1971	0.885122064995336
1972	0.8606632535650133
1973	0.9580387652215501
1974	0.865357773800382
1975	0.8943007922221643
1976	0.9335344683291662
1977	0.9047545884491187
1978	0.8864948822397373
1979	0.9241409930217218
1980	0.9209701906699531
1981	0.893020570223323
1982	0.8860135143131876
1983	0.8908805887645133
1984	0.878927598925166
1985	0.8238958573976203
1986	0.9061794722862124
1987	0.9488341127354517
1988	0.869329824398358
1989	0.8906897454590669
1990	0.8901772024068269
1991	0.8005068486550831
1992	0.859563400419527
1993	0.8882857085204389
1994	0.8573887290798139
1995	0.89727243259718
1996	0.8603162670929099
1997	0.8282379294070623
1998	0.8620735928537339
1999	0.8460582185992406
2000	0.8885957391843265
2001	0.8980103666859468
2002	0.910082907832868
2003	0.8672642389724771
2004	0.9150315142998546
2005	0.8381511025824011
2006	0.8588369261909671
2007	0.903615181924359
2008	0.8894424603889117
2009	0.9050431485873547
2010	0.9300712772812081
2011	0.8905293779125394
2012	0.8633595640746569
2013	0.9322897016394706
2014	0.8271834786356463
2015	0.8822253948591166
2016	0.9040134490509026
2017	0.9620586383922105
2018	0.8824700499667952
2019	0.8969607998393747
2020	0.9496205071039178
2021	0.9299630716154318
2022	0.920025331626679
2023	0.912457818155825
2024	0.8917685333122208
2025	0.9118942494144223
2026	0.8695423322487202
2027	0.8947564859538661
2028	0.8456514007413775
2029	0.8972177862809966
2030	0.8690160906080406
2031	0.88735064239868
2032	0.910817827062215
2033	0.9522910655701278
2034	0.9683666145230805
2035	0.900613432130013
2036	0.8830270251689523
2037	0.9209274330222734
2038	0.896888013164855
2039	0.9164342185877321
2040	0.9364685838586414
2041	0.894732727242749
2042	0.8371945487975437
2043	0.8969704875347744
2044	0.9084243289034446
2045	0.8482427248939814
2046	0.9128793127324014
2047	0.9218495124731009
2048	0.8840272367509705
2049	0.8462004095008453
2050	0.8698190119930389
2051	0.9101917083820129
2052	0.8656243180662903
2053	0.9349095887545341
2054	0.840722540146836
2055	0.9054146949294141
2056	0.8377911469692608
2057	0.8559607226688748
2058	0.9323997938956075
2059	0.9223341206356576
2060	0.8722693735468219
2061	0.8899361915343899
2062	0.9062458359755964
2063	0.8923387985918659
2064	0.8607630375417831
2065	0.884183065753256
2066	0.8297299513961157
2067	0.8802298153257815
2068	0.9199667792876955
2069	0.8816339456271013
2070	0.8699876547928117
2071	0.8417209523178777
2072	0.8731811161676376
2073	0.902532997371179
2074	0.8774774195803599
2075	0.8627919659292623
2076	0.8597627853743531
2077	0.8997657084982431
2078	0.9036379862950887
2079	0.8197471659415895
2080	0.92515324226732
2081	0.9072392388307897
2082	0.9700604915850559
2083	0.888065756410266
2084	0.8894549320425663
2085	0.881383763932416
2086	0.8765542384423579
2087	0.8899152010485747
2088	0.9109403555424058
2089	0.8803090127525282
2090	0.9034893328093153
2091	0.9086861517237285
2092	0.8638969458490529
2093	0.839612508608838
2094	0.8956743706889991
2095	0.8821391426549493
2096	0.8821357885830932
2097	0.9186262176917189
2098	0.9170042686802523
2099	0.8941526738992849
2100	0.9166070278202938
2101	0.9330954735666656
2102	0.871755235048533
2103	0.9288874086303122
2104	0.922373785188031
2105	0.9102449297927333
2106	0.901644047553432
2107	0.9635568798417762
2108	0.9377484042814714
2109	0.9151010473422746
2110	0.952490962415593
2111	0.8862502664024668
2112	0.929835651006824
2113	0.9279870748083673
2114	0.9015696289761425
2115	0.9375967711072941
2116	0.904920241833254
2117	0.853968739573682
2118	0.9586809638524334
2119	0.8360166677060269
2120	0.8929320179742783
2121	0.8751854822790581
2122	0.8900647492588395
2123	0.9142430363685725
2124	0.9395876737293866
2125	0.9822954582181204
2126	0.9633984195213031
2127	0.9164583795521725
2128	0.9070489578679086
2129	0.9358535985990485
2130	0.9308610799232839
2131	0.8978710183468769
2132	0.8890787445195147
2133	0.8099004136094738
2134	0.9470752499579641
2135	0.867548370478996
2136	0.8793999261592508
2137	0.8768975664049831
2138	0.9115557885792154
2139	0.8865293542252421
2140	0.8744070263069879
2141	0.9061520530304762
2142	0.9525967067436125
2143	0.9309510619687479
2144	0.8793982114986119
2145	0.9301525920693082
2146	0.9269462737385158
2147	0.9102941137331494
2148	0.9841530616454732
2149	0.9598819539690601
2150	0.8945706597405683
2151	0.8716059551804529
2152	0.88690606840832
2153	0.8972713399665543
2154	0.9213319948959857
2155	0.9158012342624223
2156	0.8932945848723335
2157	0.9593989231737822
2158	0.911122396682163
2159	0.9246431979955881
2160	0.9148300334880728
2161	0.9309276940434393
2162	0.9200547451172955
2163	0.8900067553227778
2164	0.9177694011320185
2165	0.9124820929091226
2166	0.8827736002150594
2167	0.9109266560046867
2168	0.9140752194542727
2169	0.9544193608013006
2170	0.9025544236222284
2171	0.8751917262309256
2172	0.8776885264813818
2173	0.9026791338844086
2174	0.8865847406802582
2175	0.9952222820678415
2176	0.919692696287881
2177	0.8823285314225608
2178	0.876836913732145
2179	0.9284228913225281
2180	0.9451308264107501
2181	0.8870370657520776
2182	0.8461577094413386
2183	0.8670378240310529
2184	0.9431716018235127
2185	0.8551248105652657
2186	0.9248486641189918
2187	0.9523513798432186
2188	0.9218723653956472
2189	0.8222633077544237
2190	0.8416715485806687
2191	0.9066513157884564
2192	0.9448495643361517
2193	0.8620797142364337
2194	0.9058116437489634
2195	0.9074789804048758
2196	0.8804829909488412
2197	0.88490832042063
2198	0.898713978106807
2199	0.9533604671040083
2200	0.8960860136932377
2201	0.9018940906038889
2202	0.9088397747824783
2203	0.9677738092773154
2204	0.9335901877586147
2205	0.9383782395994025
2206	0.9481583133308225
2207	0.9425917439993832
2208	0.9062209376697765
2209	0.9360072739806243
2210	0.947937263128961
2211	0.8804640177538564
2212	0.9297746430511663
2213	0.864694418383008
2214	0.9657525825908316
2215	0.8975540531362061
2216	0.8615488895450469
2217	0.9113709305217372
2218	0.9228916653567347
2219	0.9552790405397441
2220	0.9184730086980314
2221	0.9561884002278871
2222	0.8401019158939439
2223	0.9053885584054278
2224	0.9258487363227863
2225	0.9053994731844822
2226	0.9140264771906693
2227	0.8474599357114466
2228	0.8589170432372574
2229	0.843145339698068
2230	0.865687778724536
2231	0.9004849066366027
2232	0.8609426106515605
2233	0.8206389396376573
2234	0.9285472178798773
2235	0.8667676836003201
2236	0.9448646710565977
2237	0.9193728148388345
2238	0.8809073017066003
2239	0.8250491503338907
2240	0.8874204283166144
2241	0.9397647088379413
2242	0.9091252065272333
2243	0.9255198648721978
2244	0.9434701259644837
2245	0.8786308462208787
2246	0.8985949634389764
2247	0.9209679195354946
2248	0.8422571023972002
2249	0.9646782362650815
2250	0.9123677201754435
2251	0.8847294940145333
2252	0.9420393465981984
2253	0.9328910537988886
2254	0.9636390656943145
2255	0.935310200740597
2256	0.9766966187672455
2257	0.8988711383092003
2258	0.8897337779532024
2259	0.8693022063245155
2260	0.900788103145097
2261	0.8942883868087662
2262	0.9344434944361419
2263	0.9325912558817356
2264	0.8958976033130434
2265	0.9591443585559593
2266	0.795814606990067
2267	0.8875018208057993
2268	0.907268740695794
2269	0.9081703849231235
2270	0.9206867082650619
2271	0.8060468831849011
2272	0.8540218169935161
2273	0.8315908029386067
2274	0.8828682060641454
2275	0.9150734718772676
2276	0.9186534857489043
2277	0.815232636496694
2278	0.874779479982308
2279	0.9192677980435455
2280	0.904152440981284
2281	0.852206564104327
2282	0.8795457251227113
2283	0.864915518128629
2284	0.8799180174684708
2285	0.9181433221360357
2286	0.883707994722813
2287	0.8851050596580374
2288	0.9208712101569757
2289	0.8607687129006193
2290	0.9066405025218208
2291	0.9246131554386623
2292	0.9557902464569412
2293	0.8576667153996207
2294	0.9186902803242893
2295	0.8917657320261388
2296	0.9050027425762347
2297	0.9084093239320339
2298	0.9282402053386186
2299	0.8639655131854788
2300	0.8875074575808528
2301	0.8810757042351461
2302	0.8933812337178143
2303	0.8263305951714615
2304	0.9525601276116592
2305	0.8998181486879339
2306	0.8802122232575538
2307	0.8766209148681505
2308	0.8702616558803236
2309	0.9001565961061683
2310	0.8887094312118049
2311	0.9277865429820692
2312	0.9528452527462209
2313	0.8813138577447838
2314	0.8671061561288419
2315	0.8453245526034384
2316	0.8721328334630873
2317	0.8866315198557136
2318	0.9029626399184223
2319	0.8871624600893758
2320	0.8773066952323431
2321	0.8394600053586739
2322	0.847260968895456
2323	0.8796314808997907
2324	0.9000076691841316
2325	0.8547570775262698
2326	0.9361343857409944
2327	0.8884467780525408
2328	0.8754999648638967
2329	0.9371483001617791
2330	0.91519369995378
2331	0.8901087742003715
2332	0.8968763050961652
2333	0.9423766623222379
2334	0.9645155639423446
2335	0.8928934719744169
2336	0.8773753320125536
2337	0.9034255290670233
2338	0.9193517700057037
2339	0.9052979850806969
2340	0.8427305046084111
2341	0.8600147066550312
2342	0.8736396416662006
2343	0.8916157709211434
2344	0.9123245586158976
2345	0.914357421586871
2346	0.8805458211304054
2347	0.9540451553354448
2348	0.9260783994922198
2349	0.9673533760699381
2350	0.9082681128367482
2351	0.908588086583332
2352	0.9124396962568542
2353	0.8649244922690325
2354	0.9299048966196833
2355	0.8808715460056905
2356	0.9185278915172893
2357	0.8538751019264412
2358	0.8934279665258077
2359	0.9199056973853097
2360	0.8672796616206778
2361	0.9174943893744174
2362	0.8652243806388794
2363	0.9293998668458695
2364	0.9204401722259631
2365	0.8991860395032375
2366	0.8908736090803574
2367	0.9228209948829824
2368	0.9388283310085622
2369	0.9666688729844868
2370	0.9342343643439477
2371	0.8742796920848652
2372	0.8782180353005798
2373	0.8944118572281617
2374	0.9118343860871144
2375	0.9856343450049841
2376	0.9647091752596751
2377	0.9067351517943063
2378	0.8456393821418633
2379	0.8822998428702076
2380	0.9218373460664964
2381	0.9491887647716343
2382	0.8895772707588995
2383	0.9408414635156628
2384	0.8424132797661323
2385	0.9516486651336842
2386	0.9430040186142247
2387	0.8757691719348695
2388	0.9356157160455143
2389	0.8952555377316609
2390	0.9295140034766648
2391	0.9280479440930388
2392	0.9450668359814703
2393	0.8347832950805034
2394	0.8677305393128444
2395	0.8768077451033727
2396	0.9047386392566866
2397	0.8858926122676357
2398	0.8949197577267992
2399	0.8411040156675604
2400	0.8445675227162582
2401	0.9033812928155169
2402	0.8646356424938985
2403	0.8869714359656905
2404	0.8920558921034145
2405	0.8867993197740838
2406	0.9262506406604288
2407	0.8629904212063015
2408	0.8946720104774984
2409	0.9136385554636272
2410	0.9011393510079634
2411	0.8771422766366007
2412	0.8881452221887229
2413	0.8843119124844709
2414	0.8361149936895986
2415	0.8645435454601247
2416	0.8917783773820347
2417	0.8529209647326127
2418	0.8959578209333903
2419	0.915261579888134
2420	0.9398079299992969
2421	0.9238344444887828
2422	0.9058636089691382
2423	0.8122474701702959
2424	0.8568499605793278
2425	0.8395710078044482
2426	0.9448783364651948
2427	0.8840148519928417
2428	0.8900919959455831
2429	0.8793690952171631
2430	0.9219414076564317
2431	0.8920226578804614
2432	0.89100175332355
2433	0.8695625396174936
2434	0.8632630269610442
2435	0.9408072496946417
2436	0.9659219776913927
2437	0.8890212145841585
2438	0.8863189790714466
2439	0.9265375290296224
2440	0.8751868201919148
2441	0.9462751772564773
2442	0.8525971116322667
2443	0.8991439414937993
2444	0.873479110301374
2445	0.871258966224821
2446	0.8751746216914855
2447	0.9646987611244249
2448	0.913312693163999
2449	0.9510107611694955
2450	0.9132855375383523
2451	0.9554176066161502
2452	0.8237845824115669
2453	0.8789035903747249
2454	0.874994101451017
2455	0.8719982097125739
2456	0.9308202742756547
2457	0.8778063885281381
2458	0.8815563180882314
2459	0.9570761863366408
2460	0.9070053685714506
2461	0.9158014339317297
2462	0.8939631739074164
2463	0.9027820455794211
2464	0.9622194443632364
2465	0.9364309655726033
2466	0.9269853671416249
2467	0.9077209151393463
2468	0.8996530785467908
2469	0.8142140355338066
2470	0.8983548200128081
2471	0.9459887827148531
2472	0.8973205875928446
2473	0.9038179641812676
2474	0.9432816423019957
2475	0.913095786685984
2476	0.9136431464377204
2477	0.8362414459792318
2478	0.9265603454945824
2479	0.9245407339294675
2480	0.8873451135641807
2481	0.9057091522139727
2482	0.9395117599410486
2483	0.8914548543083097
2484	0.934018840320728
2485	0.9647165116544854
2486	0.898807800874272
2487	0.8776328405297281
2488	0.9864084764549808
2489	0.9413791433544811
2490	0.9015706994070533
2491	0.8871005225769829
2492	0.8871967488706465
2493	0.8514319145134519
2494	0.9775290050898834
2495	0.9778769889367455
2496	0.9099971325183028
2497	0.8905270042652181
2498	0.952060994667039
2499	0.9591625632793594
2500	0.9732015437251283
2501	0.890088696078149
2502	0.939693691640945
2503	0.9799066516432633
2504	0.9471473974503737
2505	0.8983655982789946
2506	0.8911368873724371
2507	0.9615326529329057
2508	0.8724427643714169
2509	0.9083020571425986
2510	0.8943963380530945
2511	0.8798332962495857
2512	0.8700083979347271
2513	0.9827549821024052
2514	0.8898915781880065
2515	0.8703792830243228
2516	0.926093305198499
2517	0.8644878975736607
2518	0.9270549261548331
2519	0.9239979443091884
2520	0.8532503966459982
2521	0.9063080977967057
2522	0.9011439482198259
2523	0.888000917897262
2524	0.9161736741448425
2525	0.9180642072458607
2526	0.9284882597962285
2527	0.8945546200218001
2528	0.8963215469522416
2529	0.9554750214047592
2530	0.9677721376886766
2531	0.934814054702038
2532	0.9162567463645949
2533	0.9163999495924818
2534	0.8705339212017567
2535	0.8693123606397519
2536	0.9137953583047718
2537	0.8752312473335037
2538	0.8523261166020267
2539	0.9423383200596797
2540	0.8722333717556686
2541	0.9637727660896954
2542	0.8643419968149934
2543	0.9163454357117707
2544	0.8960267286991799
2545	0.9509461077297879
2546	0.9140464559637128
2547	0.8644847655978043
2548	0.9223008556028202
2549	0.894415372744421
2550	0.832642693672101
2551	0.8774421395611307
2552	0.9713523494331141
2553	0.9367265135208103
2554	0.916100612646914
2555	0.9297983880334111
2556	0.9410281505492999
2557	0.952764107343753
2558	0.9360014927354438
2559	0.9227182121260736
2560	0.8661183237237241
2561	0.8724346426637989
2562	0.9391503026666954
2563	0.9066200317240141
2564	0.9240627487928365
2565	0.8945599054373307
2566	0.8571513142108603
2567	0.936548169457151
2568	0.8824389352313767
2569	0.9509012695897231
2570	0.8663639706093283
2571	0.924566803741096
2572	0.851716887321206
2573	0.8740254719187402
2574	0.8715231918852897
2575	0.9191339661388211
2576	0.9454184069217069
2577	0.8832984945525801
2578	0.9264079665382602
2579	0.9510952873025269
2580	0.9359384826390372
2581	0.8883534284649979
2582	0.9197554721366448
2583	0.9037428067947133
2584	0.9074570737255426
2585	0.8828029049885432
2586	0.9114377053131334
2587	0.8960214943881943
2588	0.962986147444849
2589	0.8327457234127851
2590	0.8228068988360799
2591	0.917979197602457
2592	0.8849360129912187
2593	0.9007382419392244
2594	0.9363614956756137
2595	0.888344346423714
2596	0.8581281948167714
2597	0.8890639408827027
2598	0.9299034430661529
2599	0.9239216621117925
2600	0.9212814520247063
2601	0.8915516636272511
2602	0.8886110796354626
2603	0.9312382079885204
2604	0.9094516906750729
2605	0.8972829763541494
2606	0.9115617377123131
2607	0.8932726200160875
2608	0.9000408111501469
2609	0.9370226881052929
2610	0.8583625151712378
2611	0.9070554714853899
2612	0.9077643032562022
2613	0.9489777406720731
2614	0.9289307533470283
2615	0.940593440608934
2616	0.885262650182728
2617	0.8377421077955841
2618	0.9009988144668308
2619	0.8589462496140567
2620	0.8737967400850662
2621	0.9234522062475196
2622	0.8388291857463565
2623	0.9412887451962977
2624	0.9369225075878906
2625	0.9267098666793949
2626	0.9179772658239748
2627	0.8692385263604048
2628	0.8760657627631344
2629	0.8272860855575119
2630	0.9060087351852847
2631	0.8709718412837906
2632	0.8871047050284907
2633	0.965918682979466
2634	0.8889528728533845
2635	0.9286173488823282
2636	0.8909476219433707
2637	0.9210519963080789
2638	0.8667482588082268
2639	0.8931957003431583
2640	0.9326260259113108
2641	0.8937764451685692
2642	0.8486693891765733
2643	0.8871107314238582
2644	0.9225346401676797
2645	0.9325135659789248
2646	0.9221270972296894
2647	0.8821418304606021
2648	0.9130998735078456
2649	0.8669284536737388
2650	0.9275407821846725
2651	0.906108606041096
2652	0.8923617850312229
2653	0.8971165941715783
2654	0.8834885934764416
2655	0.9000727462838546
2656	0.9503447724486673
2657	0.8426290193256347
2658	0.8771066463978262
2659	0.9098238203480022
2660	0.9038202840954629
2661	0.9397958469363304
2662	0.9122516861232366
2663	0.9166736246069698
2664	0.9268596291407826
2665	0.9496135126907929
2666	0.937125816455594
2667	0.9618199481826127
2668	0.9438787584684329
2669	0.896388509832924
2670	0.9729998258664676
2671	0.8867640300042658
2672	0.8785148026400252
2673	0.9366699587309566
2674	0.856536309985469
2675	0.9470628741733986
2676	0.9235783695615789
2677	0.9091810587799104
2678	0.9056716055335787
2679	0.9205632359336616
2680	0.948374917243328
2681	0.9616945319723175
2682	0.9390927711040535
2683	0.9471764879556237
2684	0.8896474665319816
2685	0.9233782320058915
2686	0.8985193290628545
2687	0.9146928760974846
2688	0.9662743057889812
2689	0.9165055324348098
2690	0.833701521030254
2691	0.8533859315320139
2692	0.937100867445395
2693	0.8617870695016607
2694	0.911681102192016
2695	0.9165606012006762
2696	0.8508489942526438
2697	0.9051215231696397
2698	0.9176250486481697
2699	0.8907698913851444
2700	0.8895210063430572
2701	0.9207727025506813
2702	0.9565039387092737
2703	0.9667396029111223
2704	0.9371009796471015
2705	0.8726902431229159
2706	0.8839965026041855
2707	0.9282550387144255
2708	0.9360850538252471
2709	0.8853275646855878
2710	0.930124350294387
2711	0.9079934383740003
2712	0.8880763958392058
2713	0.8859479387921015
2714	0.9011293020886257
2715	0.8724799197109281
2716	0.9010855063549155
2717	0.9661475287517816
2718	0.8447972385551955
2719	0.9271976558669122
2720	0.852312520965874
2721	0.9143056824285178
2722	0.8751092107093817
2723	0.9280808808475081
2724	0.9093186913398871
2725	0.9550380833877053
2726	0.9609543389081612
2727	0.8875488621678671
2728	0.8672932878454401
2729	0.8636902733955126
2730	0.8424397916793976
2731	0.8841428365574876
2732	0.8853474151621661
2733	0.9964463941933848
2734	0.8706261814567493
2735	0.9215211228370538
2736	0.9582705347946455
2737	0.9118320447154172
2738	0.894342191751801
2739	0.8923504085556943
2740	0.8596953947686821
2741	0.9168332057153472
2742	0.9570484885348823
2743	0.8515755297351909
2744	0.9239368856075771
2745	0.9311344293629814
2746	0.9201443375144049
2747	0.882407332046711
2748	0.8951656332215058
2749	0.9384958506431507
2750	0.922619525888763
2751	0.9068397417121924
2752	0.9274164516266832
2753	0.9220052305112131
2754	0.9697530320555631
2755	0.8670812520824811
2756	0.8775380001421077
2757	0.9028285124939902
2758	0.9233001380710346
2759	0.8494810311601946
2760	0.9048481293021878
2761	0.9338063427032314
2762	0.9179093995040657
2763	0.8899356923658303
2764	0.9771473364878726
2765	0.91532542243092
2766	0.8764814801748921
2767	0.9225644582728745
2768	0.942096191888498
2769	0.9401924704885708
2770	0.9529018111867612
2771	0.9275598523991825
2772	0.9202573752998613
2773	0.954031273710345
2774	0.8824225543991121
2775	0.8394669769144011
2776	0.9178723211778651
2777	0.9343281692809623
2778	0.9017426571298613
2779	0.8962970790984349
2780	0.9040956234409617
2781	0.9776344624685962
2782	0.8585617297684093
2783	0.8847861157945733
2784	0.8626526004062484
2785	0.9079043718231409
2786	0.937705488043699
2787	0.8616906998461376
2788	0.8385755855685937
2789	0.9084020473549023
2790	0.8659360999529809
2791	0.9267345550574876
2792	0.9029036915008553
2793	0.8784363108477116
2794	0.9455529461321568
2795	0.9115944469676214
2796	0.870298586498346
2797	0.8691364722259736
2798	0.8907550721336283
2799	0.858011795080613
2800	0.8899090319021573
2801	0.9510923293658798
2802	0.9031282169764143
2803	0.9723321982255168
2804	0.9044493231614168
2805	0.8635808691357235
2806	0.9084872403836125
2807	0.8157511553457865
2808	0.839739362916322
2809	0.9077569204723263
2810	0.9405670550911372
2811	0.8633585250160943
2812	0.9376250479797851
2813	0.8287185075233214
2814	0.8953624242118798
2815	0.9246729203861163
2816	0.8800059243278775
2817	0.8618680176550421
2818	0.886592495652942
2819	0.8984595000579418
2820	0.8905432725441781
2821	0.925995909317756
2822	0.8400050790305642
2823	0.8880035822865193
2824	0.8368541217969389
2825	0.9044107871404623
2826	0.8861899949417513
2827	0.8793854129649198
2828	0.8572325348256159
2829	0.814045302786178
2830	0.8593709640149094
2831	0.862463759119676
2832	0.928164488054981
2833	0.9355249723681572
2834	0.8676826562177239
2835	0.882614243570383
2836	0.967384253737362
2837	0.9269797037531926
2838	0.8738722915281002
2839	0.9218420131682126
2840	0.9286041914045916
2841	0.9250282594589229
2842	0.8937719382765317
2843	0.8887487045562282
2844	0.9135737874584643
2845	0.8649850199179735
2846	0.8866942542214155
2847	0.8918488944074361
2848	0.9529391927303134
2849	0.8604080878999413
2850	0.9030925068965617
2851	0.9027390078314644
2852	0.8444778513472442
2853	0.9484072066896895
2854	0.9158271416912933
2855	0.898308703121104
2856	0.8796250284691045
2857	0.8584855020817008
2858	0.8898891844455795
2859	0.9171461896436871
2860	0.9103844001802233
2861	0.8314361269005563
2862	0.9196541433789989
2863	0.9086914098851915
2864	0.9272161604603582
2865	0.9771622259232589
2866	0.9239409771198337
2867	0.9356819323002714
2868	0.9272034304395248
2869	0.8456028284891632
2870	0.8908225679448657
2871	0.8344577445729602
2872	0.8796044524166258
2873	0.9040469874025711
2874	0.9205540220377236
2875	0.9093207958385734
2876	0.8993253799970726
2877	0.9130824418975465
2878	0.9143724999798671
2879	0.9297562867321874
2880	0.9562822769807007
2881	0.9240764038843191
2882	0.9406221435437438
2883	0.9009702326476622
2884	0.948256417294259
2885	0.898849745326759
2886	0.8709085490779427
2887	0.9160750737148967
2888	0.8961874437173809
2889	0.8853352948840967
2890	0.9157333382444742
2891	0.9192975828836751
2892	0.9266653159180753
2893	0.9187403360654223
2894	0.9865362686525502
2895	0.9321009053142871
2896	0.8944492657058836
2897	0.9134619710321138
2898	0.9317723485522494
2899	0.9132731334933444
2900	0.9284644638819127
2901	0.9066255536491756
2902	0.9368775330283424
2903	0.86714373440897
2904	0.8961747009749076
2905	0.8915830410589727
2906	0.9641381861895418
2907	0.9177382870711307
2908	0.894866678633455
2909	0.9465975199196179
2910	0.9123257951419691
2911	0.9362813923183427
2912	0.8950997305576938
2913	0.9163851913901051
2914	0.8545354358318045
2915	0.8612220693120354
2916	0.9125994569692487
2917	0.9400428265254746
2918	0.895907223723499
2919	0.9146984106108886
2920	0.9157694350925372
2921	0.9474271594403111
2922	0.8736369872367055
2923	0.8657830448433488
2924	0.9420074601230864
2925	0.8762782825886251
2926	0.8992228906321887
2927	0.9197421291938557
2928	0.9001088849934198
2929	0.8220128943544233
2930	0.8799294365917857
2931	0.8872051940171449
2932	0.8950602446229847
2933	0.9192096606709301
2934	0.8377807837405625
2935	0.905242322312526
2936	0.9281845873465717
2937	0.8785217747074087
2938	0.8561709635611625
2939	0.8728872485679766
2940	0.8410708005180787
2941	0.9114061277750803
2942	0.8673785584520143
2943	0.8627391947836173
2944	0.9385649600208393
2945	0.8489307529332738
2946	0.9166230941802684
2947	0.8839704307701765
2948	0.9037996641078025
2949	0.9343412748843006
2950	0.9040071896996473
2951	0.9063382351863878
2952	0.9479996088728619
2953	0.9105666352157683
2954	0.8482638891106149
2955	0.8886903210843669
2956	0.901451862590558
2957	0.9229465724691901
2958	0.9087882145549856
2959	0.9468957120065684
2960	0.8690863527594617
2961	0.8760708111795844
2962	0.9672849048090849
2963	0.860992162391255
2964	0.8889641999272596
2965	0.8853282490409539
2966	0.8890772466677498
2967	0.935723068696909
2968	0.881678910858451
2969	0.8560161318618682
2970	0.8629255283593988
2971	0.8672491941386676
2972	0.873329395459016
2973	0.9230190447795253
2974	0.8574276020897622
2975	0.8823921055604339
2976	0.8994218728625272
2977	0.8547959866032612
2978	0.8786707810537127
2979	0.8554626213722966
2980	0.9024484907154908
2981	0.8838873612024335
2982	0.8704529991772759
2983	0.8490071171793804
2984	0.9139594153756335
2985	0.8374727955149331
2986	0.7984353141752809
2987	0.8484343992973442
2988	0.7653809912954236
2989	0.8221691911842616
2990	0.8356616983941885
2991	0.7458750181779465
2992	0.8527240193477621
2993	0.752444011282277
2994	0.7589778060453596
2995	0.7689740524468044
2996	0.725346798668116
2997	0.7201128023177529
2998	0.7035049344009316
2999	0.5631151760662003
3000	0.17826044447432216
