1	9538.028120281206
2	9447.9592386566
3	9380.78441406029
4	9330.270167136283
5	9281.585239611743
6	9258.010230236856
7	9224.560179740076
8	9189.867980250656
9	9141.582659773445
10	9087.762609073377
11	9071.768669618621
12	9066.915680087408
13	9049.014094312737
14	9042.137019213336
15	9020.077820872606
16	9013.57837203474
17	8972.973482852902
18	8964.949359424218
19	8928.75484827872
20	8870.538600117063
21	8865.53688424416
22	8854.727004524586
23	8853.90003155205
24	8853.90003155205
25	8849.148976335844
26	8849.148976335844
27	8849.148976335844
28	8849.148976335844
29	8840.301647626273
30	8840.301647626273
31	8834.00131214928
32	8798.804911376776
33	8798.804911376776
34	8768.064599690528
35	8756.05066779219
36	8754.120831174458
37	8751.100756154705
38	8736.74987049621
39	8730.609544741967
40	8727.877247114326
41	8722.487432290063
42	8692.0055150344
43	8692.0055150344
44	8668.59997992199
45	8650.840384702029
46	8650.414649791783
47	8650.414649791783
48	8629.998548397507
49	8629.998548397507
50	8629.998548397507
51	8629.998548397507
52	8619.159821980742
53	8619.159821980742
54	8619.159821980742
55	8619.159821980742
56	8619.159821980742
57	8601.807594981625
58	8594.082159531947
59	8594.082159531947
60	8589.931778125734
61	8582.126930306378
62	8578.466966038815
63	8570.799528119547
64	8540.16572078602
65	8540.16572078602
66	8540.16572078602
67	8539.539382575755
68	8482.61806871831
69	8479.64532339526
70	8479.64532339526
71	8479.64532339526
72	8477.429835452325
73	8473.97593549335
74	8456.132275747981
75	8456.132275747981
76	8456.132275747981
77	8453.230871673228
78	8452.322422069024
79	8446.816855360963
80	8425.620689672569
81	8425.620689672569
82	8422.227665058253
83	8411.490485545508
84	8406.030499895687
85	8406.030499895687
86	8406.030499895687
87	8406.030499895687
88	8397.986449438764
89	8397.986449438764
90	8397.986449438764
91	8397.986449438764
92	8362.667154806164
93	8362.667154806164
94	8358.284467991532
95	8358.279047611059
96	8358.279047611059
97	8338.805741115593
98	8336.065715044258
99	8336.065715044258
100	8333.469476464072
101	8329.586232545773
102	8329.586232545773
103	8329.586232545773
104	8329.586232545773
105	8329.586232545773
106	8309.329977157637
107	8295.4797876778
108	8279.130418352655
109	8276.848117301004
110	8276.848117301004
111	8276.848117301004
112	8276.848117301004
113	8276.848117301004
114	8276.848117301004
115	8270.902752710233
116	8270.902752710233
117	8238.826109185542
118	8238.826109185542
119	8238.826109185542
120	8236.208517739258
121	8236.208517739258
122	8236.208517739258
123	8234.56719487595
124	8234.56719487595
125	8234.56719487595
126	8234.56719487595
127	8234.56719487595
128	8234.56719487595
129	8234.56719487595
130	8232.830353815267
131	8232.830353815267
132	8232.830353815267
133	8222.827332562305
134	8217.701842010069
135	8217.701842010069
136	8198.055346749972
137	8198.055346749972
138	8198.055346749972
139	8198.055346749972
140	8198.055346749972
141	8198.055346749972
142	8198.055346749972
143	8198.055346749972
144	8198.055346749972
145	8198.055346749972
146	8198.055346749972
147	8198.055346749972
148	8198.055346749972
149	8198.055346749972
150	8188.476194803751
151	8188.476194803751
152	8188.476194803751
153	8188.476194803751
154	8188.476194803751
155	8188.476194803751
156	8188.476194803751
157	8188.476194803751
158	8188.476194803751
159	8188.476194803751
160	8179.637503652444
161	8179.637503652444
162	8179.637503652444
163	8176.201541537369
164	8176.201541537369
165	8176.201541537369
166	8176.201541537369
167	8176.201541537369
168	8176.201541537369
169	8176.201541537369
170	8176.201541537369
171	8168.663900632071
172	8157.670628552395
173	8157.670628552395
174	8151.761390946078
175	8151.761390946078
176	8151.761390946078
177	8151.495553251222
178	8151.495553251222
179	8151.495553251222
180	8146.308094638501
181	8146.308094638501
182	8114.48566388599
183	8114.48566388599
184	8114.48566388599
185	8114.48566388599
186	8114.48566388599
187	8110.339901877116
188	8110.339901877116
189	8099.936489818513
190	8099.314451067051
191	8099.314451067051
192	8099.314451067051
193	8099.314451067051
194	8095.579054829379
195	8095.579054829379
196	8095.579054829379
197	8095.579054829379
198	8095.579054829379
199	8095.579054829379
200	8088.387254726551
201	8078.721463876968
202	8078.721463876968
203	8078.721463876968
204	8078.721463876968
205	8067.781114013028
206	8067.781114013028
207	8067.781114013028
208	8058.464494970638
209	8043.914485994234
210	8037.796880203254
211	8037.796880203254
212	8037.796880203254
213	8037.796880203254
214	8037.796880203254
215	8037.796880203254
216	8026.179140377222
217	8026.179140377222
218	8026.179140377222
219	8026.179140377222
220	8023.10056272065
221	8023.10056272065
222	8016.056655738519
223	7976.641464627011
224	7976.641464627011
225	7976.641464627011
226	7976.641464627011
227	7970.025551620632
228	7970.025551620632
229	7970.025551620632
230	7970.025551620632
231	7970.025551620632
232	7970.025551620632
233	7970.025551620632
234	7963.931292988547
235	7959.798440996471
236	7959.798440996471
237	7940.274619644916
238	7940.274619644916
239	7940.274619644916
240	7933.627096295954
241	7913.418921875718
242	7913.418921875718
243	7913.418921875718
244	7913.418921875718
245	7912.835635858651
246	7912.835635858651
247	7912.835635858651
248	7912.835635858651
249	7904.245775561934
250	7904.245775561934
251	7895.746849014004
252	7895.746849014004
253	7895.746849014004
254	7895.746849014004
255	7895.746849014004
256	7895.746849014004
257	7895.195768829248
258	7895.195768829248
259	7895.195768829248
260	7895.195768829248
261	7895.195768829248
262	7875.286399596438
263	7874.4217915485815
264	7874.4217915485815
265	7874.4217915485815
266	7874.4217915485815
267	7874.4217915485815
268	7874.4217915485815
269	7853.598052573143
270	7853.598052573143
271	7853.598052573143
272	7853.598052573143
273	7844.960634441001
274	7844.960634441001
275	7844.960634441001
276	7844.960634441001
277	7844.960634441001
278	7844.757531340848
279	7844.757531340848
280	7844.757531340848
281	7844.757531340848
282	7844.757531340848
283	7842.126473678381
284	7842.126473678381
285	7842.126473678381
286	7841.776552715843
287	7841.776552715843
288	7841.776552715843
289	7841.776552715843
290	7841.776552715843
291	7841.776552715843
292	7841.776552715843
293	7841.776552715843
294	7828.55966594165
295	7826.093197529717
296	7826.093197529717
297	7826.093197529717
298	7826.093197529717
299	7826.093197529717
300	7815.280903585436
301	7815.280903585436
302	7815.280903585436
303	7809.486546737023
304	7809.486546737023
305	7809.486546737023
306	7809.486546737023
307	7809.486546737023
308	7805.007847917956
309	7805.007847917956
310	7805.007847917956
311	7805.007847917956
312	7805.007847917956
313	7805.007847917956
314	7805.007847917956
315	7805.007847917956
316	7805.007847917956
317	7805.007847917956
318	7805.007847917956
319	7804.088904508263
320	7796.546165627441
321	7796.546165627441
322	7783.603255730596
323	7783.005346510953
324	7767.568088403973
325	7767.568088403973
326	7767.568088403973
327	7767.568088403973
328	7767.568088403973
329	7767.568088403973
330	7767.568088403973
331	7748.279845256354
332	7748.279845256354
333	7748.279845256354
334	7748.279845256354
335	7748.279845256354
336	7748.279845256354
337	7748.279845256354
338	7748.279845256354
339	7746.584720010166
340	7746.584720010166
341	7746.584720010166
342	7746.584720010166
343	7746.215885099989
344	7746.215885099989
345	7746.215885099989
346	7746.215885099989
347	7740.52891063181
348	7740.52891063181
349	7740.52891063181
350	7740.52891063181
351	7740.52891063181
352	7740.52891063181
353	7740.52891063181
354	7727.4709102422885
355	7727.4709102422885
356	7727.4709102422885
357	7727.4709102422885
358	7727.4709102422885
359	7727.4709102422885
360	7726.831843704916
361	7726.831843704916
362	7726.831843704916
363	7726.831843704916
364	7726.831843704916
365	7726.831843704916
366	7726.568161648602
367	7726.568161648602
368	7724.5401891873535
369	7724.5401891873535
370	7709.817776213665
371	7709.817776213665
372	7709.817776213665
373	7709.817776213665
374	7709.817776213665
375	7709.817776213665
376	7709.817776213665
377	7709.817776213665
378	7663.602153502889
379	7663.602153502889
380	7663.602153502889
381	7663.602153502889
382	7663.602153502889
383	7663.602153502889
384	7663.602153502889
385	7663.602153502889
386	7663.602153502889
387	7663.602153502889
388	7647.180743477383
389	7645.131670336567
390	7645.131670336567
391	7645.131670336567
392	7645.131670336567
393	7642.359160970586
394	7642.359160970586
395	7642.359160970586
396	7637.332903867861
397	7637.332903867861
398	7637.332903867861
399	7637.332903867861
400	7625.55487597925
401	7625.55487597925
402	7625.55487597925
403	7625.55487597925
404	7625.55487597925
405	7625.55487597925
406	7625.55487597925
407	7591.539898272606
408	7591.539898272606
409	7591.539898272606
410	7587.192039682462
411	7586.217477573568
412	7586.217477573568
413	7586.217477573568
414	7577.1156732849895
415	7577.1156732849895
416	7575.125693485841
417	7575.125693485841
418	7575.125693485841
419	7575.125693485841
420	7575.125693485841
421	7575.125693485841
422	7575.125693485841
423	7575.125693485841
424	7575.125693485841
425	7575.125693485841
426	7569.5899511680955
427	7562.632710781652
428	7527.710694223442
429	7527.710694223442
430	7527.710694223442
431	7527.710694223442
432	7527.710694223442
433	7527.710694223442
434	7527.710694223442
435	7527.710694223442
436	7527.710694223442
437	7527.466197600806
438	7527.466197600806
439	7527.466197600806
440	7527.466197600806
441	7527.466197600806
442	7527.466197600806
443	7527.466197600806
444	7527.466197600806
445	7527.300101074458
446	7527.300101074458
447	7527.300101074458
448	7527.300101074458
449	7527.300101074458
450	7517.632902363632
451	7509.838285543434
452	7509.838285543434
453	7509.838285543434
454	7509.418629392391
455	7508.08689306239
456	7503.10134468938
457	7503.10134468938
458	7503.10134468938
459	7503.10134468938
460	7503.10134468938
461	7503.10134468938
462	7503.10134468938
463	7501.665786242654
464	7501.665786242654
465	7491.497965690587
466	7491.497965690587
467	7491.497965690587
468	7491.497965690587
469	7491.497965690587
470	7485.3621397617735
471	7476.580814004517
472	7476.580814004517
473	7463.526317945925
474	7448.890045804492
475	7448.890045804492
476	7448.890045804492
477	7442.556576790643
478	7441.02459547582
479	7432.278200876343
480	7429.563203457625
481	7429.563203457625
482	7429.563203457625
483	7429.0123269252235
484	7429.0123269252235
485	7429.0123269252235
486	7429.0123269252235
487	7429.0123269252235
488	7429.0123269252235
489	7429.0123269252235
490	7429.0123269252235
491	7429.0123269252235
492	7422.215735413142
493	7415.507236176902
494	7391.260390780032
495	7391.260390780032
496	7391.260390780032
497	7376.719470762068
498	7358.577099912499
499	7358.577099912499
500	7349.38148097355
501	7349.38148097355
502	7348.947618582445
503	7348.947618582445
504	7348.947618582445
505	7348.947618582445
506	7345.420486726715
507	7345.392235051945
508	7345.392235051945
509	7338.948027111446
510	7338.635196566148
511	7338.635196566148
512	7338.635196566148
513	7338.635196566148
514	7338.635196566148
515	7338.635196566148
516	7338.635196566148
517	7337.605690001814
518	7337.605690001814
519	7333.687730349509
520	7333.687730349509
521	7333.687730349509
522	7333.687730349509
523	7333.687730349509
524	7333.687730349509
525	7333.687730349509
526	7333.687730349509
527	7333.687730349509
528	7331.632081833586
529	7331.632081833586
530	7331.632081833586
531	7331.632081833586
532	7331.632081833586
533	7331.632081833586
534	7331.30312268253
535	7328.954878198792
536	7328.954878198792
537	7328.954878198792
538	7328.954878198792
539	7328.954878198792
540	7328.954878198792
541	7328.954878198792
542	7328.954878198792
543	7321.932068784807
544	7321.932068784807
545	7321.932068784807
546	7317.448053748821
547	7317.448053748821
548	7317.123244184047
549	7310.911183797517
550	7310.911183797517
551	7310.911183797517
552	7310.911183797517
553	7310.911183797517
554	7309.049799823301
555	7309.049799823301
556	7304.009304315901
557	7301.328549130312
558	7301.328549130312
559	7301.328549130312
560	7301.328549130312
561	7301.328549130312
562	7290.106608149586
563	7290.106608149586
564	7290.106608149586
565	7286.873401906329
566	7286.873401906329
567	7286.873401906329
568	7279.331164322401
569	7279.331164322401
570	7279.331164322401
571	7279.331164322401
572	7279.331164322401
573	7279.331164322401
574	7276.9773114049885
575	7276.9773114049885
576	7276.9773114049885
577	7276.9773114049885
578	7276.9773114049885
579	7276.9773114049885
580	7276.955013161819
581	7276.955013161819
582	7276.955013161819
583	7276.955013161819
584	7276.955013161819
585	7276.955013161819
586	7271.199824027065
587	7271.199824027065
588	7271.199824027065
589	7262.708416976967
590	7245.817906058891
591	7245.817906058891
592	7245.817906058891
593	7245.817906058891
594	7245.817906058891
595	7245.817906058891
596	7245.817906058891
597	7245.817906058891
598	7245.817906058891
599	7233.637670168364
600	7226.163478607164
601	7212.707891797431
602	7212.707891797431
603	7212.707891797431
604	7212.707891797431
605	7192.26022730702
606	7192.26022730702
607	7192.26022730702
608	7192.26022730702
609	7188.0133669468605
610	7188.0133669468605
611	7188.0133669468605
612	7175.2363271935055
613	7175.19035635247
614	7175.19035635247
615	7175.19035635247
616	7172.060358705782
617	7165.9937120150435
618	7165.9937120150435
619	7146.827061720596
620	7138.533392648476
621	7138.533392648476
622	7138.533392648476
623	7138.533392648476
624	7138.533392648476
625	7138.533392648476
626	7136.107952137064
627	7136.107952137064
628	7136.107952137064
629	7133.789892219311
630	7133.789892219311
631	7130.808773315918
632	7130.808773315918
633	7126.200632826209
634	7126.200632826209
635	7126.200632826209
636	7126.200632826209
637	7097.505899353943
638	7097.505899353943
639	7097.505899353943
640	7097.505899353943
641	7078.018667056322
642	7074.159101774645
643	7074.159101774645
644	7070.778594529548
645	7070.778594529548
646	7070.778594529548
647	7070.778594529548
648	7057.961240488879
649	7057.961240488879
650	7057.961240488879
651	7057.961240488879
652	7030.666984117614
653	7030.666984117614
654	7030.666984117614
655	7030.288168690229
656	7030.288168690229
657	7030.288168690229
658	7030.288168690229
659	7026.286817682854
660	7017.178419911269
661	7011.29183019319
662	7011.29183019319
663	7005.40296302046
664	7005.40296302046
665	7000.9695363348155
666	6998.2283424281795
667	6998.2283424281795
668	6996.518928197008
669	6996.518928197008
670	6996.518928197008
671	6996.518928197008
672	6996.518928197008
673	6996.518928197008
674	6996.518928197008
675	6989.577664371035
676	6977.122674123556
677	6970.707725433056
678	6970.707725433056
679	6970.707725433056
680	6970.707725433056
681	6970.707725433056
682	6953.862746727839
683	6915.643726511478
684	6915.643726511478
685	6915.643726511478
686	6913.312455845744
687	6906.387727523935
688	6906.387727523935
689	6906.387727523935
690	6890.339530297888
691	6890.339530297888
692	6870.853902203233
693	6870.853902203233
694	6870.853902203233
695	6852.2423237152625
696	6852.2423237152625
697	6851.108731144433
698	6849.522778290943
699	6849.522778290943
700	6849.522778290943
701	6849.522778290943
702	6849.522778290943
703	6849.522778290943
704	6849.522778290943
705	6849.522778290943
706	6849.522778290943
707	6840.480196556692
708	6840.480196556692
709	6838.59889216532
710	6838.59889216532
711	6838.59889216532
712	6820.226852180292
713	6815.202698206599
714	6793.126033314301
715	6792.0839478269645
716	6792.0839478269645
717	6788.508772907066
718	6788.508772907066
719	6781.813200864242
720	6781.813200864242
721	6781.813200864242
722	6781.813200864242
723	6778.995381771265
724	6770.782415323743
725	6749.490500880751
726	6749.490500880751
727	6741.36094089901
728	6741.36094089901
729	6741.36094089901
730	6741.36094089901
731	6740.690039227575
732	6736.567438373472
733	6728.316738048559
734	6724.995214482275
735	6724.995214482275
736	6724.995214482275
737	6724.220288207026
738	6724.220288207026
739	6722.243423640315
740	6700.229575043965
741	6700.229575043965
742	6700.229575043965
743	6700.229575043965
744	6687.168646034978
745	6687.168646034978
746	6687.168646034978
747	6687.108581081318
748	6687.108581081318
749	6687.108581081318
750	6687.108581081318
751	6687.108581081318
752	6687.108581081318
753	6687.108581081318
754	6687.108581081318
755	6685.732179361423
756	6683.523300982974
757	6679.103477610914
758	6678.581962079062
759	6678.581962079062
760	6678.581962079062
761	6678.581962079062
762	6678.581962079062
763	6678.581962079062
764	6678.581962079062
765	6678.581962079062
766	6678.581962079062
767	6678.581962079062
768	6672.829010528249
769	6672.829010528249
770	6672.829010528249
771	6672.829010528249
772	6672.829010528249
773	6655.8164385320615
774	6654.3732612157555
775	6654.3732612157555
776	6643.953027387879
777	6622.159913510627
778	6622.159913510627
779	6622.159913510627
780	6622.159913510627
781	6622.159913510627
782	6619.827942461703
783	6619.827942461703
784	6616.285146301729
785	6616.285146301729
786	6616.285146301729
787	6616.285146301729
788	6598.557725834112
789	6598.557725834112
790	6594.573049357935
791	6583.950717445701
792	6581.172488130611
793	6581.172488130611
794	6575.529881416111
795	6571.242302414623
796	6560.743702137208
797	6555.881234057056
798	6555.881234057056
799	6543.843418237727
800	6543.255498921271
801	6530.6725837744025
802	6521.762799119758
803	6521.762799119758
804	6505.763370616624
805	6505.510593116249
806	6501.574462169587
807	6501.574462169587
808	6501.574462169587
809	6489.388131374877
810	6488.796023929782
811	6488.796023929782
812	6485.387673066315
813	6485.387673066315
814	6485.387673066315
815	6456.235256283743
816	6456.235256283743
817	6456.235256283743
818	6427.866432780469
819	6427.866432780469
820	6427.866432780469
821	6403.06189887936
822	6403.06189887936
823	6403.06189887936
824	6399.991093478555
825	6399.991093478555
826	6398.5779841338
827	6391.527731965836
828	6384.4175677301255
829	6384.4175677301255
830	6383.301623710883
831	6383.301623710883
832	6382.294488378464
833	6382.294488378464
834	6382.294488378464
835	6382.294488378464
836	6382.294488378464
837	6382.294488378464
838	6382.294488378464
839	6382.294488378464
840	6358.814012864846
841	6358.814012864846
842	6358.814012864846
843	6339.008624044821
844	6334.753903311863
845	6334.753903311863
846	6334.753903311863
847	6334.753903311863
848	6334.753903311863
849	6333.393868177673
850	6323.635240204414
851	6323.635240204414
852	6321.389993601118
853	6319.296511219663
854	6318.1892121176825
855	6314.641633174573
856	6314.641633174573
857	6311.792001832532
858	6294.695567817714
859	6267.137077255617
860	6263.752573363946
861	6263.752573363946
862	6254.855374823523
863	6243.379930213127
864	6243.379930213127
865	6242.204745927307
866	6206.546567732931
867	6206.546567732931
868	6206.546567732931
869	6169.071932155693
870	6169.071932155693
871	6169.071932155693
872	6169.071932155693
873	6166.15448878821
874	6164.632794436894
875	6164.632794436894
876	6164.632794436894
877	6149.392755482795
878	6149.392755482795
879	6149.392755482795
880	6149.392755482795
881	6136.6326194944595
882	6136.6326194944595
883	6136.6326194944595
884	6136.6326194944595
885	6130.348550816328
886	6130.348550816328
887	6127.97869571364
888	6122.510985988361
889	6114.86729662107
890	6114.86729662107
891	6109.9708509875045
892	6109.9708509875045
893	6104.902826241636
894	6077.751306593559
895	6075.603296257578
896	6075.603296257578
897	6055.176377264585
898	6055.176377264585
899	6055.176377264585
900	6053.368971950938
901	6053.368971950938
902	6052.956111691092
903	6049.605910973085
904	6038.723067707775
905	6037.134071648384
906	6017.897182378313
907	6007.532814200435
908	6006.955434952807
909	6006.955434952807
910	6006.554930148923
911	6001.954345107554
912	5981.881916666344
913	5981.881916666344
914	5981.881916666344
915	5981.881916666344
916	5981.881916666344
917	5978.41406996096
918	5978.1869772176615
919	5973.381360870119
920	5972.823575922389
921	5972.823575922389
922	5972.823575922389
923	5972.4395367301795
924	5972.4395367301795
925	5962.354440903495
926	5962.354440903495
927	5954.463177726865
928	5953.829974236048
929	5953.829974236048
930	5947.168822283554
931	5947.168822283554
932	5933.594165837166
933	5933.591417099943
934	5933.591417099943
935	5923.936811482374
936	5898.738707318829
937	5887.60375806517
938	5884.6251453723025
939	5884.6251453723025
940	5883.810867816438
941	5873.6840420866
942	5873.6840420866
943	5865.2799597151015
944	5865.2799597151015
945	5861.064992892042
946	5861.064992892042
947	5859.77098859119
948	5859.77098859119
949	5859.77098859119
950	5854.81139529827
951	5854.81139529827
952	5854.81139529827
953	5854.81139529827
954	5854.81139529827
955	5854.81139529827
956	5846.567714206157
957	5846.567714206157
958	5845.6794192664565
959	5838.581129619222
960	5835.570778135724
961	5826.113230342686
962	5820.151215303408
963	5820.151215303408
964	5820.151215303408
965	5818.519162496049
966	5818.519162496049
967	5805.554245229673
968	5800.19108228223
969	5798.441106189306
970	5781.883513968515
971	5781.364964361029
972	5779.78569955063
973	5779.78569955063
974	5771.793757327479
975	5769.180900050842
976	5759.5914468150695
977	5759.5914468150695
978	5748.048484988702
979	5738.709188996465
980	5737.083202288456
981	5737.083202288456
982	5733.565362784187
983	5723.893682259934
984	5718.762563814561
985	5709.242429555795
986	5706.990180574996
987	5705.8668332770585
988	5700.150846330108
989	5697.186417826035
990	5692.337072423775
991	5691.1174688271985
992	5688.856205241934
993	5680.032513225481
994	5663.49232358517
995	5658.325825472734
996	5633.022724035395
997	5631.989058807537
998	5629.366128516652
999	5629.202455882126
1000	5622.807576807733
1001	5620.290247221205
1002	5610.7367436853865
1003	5610.73012650755
1004	5609.933131141307
1005	5609.413603116046
1006	5600.415991509215
1007	5599.828870212742
1008	5596.732664036319
1009	5592.040068187587
1010	5582.95666443169
1011	5572.300843561409
1012	5564.108983840502
1013	5542.211973528155
1014	5542.1335438008
1015	5538.008494008256
1016	5537.95633063132
1017	5537.389621900406
1018	5533.298953511462
1019	5530.057639535562
1020	5526.803885277716
1021	5524.087670507524
1022	5523.468934816707
1023	5502.112096596804
1024	5500.533543929798
1025	5490.880945346895
1026	5487.341078858988
1027	5480.987465455703
1028	5461.229704480591
1029	5458.388790135829
1030	5455.581587235585
1031	5446.837923465841
1032	5446.430126011599
1033	5445.992855080247
1034	5428.101017049795
1035	5427.193715299736
1036	5425.901306623944
1037	5425.141077294952
1038	5422.33662047125
1039	5421.16051987924
1040	5418.835608278338
1041	5415.208547460867
1042	5393.052663839547
1043	5385.973785270021
1044	5385.973785270021
1045	5385.412344368254
1046	5384.845086371682
1047	5383.21395358574
1048	5382.023027153251
1049	5379.261928040936
1050	5374.88590189789
1051	5374.765287221468
1052	5371.682146825119
1053	5359.868219866646
1054	5357.4832892571585
1055	5357.459242731774
1056	5348.837158826749
1057	5348.071506724764
1058	5326.611609330878
1059	5324.4591700825285
1060	5323.879524197351
1061	5322.038457549339
1062	5299.391167781166
1063	5294.95168502352
1064	5281.2964561515855
1065	5279.057586792108
1066	5278.865138494821
1067	5270.85139933275
1068	5270.766238682258
1069	5269.228470795815
1070	5268.930921547132
1071	5268.480646989529
1072	5251.154397937991
1073	5243.694655740022
1074	5243.649036029127
1075	5240.17663748042
1076	5239.812168172788
1077	5223.785941086921
1078	5201.865395365789
1079	5201.517979676368
1080	5201.516347079741
1081	5201.325529293301
1082	5201.089279076448
1083	5200.12337512114
1084	5194.969876217303
1085	5194.961883332177
1086	5194.204291557863
1087	5182.741972721161
1088	5179.519231669618
1089	5179.041298082176
1090	5175.814554100624
1091	5171.897389658698
1092	5162.943207895476
1093	5156.810687662403
1094	5155.482971613897
1095	5154.872306746213
1096	5154.293739248343
1097	5148.082245922398
1098	5135.304821387969
1099	5131.049560553914
1100	5128.19230878253
1101	5117.357414573097
1102	5108.995004417114
1103	5101.586939633984
1104	5101.577074584659
1105	5091.202412258178
1106	5087.857129598185
1107	5087.798648578202
1108	5073.767987679106
1109	5061.638080441549
1110	5047.600828061101
1111	5044.1930696249365
1112	5042.922287159516
1113	5042.871439851744
1114	5042.628692424578
1115	5038.020566195326
1116	5034.644127242022
1117	5034.457610750327
1118	5033.6741099996
1119	5009.6642881727075
1120	5007.683993020632
1121	5007.683227170524
1122	5006.955648278153
1123	5005.919118389615
1124	5003.945712347344
1125	4998.692574786083
1126	4998.294380401368
1127	4992.063828109364
1128	4992.0238089540535
1129	4991.279592370313
1130	4975.9905515577475
1131	4974.701297530686
1132	4959.816385558512
1133	4958.2198319874005
1134	4954.296100452233
1135	4954.0314181177655
1136	4936.9337746600995
1137	4911.6789020131055
1138	4900.551748724478
1139	4899.589200044574
1140	4899.293576844973
1141	4889.384262491125
1142	4868.091796654394
1143	4852.2561480397935
1144	4848.117043841456
1145	4847.101425645024
1146	4827.05141019098
1147	4827.0287434707825
1148	4800.449803171336
1149	4799.119752162053
1150	4797.937402208102
1151	4797.144673813662
1152	4795.950188147529
1153	4794.317139505879
1154	4790.759390186934
1155	4776.220022210158
1156	4776.161579519664
1157	4765.300005635493
1158	4763.626409156489
1159	4763.370268895631
1160	4762.5015166300855
1161	4762.016292803546
1162	4762.0113731210995
1163	4761.717148580066
1164	4761.510145683694
1165	4731.49836163848
1166	4724.192652835626
1167	4723.741801916636
1168	4721.796470064272
1169	4721.483639566095
1170	4720.674757980135
1171	4718.919374406081
1172	4708.5658574372965
1173	4708.321628679859
1174	4708.282299865934
1175	4699.374734031984
1176	4692.714104636841
1177	4690.187390498842
1178	4684.843646990155
1179	4684.767111443877
1180	4677.658087120264
1181	4668.863258909185
1182	4668.431732248751
1183	4663.688620301933
1184	4663.633818666389
1185	4663.546542387974
1186	4660.988231232328
1187	4652.363453969423
1188	4641.700658136792
1189	4632.007928337246
1190	4627.376830802958
1191	4627.361443368192
1192	4620.006314082474
1193	4619.9859912877
1194	4619.976445636668
1195	4619.901358236114
1196	4605.494205780268
1197	4578.329312931587
1198	4578.309248889315
1199	4577.823445527986
1200	4574.28929023152
1201	4572.650113819471
1202	4569.381392671767
1203	4569.380025274387
1204	4563.357492024281
1205	4563.315266502169
1206	4557.654140039898
1207	4554.300270185804
1208	4546.653293916021
1209	4546.6112683644715
1210	4544.101692978466
1211	4533.003024889129
1212	4533.002721727659
1213	4532.996981322856
1214	4516.87855095212
1215	4516.865694262898
1216	4516.855767172098
1217	4501.044591676384
1218	4485.071950312037
1219	4485.055779702628
1220	4485.055478774215
1221	4485.052148720754
1222	4485.048108267505
1223	4480.610737810298
1224	4480.609652681583
1225	4479.260083866434
1226	4479.2568932533895
1227	4479.256764989711
1228	4471.152323057858
1229	4471.14982730432
1230	4469.284499792045
1231	4461.043203996572
1232	4459.559396062226
1233	4459.557033069647
1234	4444.609645271518
1235	4439.075265012444
1236	4437.366626666873
1237	4437.361726441138
1238	4436.48440746815
1239	4434.82968848784
1240	4433.880045787676
1241	4427.447639577979
1242	4423.303174036305
1243	4423.302213243587
1244	4423.302157217166
1245	4423.301247488699
1246	4420.964123487473
1247	4420.963594776446
1248	4420.963500801051
1249	4416.451033244867
1250	4395.316400822778
1251	4393.207375806005
1252	4391.901683462823
1253	4391.901547285699
1254	4391.90060509421
1255	4389.706079462865
1256	4379.86907009117
1257	4372.617226725267
1258	4359.957245163419
1259	4359.957121418799
1260	4359.790621310211
1261	4359.790589640472
1262	4358.92733488788
1263	4350.121195876975
1264	4346.8318367439815
1265	4343.198474367355
1266	4335.625278555639
1267	4324.648114263278
1268	4323.8958443225565
1269	4315.256017088158
1270	4315.255714908352
1271	4313.134630398955
1272	4299.300318878636
1273	4293.6714523707715
1274	4290.235935019119
1275	4288.57501643234
1276	4288.57489127423
1277	4287.188914996659
1278	4286.538488989511
1279	4261.399856361346
1280	4261.136821405185
1281	4253.2878434314935
1282	4251.39594461709
1283	4248.133366684227
1284	4246.4603933098015
1285	4244.413844008771
1286	4243.478845527172
1287	4239.180760406071
1288	4238.365211659715
1289	4227.051648017117
1290	4220.937645961558
1291	4211.6283479996855
1292	4211.095390686345
1293	4210.431164876761
1294	4209.71777164888
1295	4204.462005661178
1296	4203.667277513111
1297	4200.878097177727
1298	4199.566993704569
1299	4198.656235930937
1300	4164.205355872512
1301	4156.213071210761
1302	4144.309721647383
1303	4142.768079010292
1304	4141.243779476381
1305	4139.231461391218
1306	4129.941573809759
1307	4119.926323225352
1308	4118.278671575628
1309	4118.139863834099
1310	4111.6478400964215
1311	4110.9010506554705
1312	4110.562585269715
1313	4109.853198901566
1314	4108.614522255267
1315	4103.095399753121
1316	4086.9331138418943
1317	4085.388078545918
1318	4081.370317850627
1319	4080.6334426128988
1320	4074.714539847728
1321	4074.513225930244
1322	4056.822318052
1323	4047.5755952312857
1324	4043.9340219459114
1325	4041.911081821962
1326	4034.8605042816607
1327	4034.662337788346
1328	4033.1645725642675
1329	4031.7531783568993
1330	4028.428320931456
1331	4019.5329344152733
1332	4015.1943997012568
1333	4004.4592906022135
1334	4003.05379620747
1335	4001.4900204756227
1336	3992.2343458142664
1337	3989.388734623129
1338	3984.5388369102893
1339	3979.6003835953597
1340	3975.8375226628364
1341	3969.557787985938
1342	3969.2982083945158
1343	3957.5352467721477
1344	3956.602675866806
1345	3956.570667915201
1346	3950.4069709783366
1347	3949.057655311856
1348	3942.0635772695127
1349	3936.740005998899
1350	3921.3502703017075
1351	3911.9853276815065
1352	3911.2963077692243
1353	3905.841375179704
1354	3903.2851979246157
1355	3892.264050902252
1356	3888.9509164976903
1357	3888.72837831099
1358	3886.840167089399
1359	3876.246673105381
1360	3875.8689524072984
1361	3875.503603339209
1362	3874.399808851644
1363	3874.010785152816
1364	3873.500351962536
1365	3859.4028853257137
1366	3843.6775487050063
1367	3839.001353814855
1368	3837.910959185804
1369	3837.824120710844
1370	3834.3014795857716
1371	3834.233565744166
1372	3829.842076915977
1373	3829.6143621639912
1374	3829.1034883042826
1375	3828.835103253142
1376	3828.273443658296
1377	3819.1485886952273
1378	3812.6496396400516
1379	3810.4345423493146
1380	3808.122954364194
1381	3793.652966250296
1382	3786.1735687937803
1383	3778.8434661746446
1384	3778.6535109083866
1385	3778.279960648616
1386	3775.356214564484
1387	3774.9891415605393
1388	3774.8573689210666
1389	3766.826505358624
1390	3765.2627339687224
1391	3759.246500126074
1392	3752.342001182565
1393	3752.304942692661
1394	3749.7393537266225
1395	3740.529161540273
1396	3738.249206614681
1397	3737.7689599743044
1398	3728.2017020744815
1399	3690.387408893092
1400	3689.1776302491294
1401	3684.309917117265
1402	3682.261401605399
1403	3673.7176183378083
1404	3667.2860991731823
1405	3664.205017494099
1406	3658.939670894188
1407	3635.154262529835
1408	3619.9496118708153
1409	3619.296600914567
1410	3619.1554447461976
1411	3615.6572086209194
1412	3615.0693223870617
1413	3608.5229649270564
1414	3604.3766386921925
1415	3599.9498505861643
1416	3599.615625347841
1417	3595.850498419587
1418	3595.3198888394195
1419	3589.316856449808
1420	3587.0755129776057
1421	3578.025072718335
1422	3577.552265503826
1423	3569.600026186538
1424	3562.1681359309578
1425	3555.326229233995
1426	3553.132226730332
1427	3531.0174824039236
1428	3530.6309294634107
1429	3527.331121007261
1430	3523.1661012096492
1431	3518.480830134329
1432	3517.765866262006
1433	3512.0049159286277
1434	3505.9995412874214
1435	3505.3476327599033
1436	3501.8209529161377
1437	3501.0006205854734
1438	3499.8368638621987
1439	3475.2171285332056
1440	3466.9653489529524
1441	3463.5678689191086
1442	3457.3893755451195
1443	3453.522833913066
1444	3452.8507068439253
1445	3451.215555972999
1446	3448.240689271111
1447	3447.220522217177
1448	3444.348493640411
1449	3443.5653203251413
1450	3438.683495073524
1451	3437.428270270823
1452	3436.885795796176
1453	3425.788554050129
1454	3425.170735769599
1455	3417.527261140817
1456	3416.9494442089713
1457	3409.783576536778
1458	3407.0453905061026
1459	3406.921429876766
1460	3406.4564645949836
1461	3403.5068347366573
1462	3402.7955029740547
1463	3377.2175739329455
1464	3373.952918043068
1465	3367.245958890546
1466	3359.4366957096618
1467	3359.0171436514083
1468	3358.2221160827544
1469	3358.005628630107
1470	3355.3816018503585
1471	3355.3763617757327
1472	3341.5765155918207
1473	3341.4795164838993
1474	3340.2888779061277
1475	3340.16226060068
1476	3335.8159176358777
1477	3335.4283813710813
1478	3334.289635162256
1479	3334.1875265643707
1480	3333.929189268524
1481	3333.611615789724
1482	3333.591162535638
1483	3325.6561039608087
1484	3324.9661050754517
1485	3323.3313923768196
1486	3291.080310547067
1487	3289.1314467451302
1488	3288.9921310976333
1489	3288.8314346495704
1490	3288.798815264585
1491	3285.517034120791
1492	3285.2859393451936
1493	3284.3534803328716
1494	3284.2574057300644
1495	3284.070756371299
1496	3278.907222994713
1497	3278.7530274590695
1498	3276.516935306804
1499	3276.156940918398
1500	3275.4371426133703
1501	3272.0700142316105
1502	3271.971159014827
1503	3271.8833737171058
1504	3270.202653761783
1505	3270.0558740531787
1506	3269.9977086772938
1507	3269.975567287984
1508	3269.72208951774
1509	3269.3667724414913
1510	3255.6555530464734
1511	3255.6170873215433
1512	3255.4265364509706
1513	3255.254851885545
1514	3255.2168802156784
1515	3255.2114107619996
1516	3253.930614665117
1517	3253.733842198542
1518	3253.7232415437156
1519	3246.206322741558
1520	3246.1608179147765
1521	3246.1514546858175
1522	3246.009049393641
1523	3245.982018365648
1524	3245.575786594072
1525	3245.425075961657
1526	3245.3480435963274
1527	3242.8910674672993
1528	3242.2595626077805
1529	3239.6846571035235
1530	3229.7566489486608
1531	3227.710659025724
1532	3227.410455809107
1533	3222.318234311491
1534	3219.9193870146123
1535	3216.911096361716
1536	3214.660272924325
1537	3212.509118257284
1538	3211.7144313827816
1539	3211.644797902134
1540	3207.512845883715
1541	3198.6323388266783
1542	3196.6136826240113
1543	3191.379158614284
1544	3190.624285406087
1545	3188.802139988389
1546	3187.599970671177
1547	3187.577640558047
1548	3187.1639002917464
1549	3173.889278035553
1550	3170.227917214351
1551	3169.3911767265167
1552	3169.377285561514
1553	3161.1782058543263
1554	3151.949793433395
1555	3140.978548247256
1556	3131.9187835559537
1557	3131.7271043385836
1558	3130.335490329415
1559	3130.3345149719494
1560	3130.333493167365
1561	3130.2823946357457
1562	3130.2799569277477
1563	3130.2796269995565
1564	3127.547090107861
1565	3127.4612133977225
1566	3121.3523723272456
1567	3121.0975182741863
1568	3120.860677117747
1569	3118.688602993607
1570	3117.996511186567
1571	3117.9147477490706
1572	3117.910610107101
1573	3117.906152336068
1574	3117.901872301592
1575	3117.901718536227
1576	3117.6609227358713
1577	3114.666509677709
1578	3109.1981648701885
1579	3107.5090762914324
1580	3106.2631905705316
1581	3104.290943707071
1582	3103.566641138035
1583	3097.468376215655
1584	3092.9861240230607
1585	3092.8882585852243
1586	3092.2475691954105
1587	3092.031529005518
1588	3091.1129959458835
1589	3089.7382903989974
1590	3087.3104789510367
1591	3073.0064370126415
1592	3064.955692860909
1593	3063.403450788323
1594	3063.0420444275387
1595	3063.00079580633
1596	3062.05133607384
1597	3061.000458160283
1598	3060.18227420639
1599	3059.129890824767
1600	3053.132909921998
1601	3050.9226491750405
1602	3045.35731492989
1603	3043.698344055576
1604	3042.7629308734336
1605	3037.1476057173813
1606	3036.6640732909786
1607	3034.7350941632167
1608	3029.0255844636063
1609	3020.0739241148462
1610	3019.1441743833143
1611	3017.2875936375563
1612	3008.3842014664724
1613	2999.1211812248575
1614	2995.802652788063
1615	2994.7615742617595
1616	2994.621881632897
1617	2994.612489748901
1618	2994.5670395156
1619	2994.411847557159
1620	2994.0955113871464
1621	2990.384942447167
1622	2990.2832243117673
1623	2983.9855931360503
1624	2983.9855906599346
1625	2983.9282587916077
1626	2983.386488646365
1627	2976.0864188456267
1628	2967.8084105302582
1629	2966.6704283612944
1630	2966.670127061004
1631	2966.593115720046
1632	2966.409956345364
1633	2966.3946228987793
1634	2966.3932187545274
1635	2962.552072782121
1636	2962.5140554935556
1637	2959.0147147952653
1638	2958.3559053689587
1639	2958.3271193045357
1640	2958.1202290463475
1641	2956.414098426848
1642	2950.2179245756697
1643	2942.4595559357444
1644	2941.274335769036
1645	2939.064677986721
1646	2936.1430323062564
1647	2934.3236903310544
1648	2933.3670866910443
1649	2929.581365421584
1650	2929.5735540341384
1651	2925.8144647591193
1652	2925.797463846233
1653	2925.6869201364084
1654	2923.0861485387636
1655	2922.8397290804996
1656	2922.7944417827607
1657	2922.2546790031724
1658	2922.188230465171
1659	2921.2112541423894
1660	2917.0915147509995
1661	2916.664613295135
1662	2911.051934720045
1663	2908.9954900707435
1664	2908.073368002502
1665	2907.785823993565
1666	2907.770002660577
1667	2907.694391122051
1668	2907.682528760464
1669	2905.8055245331802
1670	2900.4778885414635
1671	2900.155484167963
1672	2896.323621579614
1673	2894.89144352802
1674	2894.1348474822935
1675	2893.19515635376
1676	2892.829098699019
1677	2890.673934668006
1678	2888.8496487559087
1679	2888.775787621598
1680	2876.6296634599303
1681	2875.1760324279317
1682	2875.170093621728
1683	2868.7644928402065
1684	2868.0717179999774
1685	2861.025088401633
1686	2858.5547854244505
1687	2858.333191193267
1688	2854.7655936075025
1689	2854.3925101323284
1690	2851.5412379502723
1691	2850.637669831771
1692	2847.902705967217
1693	2842.0326988957054
1694	2841.8688031699926
1695	2841.594859018938
1696	2841.5901982172004
1697	2841.571673440189
1698	2838.26557700745
1699	2838.2047496045648
1700	2837.680246989142
1701	2834.9284383838562
1702	2831.4052308684213
1703	2828.4353597591166
1704	2825.486908058455
1705	2825.231993899739
1706	2823.6611012499957
1707	2817.5173051364395
1708	2813.431996598417
1709	2813.050628979478
1710	2808.894702962624
1711	2808.390229440522
1712	2802.412151082563
1713	2796.784111457845
1714	2796.626370262442
1715	2796.5737947414523
1716	2796.566458316406
1717	2791.945237863922
1718	2791.7943797761404
1719	2791.6943200840997
1720	2785.3084798163195
1721	2772.3556441634023
1722	2771.7874019619035
1723	2771.2655431120224
1724	2771.265539100187
1725	2770.152835619066
1726	2767.8569224508965
1727	2767.236410904473
1728	2767.1951277672633
1729	2767.1520041094423
1730	2766.8598032446594
1731	2766.2210304463174
1732	2764.2243547287635
1733	2764.122684431889
1734	2761.525800579179
1735	2759.585871038633
1736	2759.442001624602
1737	2759.1920404106268
1738	2759.0601472854864
1739	2758.9405337554404
1740	2758.9404416619154
1741	2757.5917237888634
1742	2757.3308173865166
1743	2752.4950241086917
1744	2751.7253050011245
1745	2750.1895223015463
1746	2750.1190581548867
1747	2748.0796584810005
1748	2746.6749337552824
1749	2745.49242156665
1750	2743.2288936967684
1751	2743.158663582782
1752	2743.14481211112
1753	2742.4757087384965
1754	2737.5369236443603
1755	2736.8105313888955
1756	2736.3679046527404
1757	2736.268562317095
1758	2735.851562027015
1759	2723.1375716741427
1760	2722.885002192643
1761	2722.57256445827
1762	2721.6248532533473
1763	2721.6248472968746
1764	2721.5792481580233
1765	2720.614858500134
1766	2720.6132140061914
1767	2712.696935158791
1768	2712.301478430861
1769	2710.4205429436315
1770	2710.187665782325
1771	2710.183319232405
1772	2710.1728828798077
1773	2709.9347055522235
1774	2709.846739676001
1775	2709.7765624032895
1776	2707.534523234717
1777	2707.1579400576493
1778	2707.1576446408785
1779	2707.155545118029
1780	2707.1470487532442
1781	2707.0327203686243
1782	2706.9791092346927
1783	2706.9721916599224
1784	2699.9916634533106
1785	2699.991660296633
1786	2699.839838020235
1787	2699.8314260647585
1788	2699.813282514193
1789	2698.9624450760025
1790	2697.3103619968006
1791	2695.080552434365
1792	2694.4298389097653
1793	2694.3663342766304
1794	2694.364659133763
1795	2693.4231541776403
1796	2693.4184426837032
1797	2693.4139501067675
1798	2692.1657060527514
1799	2686.7143825077587
1800	2683.9726848537366
1801	2683.9429965292734
1802	2679.9620872150863
1803	2679.956032989799
1804	2673.1058542247906
1805	2673.0997116944886
1806	2667.859655686892
1807	2667.323240099328
1808	2655.510368618831
1809	2655.4845257578145
1810	2648.9190201519264
1811	2648.910332268996
1812	2648.905878099789
1813	2640.7697512071654
1814	2640.757884413434
1815	2640.7543423325315
1816	2640.7267093961123
1817	2640.726697410594
1818	2639.7588797738294
1819	2634.9862327282676
1820	2634.9840063478964
1821	2627.5611747232024
1822	2624.9823768688034
1823	2624.9642438084984
1824	2623.4443788592603
1825	2623.4335113043658
1826	2623.433497486584
1827	2621.4793995879277
1828	2619.436106430587
1829	2618.6895997613765
1830	2616.506000727534
1831	2616.5048089264624
1832	2616.50263708456
1833	2616.27822821189
1834	2616.272984736619
1835	2615.474989578075
1836	2615.0269816258824
1837	2613.412448183786
1838	2613.1180134608308
1839	2611.5807301254445
1840	2611.3795056328936
1841	2609.016967053543
1842	2607.9644921357944
1843	2607.059275633209
1844	2606.5672268646754
1845	2605.813371226894
1846	2605.8123792277197
1847	2605.8122291981845
1848	2604.7640528338493
1849	2604.4367097955446
1850	2603.806376166422
1851	2592.328396453331
1852	2586.986918829879
1853	2586.7876013724303
1854	2586.3567961411154
1855	2584.169252091234
1856	2584.016976078493
1857	2583.8601668460137
1858	2583.8600894883207
1859	2583.01183220905
1860	2582.530268710579
1861	2582.3696031862437
1862	2582.1533722449844
1863	2582.1533665107445
1864	2581.9983978638834
1865	2579.126292191679
1866	2578.7516967659353
1867	2578.500669600723
1868	2578.3433405295523
1869	2578.2263948974055
1870	2578.009008018005
1871	2577.8859108780493
1872	2577.3935849853597
1873	2577.3355702659924
1874	2577.3355702189633
1875	2577.0216022154764
1876	2577.021600314345
1877	2576.9989900465494
1878	2576.917335793927
1879	2575.4879381913447
1880	2575.3512759376736
1881	2575.2561623234174
1882	2575.226307256222
1883	2571.278540123348
1884	2571.2071072491253
1885	2571.13656834424
1886	2571.1229755030404
1887	2565.2497041759
1888	2563.699805836164
1889	2563.6793171685695
1890	2562.6725138855186
1891	2562.6101154161383
1892	2562.5942359947876
1893	2562.5476699580427
1894	2559.192650493897
1895	2556.567168131326
1896	2556.5142863952565
1897	2556.50449953449
1898	2556.5044928476937
1899	2556.4829882067856
1900	2556.4587487397894
1901	2555.0411180564392
1902	2554.516018953128
1903	2554.5160126174433
1904	2554.510502287514
1905	2550.8167934359008
1906	2550.8126659929103
1907	2550.8076934791957
1908	2550.8020146571985
1909	2549.9921439063455
1910	2548.012875523749
1911	2547.9861621340465
1912	2547.9726573208677
1913	2546.857204199876
1914	2546.8520076447953
1915	2546.8518392958445
1916	2545.9601174242707
1917	2545.959736398988
1918	2545.950365982373
1919	2545.950251474265
1920	2545.8267389711127
1921	2545.5176065974647
1922	2545.206328067837
1923	2544.9090715778157
1924	2544.432836882222
1925	2544.36685123492
1926	2544.3615888059367
1927	2544.3604868619104
1928	2544.217881311256
1929	2544.0225635371753
1930	2544.016971208527
1931	2543.9614773010635
1932	2543.927056837849
1933	2543.926675625576
1934	2543.866317606261
1935	2543.8651183138436
1936	2543.693433780069
1937	2543.6574177213665
1938	2543.656825116005
1939	2543.3095566989027
1940	2543.3083213961268
1941	2543.1722784852
1942	2543.1476054340105
1943	2543.1471213520617
1944	2543.1471201256213
1945	2543.038723594465
1946	2543.0387234322247
1947	2543.036412232902
1948	2543.034068229471
1949	2543.0329675661133
1950	2543.031030854143
1951	2543.031030800194
1952	2543.0310302463886
1953	2543.030756573881
1954	2543.0306744920777
1955	2542.9709103127398
1956	2542.8676506481816
1957	2542.8671156127457
1958	2542.866720920035
1959	2542.8615473913046
1960	2542.759471356982
1961	2542.759321309933
1962	2542.759182546334
1963	2542.7591817213133
1964	2542.7465568545176
1965	2542.708362449318
1966	2542.70116322804
1967	2542.6851844581365
1968	2542.674709617703
1969	2542.674341269864
1970	2542.658336620815
1971	2542.6580584664657
1972	2542.6468905709776
1973	2542.6467309038385
1974	2542.6467309038385
1975	2542.6467308965593
1976	2542.643082294271
1977	2542.638232600123
1978	2542.629443301319
1979	2542.6263740474624
1980	2542.6249809961428
1981	2542.620421168138
1982	2542.6203725224186
1983	2542.6192115884533
1984	2542.6186118857077
1985	2542.611447042674
1986	2542.6044592717235
1987	2542.6044592706025
1988	2542.604442209497
1989	2542.6010636046863
1990	2542.601063505956
1991	2542.597706032509
1992	2542.596900399542
1993	2542.5968779757823
1994	2542.5880401174422
1995	2542.588015837239
1996	2542.5876272236305
1997	2542.58761253289
1998	2542.584181423833
1999	2542.5840609284965
2000	2542.5840609212178
2001	2542.584030276074
2002	2542.583019021775
2003	2542.5818854058457
2004	2542.58162042409
2005	2542.5816197555896
2006	2542.580663877864
2007	2542.5801170048367
2008	2542.5794857740248
2009	2542.579457457384
2010	2542.577046278889
2011	2542.5769940693613
2012	2542.5763299661317
2013	2542.5758395162215
2014	2542.575827379032
2015	2542.5747073687685
2016	2542.5746978169327
2017	2542.5746961273767
2018	2542.574686081743
2019	2542.574453447973
2020	2542.573549373633
2021	2542.573549366544
2022	2542.573038701191
2023	2542.5730085011883
2024	2542.5729827690247
2025	2542.5729771394954
2026	2542.572507128519
2027	2542.572507128475
2028	2542.572235008734
2029	2542.5722161040194
2030	2542.571957864611
2031	2542.5715254293555
2032	2542.571522033239
2033	2542.571521990659
2034	2542.571509870479
2035	2542.5714779602554
2036	2542.5714758467498
2037	2542.571475773729
2038	2542.571469654675
2039	2542.5713003016217
2040	2542.571298847936
2041	2542.5712862809573
2042	2542.571285321136
2043	2542.5712505917263
2044	2542.5711059095324
2045	2542.5710796357207
2046	2542.5710645033496
2047	2542.571062979342
2048	2542.57102436045
2049	2542.571021846817
2050	2542.5709029634877
2051	2542.5709029631153
2052	2542.570900159718
2053	2542.5708999717804
2054	2542.5708747157573
2055	2542.5708485330088
2056	2542.570828765148
2057	2542.5708286740646
2058	2542.5708027601945
2059	2542.5708027596706
2060	2542.5708013139615
2061	2542.5707807721406
2062	2542.5707804525096
2063	2542.5707411543776
2064	2542.5707401318555
2065	2542.570715863184
2066	2542.5707140227464
2067	2542.570714022528
2068	2542.5707124768032
2069	2542.5706928860295
2070	2542.5706714951566
2071	2542.5706641902443
2072	2542.5706641851093
2073	2542.570661453237
2074	2542.570650340716
2075	2542.570650132092
2076	2542.570649827831
2077	2542.5706378154996
2078	2542.5706357802483
2079	2542.570630420248
2080	2542.5706301823943
2081	2542.5706174124375
2082	2542.57061644574
2083	2542.5706154301033
2084	2542.5706150485657
2085	2542.5706077682835
2086	2542.5706065877757
2087	2542.5706064978303
2088	2542.5705912351677
2089	2542.570591074303
2090	2542.5705901314
2091	2542.5705809262777
2092	2542.570580761546
2093	2542.570580569036
2094	2542.57058045852
2095	2542.57057312694
2096	2542.5705731153244
2097	2542.5705702447585
2098	2542.5705701083216
2099	2542.570568718366
2100	2542.570568577474
2101	2542.5705680928227
2102	2542.5705647622453
2103	2542.570564762152
2104	2542.5705639308276
2105	2542.570563805942
2106	2542.5705604851
2107	2542.5705591963424
2108	2542.5705580823314
2109	2542.570557996155
2110	2542.570557263082
2111	2542.570555142687
2112	2542.5705551240744
2113	2542.5705550795124
2114	2542.5705550436855
2115	2542.5705550392368
2116	2542.5705540474346
2117	2542.5705540474305
2118	2542.570553733247
2119	2542.570553674393
2120	2542.570553226319
2121	2542.570553069766
2122	2542.5705529148113
2123	2542.570552879166
2124	2542.570551659516
2125	2542.570551605293
2126	2542.5705515910954
2127	2542.5705515350364
2128	2542.5705500178965
2129	2542.570550013654
2130	2542.5705500047775
2131	2542.5705499834376
2132	2542.5705499786886
2133	2542.570549446079
2134	2542.570549366705
2135	2542.5705489292523
2136	2542.5705489247857
2137	2542.5705486528386
2138	2542.5705486528386
2139	2542.570548495197
2140	2542.5705484916907
2141	2542.570548348266
2142	2542.570548174874
2143	2542.5705481748682
2144	2542.5705481731534
2145	2542.5705478462287
2146	2542.5705475992536
2147	2542.5705475974996
2148	2542.570547593266
2149	2542.570547593103
2150	2542.570547562871
2151	2542.5705475598065
2152	2542.5705474790425
2153	2542.5705473359008
2154	2542.570547189921
2155	2542.5705471840324
2156	2542.5705471804235
2157	2542.5705471804235
2158	2542.570547092893
2159	2542.5705470648986
2160	2542.570547064337
2161	2542.5705470158005
2162	2542.5705470158005
2163	2542.5705469508416
2164	2542.5705469469904
2165	2542.5705469461727
2166	2542.5705469461727
2167	2542.570546933357
2168	2542.570546933357
2169	2542.5705468794217
2170	2542.570546839076
2171	2542.5705468374017
2172	2542.570546837171
2173	2542.5705468344254
2174	2542.570546833957
2175	2542.5705467993885
2176	2542.570546799042
2177	2542.57054678496
2178	2542.570546784852
2179	2542.570546783187
2180	2542.5705467692783
2181	2542.570546764102
2182	2542.570546725154
2183	2542.570546724993
2184	2542.570546724993
2185	2542.5705467247576
2186	2542.570546724675
2187	2542.5705467212465
2188	2542.5705467208945
2189	2542.5705467205935
2190	2542.570546720376
2191	2542.5705467176203
2192	2542.570546710644
2193	2542.570546702722
2194	2542.570546698853
2195	2542.5705466974277
2196	2542.5705466974277
2197	2542.5705466974277
2198	2542.570546690886
2199	2542.570546686183
2200	2542.57054668282
2201	2542.570546682756
2202	2542.570546682756
2203	2542.5705466801683
2204	2542.5705466783224
2205	2542.5705466779586
2206	2542.570546677811
2207	2542.570546677807
2208	2542.570546673752
2209	2542.5705466689606
2210	2542.570546668948
2211	2542.570546668939
2212	2542.5705466689196
2213	2542.5705466680943
2214	2542.5705466680474
2215	2542.570546667431
2216	2542.5705466655477
2217	2542.570546665457
2218	2542.5705466645404
2219	2542.5705466640334
2220	2542.5705466640334
2221	2542.5705466622367
2222	2542.5705466622367
2223	2542.570546661863
2224	2542.570546661375
2225	2542.5705466606933
2226	2542.570546659696
2227	2542.570546659687
2228	2542.570546659626
2229	2542.570546659625
2230	2542.5705466596123
2231	2542.5705466596105
2232	2542.570546659586
2233	2542.570546659501
2234	2542.5705466594222
2235	2542.5705466593745
2236	2542.5705466585773
2237	2542.5705466585773
2238	2542.570546658543
2239	2542.5705466584736
2240	2542.570546658448
2241	2542.570546658431
2242	2542.570546657739
2243	2542.5705466576596
2244	2542.5705466573304
2245	2542.570546656932
2246	2542.570546656927
2247	2542.570546656927
2248	2542.570546656927
2249	2542.5705466569193
2250	2542.5705466569193
2251	2542.570546656844
2252	2542.5705466564314
2253	2542.5705466564305
2254	2542.5705466564305
2255	2542.5705466564245
2256	2542.5705466563895
2257	2542.5705466562536
2258	2542.570546656251
2259	2542.57054665606
2260	2542.570546656055
2261	2542.570546656047
2262	2542.570546656029
2263	2542.570546656029
2264	2542.570546656016
2265	2542.570546655924
2266	2542.5705466558766
2267	2542.570546655875
2268	2542.570546655875
2269	2542.5705466558743
2270	2542.570546655826
2271	2542.5705466558143
2272	2542.5705466558056
2273	2542.5705466557947
2274	2542.570546655793
2275	2542.570546655793
2276	2542.5705466557724
2277	2542.5705466557715
2278	2542.570546655758
2279	2542.570546655719
2280	2542.570546655663
2281	2542.570546655663
2282	2542.570546655662
2283	2542.570546655659
2284	2542.5705466556337
2285	2542.5705466556133
2286	2542.5705466556133
2287	2542.5705466556124
2288	2542.5705466556087
2289	2542.570546655603
2290	2542.5705466555787
2291	2542.570546655578
2292	2542.570546655572
2293	2542.570546655571
2294	2542.570546655555
2295	2542.5705466555496
2296	2542.5705466555487
2297	2542.5705466555487
2298	2542.5705466555487
2299	2542.5705466555473
2300	2542.5705466555464
2301	2542.5705466555464
2302	2542.5705466555464
2303	2542.5705466555396
2304	2542.570546655525
2305	2542.570546655525
2306	2542.570546655525
2307	2542.5705466555196
2308	2542.5705466555182
2309	2542.5705466555164
2310	2542.5705466555155
2311	2542.5705466555114
2312	2542.5705466555114
2313	2542.5705466555114
2314	2542.5705466555037
2315	2542.570546655501
2316	2542.570546655501
2317	2542.570546655501
2318	2542.570546655498
2319	2542.570546655498
2320	2542.570546655498
2321	2542.570546655498
2322	2542.570546655498
2323	2542.570546655498
2324	2542.570546655498
2325	2542.570546655495
2326	2542.5705466554914
2327	2542.5705466554905
2328	2542.5705466554905
2329	2542.5705466554905
2330	2542.570546655488
2331	2542.570546655488
2332	2542.570546655488
2333	2542.5705466554855
2334	2542.5705466554846
2335	2542.5705466554846
2336	2542.5705466554823
2337	2542.5705466554823
2338	2542.5705466554823
2339	2542.5705466554823
2340	2542.5705466554823
2341	2542.5705466554814
2342	2542.5705466554814
2343	2542.5705466554814
2344	2542.5705466554814
2345	2542.5705466554805
2346	2542.5705466554805
2347	2542.5705466554796
2348	2542.5705466554796
2349	2542.5705466554796
2350	2542.5705466554796
2351	2542.5705466554787
2352	2542.5705466554787
2353	2542.5705466554787
2354	2542.5705466554787
2355	2542.5705466554787
2356	2542.5705466554787
2357	2542.5705466554778
2358	2542.5705466554778
2359	2542.5705466554778
2360	2542.5705466554778
2361	2542.5705466554778
2362	2542.5705466554778
2363	2542.5705466554778
2364	2542.5705466554778
2365	2542.5705466554778
2366	2542.5705466554778
2367	2542.5705466554778
2368	2542.5705466554778
2369	2542.5705466554778
2370	2542.5705466554778
2371	2542.5705466554778
2372	2542.570546655477
2373	2542.570546655477
2374	2542.570546655477
2375	2542.570546655477
2376	2542.570546655477
2377	2542.570546655477
2378	2542.570546655477
2379	2542.570546655477
2380	2542.570546655477
2381	2542.570546655477
2382	2542.570546655477
2383	2542.570546655477
2384	2542.570546655477
2385	2542.570546655477
2386	2542.570546655477
2387	2542.570546655477
2388	2542.570546655477
2389	2542.570546655477
2390	2542.570546655477
2391	2542.570546655477
2392	2542.570546655477
2393	2542.570546655477
2394	2542.570546655477
2395	2542.570546655477
2396	2542.570546655477
2397	2542.570546655477
2398	2542.570546655477
2399	2542.570546655477
2400	2542.570546655477
2401	2542.570546655477
2402	2542.570546655477
2403	2542.570546655477
2404	2542.570546655477
2405	2542.570546655477
2406	2542.570546655477
2407	2542.570546655477
2408	2542.570546655477
2409	2542.570546655477
2410	2542.570546655477
2411	2542.570546655477
2412	2542.570546655477
2413	2542.570546655477
2414	2542.570546655477
2415	2542.570546655477
2416	2542.570546655477
2417	2542.570546655477
2418	2542.570546655477
2419	2542.570546655477
2420	2542.570546655477
2421	2542.570546655477
2422	2542.570546655477
2423	2542.570546655477
2424	2542.570546655477
2425	2542.570546655477
2426	2542.570546655477
2427	2542.570546655477
2428	2542.570546655477
2429	2542.570546655477
2430	2542.570546655477
2431	2542.570546655477
2432	2542.570546655477
2433	2542.570546655477
2434	2542.570546655477
2435	2542.570546655477
2436	2542.570546655477
2437	2542.570546655477
2438	2542.570546655477
2439	2542.570546655477
2440	2542.570546655477
2441	2542.570546655477
2442	2542.570546655477
2443	2542.570546655477
2444	2542.570546655477
2445	2542.570546655477
2446	2542.570546655477
2447	2542.570546655477
2448	2542.570546655477
2449	2542.570546655477
2450	2542.570546655477
2451	2542.570546655477
2452	2542.570546655477
2453	2542.570546655477
2454	2542.570546655477
2455	2542.570546655477
2456	2542.570546655477
2457	2542.570546655477
2458	2542.570546655477
2459	2542.570546655477
2460	2542.570546655477
2461	2542.570546655477
2462	2542.570546655477
2463	2542.570546655477
2464	2542.570546655477
2465	2542.570546655477
2466	2542.570546655477
2467	2542.570546655477
2468	2542.570546655477
2469	2542.570546655477
2470	2542.570546655477
2471	2542.570546655477
2472	2542.570546655477
2473	2542.570546655477
2474	2542.570546655477
2475	2542.570546655477
2476	2542.570546655477
2477	2542.570546655477
2478	2542.570546655477
2479	2542.570546655477
2480	2542.570546655477
2481	2542.570546655477
2482	2542.570546655477
2483	2542.570546655477
2484	2542.570546655477
2485	2542.570546655477
2486	2542.570546655477
2487	2542.570546655477
2488	2542.570546655477
2489	2542.570546655477
2490	2542.570546655477
2491	2542.570546655477
2492	2542.570546655477
2493	2542.570546655477
2494	2542.570546655477
2495	2542.570546655477
2496	2542.570546655477
2497	2542.570546655477
2498	2542.570546655477
2499	2542.570546655477
2500	2542.570546655477
2501	2542.570546655477
2502	2542.570546655477
2503	2542.570546655477
2504	2542.570546655477
2505	2542.570546655477
2506	2542.570546655477
2507	2542.570546655477
2508	2542.570546655477
2509	2542.570546655477
2510	2542.570546655477
2511	2542.570546655477
2512	2542.570546655477
2513	2542.570546655477
2514	2542.570546655477
2515	2542.570546655477
2516	2542.570546655477
2517	2542.570546655477
2518	2542.570546655477
2519	2542.570546655477
2520	2542.570546655477
2521	2542.570546655477
2522	2542.570546655477
2523	2542.570546655477
2524	2542.570546655477
2525	2542.570546655477
2526	2542.570546655477
2527	2542.570546655477
2528	2542.570546655477
2529	2542.570546655477
2530	2542.570546655477
2531	2542.570546655477
2532	2542.570546655477
2533	2542.570546655477
2534	2542.570546655477
2535	2542.570546655477
2536	2542.570546655477
2537	2542.570546655477
2538	2542.570546655477
2539	2542.570546655477
2540	2542.570546655477
2541	2542.570546655477
2542	2542.570546655477
2543	2542.570546655477
2544	2542.570546655477
2545	2542.570546655477
2546	2542.570546655477
2547	2542.570546655477
2548	2542.570546655477
2549	2542.570546655477
2550	2542.570546655477
2551	2542.570546655477
2552	2542.570546655477
2553	2542.570546655477
2554	2542.570546655477
2555	2542.570546655477
2556	2542.570546655477
2557	2542.570546655477
2558	2542.570546655477
2559	2542.570546655477
2560	2542.570546655477
2561	2542.570546655477
2562	2542.570546655477
2563	2542.570546655477
2564	2542.570546655477
2565	2542.570546655477
2566	2542.570546655477
2567	2542.570546655477
2568	2542.570546655477
2569	2542.570546655477
2570	2542.570546655477
2571	2542.570546655477
2572	2542.570546655477
2573	2542.570546655477
2574	2542.570546655477
2575	2542.570546655477
2576	2542.570546655477
2577	2542.570546655477
2578	2542.570546655477
2579	2542.570546655477
2580	2542.570546655477
2581	2542.570546655477
2582	2542.570546655477
2583	2542.570546655477
2584	2542.570546655477
2585	2542.570546655477
2586	2542.570546655477
2587	2542.570546655477
2588	2542.570546655477
2589	2542.570546655477
2590	2542.570546655477
2591	2542.570546655477
2592	2542.570546655477
2593	2542.570546655477
2594	2542.570546655477
2595	2542.570546655477
2596	2542.570546655477
2597	2542.570546655477
2598	2542.570546655477
2599	2542.570546655477
2600	2542.570546655477
2601	2542.570546655477
2602	2542.570546655477
2603	2542.570546655477
2604	2542.570546655477
2605	2542.570546655477
2606	2542.570546655477
2607	2542.570546655477
2608	2542.570546655477
2609	2542.570546655477
2610	2542.570546655477
2611	2542.570546655477
2612	2542.570546655477
2613	2542.570546655477
2614	2542.570546655477
2615	2542.570546655477
2616	2542.570546655477
2617	2542.570546655477
2618	2542.570546655477
2619	2542.570546655477
2620	2542.570546655477
2621	2542.570546655477
2622	2542.570546655477
2623	2542.570546655477
2624	2542.570546655477
2625	2542.570546655477
2626	2542.570546655477
2627	2542.570546655477
2628	2542.570546655477
2629	2542.570546655477
2630	2542.570546655477
2631	2542.570546655477
2632	2542.570546655477
2633	2542.570546655477
2634	2542.570546655477
2635	2542.570546655477
2636	2542.570546655477
2637	2542.570546655477
2638	2542.570546655477
2639	2542.570546655477
2640	2542.570546655477
2641	2542.570546655477
2642	2542.570546655477
2643	2542.570546655477
2644	2542.570546655477
2645	2542.570546655477
2646	2542.570546655477
2647	2542.570546655477
2648	2542.570546655477
2649	2542.570546655477
2650	2542.570546655477
2651	2542.570546655477
2652	2542.570546655477
2653	2542.570546655477
2654	2542.570546655477
2655	2542.570546655477
2656	2542.570546655477
2657	2542.570546655477
2658	2542.570546655477
2659	2542.570546655477
2660	2542.570546655477
2661	2542.570546655477
2662	2542.570546655477
2663	2542.570546655477
2664	2542.570546655477
2665	2542.570546655477
2666	2542.570546655477
2667	2542.570546655477
2668	2542.570546655477
2669	2542.570546655477
2670	2542.570546655477
2671	2542.570546655477
2672	2542.570546655477
2673	2542.570546655477
2674	2542.570546655477
2675	2542.570546655477
2676	2542.570546655477
2677	2542.570546655477
2678	2542.570546655477
2679	2542.570546655477
2680	2542.570546655477
2681	2542.570546655477
2682	2542.570546655477
2683	2542.570546655477
2684	2542.570546655477
2685	2542.570546655477
2686	2542.570546655477
2687	2542.570546655477
2688	2542.570546655477
2689	2542.570546655477
2690	2542.570546655477
2691	2542.570546655477
2692	2542.570546655477
2693	2542.570546655477
2694	2542.570546655477
2695	2542.570546655477
2696	2542.570546655477
2697	2542.570546655477
2698	2542.570546655477
2699	2542.570546655477
2700	2542.570546655477
2701	2542.570546655477
2702	2542.570546655477
2703	2542.570546655476
2704	2542.570546655476
2705	2542.570546655476
2706	2542.570546655476
2707	2542.570546655476
2708	2542.570546655476
2709	2542.570546655476
2710	2542.570546655476
2711	2542.570546655476
2712	2542.570546655476
2713	2542.570546655476
2714	2542.570546655476
2715	2542.570546655476
2716	2542.570546655476
2717	2542.570546655476
2718	2542.570546655476
2719	2542.570546655476
2720	2542.570546655476
2721	2542.570546655476
2722	2542.570546655476
2723	2542.570546655476
2724	2542.570546655476
2725	2542.570546655476
2726	2542.570546655476
2727	2542.570546655476
2728	2542.570546655476
2729	2542.570546655476
2730	2542.570546655476
2731	2542.570546655476
2732	2542.570546655476
2733	2542.570546655476
2734	2542.570546655476
2735	2542.570546655476
2736	2542.570546655476
2737	2542.570546655476
2738	2542.570546655476
2739	2542.570546655476
2740	2542.570546655476
2741	2542.570546655476
2742	2542.570546655476
2743	2542.570546655476
2744	2542.570546655476
2745	2542.570546655476
2746	2542.570546655476
2747	2542.570546655476
2748	2542.570546655476
2749	2542.570546655476
2750	2542.570546655476
2751	2542.570546655476
2752	2542.570546655476
2753	2542.570546655476
2754	2542.570546655476
2755	2542.570546655476
2756	2542.570546655476
2757	2542.570546655476
2758	2542.570546655476
2759	2542.570546655476
2760	2542.570546655476
2761	2542.570546655476
2762	2542.570546655476
2763	2542.570546655476
2764	2542.570546655476
2765	2542.570546655476
2766	2542.570546655476
2767	2542.570546655476
2768	2542.570546655476
2769	2542.570546655476
2770	2542.570546655476
2771	2542.570546655476
2772	2542.570546655476
2773	2542.570546655476
2774	2542.570546655476
2775	2542.570546655476
2776	2542.570546655476
2777	2542.570546655476
2778	2542.570546655476
2779	2542.570546655476
2780	2542.570546655476
2781	2542.570546655476
2782	2542.570546655476
2783	2542.570546655476
2784	2542.570546655476
2785	2542.570546655476
2786	2542.570546655476
2787	2542.570546655476
2788	2542.570546655476
2789	2542.570546655476
2790	2542.570546655476
2791	2542.570546655476
2792	2542.570546655476
2793	2542.570546655476
2794	2542.570546655476
2795	2542.570546655476
2796	2542.570546655476
2797	2542.570546655476
2798	2542.570546655476
2799	2542.570546655476
2800	2542.570546655476
2801	2542.570546655476
2802	2542.570546655476
2803	2542.570546655476
2804	2542.570546655476
2805	2542.570546655476
2806	2542.570546655476
2807	2542.570546655476
2808	2542.570546655476
2809	2542.570546655476
2810	2542.570546655476
2811	2542.570546655476
2812	2542.570546655476
2813	2542.570546655476
2814	2542.570546655476
2815	2542.570546655476
2816	2542.570546655476
2817	2542.570546655476
2818	2542.570546655476
2819	2542.570546655476
2820	2542.570546655476
2821	2542.570546655476
2822	2542.570546655476
2823	2542.570546655476
2824	2542.570546655476
2825	2542.570546655476
2826	2542.570546655476
2827	2542.570546655476
2828	2542.570546655476
2829	2542.570546655476
2830	2542.570546655476
2831	2542.570546655476
2832	2542.570546655476
2833	2542.570546655476
2834	2542.570546655476
2835	2542.570546655476
2836	2542.570546655476
2837	2542.570546655476
2838	2542.570546655476
2839	2542.570546655476
2840	2542.570546655476
2841	2542.570546655476
2842	2542.570546655476
2843	2542.570546655476
2844	2542.570546655476
2845	2542.570546655476
2846	2542.570546655476
2847	2542.570546655476
2848	2542.570546655476
2849	2542.570546655476
2850	2542.570546655476
2851	2542.570546655476
2852	2542.570546655476
2853	2542.570546655476
2854	2542.570546655476
2855	2542.570546655476
2856	2542.570546655476
2857	2542.570546655476
2858	2542.570546655476
2859	2542.570546655476
2860	2542.570546655476
2861	2542.570546655476
2862	2542.570546655476
2863	2542.570546655476
2864	2542.570546655476
2865	2542.570546655476
2866	2542.570546655476
2867	2542.570546655476
2868	2542.570546655476
2869	2542.570546655476
2870	2542.570546655476
2871	2542.570546655476
2872	2542.570546655476
2873	2542.570546655476
2874	2542.570546655476
2875	2542.570546655476
2876	2542.570546655476
2877	2542.570546655476
2878	2542.570546655476
2879	2542.570546655476
2880	2542.570546655476
2881	2542.570546655476
2882	2542.570546655476
2883	2542.570546655476
2884	2542.570546655476
2885	2542.570546655476
2886	2542.570546655476
2887	2542.570546655476
2888	2542.570546655476
2889	2542.570546655476
2890	2542.570546655476
2891	2542.570546655476
2892	2542.570546655476
2893	2542.570546655476
2894	2542.570546655476
2895	2542.570546655476
2896	2542.570546655476
2897	2542.570546655476
2898	2542.570546655476
2899	2542.570546655476
2900	2542.570546655476
2901	2542.570546655476
2902	2542.570546655476
2903	2542.570546655476
2904	2542.570546655476
2905	2542.570546655476
2906	2542.570546655476
2907	2542.570546655476
2908	2542.570546655476
2909	2542.570546655476
2910	2542.570546655476
2911	2542.570546655476
2912	2542.570546655476
2913	2542.570546655476
2914	2542.570546655476
2915	2542.570546655476
2916	2542.570546655476
2917	2542.570546655476
2918	2542.570546655476
2919	2542.570546655476
2920	2542.570546655476
2921	2542.570546655476
2922	2542.570546655476
2923	2542.570546655476
2924	2542.570546655476
2925	2542.570546655476
2926	2542.570546655476
2927	2542.570546655476
2928	2542.570546655476
2929	2542.570546655476
2930	2542.570546655476
2931	2542.570546655476
2932	2542.570546655476
2933	2542.570546655476
2934	2542.570546655476
2935	2542.570546655476
2936	2542.570546655476
2937	2542.570546655476
2938	2542.570546655476
2939	2542.570546655476
2940	2542.570546655476
2941	2542.570546655476
2942	2542.570546655476
2943	2542.570546655476
2944	2542.570546655476
2945	2542.570546655476
2946	2542.570546655476
2947	2542.570546655476
2948	2542.570546655476
2949	2542.570546655476
2950	2542.570546655476
2951	2542.570546655476
2952	2542.570546655476
2953	2542.570546655476
2954	2542.570546655476
2955	2542.570546655476
2956	2542.570546655476
2957	2542.570546655476
2958	2542.570546655476
2959	2542.570546655476
2960	2542.570546655476
2961	2542.570546655476
2962	2542.570546655476
2963	2542.570546655476
2964	2542.570546655476
2965	2542.570546655476
2966	2542.570546655476
2967	2542.570546655476
2968	2542.570546655476
2969	2542.570546655476
2970	2542.570546655476
2971	2542.570546655476
2972	2542.570546655476
2973	2542.570546655476
2974	2542.570546655476
2975	2542.570546655476
2976	2542.570546655476
2977	2542.570546655476
2978	2542.570546655476
2979	2542.570546655476
2980	2542.570546655476
2981	2542.570546655476
2982	2542.570546655476
2983	2542.570546655476
2984	2542.570546655476
2985	2542.570546655476
2986	2542.570546655476
2987	2542.570546655476
2988	2542.570546655476
2989	2542.570546655476
2990	2542.570546655476
2991	2542.570546655476
2992	2542.570546655476
2993	2542.570546655476
2994	2542.570546655476
2995	2542.570546655476
2996	2542.570546655476
2997	2542.570546655476
2998	2542.570546655476
2999	2542.570546655476
3000	2542.570546655476
