1	60406.31960276767
2	59256.816748734826
3	57973.416742745285
4	56924.148652977055
5	56721.827172639394
6	56632.23869123214
7	56377.002630421375
8	55810.98788420887
9	55682.275189420565
10	55616.00280149586
11	55263.79203054482
12	55091.2012777291
13	54647.89863567023
14	54635.62968951703
15	54621.122997760736
16	54621.122997760736
17	54212.61317033089
18	54013.534548650176
19	54013.534548650176
20	54013.534548650176
21	53996.56938931307
22	53996.56938931307
23	53996.56938931307
24	53996.56938931307
25	53996.56938931307
26	53996.56938931307
27	53996.56938931307
28	53996.276807121925
29	53951.989439770005
30	53951.989439770005
31	53951.989439770005
32	53951.989439770005
33	53951.989439770005
34	53914.86386689044
35	53914.86386689044
36	53914.86386689044
37	53481.502113421906
38	53481.502113421906
39	53481.502113421906
40	53481.502113421906
41	53473.66809406886
42	53473.66809406886
43	53473.66809406886
44	53473.66809406886
45	53473.66809406886
46	53393.015123466575
47	53393.015123466575
48	53393.015123466575
49	53299.43820026595
50	53140.67913866168
51	53140.67913866168
52	53140.67913866168
53	53140.67913866168
54	53140.67913866168
55	53140.67913866168
56	53140.67913866168
57	53140.67913866168
58	53140.67913866168
59	53140.67913866168
60	53140.67913866168
61	53140.67913866168
62	53140.67913866168
63	53140.67913866168
64	53140.67913866168
65	53140.67913866168
66	53140.67913866168
67	53140.67913866168
68	53140.67913866168
69	53140.67913866168
70	53140.67913866168
71	52975.683373613305
72	52975.683373613305
73	52853.98405755315
74	52853.98405755315
75	52853.98405755315
76	52853.98405755315
77	52853.98405755315
78	52853.98405755315
79	52853.98405755315
80	52853.98405755315
81	52853.98405755315
82	52853.98405755315
83	52853.98405755315
84	52853.98405755315
85	52853.98405755315
86	52853.98405755315
87	52853.98405755315
88	52853.98405755315
89	52853.98405755315
90	52853.98405755315
91	52629.70763575797
92	52629.70763575797
93	52629.70763575797
94	52629.70763575797
95	52629.70763575797
96	52629.70763575797
97	52629.70763575797
98	52629.70763575797
99	52629.70763575797
100	52629.70763575797
101	52629.70763575797
102	52629.70763575797
103	52629.70763575797
104	52629.70763575797
105	52629.70763575797
106	52629.70763575797
107	52629.70763575797
108	52629.70763575797
109	52629.70763575797
110	52629.70763575797
111	52629.70763575797
112	52629.70763575797
113	52629.70763575797
114	52629.70763575797
115	52629.70763575797
116	52629.70763575797
117	52629.70763575797
118	52441.02378019474
119	52352.454640149226
120	52352.454640149226
121	52352.454640149226
122	52352.454640149226
123	52352.454640149226
124	52352.454640149226
125	52352.454640149226
126	52352.454640149226
127	52352.454640149226
128	52352.454640149226
129	52352.454640149226
130	52352.454640149226
131	52352.454640149226
132	52352.454640149226
133	52352.454640149226
134	52352.454640149226
135	52352.454640149226
136	52352.454640149226
137	52345.96297107146
138	52345.96297107146
139	52345.96297107146
140	52345.96297107146
141	52345.96297107146
142	52345.96297107146
143	52345.96297107146
144	52345.96297107146
145	52345.96297107146
146	52345.96297107146
147	52345.96297107146
148	52345.96297107146
149	52345.96297107146
150	52345.96297107146
151	52345.96297107146
152	52345.96297107146
153	52345.96297107146
154	52345.96297107146
155	52345.96297107146
156	52345.96297107146
157	52320.80952682644
158	52244.16650621114
159	52244.16650621114
160	52244.16650621114
161	52244.16650621114
162	52244.16650621114
163	52244.16650621114
164	52244.16650621114
165	52244.16650621114
166	52244.16650621114
167	52244.16650621114
168	52244.16650621114
169	52244.16650621114
170	52244.16650621114
171	52244.16650621114
172	52244.16650621114
173	52244.16650621114
174	52244.16650621114
175	52244.16650621114
176	52244.16650621114
177	52244.16650621114
178	52244.16650621114
179	52244.16650621114
180	52178.44083273075
181	52178.44083273075
182	52178.44083273075
183	52178.44083273075
184	52178.44083273075
185	52178.44083273075
186	52178.44083273075
187	52178.44083273075
188	52178.44083273075
189	52050.63960944279
190	52050.63960944279
191	52050.63960944279
192	52050.63960944279
193	52050.63960944279
194	52050.63960944279
195	52050.63960944279
196	52050.63960944279
197	52050.63960944279
198	52050.63960944279
199	52050.63960944279
200	52050.63960944279
201	52050.63960944279
202	52050.63960944279
203	52050.63960944279
204	52050.63960944279
205	52050.63960944279
206	52050.63960944279
207	52050.63960944279
208	51998.36128232106
209	51998.36128232106
210	51998.36128232106
211	51998.36128232106
212	51998.36128232106
213	51998.36128232106
214	51998.36128232106
215	51998.36128232106
216	51998.36128232106
217	51998.36128232106
218	51998.36128232106
219	51998.36128232106
220	51857.21852549652
221	51857.21852549652
222	51857.21852549652
223	51857.21852549652
224	51857.21852549652
225	51857.21852549652
226	51857.21852549652
227	51857.21852549652
228	51857.21852549652
229	51857.21852549652
230	51857.21852549652
231	51857.21852549652
232	51857.21852549652
233	51813.37283634233
234	51813.37283634233
235	51813.37283634233
236	51813.37283634233
237	51813.37283634233
238	51813.37283634233
239	51813.37283634233
240	51813.37283634233
241	51813.37283634233
242	51813.37283634233
243	51813.37283634233
244	51813.37283634233
245	51813.37283634233
246	51813.37283634233
247	51813.37283634233
248	51813.37283634233
249	51813.37283634233
250	51813.37283634233
251	51813.37283634233
252	51813.37283634233
253	51792.217733827696
254	51792.217733827696
255	51792.217733827696
256	51792.217733827696
257	51792.217733827696
258	51792.217733827696
259	51792.217733827696
260	51792.217733827696
261	51792.217733827696
262	51792.217733827696
263	51792.217733827696
264	51792.217733827696
265	51792.217733827696
266	51773.284385348474
267	51773.284385348474
268	51773.284385348474
269	51773.284385348474
270	51773.284385348474
271	51773.284385348474
272	51773.284385348474
273	51773.284385348474
274	51773.284385348474
275	51773.284385348474
276	51752.69879112179
277	51752.69879112179
278	51752.69879112179
279	51752.69879112179
280	51752.69879112179
281	51752.69879112179
282	51752.69879112179
283	51752.69879112179
284	51752.69879112179
285	51752.69879112179
286	51752.69879112179
287	51752.69879112179
288	51752.69879112179
289	51752.69879112179
290	51752.69879112179
291	51752.69879112179
292	51752.69879112179
293	51752.69879112179
294	51752.69879112179
295	51752.69879112179
296	51752.69879112179
297	51752.69879112179
298	51752.69879112179
299	51752.69879112179
300	51752.69879112179
301	51533.548778348595
302	51533.548778348595
303	51533.548778348595
304	51533.548778348595
305	51533.548778348595
306	51533.548778348595
307	51533.548778348595
308	51533.548778348595
309	51533.548778348595
310	51533.548778348595
311	51533.548778348595
312	51533.548778348595
313	51533.548778348595
314	51533.548778348595
315	51533.548778348595
316	51533.548778348595
317	51533.548778348595
318	51533.548778348595
319	51533.548778348595
320	51533.548778348595
321	51533.548778348595
322	51533.548778348595
323	51533.548778348595
324	51533.548778348595
325	51533.548778348595
326	51533.548778348595
327	51533.548778348595
328	51533.548778348595
329	51533.548778348595
330	51533.548778348595
331	51533.548778348595
332	51533.548778348595
333	51533.548778348595
334	51533.548778348595
335	51533.548778348595
336	51533.548778348595
337	51533.548778348595
338	51511.016882359996
339	51511.016882359996
340	51511.016882359996
341	51511.016882359996
342	51511.016882359996
343	51482.795806605296
344	51482.795806605296
345	51482.795806605296
346	51482.795806605296
347	51482.795806605296
348	51482.795806605296
349	51482.795806605296
350	51482.795806605296
351	51482.795806605296
352	51082.98241812464
353	51082.98241812464
354	51082.98241812464
355	50961.34090138557
356	50961.34090138557
357	50961.34090138557
358	50961.34090138557
359	50961.34090138557
360	50961.34090138557
361	50961.34090138557
362	50961.34090138557
363	50961.34090138557
364	50961.34090138557
365	50961.34090138557
366	50961.34090138557
367	50961.34090138557
368	50961.34090138557
369	50961.34090138557
370	50961.34090138557
371	50961.34090138557
372	50961.34090138557
373	50961.34090138557
374	50961.34090138557
375	50961.34090138557
376	50961.34090138557
377	50961.34090138557
378	50961.34090138557
379	50927.54139993966
380	50927.54139993966
381	50927.54139993966
382	50927.54139993966
383	50927.54139993966
384	50927.54139993966
385	50927.54139993966
386	50927.54139993966
387	50927.54139993966
388	50927.54139993966
389	50927.54139993966
390	50927.54139993966
391	50927.54139993966
392	50927.54139993966
393	50927.54139993966
394	50927.54139993966
395	50927.54139993966
396	50927.54139993966
397	50927.54139993966
398	50927.54139993966
399	50927.54139993966
400	50927.54139993966
401	50927.54139993966
402	50927.54139993966
403	50927.54139993966
404	50926.21562693429
405	50926.21562693429
406	50926.21562693429
407	50926.21562693429
408	50926.21562693429
409	50926.21562693429
410	50926.21562693429
411	50926.21562693429
412	50926.21562693429
413	50926.21562693429
414	50926.21562693429
415	50926.21562693429
416	50926.21562693429
417	50926.21562693429
418	50926.21562693429
419	50926.21562693429
420	50926.21562693429
421	50926.21562693429
422	50926.21562693429
423	50926.21562693429
424	50926.21562693429
425	50926.21562693429
426	50926.21562693429
427	50926.21562693429
428	50926.21562693429
429	50926.21562693429
430	50926.21562693429
431	50926.21562693429
432	50926.21562693429
433	50926.21562693429
434	50926.21562693429
435	50926.21562693429
436	50926.21562693429
437	50926.21562693429
438	50926.21562693429
439	50926.21562693429
440	50926.21562693429
441	50926.21562693429
442	50926.21562693429
443	50815.33172593196
444	50815.33172593196
445	50815.33172593196
446	50815.33172593196
447	50815.33172593196
448	50815.33172593196
449	50815.33172593196
450	50815.33172593196
451	50815.33172593196
452	50815.33172593196
453	50815.33172593196
454	50815.33172593196
455	50815.33172593196
456	50815.33172593196
457	50815.33172593196
458	50815.33172593196
459	50815.33172593196
460	50815.33172593196
461	50815.33172593196
462	50815.33172593196
463	50815.33172593196
464	50804.93191178439
465	50804.93191178439
466	50804.93191178439
467	50804.93191178439
468	50804.93191178439
469	50804.93191178439
470	50804.93191178439
471	50804.93191178439
472	50804.93191178439
473	50804.93191178439
474	50804.93191178439
475	50804.93191178439
476	50756.874514779105
477	50756.874514779105
478	50756.874514779105
479	50756.874514779105
480	50756.874514779105
481	50756.874514779105
482	50756.874514779105
483	50756.874514779105
484	50756.874514779105
485	50756.874514779105
486	50756.874514779105
487	50756.874514779105
488	50756.874514779105
489	50756.874514779105
490	50756.874514779105
491	50756.874514779105
492	50756.874514779105
493	50756.874514779105
494	50756.874514779105
495	50756.874514779105
496	50756.874514779105
497	50756.874514779105
498	50756.874514779105
499	50756.874514779105
500	50756.874514779105
501	50756.874514779105
502	50756.874514779105
503	50756.874514779105
504	50756.874514779105
505	50756.874514779105
506	50756.874514779105
507	50756.874514779105
508	50756.874514779105
509	50756.874514779105
510	50756.874514779105
511	50756.874514779105
512	50756.874514779105
513	50756.874514779105
514	50756.874514779105
515	50756.874514779105
516	50756.874514779105
517	50756.874514779105
518	50756.874514779105
519	50756.874514779105
520	50756.874514779105
521	50756.874514779105
522	50756.874514779105
523	50756.874514779105
524	50756.874514779105
525	50756.874514779105
526	50756.874514779105
527	50756.874514779105
528	50756.874514779105
529	50756.874514779105
530	50756.874514779105
531	50756.874514779105
532	50756.874514779105
533	50756.874514779105
534	50756.874514779105
535	50756.874514779105
536	50756.874514779105
537	50756.874514779105
538	50756.874514779105
539	50756.874514779105
540	50756.874514779105
541	50756.874514779105
542	50756.874514779105
543	50756.874514779105
544	50756.874514779105
545	50756.874514779105
546	50756.874514779105
547	50756.874514779105
548	50355.00321784624
549	50355.00321784624
550	50355.00321784624
551	50355.00321784624
552	50355.00321784624
553	50220.049754077896
554	50220.049754077896
555	50220.049754077896
556	50220.049754077896
557	50220.049754077896
558	50220.049754077896
559	50220.049754077896
560	50220.049754077896
561	50220.049754077896
562	50220.049754077896
563	50220.049754077896
564	50220.049754077896
565	50220.049754077896
566	50220.049754077896
567	50220.049754077896
568	50220.049754077896
569	50220.049754077896
570	50220.049754077896
571	50220.049754077896
572	50220.049754077896
573	50220.049754077896
574	50220.049754077896
575	50220.049754077896
576	50220.049754077896
577	50220.049754077896
578	50220.049754077896
579	50220.049754077896
580	50220.049754077896
581	50220.049754077896
582	50220.049754077896
583	50220.049754077896
584	50220.049754077896
585	50220.049754077896
586	50220.049754077896
587	50220.049754077896
588	50220.049754077896
589	50220.049754077896
590	50220.049754077896
591	50220.049754077896
592	50220.049754077896
593	50220.049754077896
594	50220.049754077896
595	50220.049754077896
596	50220.049754077896
597	50220.049754077896
598	50220.049754077896
599	50220.049754077896
600	50220.049754077896
601	50220.049754077896
602	50220.049754077896
603	50220.049754077896
604	50220.049754077896
605	50220.049754077896
606	50220.049754077896
607	50220.049754077896
608	50220.049754077896
609	50220.049754077896
610	50220.049754077896
611	49943.53951553632
612	49943.53951553632
613	49943.53951553632
614	49794.472217736795
615	49794.472217736795
616	49794.472217736795
617	49794.472217736795
618	49794.472217736795
619	49794.472217736795
620	49794.472217736795
621	49794.472217736795
622	49794.472217736795
623	49794.472217736795
624	49794.472217736795
625	49794.472217736795
626	49794.472217736795
627	49794.472217736795
628	49794.472217736795
629	49794.472217736795
630	49794.472217736795
631	49794.472217736795
632	49794.472217736795
633	49794.472217736795
634	49794.472217736795
635	49794.472217736795
636	49794.472217736795
637	49794.472217736795
638	49794.472217736795
639	49794.472217736795
640	49794.472217736795
641	49794.472217736795
642	49794.472217736795
643	49794.472217736795
644	49794.472217736795
645	49794.472217736795
646	49794.472217736795
647	49794.472217736795
648	49794.472217736795
649	49794.472217736795
650	49794.472217736795
651	49794.472217736795
652	49794.472217736795
653	49794.472217736795
654	49794.472217736795
655	49794.472217736795
656	49794.472217736795
657	49794.472217736795
658	49794.472217736795
659	49794.472217736795
660	49794.472217736795
661	49794.472217736795
662	49794.472217736795
663	49794.472217736795
664	49794.472217736795
665	49794.472217736795
666	49794.472217736795
667	49794.472217736795
668	49794.472217736795
669	49794.472217736795
670	49794.472217736795
671	49794.472217736795
672	49794.472217736795
673	49794.472217736795
674	49794.472217736795
675	49794.472217736795
676	49794.472217736795
677	49794.472217736795
678	49794.472217736795
679	49794.472217736795
680	49794.472217736795
681	49794.472217736795
682	49794.472217736795
683	49794.472217736795
684	49794.472217736795
685	49794.472217736795
686	49794.472217736795
687	49794.472217736795
688	49794.472217736795
689	49794.472217736795
690	49794.472217736795
691	49794.472217736795
692	49794.472217736795
693	49794.472217736795
694	49794.472217736795
695	49794.472217736795
696	49794.472217736795
697	49794.472217736795
698	49794.472217736795
699	49794.472217736795
700	49794.472217736795
701	49794.472217736795
702	49794.472217736795
703	49794.472217736795
704	49794.472217736795
705	49794.472217736795
706	49794.472217736795
707	49794.472217736795
708	49794.472217736795
709	49794.472217736795
710	49794.472217736795
711	49794.472217736795
712	49614.557585970695
713	49614.557585970695
714	49614.557585970695
715	49614.557585970695
716	49614.557585970695
717	49614.557585970695
718	49614.557585970695
719	49614.557585970695
720	49614.557585970695
721	49614.557585970695
722	49614.557585970695
723	49614.557585970695
724	49614.557585970695
725	49614.557585970695
726	49614.557585970695
727	49614.557585970695
728	49614.557585970695
729	49614.557585970695
730	49614.557585970695
731	49614.557585970695
732	49614.557585970695
733	49614.557585970695
734	49614.557585970695
735	49614.557585970695
736	49614.557585970695
737	49614.557585970695
738	49614.557585970695
739	49614.557585970695
740	49614.557585970695
741	49614.557585970695
742	49614.557585970695
743	49614.557585970695
744	49614.557585970695
745	49614.557585970695
746	49614.557585970695
747	49614.557585970695
748	49614.557585970695
749	49614.557585970695
750	49614.557585970695
751	49614.557585970695
752	49614.557585970695
753	49614.557585970695
754	49614.557585970695
755	49614.557585970695
756	49614.557585970695
757	49614.557585970695
758	49614.557585970695
759	49614.557585970695
760	49614.557585970695
761	49614.557585970695
762	49614.557585970695
763	49614.557585970695
764	49614.557585970695
765	49614.557585970695
766	49614.557585970695
767	49614.557585970695
768	49614.557585970695
769	49614.557585970695
770	49614.557585970695
771	49614.557585970695
772	49614.557585970695
773	49614.557585970695
774	49614.557585970695
775	49614.557585970695
776	49614.557585970695
777	49614.557585970695
778	49614.557585970695
779	49614.557585970695
780	49614.557585970695
781	49614.557585970695
782	49614.557585970695
783	49614.557585970695
784	49614.557585970695
785	49614.557585970695
786	49614.557585970695
787	49614.557585970695
788	49612.01729033981
789	49612.01729033981
790	49612.01729033981
791	49612.01729033981
792	49612.01729033981
793	49612.01729033981
794	49612.01729033981
795	49612.01729033981
796	49612.01729033981
797	49612.01729033981
798	49612.01729033981
799	49612.01729033981
800	49612.01729033981
801	49612.01729033981
802	49612.01729033981
803	49612.01729033981
804	49612.01729033981
805	49612.01729033981
806	49612.01729033981
807	49612.01729033981
808	49612.01729033981
809	49612.01729033981
810	49612.01729033981
811	49612.01729033981
812	49612.01729033981
813	49612.01729033981
814	49612.01729033981
815	49612.01729033981
816	49612.01729033981
817	49612.01729033981
818	49612.01729033981
819	49612.01729033981
820	49612.01729033981
821	49612.01729033981
822	49612.01729033981
823	49612.01729033981
824	49612.01729033981
825	49612.01729033981
826	49612.01729033981
827	49612.01729033981
828	49612.01729033981
829	49518.990053127454
830	49518.990053127454
831	49518.990053127454
832	49518.990053127454
833	49518.990053127454
834	49518.990053127454
835	49518.990053127454
836	49518.990053127454
837	49518.990053127454
838	49518.990053127454
839	49518.990053127454
840	49518.990053127454
841	49518.990053127454
842	49518.990053127454
843	49518.990053127454
844	49518.990053127454
845	49518.990053127454
846	49518.990053127454
847	49518.990053127454
848	49518.990053127454
849	49518.990053127454
850	49518.990053127454
851	49518.990053127454
852	49518.990053127454
853	49518.990053127454
854	49518.990053127454
855	49518.990053127454
856	49518.990053127454
857	49518.990053127454
858	49518.990053127454
859	49518.990053127454
860	49518.990053127454
861	49518.990053127454
862	49518.990053127454
863	49518.990053127454
864	49518.990053127454
865	49518.990053127454
866	49518.990053127454
867	49518.990053127454
868	49518.990053127454
869	49518.990053127454
870	49518.990053127454
871	49518.990053127454
872	49518.990053127454
873	49518.990053127454
874	49518.990053127454
875	49518.990053127454
876	49518.990053127454
877	49518.990053127454
878	49518.990053127454
879	49518.990053127454
880	49518.990053127454
881	49518.990053127454
882	49518.990053127454
883	49518.990053127454
884	49518.990053127454
885	49518.990053127454
886	49518.990053127454
887	49518.990053127454
888	49518.990053127454
889	49518.990053127454
890	49518.990053127454
891	49518.990053127454
892	49518.990053127454
893	49518.990053127454
894	49518.990053127454
895	49518.990053127454
896	49518.990053127454
897	49518.990053127454
898	49518.990053127454
899	49518.990053127454
900	49518.990053127454
901	49518.990053127454
902	49518.990053127454
903	49518.990053127454
904	49518.990053127454
905	49518.990053127454
906	49518.990053127454
907	49518.990053127454
908	49518.990053127454
909	49518.990053127454
910	49518.990053127454
911	49518.990053127454
912	49518.990053127454
913	49518.990053127454
914	49518.990053127454
915	49518.990053127454
916	49518.990053127454
917	49518.990053127454
918	49518.990053127454
919	49518.990053127454
920	49518.990053127454
921	49518.990053127454
922	49518.990053127454
923	49518.990053127454
924	49518.990053127454
925	49518.990053127454
926	49518.990053127454
927	49518.990053127454
928	49518.990053127454
929	49518.990053127454
930	49518.990053127454
931	49518.990053127454
932	49518.990053127454
933	49518.990053127454
934	49518.990053127454
935	49518.990053127454
936	49518.990053127454
937	49518.990053127454
938	49518.990053127454
939	49518.990053127454
940	49518.990053127454
941	49518.990053127454
942	49518.990053127454
943	49518.990053127454
944	49518.990053127454
945	49518.990053127454
946	49518.990053127454
947	49518.990053127454
948	49518.990053127454
949	49518.990053127454
950	49518.990053127454
951	49518.990053127454
952	49518.990053127454
953	49518.990053127454
954	49518.990053127454
955	49518.990053127454
956	49517.83767858521
957	49517.83767858521
958	49517.83767858521
959	49517.83767858521
960	49517.83767858521
961	49517.83767858521
962	49517.83767858521
963	49517.83767858521
964	49517.83767858521
965	49517.83767858521
966	49517.83767858521
967	49517.83767858521
968	49517.83767858521
969	49517.83767858521
970	49517.83767858521
971	49517.83767858521
972	49517.83767858521
973	49517.83767858521
974	49517.83767858521
975	49517.83767858521
976	49517.83767858521
977	49517.83767858521
978	49517.83767858521
979	49517.83767858521
980	49517.83767858521
981	49517.83767858521
982	49517.83767858521
983	49517.83767858521
984	49517.83767858521
985	49517.83767858521
986	49517.83767858521
987	49517.83767858521
988	49517.83767858521
989	49517.83767858521
990	49517.83767858521
991	49517.83767858521
992	49084.52376306749
993	49084.52376306749
994	49084.52376306749
995	49084.52376306749
996	49084.52376306749
997	49084.52376306749
998	49084.52376306749
999	49084.52376306749
1000	49084.52376306749
1001	49084.52376306749
1002	49084.52376306749
1003	49084.52376306749
1004	49084.52376306749
1005	49084.52376306749
1006	49084.52376306749
1007	49084.52376306749
1008	49084.52376306749
1009	49084.52376306749
1010	49084.52376306749
1011	49084.52376306749
1012	49084.52376306749
1013	49084.52376306749
1014	49084.52376306749
1015	49084.52376306749
1016	49084.52376306749
1017	49084.52376306749
1018	49084.52376306749
1019	49084.52376306749
1020	49084.52376306749
1021	49084.52376306749
1022	49084.52376306749
1023	49084.52376306749
1024	49084.52376306749
1025	49084.52376306749
1026	49084.52376306749
1027	49084.52376306749
1028	49084.52376306749
1029	49084.52376306749
1030	49084.52376306749
1031	49084.52376306749
1032	49084.52376306749
1033	49084.52376306749
1034	49084.52376306749
1035	49084.52376306749
1036	49084.52376306749
1037	49084.52376306749
1038	49084.52376306749
1039	49084.52376306749
1040	49084.52376306749
1041	49084.52376306749
1042	49084.52376306749
1043	49084.52376306749
1044	49084.52376306749
1045	49084.52376306749
1046	49084.52376306749
1047	49084.52376306749
1048	49084.52376306749
1049	49084.52376306749
1050	49084.52376306749
1051	49084.52376306749
1052	49084.52376306749
1053	49084.52376306749
1054	49084.52376306749
1055	49084.52376306749
1056	49084.52376306749
1057	49084.52376306749
1058	49084.52376306749
1059	49084.52376306749
1060	49084.52376306749
1061	49084.52376306749
1062	49084.52376306749
1063	49084.52376306749
1064	49084.52376306749
1065	49084.52376306749
1066	49084.52376306749
1067	49084.52376306749
1068	49084.52376306749
1069	49084.52376306749
1070	49084.52376306749
1071	49084.52376306749
1072	48985.57544951831
1073	48985.57544951831
1074	48985.57544951831
1075	48985.57544951831
1076	48985.57544951831
1077	48985.57544951831
1078	48985.57544951831
1079	48985.57544951831
1080	48985.57544951831
1081	48985.57544951831
1082	48985.57544951831
1083	48985.57544951831
1084	48985.57544951831
1085	48985.57544951831
1086	48985.57544951831
1087	48985.57544951831
1088	48985.57544951831
1089	48985.57544951831
1090	48985.57544951831
1091	48985.57544951831
1092	48985.57544951831
1093	48985.57544951831
1094	48985.57544951831
1095	48985.57544951831
1096	48985.57544951831
1097	48985.57544951831
1098	48934.91349891237
1099	48934.91349891237
1100	48934.91349891237
1101	48934.91349891237
1102	48934.91349891237
1103	48934.91349891237
1104	48934.91349891237
1105	48934.91349891237
1106	48934.91349891237
1107	48934.91349891237
1108	48934.91349891237
1109	48934.91349891237
1110	48934.91349891237
1111	48934.91349891237
1112	48934.91349891237
1113	48934.91349891237
1114	48934.91349891237
1115	48934.91349891237
1116	48934.91349891237
1117	48934.91349891237
1118	48934.91349891237
1119	48934.91349891237
1120	48934.91349891237
1121	48923.020400283756
1122	48923.020400283756
1123	48923.020400283756
1124	48923.020400283756
1125	48923.020400283756
1126	48923.020400283756
1127	48923.020400283756
1128	48923.020400283756
1129	48923.020400283756
1130	48923.020400283756
1131	48923.020400283756
1132	48923.020400283756
1133	48923.020400283756
1134	48923.020400283756
1135	48923.020400283756
1136	48923.020400283756
1137	48923.020400283756
1138	48923.020400283756
1139	48923.020400283756
1140	48923.020400283756
1141	48923.020400283756
1142	48923.020400283756
1143	48923.020400283756
1144	48923.020400283756
1145	48923.020400283756
1146	48923.020400283756
1147	48923.020400283756
1148	48923.020400283756
1149	48923.020400283756
1150	48923.020400283756
1151	48923.020400283756
1152	48923.020400283756
1153	48923.020400283756
1154	48923.020400283756
1155	48923.020400283756
1156	48923.020400283756
1157	48923.020400283756
1158	48923.020400283756
1159	48923.020400283756
1160	48923.020400283756
1161	48923.020400283756
1162	48923.020400283756
1163	48923.020400283756
1164	48923.020400283756
1165	48923.020400283756
1166	48923.020400283756
1167	48923.020400283756
1168	48923.020400283756
1169	48923.020400283756
1170	48923.020400283756
1171	48923.020400283756
1172	48923.020400283756
1173	48923.020400283756
1174	48923.020400283756
1175	48923.020400283756
1176	48923.020400283756
1177	48923.020400283756
1178	48923.020400283756
1179	48923.020400283756
1180	48923.020400283756
1181	48923.020400283756
1182	48923.020400283756
1183	48923.020400283756
1184	48923.020400283756
1185	48923.020400283756
1186	48923.020400283756
1187	48923.020400283756
1188	48923.020400283756
1189	48923.020400283756
1190	48923.020400283756
1191	48923.020400283756
1192	48923.020400283756
1193	48923.020400283756
1194	48923.020400283756
1195	48923.020400283756
1196	48923.020400283756
1197	48923.020400283756
1198	48923.020400283756
1199	48923.020400283756
1200	48923.020400283756
1201	48923.020400283756
1202	48923.020400283756
1203	48923.020400283756
1204	48923.020400283756
1205	48923.020400283756
1206	48923.020400283756
1207	48923.020400283756
1208	48923.020400283756
1209	48923.020400283756
1210	48923.020400283756
1211	48923.020400283756
1212	48923.020400283756
1213	48923.020400283756
1214	48923.020400283756
1215	48923.020400283756
1216	48923.020400283756
1217	48923.020400283756
1218	48923.020400283756
1219	48923.020400283756
1220	48923.020400283756
1221	48923.020400283756
1222	48923.020400283756
1223	48923.020400283756
1224	48923.020400283756
1225	48923.020400283756
1226	48923.020400283756
1227	48923.020400283756
1228	48923.020400283756
1229	48923.020400283756
1230	48923.020400283756
1231	48923.020400283756
1232	48923.020400283756
1233	48923.020400283756
1234	48923.020400283756
1235	48923.020400283756
1236	48923.020400283756
1237	48923.020400283756
1238	48923.020400283756
1239	48923.020400283756
1240	48923.020400283756
1241	48923.020400283756
1242	48923.020400283756
1243	48923.020400283756
1244	48923.020400283756
1245	48923.020400283756
1246	48923.020400283756
1247	48923.020400283756
1248	48923.020400283756
1249	48923.020400283756
1250	48923.020400283756
1251	48923.020400283756
1252	48923.020400283756
1253	48923.020400283756
1254	48923.020400283756
1255	48923.020400283756
1256	48923.020400283756
1257	48923.020400283756
1258	48923.020400283756
1259	48923.020400283756
1260	48923.020400283756
1261	48923.020400283756
1262	48923.020400283756
1263	48923.020400283756
1264	48923.020400283756
1265	48923.020400283756
1266	48923.020400283756
1267	48923.020400283756
1268	48923.020400283756
1269	48923.020400283756
1270	48923.020400283756
1271	48923.020400283756
1272	48923.020400283756
1273	48923.020400283756
1274	48923.020400283756
1275	48923.020400283756
1276	48923.020400283756
1277	48923.020400283756
1278	48923.020400283756
1279	48923.020400283756
1280	48923.020400283756
1281	48923.020400283756
1282	48923.020400283756
1283	48923.020400283756
1284	48923.020400283756
1285	48923.020400283756
1286	48923.020400283756
1287	48923.020400283756
1288	48923.020400283756
1289	48923.020400283756
1290	48923.020400283756
1291	48923.020400283756
1292	48923.020400283756
1293	48923.020400283756
1294	48923.020400283756
1295	48923.020400283756
1296	48923.020400283756
1297	48923.020400283756
1298	48923.020400283756
1299	48923.020400283756
1300	48923.020400283756
1301	48923.020400283756
1302	48923.020400283756
1303	48923.020400283756
1304	48923.020400283756
1305	48923.020400283756
1306	48923.020400283756
1307	48923.020400283756
1308	48923.020400283756
1309	48495.9086510555
1310	48495.9086510555
1311	48495.9086510555
1312	48495.9086510555
1313	48495.9086510555
1314	48495.9086510555
1315	48495.9086510555
1316	48495.9086510555
1317	48495.9086510555
1318	48495.9086510555
1319	48495.9086510555
1320	48495.9086510555
1321	48495.9086510555
1322	48495.9086510555
1323	48495.9086510555
1324	48495.9086510555
1325	48495.9086510555
1326	48495.9086510555
1327	48495.9086510555
1328	48495.9086510555
1329	48495.9086510555
1330	48495.9086510555
1331	48495.9086510555
1332	48495.9086510555
1333	48495.9086510555
1334	48495.9086510555
1335	48495.9086510555
1336	48495.9086510555
1337	48495.9086510555
1338	48495.9086510555
1339	48495.9086510555
1340	48495.9086510555
1341	48495.9086510555
1342	48495.9086510555
1343	48495.9086510555
1344	48495.9086510555
1345	48495.9086510555
1346	48495.9086510555
1347	48495.9086510555
1348	48495.9086510555
1349	48495.9086510555
1350	48495.9086510555
1351	48495.9086510555
1352	48495.9086510555
1353	48495.9086510555
1354	48495.9086510555
1355	48495.9086510555
1356	48495.9086510555
1357	48495.9086510555
1358	48495.9086510555
1359	48495.9086510555
1360	48495.9086510555
1361	48495.9086510555
1362	48495.9086510555
1363	48495.9086510555
1364	48495.9086510555
1365	48495.9086510555
1366	48495.9086510555
1367	48495.9086510555
1368	48495.9086510555
1369	48495.9086510555
1370	48495.9086510555
1371	48495.9086510555
1372	48495.9086510555
1373	48495.9086510555
1374	48495.9086510555
1375	48495.9086510555
1376	48495.9086510555
1377	48495.9086510555
1378	48495.9086510555
1379	48495.9086510555
1380	48495.9086510555
1381	48495.9086510555
1382	48495.9086510555
1383	48495.9086510555
1384	48495.9086510555
1385	48495.9086510555
1386	48495.9086510555
1387	48495.9086510555
1388	48495.9086510555
1389	48495.9086510555
1390	48495.9086510555
1391	48495.9086510555
1392	48495.9086510555
1393	48495.9086510555
1394	48495.9086510555
1395	48495.9086510555
1396	48495.9086510555
1397	48495.9086510555
1398	48495.9086510555
1399	48495.9086510555
1400	48495.9086510555
1401	48495.9086510555
1402	48495.9086510555
1403	48495.9086510555
1404	48495.9086510555
1405	48495.9086510555
1406	48495.9086510555
1407	48495.9086510555
1408	48495.9086510555
1409	48495.9086510555
1410	48495.9086510555
1411	48495.9086510555
1412	48483.94801214981
1413	48483.94801214981
1414	48483.94801214981
1415	48483.94801214981
1416	48483.94801214981
1417	48483.94801214981
1418	48483.94801214981
1419	48483.94801214981
1420	48483.94801214981
1421	48483.94801214981
1422	48483.94801214981
1423	48483.94801214981
1424	48483.94801214981
1425	48483.94801214981
1426	48483.94801214981
1427	48483.94801214981
1428	48483.94801214981
1429	48483.94801214981
1430	48483.94801214981
1431	48483.94801214981
1432	48483.94801214981
1433	48483.94801214981
1434	48483.94801214981
1435	48483.94801214981
1436	48483.94801214981
1437	48483.94801214981
1438	48483.94801214981
1439	48483.94801214981
1440	48377.71108397376
1441	48377.71108397376
1442	48377.71108397376
1443	48377.71108397376
1444	48377.71108397376
1445	48377.71108397376
1446	48377.71108397376
1447	48377.71108397376
1448	48377.71108397376
1449	48377.71108397376
1450	48377.71108397376
1451	48377.71108397376
1452	48377.71108397376
1453	48377.71108397376
1454	48377.71108397376
1455	48377.71108397376
1456	48377.71108397376
1457	48377.71108397376
1458	48377.71108397376
1459	48377.71108397376
1460	48377.71108397376
1461	48377.71108397376
1462	48377.71108397376
1463	48377.71108397376
1464	48377.71108397376
1465	48282.1327016497
1466	48282.1327016497
1467	48282.1327016497
1468	48282.1327016497
1469	48282.1327016497
1470	48282.1327016497
1471	48282.1327016497
1472	48282.1327016497
1473	48282.1327016497
1474	48282.1327016497
1475	48282.1327016497
1476	48282.1327016497
1477	48282.1327016497
1478	48282.1327016497
1479	48282.1327016497
1480	48282.1327016497
1481	48282.1327016497
1482	48282.1327016497
1483	48282.1327016497
1484	48282.1327016497
1485	48282.1327016497
1486	48282.1327016497
1487	48282.1327016497
1488	48282.1327016497
1489	48198.56862478828
1490	48198.56862478828
1491	48198.56862478828
1492	48198.56862478828
1493	48198.56862478828
1494	48198.56862478828
1495	48198.56862478828
1496	48198.56862478828
1497	48198.56862478828
1498	48074.26131103887
1499	48074.26131103887
1500	48074.26131103887
1501	48074.26131103887
1502	48074.26131103887
1503	48074.26131103887
1504	48074.26131103887
1505	48074.26131103887
1506	48074.26131103887
1507	48074.26131103887
1508	48074.26131103887
1509	48074.26131103887
1510	48074.26131103887
1511	48074.26131103887
1512	48074.26131103887
1513	48074.26131103887
1514	48074.26131103887
1515	48074.26131103887
1516	48074.26131103887
1517	48074.26131103887
1518	48074.26131103887
1519	48074.26131103887
1520	48074.26131103887
1521	48074.26131103887
1522	48074.26131103887
1523	48074.26131103887
1524	48074.26131103887
1525	48074.26131103887
1526	48074.26131103887
1527	48074.26131103887
1528	48074.26131103887
1529	48074.26131103887
1530	48074.26131103887
1531	48074.26131103887
1532	48074.26131103887
1533	48074.26131103887
1534	48074.26131103887
1535	48074.26131103887
1536	48074.26131103887
1537	48074.26131103887
1538	48074.26131103887
1539	48074.26131103887
1540	48074.26131103887
1541	48074.26131103887
1542	48074.26131103887
1543	48074.26131103887
1544	48074.26131103887
1545	48074.26131103887
1546	48074.26131103887
1547	48074.26131103887
1548	48074.26131103887
1549	48074.26131103887
1550	48074.26131103887
1551	48074.26131103887
1552	48074.26131103887
1553	48074.26131103887
1554	48074.26131103887
1555	48074.26131103887
1556	48074.26131103887
1557	48074.26131103887
1558	48074.26131103887
1559	48074.26131103887
1560	48074.26131103887
1561	48074.26131103887
1562	48074.26131103887
1563	48074.26131103887
1564	48074.26131103887
1565	48074.26131103887
1566	48074.26131103887
1567	48074.26131103887
1568	48074.26131103887
1569	48074.26131103887
1570	48074.26131103887
1571	48074.26131103887
1572	48074.26131103887
1573	48074.26131103887
1574	48074.26131103887
1575	48074.26131103887
1576	48074.26131103887
1577	48074.26131103887
1578	48074.26131103887
1579	48074.26131103887
1580	48074.26131103887
1581	48074.26131103887
1582	48074.26131103887
1583	48074.26131103887
1584	48074.26131103887
1585	48074.26131103887
1586	47838.58148605805
1587	47838.58148605805
1588	47838.58148605805
1589	47838.58148605805
1590	47838.58148605805
1591	47838.58148605805
1592	47838.58148605805
1593	47838.58148605805
1594	47380.24226464713
1595	47380.24226464713
1596	47380.24226464713
1597	47380.24226464713
1598	47380.24226464713
1599	47380.24226464713
1600	47380.24226464713
1601	47380.24226464713
1602	47380.24226464713
1603	47380.24226464713
1604	47380.24226464713
1605	47380.24226464713
1606	47380.24226464713
1607	47380.24226464713
1608	47380.24226464713
1609	47380.24226464713
1610	47380.24226464713
1611	47380.24226464713
1612	47380.24226464713
1613	47380.24226464713
1614	47380.24226464713
1615	47380.24226464713
1616	47380.24226464713
1617	47380.24226464713
1618	47380.24226464713
1619	47380.24226464713
1620	47380.24226464713
1621	47380.24226464713
1622	47380.24226464713
1623	47380.24226464713
1624	47380.24226464713
1625	47380.24226464713
1626	47380.24226464713
1627	47380.24226464713
1628	47380.24226464713
1629	47380.24226464713
1630	47380.24226464713
1631	47380.24226464713
1632	47380.24226464713
1633	47380.24226464713
1634	47380.24226464713
1635	47380.24226464713
1636	47380.24226464713
1637	47380.24226464713
1638	47380.24226464713
1639	47380.24226464713
1640	47380.24226464713
1641	47380.24226464713
1642	47380.24226464713
1643	47380.24226464713
1644	47380.24226464713
1645	47380.24226464713
1646	47380.24226464713
1647	47380.24226464713
1648	47380.24226464713
1649	47380.24226464713
1650	47380.24226464713
1651	47380.24226464713
1652	47380.24226464713
1653	47380.24226464713
1654	47380.24226464713
1655	47380.24226464713
1656	47380.24226464713
1657	47380.24226464713
1658	47380.24226464713
1659	47380.24226464713
1660	47380.24226464713
1661	47380.24226464713
1662	47380.24226464713
1663	47380.24226464713
1664	47380.24226464713
1665	47380.24226464713
1666	47380.24226464713
1667	47380.24226464713
1668	47380.24226464713
1669	47380.24226464713
1670	47380.24226464713
1671	47380.24226464713
1672	47380.24226464713
1673	47380.24226464713
1674	47380.24226464713
1675	47380.24226464713
1676	47380.24226464713
1677	47380.24226464713
1678	47380.24226464713
1679	47380.24226464713
1680	47380.24226464713
1681	47380.24226464713
1682	47380.24226464713
1683	47380.24226464713
1684	47380.24226464713
1685	47380.24226464713
1686	47380.24226464713
1687	47380.24226464713
1688	47380.24226464713
1689	47380.24226464713
1690	47380.24226464713
1691	47380.24226464713
1692	47380.24226464713
1693	47380.24226464713
1694	47380.24226464713
1695	47380.24226464713
1696	47380.24226464713
1697	47380.24226464713
1698	47380.24226464713
1699	47380.24226464713
1700	47380.24226464713
1701	47380.24226464713
1702	47380.24226464713
1703	47380.24226464713
1704	47380.24226464713
1705	47380.24226464713
1706	47380.24226464713
1707	47380.24226464713
1708	47380.24226464713
1709	47380.24226464713
1710	47380.24226464713
1711	47380.24226464713
1712	47380.24226464713
1713	47380.24226464713
1714	47380.24226464713
1715	47380.24226464713
1716	47380.24226464713
1717	47380.24226464713
1718	47380.24226464713
1719	47380.24226464713
1720	47380.24226464713
1721	47380.24226464713
1722	47380.24226464713
1723	47380.24226464713
1724	47380.24226464713
1725	47380.24226464713
1726	47380.24226464713
1727	47380.24226464713
1728	47380.24226464713
1729	47380.24226464713
1730	47380.24226464713
1731	47380.24226464713
1732	47380.24226464713
1733	47380.24226464713
1734	47380.24226464713
1735	47380.24226464713
1736	47380.24226464713
1737	47380.24226464713
1738	47380.24226464713
1739	47380.24226464713
1740	47380.24226464713
1741	47380.24226464713
1742	47380.24226464713
1743	47380.24226464713
1744	47380.24226464713
1745	47380.24226464713
1746	47380.24226464713
1747	47380.24226464713
1748	47380.24226464713
1749	47380.24226464713
1750	47380.24226464713
1751	47380.24226464713
1752	47380.24226464713
1753	47380.24226464713
1754	47380.24226464713
1755	47178.93450382137
1756	47178.93450382137
1757	47178.93450382137
1758	47178.93450382137
1759	47178.93450382137
1760	47178.93450382137
1761	47178.93450382137
1762	47178.93450382137
1763	47178.93450382137
1764	47178.93450382137
1765	47178.93450382137
1766	47178.93450382137
1767	47178.93450382137
1768	47178.93450382137
1769	47178.93450382137
1770	47178.93450382137
1771	47178.93450382137
1772	47178.93450382137
1773	47178.93450382137
1774	47178.93450382137
1775	47178.93450382137
1776	47178.93450382137
1777	47178.93450382137
1778	47178.93450382137
1779	47178.93450382137
1780	47178.93450382137
1781	47178.93450382137
1782	47178.93450382137
1783	47178.93450382137
1784	47159.641894970555
1785	47159.641894970555
1786	47159.641894970555
1787	47159.641894970555
1788	47159.641894970555
1789	47159.641894970555
1790	47159.641894970555
1791	47159.641894970555
1792	47159.641894970555
1793	47159.641894970555
1794	47159.641894970555
1795	47159.641894970555
1796	47159.641894970555
1797	47159.641894970555
1798	47159.641894970555
1799	47159.641894970555
1800	47159.641894970555
1801	47159.641894970555
1802	47159.641894970555
1803	47159.641894970555
1804	47159.641894970555
1805	47159.641894970555
1806	47159.641894970555
1807	47159.641894970555
1808	47159.641894970555
1809	47159.641894970555
1810	47159.641894970555
1811	47159.641894970555
1812	47159.641894970555
1813	47159.641894970555
1814	47159.641894970555
1815	47159.641894970555
1816	47159.641894970555
1817	47159.641894970555
1818	47159.641894970555
1819	47159.641894970555
1820	47159.641894970555
1821	47159.641894970555
1822	47159.641894970555
1823	47159.641894970555
1824	47159.641894970555
1825	47159.641894970555
1826	47159.641894970555
1827	47159.641894970555
1828	47159.641894970555
1829	47159.641894970555
1830	47159.641894970555
1831	47159.641894970555
1832	47159.641894970555
1833	47159.641894970555
1834	47159.641894970555
1835	47159.641894970555
1836	47159.641894970555
1837	47159.641894970555
1838	47159.641894970555
1839	47159.641894970555
1840	47159.641894970555
1841	47159.641894970555
1842	47159.641894970555
1843	47159.641894970555
1844	47159.641894970555
1845	47159.641894970555
1846	47159.641894970555
1847	47159.641894970555
1848	47159.641894970555
1849	47159.641894970555
1850	47159.641894970555
1851	47159.641894970555
1852	47159.641894970555
1853	47159.641894970555
1854	47159.641894970555
1855	47159.641894970555
1856	47159.641894970555
1857	47159.641894970555
1858	47159.641894970555
1859	47159.641894970555
1860	47146.63069811585
1861	47146.63069811585
1862	47146.63069811585
1863	47146.63069811585
1864	47146.63069811585
1865	47146.63069811585
1866	47146.63069811585
1867	47146.63069811585
1868	47146.63069811585
1869	47146.63069811585
1870	47146.63069811585
1871	47146.63069811585
1872	47146.63069811585
1873	47146.63069811585
1874	47146.63069811585
1875	47146.63069811585
1876	47146.63069811585
1877	47146.63069811585
1878	47146.63069811585
1879	47146.63069811585
1880	47146.63069811585
1881	47146.63069811585
1882	47146.63069811585
1883	47146.63069811585
1884	47146.63069811585
1885	47146.63069811585
1886	47146.63069811585
1887	47146.63069811585
1888	47146.63069811585
1889	47146.63069811585
1890	47146.63069811585
1891	47146.63069811585
1892	47146.63069811585
1893	47146.63069811585
1894	47146.63069811585
1895	47146.63069811585
1896	47146.63069811585
1897	47146.63069811585
1898	47146.63069811585
1899	47146.63069811585
1900	47146.63069811585
1901	47146.63069811585
1902	47146.63069811585
1903	47146.63069811585
1904	47146.63069811585
1905	47146.63069811585
1906	47146.63069811585
1907	47146.63069811585
1908	47146.63069811585
1909	47146.63069811585
1910	47146.63069811585
1911	47146.63069811585
1912	47107.14029078884
1913	47107.14029078884
1914	47107.14029078884
1915	47107.14029078884
1916	47107.14029078884
1917	47107.14029078884
1918	47107.14029078884
1919	47107.14029078884
1920	47107.14029078884
1921	47107.14029078884
1922	47107.14029078884
1923	47107.14029078884
1924	47107.14029078884
1925	47107.14029078884
1926	47107.14029078884
1927	47107.14029078884
1928	47107.14029078884
1929	47107.14029078884
1930	47107.14029078884
1931	47107.14029078884
1932	47107.14029078884
1933	47107.14029078884
1934	47107.14029078884
1935	47107.14029078884
1936	47107.14029078884
1937	47107.14029078884
1938	47107.14029078884
1939	47107.14029078884
1940	47107.14029078884
1941	47107.14029078884
1942	47107.14029078884
1943	47107.14029078884
1944	47107.14029078884
1945	47107.14029078884
1946	47107.14029078884
1947	47107.14029078884
1948	47107.14029078884
1949	47107.14029078884
1950	47107.14029078884
1951	47107.14029078884
1952	47107.14029078884
1953	47107.14029078884
1954	47107.14029078884
1955	47107.14029078884
1956	47107.14029078884
1957	47107.14029078884
1958	47107.14029078884
1959	47107.14029078884
1960	47107.14029078884
1961	47107.14029078884
1962	47107.14029078884
1963	47107.14029078884
1964	47107.14029078884
1965	47107.14029078884
1966	47107.14029078884
1967	47107.14029078884
1968	47107.14029078884
1969	47107.14029078884
1970	47107.14029078884
1971	47107.14029078884
1972	47107.14029078884
1973	47107.14029078884
1974	47107.14029078884
1975	47107.14029078884
1976	47107.14029078884
1977	47107.14029078884
1978	47107.14029078884
1979	47107.14029078884
1980	47107.14029078884
1981	47107.14029078884
1982	47107.14029078884
1983	47107.14029078884
1984	47107.14029078884
1985	47107.14029078884
1986	47107.14029078884
1987	47107.14029078884
1988	47107.14029078884
1989	47107.14029078884
1990	47107.14029078884
1991	47107.14029078884
1992	47107.14029078884
1993	47107.14029078884
1994	47107.14029078884
1995	47107.14029078884
1996	47087.44106911539
1997	47087.44106911539
1998	47087.44106911539
1999	47087.44106911539
2000	47087.44106911539
2001	47087.44106911539
2002	47087.44106911539
2003	47087.44106911539
2004	47087.44106911539
2005	47087.44106911539
2006	47087.44106911539
2007	47087.44106911539
2008	47087.44106911539
2009	47087.44106911539
2010	47087.44106911539
2011	47087.44106911539
2012	47087.44106911539
2013	47087.44106911539
2014	47087.44106911539
2015	47087.44106911539
2016	47087.44106911539
2017	47087.44106911539
2018	47087.44106911539
2019	47087.44106911539
2020	47087.44106911539
2021	47087.44106911539
2022	47087.44106911539
2023	47087.44106911539
2024	47087.44106911539
2025	47087.44106911539
2026	47087.44106911539
2027	47087.44106911539
2028	47087.44106911539
2029	47087.44106911539
2030	47087.44106911539
2031	47087.44106911539
2032	47087.44106911539
2033	47087.44106911539
2034	47087.44106911539
2035	47087.44106911539
2036	47087.44106911539
2037	47087.44106911539
2038	47087.44106911539
2039	47087.44106911539
2040	47087.44106911539
2041	47087.44106911539
2042	47087.44106911539
2043	47087.44106911539
2044	47087.44106911539
2045	47087.44106911539
2046	47087.44106911539
2047	47087.44106911539
2048	47087.44106911539
2049	47087.44106911539
2050	47087.44106911539
2051	47087.44106911539
2052	47087.44106911539
2053	47087.44106911539
2054	47087.44106911539
2055	47087.44106911539
2056	47087.44106911539
2057	47087.44106911539
2058	47087.44106911539
2059	47087.44106911539
2060	47087.44106911539
2061	47087.44106911539
2062	47087.44106911539
2063	47087.44106911539
2064	47087.44106911539
2065	47087.44106911539
2066	47087.44106911539
2067	47087.44106911539
2068	47087.44106911539
2069	47087.44106911539
2070	47087.44106911539
2071	47087.44106911539
2072	47087.44106911539
2073	47087.44106911539
2074	47087.44106911539
2075	47087.44106911539
2076	47087.44106911539
2077	47087.44106911539
2078	47087.44106911539
2079	47087.44106911539
2080	47087.44106911539
2081	47087.44106911539
2082	47087.44106911539
2083	47087.44106911539
2084	47087.44106911539
2085	47087.44106911539
2086	47087.44106911539
2087	47087.44106911539
2088	47087.44106911539
2089	47087.44106911539
2090	47087.44106911539
2091	47087.44106911539
2092	47087.44106911539
2093	46989.94123839048
2094	46987.012644431314
2095	46876.412185041685
2096	46876.412185041685
2097	46876.412185041685
2098	46876.412185041685
2099	46876.412185041685
2100	46876.412185041685
2101	46876.412185041685
2102	46876.412185041685
2103	46876.412185041685
2104	46876.412185041685
2105	46876.412185041685
2106	46876.412185041685
2107	46876.412185041685
2108	46876.412185041685
2109	46876.412185041685
2110	46876.412185041685
2111	46876.412185041685
2112	46876.412185041685
2113	46876.412185041685
2114	46876.412185041685
2115	46876.412185041685
2116	46876.412185041685
2117	46876.412185041685
2118	46876.412185041685
2119	46876.412185041685
2120	46876.412185041685
2121	46876.412185041685
2122	46876.412185041685
2123	46876.412185041685
2124	46876.412185041685
2125	46876.412185041685
2126	46876.412185041685
2127	46876.412185041685
2128	46876.412185041685
2129	46876.412185041685
2130	46876.412185041685
2131	46876.412185041685
2132	46876.412185041685
2133	46876.412185041685
2134	46876.412185041685
2135	46876.412185041685
2136	46876.412185041685
2137	46876.412185041685
2138	46876.412185041685
2139	46876.412185041685
2140	46876.412185041685
2141	46876.412185041685
2142	46876.412185041685
2143	46876.412185041685
2144	46786.37980663405
2145	46786.37980663405
2146	46786.37980663405
2147	46786.37980663405
2148	46786.37980663405
2149	46786.37980663405
2150	46786.37980663405
2151	46786.37980663405
2152	46786.37980663405
2153	46786.37980663405
2154	46786.37980663405
2155	46786.37980663405
2156	46786.37980663405
2157	46786.37980663405
2158	46786.37980663405
2159	46786.37980663405
2160	46786.37980663405
2161	46786.37980663405
2162	46786.37980663405
2163	46786.37980663405
2164	46786.37980663405
2165	46786.37980663405
2166	46786.37980663405
2167	46786.37980663405
2168	46786.37980663405
2169	46786.37980663405
2170	46786.37980663405
2171	46786.37980663405
2172	46786.37980663405
2173	46786.37980663405
2174	46786.37980663405
2175	46786.37980663405
2176	46786.37980663405
2177	46786.37980663405
2178	46786.37980663405
2179	46786.37980663405
2180	46786.37980663405
2181	46786.37980663405
2182	46786.37980663405
2183	46786.37980663405
2184	46786.37980663405
2185	46786.37980663405
2186	46786.37980663405
2187	46786.37980663405
2188	46786.37980663405
2189	46786.37980663405
2190	46786.37980663405
2191	46786.37980663405
2192	46786.37980663405
2193	46786.37980663405
2194	46786.37980663405
2195	46786.37980663405
2196	46786.37980663405
2197	46786.37980663405
2198	46786.37980663405
2199	46786.37980663405
2200	46786.37980663405
2201	46786.37980663405
2202	46786.37980663405
2203	46786.37980663405
2204	46786.37980663405
2205	46786.37980663405
2206	46786.37980663405
2207	46786.37980663405
2208	46786.37980663405
2209	46786.37980663405
2210	46786.37980663405
2211	46786.37980663405
2212	46786.37980663405
2213	46786.37980663405
2214	46786.37980663405
2215	46786.37980663405
2216	46786.37980663405
2217	46786.37980663405
2218	46786.37980663405
2219	46786.37980663405
2220	46786.37980663405
2221	46786.37980663405
2222	46786.37980663405
2223	46786.37980663405
2224	46786.37980663405
2225	46786.37980663405
2226	46786.37980663405
2227	46786.37980663405
2228	46786.37980663405
2229	46786.37980663405
2230	46786.37980663405
2231	46786.37980663405
2232	46786.37980663405
2233	46786.37980663405
2234	46786.37980663405
2235	46786.37980663405
2236	46786.37980663405
2237	46786.37980663405
2238	46786.37980663405
2239	46786.37980663405
2240	46786.37980663405
2241	46786.37980663405
2242	46786.37980663405
2243	46786.37980663405
2244	46786.37980663405
2245	46786.37980663405
2246	46786.37980663405
2247	46786.37980663405
2248	46786.37980663405
2249	46786.37980663405
2250	46786.37980663405
2251	46786.37980663405
2252	46786.37980663405
2253	46786.37980663405
2254	46786.37980663405
2255	46786.37980663405
2256	46786.37980663405
2257	46786.37980663405
2258	46786.37980663405
2259	46786.37980663405
2260	46786.37980663405
2261	46786.37980663405
2262	46786.37980663405
2263	46786.37980663405
2264	46786.37980663405
2265	46786.37980663405
2266	46786.37980663405
2267	46786.37980663405
2268	46786.37980663405
2269	46786.37980663405
2270	46786.37980663405
2271	46786.37980663405
2272	46786.37980663405
2273	46786.37980663405
2274	46786.37980663405
2275	46786.37980663405
2276	46786.37980663405
2277	46786.37980663405
2278	46786.37980663405
2279	46786.37980663405
2280	46786.37980663405
2281	46786.37980663405
2282	46786.37980663405
2283	46786.37980663405
2284	46786.37980663405
2285	46786.37980663405
2286	46786.37980663405
2287	46786.37980663405
2288	46786.37980663405
2289	46786.37980663405
2290	46786.37980663405
2291	46786.37980663405
2292	46786.37980663405
2293	46786.37980663405
2294	46786.37980663405
2295	46786.37980663405
2296	46786.37980663405
2297	46786.37980663405
2298	46786.37980663405
2299	46786.37980663405
2300	46786.37980663405
2301	46786.37980663405
2302	46786.37980663405
2303	46786.37980663405
2304	46786.37980663405
2305	46786.37980663405
2306	46786.37980663405
2307	46786.37980663405
2308	46786.37980663405
2309	46786.37980663405
2310	46786.37980663405
2311	46786.37980663405
2312	46786.37980663405
2313	46786.37980663405
2314	46786.37980663405
2315	46786.37980663405
2316	46786.37980663405
2317	46786.37980663405
2318	46786.37980663405
2319	46786.37980663405
2320	46786.37980663405
2321	46786.37980663405
2322	46786.37980663405
2323	46786.37980663405
2324	46786.37980663405
2325	46786.37980663405
2326	46786.37980663405
2327	46786.37980663405
2328	46786.37980663405
2329	46786.37980663405
2330	46786.37980663405
2331	46786.37980663405
2332	46786.37980663405
2333	46786.37980663405
2334	46786.37980663405
2335	46786.37980663405
2336	46786.37980663405
2337	46786.37980663405
2338	46786.37980663405
2339	46786.37980663405
2340	46786.37980663405
2341	46786.37980663405
2342	46786.37980663405
2343	46786.37980663405
2344	46786.37980663405
2345	46786.37980663405
2346	46786.37980663405
2347	46786.37980663405
2348	46786.37980663405
2349	46786.37980663405
2350	46786.37980663405
2351	46786.37980663405
2352	46786.37980663405
2353	46786.37980663405
2354	46786.37980663405
2355	46786.37980663405
2356	46786.37980663405
2357	46786.37980663405
2358	46786.37980663405
2359	46786.37980663405
2360	46786.37980663405
2361	46786.37980663405
2362	46786.37980663405
2363	46786.37980663405
2364	46786.37980663405
2365	46786.37980663405
2366	46786.37980663405
2367	46786.37980663405
2368	46786.37980663405
2369	46786.37980663405
2370	46786.37980663405
2371	46786.37980663405
2372	46786.37980663405
2373	46786.37980663405
2374	46786.37980663405
2375	46786.37980663405
2376	46786.37980663405
2377	46786.37980663405
2378	46786.37980663405
2379	46786.37980663405
2380	46786.37980663405
2381	46786.37980663405
2382	46786.37980663405
2383	46786.37980663405
2384	46786.37980663405
2385	46786.37980663405
2386	46786.37980663405
2387	46786.37980663405
2388	46786.37980663405
2389	46786.37980663405
2390	46786.37980663405
2391	46786.37980663405
2392	46786.37980663405
2393	46786.37980663405
2394	46786.37980663405
2395	46786.37980663405
2396	46786.37980663405
2397	46786.37980663405
2398	46786.37980663405
2399	46786.37980663405
2400	46786.37980663405
2401	46786.37980663405
2402	46786.37980663405
2403	46786.37980663405
2404	46786.37980663405
2405	46786.37980663405
2406	46786.37980663405
2407	46786.37980663405
2408	46786.37980663405
2409	46786.37980663405
2410	46786.37980663405
2411	46786.37980663405
2412	46786.37980663405
2413	46786.37980663405
2414	46786.37980663405
2415	46786.37980663405
2416	46786.37980663405
2417	46786.37980663405
2418	46786.37980663405
2419	46786.37980663405
2420	46786.37980663405
2421	46786.37980663405
2422	46786.37980663405
2423	46786.37980663405
2424	46786.37980663405
2425	46786.37980663405
2426	46786.37980663405
2427	46786.37980663405
2428	46786.37980663405
2429	46786.37980663405
2430	46786.37980663405
2431	46786.37980663405
2432	46786.37980663405
2433	46786.37980663405
2434	46786.37980663405
2435	46786.37980663405
2436	46786.37980663405
2437	46786.37980663405
2438	46786.37980663405
2439	46786.37980663405
2440	46786.37980663405
2441	46786.37980663405
2442	46786.37980663405
2443	46786.37980663405
2444	46786.37980663405
2445	46786.37980663405
2446	46786.37980663405
2447	46786.37980663405
2448	46786.37980663405
2449	46786.37980663405
2450	46786.37980663405
2451	46786.37980663405
2452	46786.37980663405
2453	46786.37980663405
2454	46786.37980663405
2455	46786.37980663405
2456	46786.37980663405
2457	46786.37980663405
2458	46786.37980663405
2459	46786.37980663405
2460	46786.37980663405
2461	46786.37980663405
2462	46786.37980663405
2463	46786.37980663405
2464	46786.37980663405
2465	46786.37980663405
2466	46786.37980663405
2467	46786.37980663405
2468	46786.37980663405
2469	46786.37980663405
2470	46786.37980663405
2471	46786.37980663405
2472	46786.37980663405
2473	46786.37980663405
2474	46640.96837859354
2475	46640.96837859354
2476	46640.96837859354
2477	46640.96837859354
2478	46640.96837859354
2479	46640.96837859354
2480	46640.96837859354
2481	46640.96837859354
2482	46640.96837859354
2483	46640.96837859354
2484	46640.96837859354
2485	46640.96837859354
2486	46640.96837859354
2487	46640.96837859354
2488	46640.96837859354
2489	46437.485248245255
2490	46437.485248245255
2491	46437.485248245255
2492	46437.485248245255
2493	46437.485248245255
2494	46437.485248245255
2495	46437.485248245255
2496	46437.485248245255
2497	46437.485248245255
2498	46437.485248245255
2499	46437.485248245255
2500	46437.485248245255
2501	46437.485248245255
2502	46437.485248245255
2503	46437.485248245255
2504	46437.485248245255
2505	46437.485248245255
2506	46315.56819853882
2507	46315.56819853882
2508	46315.56819853882
2509	46315.56819853882
2510	46315.56819853882
2511	46315.56819853882
2512	46315.56819853882
2513	46315.56819853882
2514	46315.56819853882
2515	46315.56819853882
2516	46315.56819853882
2517	46315.56819853882
2518	46315.56819853882
2519	46315.56819853882
2520	46315.56819853882
2521	46315.56819853882
2522	46315.56819853882
2523	46315.56819853882
2524	46315.56819853882
2525	46315.56819853882
2526	46315.56819853882
2527	46315.56819853882
2528	46315.56819853882
2529	46315.56819853882
2530	46315.56819853882
2531	46315.56819853882
2532	46315.56819853882
2533	46315.56819853882
2534	46315.56819853882
2535	46315.56819853882
2536	46315.56819853882
2537	46315.56819853882
2538	46315.56819853882
2539	46315.56819853882
2540	46315.56819853882
2541	46315.56819853882
2542	46315.56819853882
2543	46315.56819853882
2544	46315.56819853882
2545	46315.56819853882
2546	46315.56819853882
2547	46315.56819853882
2548	46315.56819853882
2549	46315.56819853882
2550	46315.56819853882
2551	46315.56819853882
2552	46315.56819853882
2553	46315.56819853882
2554	46315.56819853882
2555	46315.56819853882
2556	46315.56819853882
2557	46315.56819853882
2558	46315.56819853882
2559	46315.56819853882
2560	46315.56819853882
2561	46315.56819853882
2562	46315.56819853882
2563	46315.56819853882
2564	46315.56819853882
2565	46315.56819853882
2566	46315.56819853882
2567	46315.56819853882
2568	46315.56819853882
2569	46315.56819853882
2570	46315.56819853882
2571	46315.56819853882
2572	46315.56819853882
2573	46315.56819853882
2574	46315.56819853882
2575	46315.56819853882
2576	46315.56819853882
2577	46315.56819853882
2578	46315.56819853882
2579	46315.56819853882
2580	46315.56819853882
2581	46315.56819853882
2582	46315.56819853882
2583	46315.56819853882
2584	46315.56819853882
2585	46315.56819853882
2586	46315.56819853882
2587	46315.56819853882
2588	46315.56819853882
2589	46315.56819853882
2590	46315.56819853882
2591	46315.56819853882
2592	46315.56819853882
2593	46315.56819853882
2594	46315.56819853882
2595	46315.56819853882
2596	46315.56819853882
2597	46315.56819853882
2598	46315.56819853882
2599	46315.56819853882
2600	46315.56819853882
2601	46315.56819853882
2602	46315.56819853882
2603	46315.56819853882
2604	46315.56819853882
2605	46315.56819853882
2606	46315.56819853882
2607	46315.56819853882
2608	46315.56819853882
2609	46315.56819853882
2610	46315.56819853882
2611	46315.56819853882
2612	46315.56819853882
2613	46315.56819853882
2614	46315.56819853882
2615	46315.56819853882
2616	46315.56819853882
2617	46315.56819853882
2618	46315.56819853882
2619	46315.56819853882
2620	46315.56819853882
2621	46315.56819853882
2622	46315.56819853882
2623	46315.56819853882
2624	46315.56819853882
2625	46315.56819853882
2626	46315.56819853882
2627	46315.56819853882
2628	46315.56819853882
2629	46315.56819853882
2630	46315.56819853882
2631	46315.56819853882
2632	46315.56819853882
2633	46315.56819853882
2634	46315.56819853882
2635	46315.56819853882
2636	46315.56819853882
2637	46315.56819853882
2638	46315.56819853882
2639	46315.56819853882
2640	46315.56819853882
2641	46315.56819853882
2642	46315.56819853882
2643	46315.56819853882
2644	46315.56819853882
2645	46315.56819853882
2646	46315.56819853882
2647	46315.56819853882
2648	46315.56819853882
2649	46315.56819853882
2650	46315.56819853882
2651	46315.56819853882
2652	46315.56819853882
2653	46315.56819853882
2654	46315.56819853882
2655	46315.56819853882
2656	46315.56819853882
2657	46315.56819853882
2658	46315.56819853882
2659	46315.56819853882
2660	46315.56819853882
2661	46315.56819853882
2662	46315.56819853882
2663	46287.737970926486
2664	46287.737970926486
2665	46287.737970926486
2666	46287.737970926486
2667	46287.737970926486
2668	46287.737970926486
2669	46287.737970926486
2670	46287.737970926486
2671	46287.737970926486
2672	46287.737970926486
2673	46287.737970926486
2674	46287.737970926486
2675	46287.737970926486
2676	46287.737970926486
2677	46287.737970926486
2678	46287.737970926486
2679	46287.737970926486
2680	46287.737970926486
2681	46287.737970926486
2682	46287.737970926486
2683	46287.737970926486
2684	46287.737970926486
2685	46287.737970926486
2686	46287.737970926486
2687	46287.737970926486
2688	46287.737970926486
2689	46287.737970926486
2690	46287.737970926486
2691	46287.737970926486
2692	46287.737970926486
2693	46287.737970926486
2694	46287.737970926486
2695	46287.737970926486
2696	46287.737970926486
2697	46287.737970926486
2698	46287.737970926486
2699	46287.737970926486
2700	46287.737970926486
2701	46287.737970926486
2702	46287.737970926486
2703	46287.737970926486
2704	46287.737970926486
2705	46287.737970926486
2706	46287.737970926486
2707	46287.737970926486
2708	46287.737970926486
2709	46287.737970926486
2710	46287.737970926486
2711	46287.737970926486
2712	46287.737970926486
2713	46287.737970926486
2714	46287.737970926486
2715	46287.737970926486
2716	46287.737970926486
2717	46287.737970926486
2718	46287.737970926486
2719	46287.737970926486
2720	46287.737970926486
2721	46287.737970926486
2722	46287.737970926486
2723	46287.737970926486
2724	46287.737970926486
2725	46287.737970926486
2726	46287.737970926486
2727	46287.737970926486
2728	46287.737970926486
2729	46287.737970926486
2730	46287.737970926486
2731	46287.737970926486
2732	46287.737970926486
2733	46287.737970926486
2734	46287.737970926486
2735	46287.737970926486
2736	46287.737970926486
2737	46287.737970926486
2738	46287.737970926486
2739	46287.737970926486
2740	46287.737970926486
2741	46287.737970926486
2742	46287.737970926486
2743	46287.737970926486
2744	46287.737970926486
2745	46287.737970926486
2746	46287.737970926486
2747	46287.737970926486
2748	46287.737970926486
2749	46287.737970926486
2750	46287.737970926486
2751	46287.737970926486
2752	46287.737970926486
2753	46287.737970926486
2754	46287.737970926486
2755	46287.737970926486
2756	46287.737970926486
2757	46287.737970926486
2758	46287.737970926486
2759	46287.737970926486
2760	46287.737970926486
2761	46287.737970926486
2762	46287.737970926486
2763	46287.737970926486
2764	46287.737970926486
2765	46287.737970926486
2766	46287.737970926486
2767	46287.737970926486
2768	46287.737970926486
2769	46287.737970926486
2770	46287.737970926486
2771	46287.737970926486
2772	46287.737970926486
2773	46287.737970926486
2774	46287.737970926486
2775	46287.737970926486
2776	46287.737970926486
2777	46287.737970926486
2778	46287.737970926486
2779	46287.737970926486
2780	46287.737970926486
2781	46287.737970926486
2782	46287.737970926486
2783	46287.737970926486
2784	46287.737970926486
2785	46287.737970926486
2786	46287.737970926486
2787	46287.737970926486
2788	46287.737970926486
2789	46287.737970926486
2790	46287.737970926486
2791	46287.737970926486
2792	46287.737970926486
2793	46287.737970926486
2794	46287.737970926486
2795	46287.737970926486
2796	46287.737970926486
2797	46287.737970926486
2798	46287.737970926486
2799	46287.737970926486
2800	46287.737970926486
2801	46287.737970926486
2802	46287.737970926486
2803	46287.737970926486
2804	46287.737970926486
2805	46287.737970926486
2806	46287.737970926486
2807	46287.737970926486
2808	46287.737970926486
2809	46287.737970926486
2810	46287.737970926486
2811	46287.737970926486
2812	46287.737970926486
2813	46287.737970926486
2814	46287.737970926486
2815	46287.737970926486
2816	46287.737970926486
2817	46287.737970926486
2818	46287.737970926486
2819	46287.737970926486
2820	46287.737970926486
2821	46287.737970926486
2822	46287.737970926486
2823	46287.737970926486
2824	46287.737970926486
2825	46287.737970926486
2826	46287.737970926486
2827	46287.737970926486
2828	46287.737970926486
2829	46287.737970926486
2830	46287.737970926486
2831	46287.737970926486
2832	46287.737970926486
2833	46287.737970926486
2834	46287.737970926486
2835	46287.737970926486
2836	46287.737970926486
2837	46287.737970926486
2838	46287.737970926486
2839	46287.737970926486
2840	46287.737970926486
2841	46287.737970926486
2842	46269.126411838195
2843	46269.126411838195
2844	46269.126411838195
2845	46269.126411838195
2846	46269.126411838195
2847	46269.126411838195
2848	46269.126411838195
2849	46269.126411838195
2850	46269.126411838195
2851	46269.126411838195
2852	46269.126411838195
2853	46269.126411838195
2854	46269.126411838195
2855	46269.126411838195
2856	46269.126411838195
2857	46269.126411838195
2858	46269.126411838195
2859	46130.92648931273
2860	46130.92648931273
2861	46130.92648931273
2862	46130.92648931273
2863	46130.92648931273
2864	46130.92648931273
2865	46130.92648931273
2866	46130.92648931273
2867	46130.92648931273
2868	46130.92648931273
2869	46130.92648931273
2870	46130.92648931273
2871	46130.92648931273
2872	46130.92648931273
2873	46130.92648931273
2874	46130.92648931273
2875	46130.92648931273
2876	46130.92648931273
2877	46130.92648931273
2878	46130.92648931273
2879	46130.92648931273
2880	46130.92648931273
2881	46130.92648931273
2882	46130.92648931273
2883	46130.92648931273
2884	46130.92648931273
2885	46130.92648931273
2886	46130.92648931273
2887	46130.92648931273
2888	46130.92648931273
2889	46130.92648931273
2890	46130.92648931273
2891	46130.92648931273
2892	46130.92648931273
2893	46130.92648931273
2894	46130.92648931273
2895	46130.92648931273
2896	46130.92648931273
2897	46130.92648931273
2898	46130.92648931273
2899	46130.92648931273
2900	46130.92648931273
2901	46130.92648931273
2902	46130.92648931273
2903	46130.92648931273
2904	46130.92648931273
2905	46130.92648931273
2906	46130.92648931273
2907	46130.92648931273
2908	46130.92648931273
2909	46130.92648931273
2910	46130.92648931273
2911	46130.92648931273
2912	45834.30295297256
2913	45834.30295297256
2914	45834.30295297256
2915	45834.30295297256
2916	45834.30295297256
2917	45834.30295297256
2918	45834.30295297256
2919	45834.30295297256
2920	45834.30295297256
2921	45834.30295297256
2922	45834.30295297256
2923	45834.30295297256
2924	45834.30295297256
2925	45834.30295297256
2926	45834.30295297256
2927	45834.30295297256
2928	45834.30295297256
2929	45834.30295297256
2930	45834.30295297256
2931	45834.30295297256
2932	45834.30295297256
2933	45834.30295297256
2934	45834.30295297256
2935	45834.30295297256
2936	45834.30295297256
2937	45834.30295297256
2938	45834.30295297256
2939	45808.121426539125
2940	45808.121426539125
2941	45808.121426539125
2942	45808.121426539125
2943	45808.121426539125
2944	45808.121426539125
2945	45808.121426539125
2946	45808.121426539125
2947	45808.121426539125
2948	45808.121426539125
2949	45808.121426539125
2950	45808.121426539125
2951	45808.121426539125
2952	45808.121426539125
2953	45808.121426539125
2954	45808.121426539125
2955	45808.121426539125
2956	45808.121426539125
2957	45808.121426539125
2958	45808.121426539125
2959	45808.121426539125
2960	45808.121426539125
2961	45808.121426539125
2962	45808.121426539125
2963	45808.121426539125
2964	45808.121426539125
2965	45808.121426539125
2966	45808.121426539125
2967	45808.121426539125
2968	45808.121426539125
2969	45808.121426539125
2970	45808.121426539125
2971	45808.121426539125
2972	45808.121426539125
2973	45808.121426539125
2974	45808.121426539125
2975	45808.121426539125
2976	45808.121426539125
2977	45808.121426539125
2978	45808.121426539125
2979	45808.121426539125
2980	45808.121426539125
2981	45808.121426539125
2982	45808.121426539125
2983	45808.121426539125
2984	45808.121426539125
2985	45808.121426539125
2986	45808.121426539125
2987	45808.121426539125
2988	45808.121426539125
2989	45808.121426539125
2990	45808.121426539125
2991	45808.121426539125
2992	45808.121426539125
2993	45808.121426539125
2994	45808.121426539125
2995	45808.121426539125
2996	45808.121426539125
2997	45808.121426539125
2998	45808.121426539125
2999	45808.121426539125
3000	45808.121426539125
