1	533.2476295306071
2	498.345316255792
3	469.59719405608877
4	442.23262646733593
5	422.15656362401285
6	406.2283704365934
7	395.92105871679973
8	382.8692704689713
9	369.9488964761493
10	352.89774655167366
11	342.598383534545
12	333.1685209633868
13	318.16819195046224
14	304.3130571937015
15	292.31202898460276
16	290.14646432624784
17	284.32392065095524
18	271.3531783930427
19	265.8436728114913
20	260.13041735561495
21	248.7238593353501
22	242.7149777581965
23	234.25417292678898
24	233.77043904720978
25	224.0892276342946
26	219.9271201521152
27	210.9314254404025
28	208.6065967993391
29	198.79983210056687
30	195.12451447019995
31	192.78666047851073
32	189.5685525971633
33	185.67291544048214
34	184.06265038470153
35	179.29571554506
36	175.9311694936014
37	173.6616202686884
38	168.6919478489926
39	165.49580812371966
40	163.89105488379255
41	163.05141255379186
42	159.37492405731626
43	156.8474913531935
44	155.7204251979895
45	153.7501847003164
46	152.45638551533855
47	148.50004339491068
48	144.11110209757032
49	141.9567801940231
50	138.59667469773896
51	135.77123094922214
52	130.34227712849773
53	127.64174162192118
54	123.86466444028703
55	121.83172405472014
56	117.74111341367447
57	115.94981154700778
58	113.6834490071073
59	112.78592189442674
60	111.86863815836995
61	110.65625761840076
62	107.74403313356888
63	104.71207887174138
64	102.64852211799801
65	100.13824043880207
66	97.74600644222042
67	94.59597791024277
68	93.65446390612202
69	91.72185006596219
70	89.95969571259731
71	89.52868825301194
72	87.96905093860413
73	87.10813447191671
74	85.57185379187968
75	83.90083530911174
76	82.72587565433204
77	80.45283674344026
78	79.66486689164475
79	79.1732346823997
80	77.40131387991921
81	76.00551416291827
82	73.38370439877842
83	71.94419733722926
84	70.22010402603529
85	69.0522086678617
86	67.29093591435908
87	66.21052278021277
88	65.4070664644765
89	63.85076296098246
90	63.636377381389686
91	63.13531205697068
92	62.27186956638696
93	59.92492205232533
94	58.828590907019155
95	57.10082254586164
96	56.52414012692197
97	55.62530286730641
98	55.623125466075635
99	55.0168516086514
100	53.79852431925898
101	52.37298299857074
102	50.60456586859804
103	49.26265487960983
104	47.99575080990037
105	47.809799613574164
106	47.5609973325912
107	46.622756038031994
108	45.298290776363864
109	44.38887693729281
110	44.383816094830834
111	43.53712192324937
112	42.143311726995115
113	41.55830352209648
114	40.34666474302423
115	39.39136928073274
116	39.20470276416973
117	38.81438690441423
118	38.00233748963736
119	37.49070796518974
120	37.132947209163866
121	36.04601180952279
122	35.983629651506575
123	35.418376927684236
124	34.90012414015379
125	33.81227157369652
126	33.155857412710404
127	32.99161386423317
128	32.872028140972525
129	32.33622670125888
130	31.43352076674528
131	30.84893619738084
132	29.74143894771352
133	29.327653966142044
134	28.799624973510515
135	28.68143141871221
136	28.16856142155656
137	27.380559198231577
138	26.769371738798117
139	26.317961132357333
140	25.755752258292834
141	25.46823240483671
142	25.242741101358714
143	24.948454063760376
144	24.339846307656344
145	24.017745596991563
146	22.99142119610294
147	22.636185119049546
148	22.4309819207613
149	22.25952303242137
150	21.832484734514864
151	21.634897174025568
152	21.07816496035406
153	20.585121228939045
154	20.427349270473144
155	19.80033501790298
156	19.50976047929699
157	19.244581802572647
158	19.02508278939926
159	18.95771550072941
160	18.663814350201978
161	18.258367212762096
162	18.036510303032685
163	17.90176242150203
164	17.659504943964173
165	17.26637006739555
166	17.059413927264774
167	16.94523214112964
168	16.618264355600402
169	16.563779799676322
170	16.265271837242707
171	15.882123513926018
172	15.517550259203714
173	15.256383911693014
174	14.913222572461121
175	14.846889956244203
176	14.179513765357562
177	14.151744721493662
178	13.968435995815476
179	13.892953567666696
180	13.75603514951421
181	13.441048124718197
182	13.079055976143211
183	13.000497539507721
184	12.749051018994159
185	12.675826626351526
186	12.39669038441885
187	12.33924586445833
188	12.152877186442533
189	11.82054746169945
190	11.736358604527936
191	11.52811628184307
192	11.400077567248633
193	11.262054846180037
194	11.196192249420193
195	11.076282430272821
196	10.9897658442138
197	10.831543113241942
198	10.618075566973731
199	10.451625424705027
200	10.372945557584359
201	10.250422581645756
202	10.111453022969894
203	9.957826615469846
204	9.895990760333927
205	9.545766344721471
206	9.381091757415494
207	9.279350596802647
208	9.205767371466658
209	9.028339448624624
210	8.963049164491363
211	8.788262985410189
212	8.717356860261484
213	8.544570235841972
214	8.304092621002473
215	8.12930978054163
216	8.026022901890256
217	7.862201980468995
218	7.803705108212833
219	7.640246709193629
220	7.506210441115129
221	7.35409745591495
222	7.11258540554861
223	7.0096703884922205
224	6.907875971050103
225	6.818976233841414
226	6.771308549859528
227	6.660305945711635
228	6.634264720109436
229	6.575958433319019
230	6.407661027537793
231	6.295676394671008
232	6.280863107029797
233	6.233482407585359
234	6.15460969510788
235	6.046949584183419
236	5.958139548068457
237	5.904178468066658
238	5.840364709860838
239	5.678244270430766
240	5.610811765926654
241	5.561563620189655
242	5.49290345264138
243	5.400168149825192
244	5.257295607629136
245	5.170021548010045
246	5.1157482570105195
247	5.06991374759592
248	5.049002387100562
249	4.955809184190303
250	4.87754183664371
251	4.764833642526864
252	4.745591966731669
253	4.716498296626659
254	4.62037498484522
255	4.563783682066265
256	4.48543534972274
257	4.430338301432958
258	4.403738820865572
259	4.344795711372556
260	4.2765891220749905
261	4.20287306741817
262	4.168809258383777
263	4.162522242597221
264	4.1105725290796045
265	4.060175544483064
266	4.037899824420638
267	3.9280266980560286
268	3.8265169014777958
269	3.808771771922798
270	3.688548134059209
271	3.589708977164605
272	3.5699566731934462
273	3.526987646610805
274	3.47821178579517
275	3.4770455308765356
276	3.4539860222458363
277	3.4366210746944006
278	3.369921072422913
279	3.295372505936009
280	3.2453231831615836
281	3.1974261160805786
282	3.1804472409164055
283	3.1422789480518096
284	3.1148812429047834
285	3.102031101635119
286	3.0241336559962573
287	2.9662416954884194
288	2.9543342167570463
289	2.937580995473103
290	2.9007882155899174
291	2.8665292905603814
292	2.8452554175928606
293	2.8082308579502047
294	2.760691722518678
295	2.7300074198065456
296	2.7029724225370146
297	2.6956774607350424
298	2.6737528696037294
299	2.6490089447056793
300	2.6231445869433836
301	2.62014127955225
302	2.595076211436545
303	2.5618838001555124
304	2.5154630946198098
305	2.482074493010566
306	2.45418058380193
307	2.4321938663830385
308	2.397777389459307
309	2.3875737615729316
310	2.3618737019115223
311	2.33903692152787
312	2.320072476883641
313	2.30980081438031
314	2.2717378849683025
315	2.256727077239568
316	2.241882151389931
317	2.2136345589309703
318	2.201232914056134
319	2.188970070695501
320	2.164209748185366
321	2.1345262196863146
322	2.126947867213707
323	2.1220144055003543
324	2.1161410045861477
325	2.095579027334558
326	2.0951473945099046
327	2.062288546032166
328	2.0355239832052514
329	2.0179565304669187
330	2.0015607095817973
331	1.993786216460503
332	1.992076903285033
333	1.9749536969653838
334	1.949744049106392
335	1.9383338866716397
336	1.918201887588055
337	1.895344039098488
338	1.8765713441206378
339	1.869588620711604
340	1.8571147933094272
341	1.8437400804829458
342	1.8327148472032093
343	1.8123455339455932
344	1.7947869500684026
345	1.7693412796272683
346	1.7601632059747074
347	1.7371793583701272
348	1.7322078945590036
349	1.7294766920906592
350	1.7212944554700154
351	1.7162420281536201
352	1.7005733750138554
353	1.6952557833516368
354	1.6884658558390655
355	1.657084755502951
356	1.6527545932753074
357	1.636761088429433
358	1.6240249212917024
359	1.6187632287961427
360	1.6082136425695788
361	1.6035197443063391
362	1.58378820535085
363	1.5744737420028594
364	1.5622659693356615
365	1.5474032554970782
366	1.5319092353614525
367	1.5160776318910811
368	1.50777082568199
369	1.5068485595778778
370	1.5051634491767685
371	1.4991494795927947
372	1.4943089395068057
373	1.4888516446445061
374	1.484861975833968
375	1.4760880892828991
376	1.4650261365005934
377	1.457481048901108
378	1.447864460744227
379	1.4435524322106388
380	1.4419543934636854
381	1.4212062454941534
382	1.4138152013813465
383	1.4068736248587006
384	1.3969984387992447
385	1.3907381141967299
386	1.3852078262154583
387	1.3784000560244734
388	1.3759100011973913
389	1.3625633476058412
390	1.3583194480772396
391	1.353489575063715
392	1.3512654995806368
393	1.3487621029834793
394	1.3456058731297686
395	1.3390923270114936
396	1.3334922451443751
397	1.3299806384036543
398	1.3207628188826939
399	1.3203404406413242
400	1.315381403426161
401	1.309456044340754
402	1.303148671706426
403	1.299796837444853
404	1.2911154600276595
405	1.285827140343006
406	1.2826348995977581
407	1.280766386944771
408	1.2741179613671072
409	1.2700810637977993
410	1.2616242308386987
411	1.2604253025887606
412	1.2559914083800805
413	1.254691456107137
414	1.2503068202435552
415	1.2415538273707678
416	1.2397714354477813
417	1.2373587029210114
418	1.2342781210677203
419	1.2291850949761802
420	1.2248621597673557
421	1.2227442783460758
422	1.2191155958903444
423	1.215932481047657
424	1.2097911562896
425	1.20360868933605
426	1.2007083765782667
427	1.1991879907349032
428	1.197880969671599
429	1.191151717766207
430	1.189395987276664
431	1.1865266371521412
432	1.1856506173142618
433	1.182842555241432
434	1.1761469344803406
435	1.1702451924092125
436	1.1663416472338528
437	1.1643452818198938
438	1.1625443282390355
439	1.1611844592195024
440	1.1602210147885768
441	1.1570411856764504
442	1.1551974462678627
443	1.1522782021649316
444	1.1507021612979336
445	1.145719723165147
446	1.1442064723440026
447	1.1440664271976049
448	1.1421731541024553
449	1.1404374141322966
450	1.1371622896035112
451	1.1344411234502063
452	1.1326574727383618
453	1.1304859216397274
454	1.1296694886520495
455	1.1286923759492782
456	1.1272867048344286
457	1.125803345194651
458	1.1211047739352695
459	1.117034080168407
460	1.1143180421400498
461	1.1142166921092909
462	1.1119168943828321
463	1.109500846690485
464	1.1066616636389837
465	1.1042229069466303
466	1.1033611887233248
467	1.1015368412070252
468	1.1005811996243815
469	1.1001435873359768
470	1.0980039512178479
471	1.0959224922396695
472	1.093514570145109
473	1.0899851458876173
474	1.0890678069421507
475	1.087734697480771
476	1.0866691873815824
477	1.086629782341143
478	1.0854712665869826
479	1.0852908280306761
480	1.0841780526513225
481	1.0820066263258192
482	1.0818801649434786
483	1.0796757297474222
484	1.0788175989483177
485	1.0773709417365704
486	1.0757254334474373
487	1.0752288674293005
488	1.0737258404778676
489	1.0715834856840776
490	1.0698023558224514
491	1.0690110200727576
492	1.0688133624044966
493	1.067800994320276
494	1.0677262901510427
495	1.0667928024188298
496	1.0663766939461012
497	1.0656275667115707
498	1.0645124208637038
499	1.0631551753622466
500	1.0619787549788744
501	1.0606898501520923
502	1.0596238188545735
503	1.058943539835714
504	1.0570894147320196
505	1.0556903693811062
506	1.0547271631812098
507	1.0542100895941444
508	1.052026009020345
509	1.0513500502646054
510	1.0506961386184281
511	1.0497238437620058
512	1.0485153185954235
513	1.047799624882002
514	1.0474381969257431
515	1.0466030681566392
516	1.0447564710978714
517	1.0436061532841936
518	1.0431524578583742
519	1.0425169412207091
520	1.0416456686302342
521	1.0403698490976152
522	1.0399250448148283
523	1.0388108349733132
524	1.0384609922180863
525	1.0377317923530216
526	1.0374588478350408
527	1.0349237415208759
528	1.0342963525377076
529	1.0339241910493466
530	1.0336239854932139
531	1.0330189197996396
532	1.03212639496987
533	1.0305932287013857
534	1.0301640963149248
535	1.0291417548578183
536	1.0284866920345066
537	1.0266085088150982
538	1.0249759935437572
539	1.0237585246022396
540	1.0233342065943738
541	1.018442712756848
542	1.0163261161818598
543	1.015908275804336
544	1.015364668730829
545	1.0147301069525407
546	1.011920055870374
547	1.0109715671705113
548	1.0109624866389901
549	1.0105085992867904
550	1.0098734860458631
551	1.009268880706579
552	1.0056205538652543
553	1.001590923993215
554	0.9975231290898727
555	0.9970334259771857
556	0.9960663354832436
557	0.9950025746530119
558	0.9943139726817787
559	0.9918689926256236
560	0.9911423480922253
561	0.9908372775819234
562	0.9896966575876298
563	0.9887933338678889
564	0.9823302001183195
565	0.9801511432770033
566	0.9760644828701253
567	0.974320904785402
568	0.9738314894993412
569	0.9708872260496155
570	0.9702024784893002
571	0.9691398008757408
572	0.966927384794212
573	0.9629628367672729
574	0.9614799993910897
575	0.9552574083077303
576	0.9520715457391027
577	0.9508384657066244
578	0.9490895600327814
579	0.9446384182540287
580	0.9440957464006293
581	0.9345709517094332
582	0.9328198903726531
583	0.9301278941965394
584	0.9276024414448547
585	0.9268757524042733
586	0.9221074624911076
587	0.9183149059284799
588	0.9157297378751974
589	0.9124502435259185
590	0.9104719455645693
591	0.9057573350696263
592	0.901946300228801
593	0.8977020452675506
594	0.8951859027448575
595	0.8935751983916121
596	0.8874899013080627
597	0.8864325631066877
598	0.8840531619605425
599	0.8733850152105375
600	0.8704643706884222
601	0.8680260608092204
602	0.8640152696921677
603	0.8533516253040112
604	0.8473394796311247
605	0.8456212016409297
606	0.8429337377776531
607	0.8407547592558341
608	0.8344637627245522
609	0.832006039716628
610	0.8314463189386163
611	0.8277168210082225
612	0.8257180521419812
613	0.8234435196049893
614	0.820965215362011
615	0.8203609068864689
616	0.8179127426410085
617	0.816030168688451
618	0.8083667271594736
619	0.8048618572809703
620	0.8032756591314584
621	0.8030527189517702
622	0.7952263616112625
623	0.7904747572943033
624	0.790468453386648
625	0.7869802253976592
626	0.7850331234236901
627	0.7837064052576762
628	0.7821515735408587
629	0.7816598930060169
630	0.7769921712240815
631	0.7705654721201168
632	0.7703767280590113
633	0.7681355136452175
634	0.7655213509479818
635	0.7651064598601284
636	0.7629220993198496
637	0.7587214026706011
638	0.7583187220687048
639	0.7566953592661129
640	0.7531349398656287
641	0.74175111687278
642	0.7370973226387828
643	0.7369504246003745
644	0.7309185965677111
645	0.7260489331444965
646	0.7244156618529076
647	0.7153278148890878
648	0.713317462895117
649	0.7125611708504206
650	0.707313513886533
651	0.7024648080042091
652	0.6996283466728601
653	0.6930236866095584
654	0.6887944396271081
655	0.6851938174722793
656	0.6841624087912782
657	0.6832718850179591
658	0.6800919658993009
659	0.6699637573575163
660	0.6589558308432512
661	0.6571558785794573
662	0.6529247870493555
663	0.6441699072150299
664	0.6417533407921348
665	0.6411943800540753
666	0.640328335786953
667	0.6332751948750772
668	0.6308061881268918
669	0.6284779465948447
670	0.62548355757532
671	0.6250836233760365
672	0.6222384366437034
673	0.6193278042238676
674	0.6170082491042662
675	0.6110141467676689
676	0.6054824244369944
677	0.6013741648549522
678	0.599280462692028
679	0.5891228985378284
680	0.5827236164818163
681	0.5821516577950968
682	0.5820511260771802
683	0.5816262019424989
684	0.5811081249752876
685	0.5623136881951735
686	0.5597961104312947
687	0.5582281372927226
688	0.5550688660612038
689	0.5482443865831549
690	0.5364569115885867
691	0.5353395150804358
692	0.5335175750127514
693	0.5301786349993588
694	0.5285565271387376
695	0.5277178711985661
696	0.5255545930694752
697	0.5189290912039088
698	0.5173150075528316
699	0.5148802685291703
700	0.5144333170687195
701	0.5117337048436924
702	0.5099957893152849
703	0.5079268754776144
704	0.505347604544679
705	0.5038470090473514
706	0.49791224394929645
707	0.4978829577615974
708	0.4976479234030198
709	0.48155922716539123
710	0.47841357598644935
711	0.4661930128441824
712	0.46488859227756657
713	0.4620314694090078
714	0.45627803282239404
715	0.4530226411610555
716	0.45090995169988707
717	0.44810575700908095
718	0.4451389111096103
719	0.4450987550643272
720	0.4429891703627077
721	0.4424504452506913
722	0.44062976332438475
723	0.436198661423034
724	0.4346162167933857
725	0.4338276721656498
726	0.4331481197329627
727	0.4325898325387319
728	0.43165017853959997
729	0.4182049285734939
730	0.41802609537149454
731	0.4171362533483807
732	0.4134370078798006
733	0.41226744654852837
734	0.4107792696667166
735	0.40758603194087345
736	0.4068561155159982
737	0.4061767377234666
738	0.40457885384208225
739	0.4041935801682415
740	0.4037489369765868
741	0.40083612958297116
742	0.39834103869795784
743	0.3961428721547841
744	0.3958721032451225
745	0.39429858177319105
746	0.3938691597292934
747	0.3919065930578131
748	0.39097135133134553
749	0.3906893674506561
750	0.38610733424481836
751	0.3857347748526897
752	0.3851002045854878
753	0.3815750892968618
754	0.3791982215097328
755	0.37893004066653463
756	0.37272422942601935
757	0.3708081611309627
758	0.3703125351329593
759	0.36982995802900004
760	0.3691971146803874
761	0.3661967016842122
762	0.36583831071533024
763	0.3620004158724557
764	0.36114046940711836
765	0.3605510818392663
766	0.3598952815714582
767	0.35435804428860396
768	0.35315603781473903
769	0.3513586065452539
770	0.3495289312296794
771	0.3493176807025466
772	0.3410358315078404
773	0.3386566572142434
774	0.33806182146059094
775	0.33672780001463387
776	0.3352331759818286
777	0.33205850670790055
778	0.33141187531193683
779	0.3287368786637244
780	0.32849745793817803
781	0.32758107136157805
782	0.3260536086733794
783	0.32495769469881547
784	0.3242628263269998
785	0.32183641053631784
786	0.3216104021623843
787	0.3212150109137789
788	0.32067367136473585
789	0.31476699157769306
790	0.313899887819197
791	0.31264841175917213
792	0.3087677407395898
793	0.3070492939897627
794	0.30504939134003056
795	0.30504682237489084
796	0.30278626421577365
797	0.3026630549189742
798	0.3018360757028334
799	0.29993726055791564
800	0.29640369948715545
801	0.29546247012755167
802	0.2931081562691198
803	0.29310568804304993
804	0.28922015688190406
805	0.2890852263332833
806	0.2886922372606101
807	0.28816580066649133
808	0.2872531309793757
809	0.28675619376045464
810	0.2852040397342701
811	0.27771618609960685
812	0.2767186886201917
813	0.2763407423707839
814	0.27613342760200976
815	0.2701683310274335
816	0.2687563651674864
817	0.26431648152950243
818	0.2640821255677777
819	0.2586210329251565
820	0.25735899844743837
821	0.25217399485562175
822	0.25194649020651566
823	0.25184996717444064
824	0.2506060342368384
825	0.24779492153913119
826	0.24705225844820428
827	0.2459475766703905
828	0.24572445516364444
829	0.24328818967854465
830	0.2426473190629085
831	0.23966059110004348
832	0.23944109909915948
833	0.23653020905701652
834	0.2359176437028598
835	0.2355369929915476
836	0.23553000128982682
837	0.23537386300267116
838	0.2348893110031412
839	0.2348701200583156
840	0.23439777110748675
841	0.23437611145770043
842	0.23083992285272048
843	0.2299702889005638
844	0.22862378871764175
845	0.22768179502043875
846	0.22525496317186985
847	0.2250246295223114
848	0.22456950510648968
849	0.22388097838476942
850	0.22363703529704998
851	0.2231601825209058
852	0.22254928917254033
853	0.2215419292609693
854	0.22147031871166434
855	0.22136385195215597
856	0.2205179001943901
857	0.2192771478780541
858	0.2172672655746462
859	0.2171683612916162
860	0.21693654623630115
861	0.21688265353632014
862	0.21666151687931717
863	0.21521218089904953
864	0.21475556218803707
865	0.2135040942337259
866	0.21314328922265247
867	0.2111707686643332
868	0.21081051447837892
869	0.21069249177891874
870	0.21064404368780137
871	0.2105134254756038
872	0.21023211725436783
873	0.21015391154428784
874	0.20750817526469323
875	0.20736111841556612
876	0.20699974986371092
877	0.2065607656111239
878	0.20617352403735317
879	0.2057999977127204
880	0.20566207579476636
881	0.20547069460899262
882	0.20503070418204158
883	0.20501251775029591
884	0.20493951536565394
885	0.20454994503645996
886	0.20436517203019564
887	0.20398018188105838
888	0.2033871151611693
889	0.20308964714422775
890	0.19917002304832226
891	0.19840154166824828
892	0.19820906519414713
893	0.1977132488812697
894	0.19694420735727236
895	0.19504745225474238
896	0.19168360016292657
897	0.1914884922179403
898	0.19055335848105945
899	0.18808382916648184
900	0.1873105231788959
901	0.18681281175243875
902	0.18646388643061418
903	0.185871578623937
904	0.1846995427879602
905	0.18451277477858927
906	0.18428926796914685
907	0.18402815900357367
908	0.18401065248607668
909	0.1825116889908158
910	0.18201489134824242
911	0.1816844506782741
912	0.18118931151768877
913	0.1810253745305201
914	0.18087455034434655
915	0.18081544257032028
916	0.18022887849882688
917	0.17975663351657678
918	0.17952405917861788
919	0.17948989284179065
920	0.1792919261160039
921	0.1791637361007989
922	0.17902882588120264
923	0.17895342437975745
924	0.17890683989608325
925	0.1768319498847618
926	0.1767251805158524
927	0.17656435750464614
928	0.17321448201542083
929	0.17303827956161902
930	0.17167974269763006
931	0.17136896880451052
932	0.17136320669006752
933	0.1712851009250003
934	0.17094392944165965
935	0.17092551836221484
936	0.1702075528207413
937	0.16997659795333517
938	0.16866279627990613
939	0.16863079989198793
940	0.16849267925655917
941	0.16837905038238862
942	0.16833322322900407
943	0.16828031941177662
944	0.16724624958353565
945	0.1671116023208758
946	0.16616136522146513
947	0.1660970873040105
948	0.16608502632440872
949	0.16499460907824198
950	0.16278254719745672
951	0.16137892456548217
952	0.16125131834962306
953	0.1611194863353481
954	0.1608968491941711
955	0.15942121613788773
956	0.15940543099923224
957	0.15922250891966241
958	0.1591450438516909
959	0.1591087646464085
960	0.15791683339138793
961	0.15769872027998907
962	0.1564621638011096
963	0.15637514420975757
964	0.1563509508264267
965	0.1563224640076272
966	0.15608145826259845
967	0.15605666410509106
968	0.1555689506746675
969	0.15552279535034794
970	0.15428765089334245
971	0.1542812141401514
972	0.15377836386980556
973	0.1532385942000532
974	0.1532041228175194
975	0.15317762527085851
976	0.15308254805677238
977	0.15185532712559105
978	0.1518544831126477
979	0.15159637029995993
980	0.15135288079051196
981	0.15006439491226178
982	0.1497735321336706
983	0.14937104720750896
984	0.1478783534194385
985	0.14769910794914726
986	0.14756838626080881
987	0.1471269075450122
988	0.14695787803232863
989	0.14695118671351828
990	0.14694673630440339
991	0.1469042688482117
992	0.14685792977857853
993	0.14667227694120466
994	0.1451801335353929
995	0.14458344646009688
996	0.14457474296822376
997	0.14454383920093625
998	0.1444885040663238
999	0.1443586113454205
1000	0.1436274872955603
1001	0.14336989221146557
1002	0.14322361255962232
1003	0.14310579067158724
1004	0.14302374296968376
1005	0.14280779897038814
1006	0.14270534813479582
1007	0.14269551761505414
1008	0.1426495728014427
1009	0.14252645881781514
1010	0.14214558779676176
1011	0.1421412743284641
1012	0.14201679974280196
1013	0.14144707275024185
1014	0.141346842031442
1015	0.14109387663638026
1016	0.14102313727585175
1017	0.14071402438098837
1018	0.13983785497948753
1019	0.1375881509367797
1020	0.1374691457308604
1021	0.137422358301663
1022	0.13665043730907175
1023	0.13664241639155097
1024	0.13587209309723677
1025	0.13584919032868398
1026	0.13516518362316127
1027	0.13486017056357164
1028	0.1335894608150648
1029	0.13301440532118317
1030	0.13294184919499122
1031	0.1329056847709334
1032	0.132892684960402
1033	0.1328055282149803
1034	0.13264399359532497
1035	0.13264399359532497
1036	0.13264185274916654
1037	0.13254215480034162
1038	0.13246002994805992
1039	0.13245609198025335
1040	0.13242502499046402
1041	0.13242018060259353
1042	0.13152521400352069
1043	0.131488636957144
1044	0.13146283423806546
1045	0.13145747218712017
1046	0.1314186921757792
1047	0.1288099013853462
1048	0.12864552143455993
1049	0.12833764358356012
1050	0.12808218265476123
1051	0.1273159576362844
1052	0.12678790148307656
1053	0.1267733341090975
1054	0.12668866228501866
1055	0.1266863272159268
1056	0.12582717171542637
1057	0.12578719140677577
1058	0.12528383035406893
1059	0.12356533240341999
1060	0.1235306797899263
1061	0.12317994562682223
1062	0.1231452146231377
1063	0.12312749216867469
1064	0.12310932106186896
1065	0.1230962744024366
1066	0.12258588717697799
1067	0.1225737803965127
1068	0.1225553563981672
1069	0.1225354258972838
1070	0.12250998223344402
1071	0.12231325403276504
1072	0.12135494578672607
1073	0.12114133478702444
1074	0.1211349669719997
1075	0.12103097027908337
1076	0.12096086129722841
1077	0.1206428870792636
1078	0.12063275774730868
1079	0.12056781226893663
1080	0.12053288535976228
1081	0.12048519394772131
1082	0.12046783015812036
1083	0.12037379827041907
1084	0.1203714185485973
1085	0.12036790557999452
1086	0.12033868264183382
1087	0.12032470381979897
1088	0.12027055508351919
1089	0.12027003365204167
1090	0.1202666974519155
1091	0.12026481692063483
1092	0.12025954288990207
1093	0.12023887240887815
1094	0.12023707061314406
1095	0.12022941451442418
1096	0.12022699710667645
1097	0.11932710485109158
1098	0.11929048528666492
1099	0.11859082871203712
1100	0.11856694274263203
1101	0.11771468057298978
1102	0.11755921354725697
1103	0.11754351653671816
1104	0.11752651857801379
1105	0.11752079178268779
1106	0.11750578499705275
1107	0.11746436280592536
1108	0.1174245690082704
1109	0.11615053733132999
1110	0.11614565728686158
1111	0.11541343553920917
1112	0.11540623629851764
1113	0.11539352299716202
1114	0.11520840394337493
1115	0.11519614593180023
1116	0.11517487084108542
1117	0.11517248370197422
1118	0.1146897507909196
1119	0.11436262399010827
1120	0.11435937588483751
1121	0.11429881253518957
1122	0.11409434300338926
1123	0.11395941222966233
1124	0.11319034370162803
1125	0.11316333840370829
1126	0.11315833346363355
1127	0.11315365109559762
1128	0.11167386908040493
1129	0.11164470657272618
1130	0.11162652249294025
1131	0.11161433955150821
1132	0.11161045957911225
1133	0.1110304853392912
1134	0.11092054780461337
1135	0.1109197481479629
1136	0.1109080468839072
1137	0.10921078012584465
1138	0.10919777371833951
1139	0.10919040001559067
1140	0.1084360439034879
1141	0.10840640339792128
1142	0.10840357231769458
1143	0.10776482192712034
1144	0.10719607698643366
1145	0.10719075589039946
1146	0.1071902855610667
1147	0.10718450338785367
1148	0.10718369542632884
1149	0.10717253558645472
1150	0.106958681753799
1151	0.10662149281859462
1152	0.1066207675676353
1153	0.10631891097118781
1154	0.10631876371563104
1155	0.10629463327046823
1156	0.10606165537444578
1157	0.1043519991222697
1158	0.1043499175655123
1159	0.10434633274786687
1160	0.10426931430683367
1161	0.10426507471751768
1162	0.10426190170468613
1163	0.10249428670630596
1164	0.10249163241011484
1165	0.10144203976767875
1166	0.10143836599260796
1167	0.10143709477031679
1168	0.10119586613202888
1169	0.10119310150479836
1170	0.10117344967094495
1171	0.10077456649552273
1172	0.1007447622815075
1173	0.10073988191719423
1174	0.10073739365421074
1175	0.10031303116811323
1176	0.1002454254680488
1177	0.10018967203614476
1178	0.09935756909201589
1179	0.09878872421532056
1180	0.09876179088176512
1181	0.09872635615401701
1182	0.09871601343137118
1183	0.09870227151943883
1184	0.09824182551991623
1185	0.09782570303849783
1186	0.09782477171277142
1187	0.09780476168760573
1188	0.0976125257113775
1189	0.09758825360656465
1190	0.09758656870977359
1191	0.09758511613299656
1192	0.09758493973309529
1193	0.09686473588868137
1194	0.09686219362214701
1195	0.09682888115179494
1196	0.09674096863494545
1197	0.09671552214146786
1198	0.09671084289816348
1199	0.09665284960885555
1200	0.09656667026223116
1201	0.09656619452464495
1202	0.09656014758798191
1203	0.09655933765484641
1204	0.09655102503556016
1205	0.093219992953195
1206	0.09321640628144841
1207	0.09321441235971234
1208	0.09321351481204568
1209	0.09320114053252929
1210	0.09319073428164987
1211	0.09318227753521532
1212	0.09318138438048879
1213	0.09317844744016691
1214	0.0931111490700818
1215	0.09279658596311774
1216	0.09159238823045235
1217	0.09158315836070127
1218	0.09158204297081958
1219	0.09130446541311237
1220	0.0910077516406185
1221	0.09097823032915456
1222	0.09097772158485143
1223	0.09096756549072624
1224	0.09095968246490495
1225	0.09007578704185297
1226	0.09007514421058352
1227	0.09007254271194481
1228	0.0900724047071033
1229	0.0900665328116498
1230	0.09006568543449359
1231	0.09006364722720646
1232	0.09005994606150715
1233	0.09003930847175455
1234	0.0900378212701035
1235	0.08953769670187706
1236	0.08953599141366093
1237	0.08953498846786632
1238	0.08953213601762695
1239	0.0895306328748366
1240	0.08952971884906424
1241	0.08952301010870335
1242	0.08952223037765956
1243	0.0895215515546137
1244	0.08951746401392223
1245	0.08950956808514268
1246	0.08950910528126758
1247	0.08950814502102726
1248	0.08950789767765063
1249	0.08950783200863821
1250	0.08950758008479896
1251	0.08950447812394477
1252	0.08920109666736022
1253	0.08916155344878605
1254	0.08915703835083315
1255	0.08911258416470134
1256	0.08885041997888718
1257	0.08870807712268054
1258	0.08870557658135239
1259	0.0887040643988884
1260	0.08870329780075688
1261	0.08870092635013677
1262	0.08866548061197359
1263	0.08865916936226398
1264	0.08865908781451386
1265	0.08865405927803446
1266	0.08865294832784767
1267	0.08861268425906622
1268	0.08860075924001597
1269	0.08859986208895959
1270	0.08857048942470938
1271	0.08841162701740864
1272	0.08841116482036207
1273	0.0884064629792614
1274	0.08838263869813213
1275	0.08836675306120227
1276	0.08836650058210858
1277	0.08836419086143107
1278	0.08676042283604585
1279	0.08667667861369606
1280	0.08647770614468071
1281	0.08647690001527245
1282	0.08631400352586108
1283	0.08629824527084436
1284	0.08591593014052498
1285	0.0859047383507709
1286	0.08550328024135999
1287	0.08550181184238931
1288	0.08549842321261407
1289	0.08549710086298394
1290	0.08549683224559038
1291	0.0854946326454912
1292	0.08549450296864378
1293	0.08549200171395362
1294	0.08549184336228266
1295	0.08549132852218029
1296	0.08548998580397377
1297	0.08548993541333902
1298	0.08548965764896198
1299	0.08548461638010102
1300	0.08548435475266396
1301	0.08456977064204228
1302	0.08456953046127556
1303	0.08456654261557918
1304	0.08456646551371698
1305	0.08434702437840254
1306	0.0840612433039424
1307	0.08406031889733971
1308	0.08406030733125024
1309	0.08351439079599061
1310	0.08350651328125944
1311	0.08350464230191021
1312	0.0835029490523406
1313	0.08240108279832259
1314	0.08240011375581195
1315	0.08239969645477359
1316	0.08239946755685486
1317	0.07793266373176953
1318	0.07789825781811445
1319	0.07788394662014736
1320	0.0772207716894008
1321	0.07721897119586792
1322	0.0767281368296762
1323	0.0766807888820489
1324	0.07667940945585254
1325	0.07667829336860997
1326	0.07640152628047057
1327	0.0764011885437862
1328	0.07639924868358108
1329	0.07639640511969406
1330	0.0763310372548668
1331	0.07633067194201966
1332	0.07632950394100636
1333	0.07629468478676318
1334	0.07626073866160749
1335	0.07625955357620792
1336	0.07625512850036
1337	0.07613490936562335
1338	0.07593795743189516
1339	0.07587411311752817
1340	0.07587407809379841
1341	0.07586786675833666
1342	0.07506851705304524
1343	0.07506428293433474
1344	0.07506386508453415
1345	0.07464176639641733
1346	0.07464125939062383
1347	0.07464107285937488
1348	0.0746406881676369
1349	0.07464018803741529
1350	0.07463954240224248
1351	0.07380672351648038
1352	0.07380587836712864
1353	0.07380584916219673
1354	0.07379934962441774
1355	0.07379453589724842
1356	0.07376182477808566
1357	0.07375422484197729
1358	0.07373219974517692
1359	0.07373188720433224
1360	0.07373078097335031
1361	0.07373056945486747
1362	0.07372998462986478
1363	0.0735453799503329
1364	0.07218598313274997
1365	0.07218527067961224
1366	0.07218503470896694
1367	0.07216183751940303
1368	0.07216143462770856
1369	0.07216117409242424
1370	0.07216057212316865
1371	0.07215993858842801
1372	0.0721598074052469
1373	0.07215947968552125
1374	0.07215836092015222
1375	0.0721581556404274
1376	0.07215747140641818
1377	0.07134936508262402
1378	0.07134889068326208
1379	0.07134882373736409
1380	0.07134858477133794
1381	0.07134682925191059
1382	0.07134540913042065
1383	0.07134449249382678
1384	0.07122127654945312
1385	0.0703652332775669
1386	0.0703652001112522
1387	0.0703650800076404
1388	0.0703647831317364
1389	0.07036450852531417
1390	0.0703640312476357
1391	0.07014800187449492
1392	0.07014776431442879
1393	0.07014737916292742
1394	0.07014720124490438
1395	0.07014694402218945
1396	0.07013388926963111
1397	0.06971328024087747
1398	0.06970893638553823
1399	0.06970886934925609
1400	0.06970880301801004
1401	0.06970869810693978
1402	0.06970817258415168
1403	0.0697078682280052
1404	0.06970766961565128
1405	0.06943212344780776
1406	0.06943210176395911
1407	0.06879055762839463
1408	0.0687905149616186
1409	0.06879041549574173
1410	0.0687893376243923
1411	0.068777088044742
1412	0.06877700914737662
1413	0.06877621850368322
1414	0.06877612087917476
1415	0.06877223959911533
1416	0.06876137375481646
1417	0.06876132252823554
1418	0.06876129925356221
1419	0.0687612282304745
1420	0.06876117545126866
1421	0.06876072121478757
1422	0.06876032539064779
1423	0.068753060517305
1424	0.06875297646137074
1425	0.06875266761505086
1426	0.06875254199019867
1427	0.0687485449831621
1428	0.06874839551367336
1429	0.06874693261073861
1430	0.06874674841899002
1431	0.06874670436353211
1432	0.06874664555208518
1433	0.06874661939516283
1434	0.06874569285716942
1435	0.06874558401621207
1436	0.06874554242942194
1437	0.06862266041234884
1438	0.0686166473267747
1439	0.06861582145808647
1440	0.06861565016128303
1441	0.06861563832767323
1442	0.06861512974653809
1443	0.0686150863350871
1444	0.06825756719567977
1445	0.06768669056166485
1446	0.06768668287069064
1447	0.06766988390119
1448	0.06766955856682744
1449	0.06766931080966614
1450	0.0676692620876542
1451	0.06766833187339459
1452	0.06729769327238384
1453	0.06729766067665133
1454	0.06729366050573413
1455	0.06729324430002344
1456	0.06729292714286954
1457	0.06729291134785235
1458	0.06703807331112353
1459	0.06703806238026803
1460	0.06703778919356017
1461	0.06703775525967355
1462	0.06703663675229639
1463	0.06703626019030624
1464	0.06703623232418236
1465	0.06703612764101703
1466	0.0670360776762921
1467	0.06703604188565264
1468	0.06703592666120915
1469	0.06634623303012763
1470	0.06604230861841068
1471	0.06522439437122624
1472	0.06493588866846017
1473	0.06476070142864462
1474	0.0647606897308409
1475	0.06390272906634382
1476	0.06389938390295327
1477	0.06387164946015897
1478	0.06387143161720052
1479	0.06387134027288242
1480	0.06378447609482162
1481	0.06378427291054672
1482	0.06378417665065558
1483	0.06378398321471472
1484	0.0637805857442409
1485	0.06373207525765505
1486	0.06373171710121733
1487	0.0637315354900265
1488	0.06373115767946437
1489	0.0633085997559439
1490	0.06330859975428874
1491	0.06330857983104615
1492	0.06330853718801707
1493	0.06330800684156325
1494	0.06330793274744259
1495	0.0633079147413652
1496	0.06330789983130501
1497	0.06320794497661866
1498	0.06320791963139866
1499	0.0632078149375141
1500	0.06320781070327376
1501	0.06320769119507233
1502	0.06320766587584159
1503	0.06320760803807804
1504	0.06315171687721807
1505	0.06315167073773158
1506	0.06315165079853764
1507	0.0631515252954474
1508	0.06315139288049894
1509	0.06315139103036081
1510	0.06315135024664516
1511	0.06315128327834578
1512	0.06315084383657386
1513	0.06315047591895914
1514	0.06303366255249786
1515	0.06272053802400089
1516	0.06272053112120549
1517	0.06270929022287172
1518	0.0627081322429166
1519	0.06270807261616303
1520	0.06270760664509027
1521	0.06270751931632183
1522	0.06106577740309448
1523	0.06106558285418637
1524	0.06080325216350702
1525	0.059247662875829346
1526	0.057777136619953304
1527	0.057777092217154886
1528	0.05777706969336736
1529	0.05777703490990006
1530	0.05777702194954532
1531	0.0577770196492172
1532	0.057772032700017975
1533	0.05777192370335766
1534	0.05777188229785212
1535	0.05777173998961435
1536	0.05777173420909276
1537	0.057771732238009084
1538	0.05777168465701398
1539	0.057771672051303756
1540	0.05777092398471351
1541	0.05766566095023474
1542	0.05766563294282381
1543	0.057665627051329514
1544	0.057455203546706676
1545	0.05745501121814477
1546	0.057426674307376045
1547	0.05742616436234941
1548	0.057425991083797284
1549	0.0574259384853599
1550	0.05742587154348113
1551	0.057404726751104605
1552	0.05740468948473905
1553	0.057404675133176486
1554	0.057404601072293546
1555	0.057404587876090075
1556	0.05740436376917775
1557	0.05580851516442114
1558	0.05580775706959765
1559	0.05580755145885277
1560	0.05580749075607594
1561	0.05580747265716212
1562	0.05580363860904254
1563	0.05579915575556503
1564	0.05579913504888091
1565	0.05579913152153089
1566	0.05579913135183726
1567	0.05579549577109658
1568	0.055795439615473334
1569	0.05579542760410048
1570	0.05542806890091626
1571	0.055427985420869984
1572	0.05542797542462853
1573	0.055427763985167335
1574	0.05542774595976899
1575	0.05542772111927527
1576	0.05542761569850881
1577	0.0554276103377984
1578	0.05542760676911825
1579	0.05507984388217501
1580	0.05507984072908626
1581	0.05507722200203291
1582	0.05507721804951728
1583	0.05507721453012469
1584	0.055077208602154065
1585	0.05473745855651071
1586	0.05473697082603695
1587	0.0547367902004503
1588	0.05473662962017218
1589	0.054257850119587184
1590	0.05424146700386627
1591	0.05424141165086566
1592	0.05424138448391053
1593	0.054241382556984234
1594	0.05424136810995098
1595	0.054241366483206835
1596	0.053511547089953024
1597	0.05351133253649466
1598	0.05347547967228391
1599	0.05347547960945375
1600	0.05347543706803841
1601	0.053469464032266364
1602	0.05346941595973704
1603	0.05346904305032628
1604	0.05346900871740111
1605	0.05328720146003812
1606	0.05328718621046223
1607	0.05328717849728457
1608	0.05328716991749614
1609	0.05326926620855621
1610	0.05326917279508666
1611	0.053269163815714816
1612	0.0531344610012497
1613	0.05313444104247074
1614	0.05313429558175291
1615	0.05313427820961523
1616	0.053134272849727195
1617	0.05313425450472207
1618	0.053133135556752205
1619	0.053133127593433783
1620	0.0531311949746871
1621	0.05313106078505389
1622	0.05313105625169302
1623	0.053130978293367964
1624	0.053130967401405674
1625	0.053130960962072676
1626	0.05313095116182451
1627	0.05312964178142234
1628	0.053129590240555066
1629	0.05312956969114288
1630	0.05312956620841041
1631	0.05312956297899174
1632	0.05309655545549649
1633	0.05309654216570734
1634	0.053096522236706994
1635	0.05309651310129525
1636	0.053096288356495776
1637	0.052896677133144276
1638	0.05289666494376138
1639	0.05289662035781628
1640	0.052896620249970265
1641	0.05289660098374054
1642	0.05289638979272368
1643	0.05289634963888812
1644	0.0528960915639176
1645	0.05289609016356045
1646	0.052896082088421406
1647	0.05289593245010056
1648	0.05289560612905729
1649	0.05289428577348735
1650	0.05289428082838806
1651	0.052894255954270185
1652	0.05289425133920937
1653	0.052824311245519714
1654	0.05282429223858295
1655	0.05266832606196917
1656	0.05266826820099036
1657	0.0526682660515001
1658	0.05266826464768453
1659	0.05266822188872327
1660	0.05266822040207044
1661	0.0526682182772535
1662	0.05266818748528177
1663	0.052668186617948705
1664	0.05266818605386392
1665	0.05266818201072132
1666	0.05266815987208449
1667	0.05266815756364069
1668	0.05266815072886424
1669	0.05266812179478217
1670	0.052668100155362205
1671	0.052668099101287634
1672	0.052668093189756085
1673	0.052365270809138754
1674	0.05150468255521508
1675	0.05148745356084868
1676	0.05148745136513748
1677	0.05148744798859089
1678	0.051487447682744845
1679	0.05148743361487987
1680	0.0514874306484414
1681	0.05148742634672401
1682	0.05148742548882234
1683	0.051487424537564115
1684	0.0514874239504871
1685	0.05148739981096671
1686	0.051487380079116775
1687	0.05148596245970031
1688	0.051485951073616816
1689	0.05148594816462535
1690	0.0514859472303308
1691	0.051485906860189654
1692	0.05148587065312536
1693	0.051485868028564453
1694	0.05148586481544104
1695	0.05148585142284094
1696	0.051485720730434226
1697	0.05148571734292342
1698	0.05134937144699495
1699	0.05134936317245907
1700	0.050323559895418264
1701	0.050323559177628006
1702	0.050322977035254096
1703	0.0503218870378865
1704	0.05014834518170492
1705	0.05014833855108427
1706	0.05014833673539702
1707	0.050000061689233856
1708	0.0499999234085271
1709	0.0499999203886218
1710	0.049999916228601574
1711	0.04999991185070176
1712	0.04999991107240433
1713	0.049999908948583624
1714	0.049999906743083744
1715	0.04964820223813143
1716	0.04964820055506957
1717	0.04964819039300951
1718	0.04964818814020888
1719	0.04933982974534015
1720	0.04933981223335188
1721	0.0493193983944926
1722	0.049319383390345126
1723	0.049319128648516744
1724	0.04930110871925972
1725	0.04930110856271797
1726	0.049301107929881384
1727	0.04930110493152453
1728	0.04930110473618242
1729	0.04930109713846361
1730	0.04930109152193194
1731	0.049301088687019295
1732	0.04930108411159191
1733	0.04930107584749439
1734	0.04930105723121638
1735	0.04930078473015388
1736	0.04930078027876576
1737	0.049300775485507146
1738	0.049300754316650465
1739	0.049300754286419966
1740	0.04919999099116489
1741	0.04919997870518241
1742	0.049199970725482385
1743	0.04911759084092091
1744	0.04840838492138904
1745	0.048281465627342125
1746	0.048281465401403434
1747	0.04828146535273021
1748	0.04828146323275192
1749	0.04828075568920224
1750	0.04828072604434876
1751	0.04827940756421536
1752	0.048279403861324906
1753	0.048279403707832874
1754	0.048279398387468725
1755	0.04800404426137474
1756	0.04800403955923988
1757	0.048004026781268486
1758	0.04800401421297309
1759	0.04800401242494908
1760	0.04800401096269291
1761	0.04800400889102248
1762	0.04800399878945839
1763	0.04800399057317029
1764	0.047913085014801474
1765	0.047913083481839404
1766	0.04791307910609414
1767	0.04791306000046878
1768	0.04780793489959477
1769	0.04716298413188531
1770	0.0471629766023408
1771	0.047011324698794585
1772	0.04701130806890473
1773	0.04701130699697266
1774	0.047011303390789294
1775	0.046915592316090854
1776	0.046915590924525914
1777	0.04690893732261845
1778	0.046866316235231735
1779	0.04686631610797395
1780	0.04686630466657267
1781	0.046841408095470376
1782	0.04684140029523133
1783	0.04684139844094615
1784	0.04684139819979632
1785	0.04656852748220882
1786	0.04656852666530878
1787	0.046568500213888066
1788	0.0465683804794614
1789	0.04656837568619775
1790	0.04656837176507491
1791	0.04636022721955197
1792	0.04636021986732086
1793	0.04636021384077947
1794	0.046360211295175376
1795	0.04635416394106374
1796	0.045948777806611586
1797	0.04594877710174883
1798	0.045948738037384224
1799	0.04594873794726424
1800	0.04594873770773509
1801	0.04594873698265474
1802	0.04594873541463427
1803	0.04545927642877629
1804	0.045360787364560846
1805	0.04536076856137576
1806	0.045276524209771137
1807	0.04527652409964344
1808	0.045276310583094385
1809	0.045276298335450806
1810	0.04527628751808746
1811	0.0451358646173669
1812	0.04513586456175653
1813	0.04513586163744597
1814	0.04513585863577826
1815	0.04513585332512086
1816	0.04481129894300794
1817	0.04480342338273764
1818	0.04480342279923022
1819	0.044803419821314826
1820	0.04480341350321758
1821	0.04480341032941231
1822	0.04480340309572896
1823	0.044803393013328106
1824	0.04480321448328037
1825	0.04480260486628976
1826	0.04480256932180127
1827	0.04417996022699292
1828	0.04417995814474763
1829	0.04417995674680026
1830	0.04417995633539009
1831	0.04417933775490387
1832	0.04417933736073375
1833	0.04417933009245576
1834	0.044176791946952496
1835	0.04417679087244718
1836	0.04417678379691699
1837	0.044176782650960394
1838	0.0441767813173221
1839	0.044176780682288135
1840	0.0441767793581296
1841	0.04417677929519535
1842	0.04415208033768138
1843	0.04415207996414811
1844	0.04415207990996451
1845	0.0441376446215334
1846	0.04405019856331072
1847	0.044050198006192344
1848	0.04405019763628486
1849	0.044048053372758716
1850	0.044048053330348697
1851	0.04404805287201462
1852	0.044048052729166835
1853	0.044048048899800976
1854	0.04404804771440974
1855	0.04402881296337795
1856	0.04402881022479346
1857	0.04402878425634826
1858	0.04402878368832185
1859	0.043949301952687314
1860	0.043949301492160545
1861	0.043949297937778777
1862	0.043949297402906436
1863	0.04394929725818885
1864	0.043949296575254475
1865	0.0439492963144454
1866	0.043785592897890184
1867	0.0437855914739874
1868	0.04378559125722961
1869	0.043785590174089915
1870	0.04306365418943552
1871	0.04306361776312655
1872	0.04306361761467158
1873	0.04306361680686392
1874	0.043063614924173536
1875	0.04306359408560536
1876	0.0430455972291115
1877	0.04304559362705055
1878	0.043045593537812794
1879	0.04304552462594662
1880	0.042849391240294105
1881	0.04284938810510119
1882	0.04284938677734716
1883	0.04284938651539162
1884	0.04284938556887323
1885	0.04284938550573571
1886	0.04284938067939063
1887	0.042849380184545253
1888	0.04284937894582188
1889	0.04284937794638659
1890	0.04284937719032612
1891	0.042849376747668116
1892	0.04284937652271474
1893	0.042849354462344204
1894	0.04273508952689666
1895	0.04223797340438037
1896	0.04223797234409674
1897	0.04223782189841733
1898	0.042237821837490835
1899	0.04223781764199184
1900	0.042237815731807044
1901	0.04154230882024682
1902	0.04154228566136794
1903	0.041535452155067105
1904	0.04153545146597823
1905	0.041535446467701874
1906	0.04153544508003294
1907	0.04153535407828004
1908	0.04153458743602914
1909	0.04153458681416965
1910	0.04153458658767597
1911	0.04143734036522235
1912	0.0414373396299867
1913	0.04143733915705397
1914	0.041437338990344054
1915	0.04143733533509666
1916	0.041437221228571186
1917	0.04143722013652784
1918	0.04143721996626562
1919	0.04143695327237974
1920	0.04143695295882705
1921	0.04143695295171401
1922	0.04143695242818719
1923	0.041436952416948135
1924	0.041436952138320084
1925	0.04143694951017536
1926	0.04143694940111967
1927	0.041436949211434135
1928	0.04143694916182521
1929	0.041436948411978494
1930	0.04143694821249504
1931	0.041436948110143104
1932	0.04143693166684181
1933	0.04143693129368719
1934	0.04089599994700303
1935	0.04089599994079925
1936	0.04089599984839274
1937	0.040895999780129214
1938	0.03899001434237683
1939	0.03899001433946726
1940	0.03899001431850534
1941	0.038990012542095935
1942	0.03899001247635543
1943	0.03899001215260637
1944	0.038391001026090124
1945	0.03825510054537183
1946	0.038092721272630845
1947	0.03809272104782568
1948	0.03800199457963376
1949	0.03800199050845973
1950	0.03800199048344759
1951	0.038001990475908166
1952	0.0380019904476989
1953	0.038001990431162896
1954	0.03800198924988573
1955	0.03788028332426921
1956	0.037880283243206095
1957	0.03782798041756076
1958	0.03766752013454456
1959	0.037667520073008214
1960	0.037667519910470695
1961	0.03766091065653234
1962	0.03766063435194534
1963	0.03760946873407797
1964	0.037609468705372816
1965	0.0376094680597202
1966	0.037609467934774383
1967	0.037609467868741454
1968	0.03760946775470854
1969	0.03760946762908571
1970	0.0376094116441276
1971	0.03760941162821731
1972	0.03760941160819442
1973	0.037364853418607805
1974	0.03736485335923047
1975	0.03724400165080877
1976	0.03717014696302371
1977	0.03716040560357267
1978	0.036827630928980434
1979	0.036827630813545384
1980	0.0368276307818382
1981	0.03682763067224214
1982	0.03682763066902339
1983	0.03682763060867268
1984	0.036827629005292135
1985	0.03613555320124166
1986	0.03606229049958399
1987	0.036062207980877045
1988	0.03606220464483147
1989	0.036061972736497735
1990	0.03606197246558026
1991	0.035831307508704044
1992	0.035831306324488936
1993	0.03583130587988424
1994	0.035831305670596475
1995	0.03583130468785877
1996	0.035831304445861224
1997	0.035605956795450554
1998	0.03560595678379265
1999	0.03560595646786559
2000	0.035605955708893224
2001	0.03560595492020864
2002	0.035605954889200084
2003	0.035605953740980995
2004	0.03560595332806435
2005	0.03560595305415612
2006	0.0356059530349135
2007	0.03560595298897809
2008	0.03560595289419421
2009	0.03560572646191204
2010	0.035605726150175494
2011	0.03560572610606254
2012	0.03560572167238156
2013	0.035605721384356165
2014	0.03560572137653447
2015	0.03560572060544843
2016	0.035605720157455854
2017	0.035605720131903315
2018	0.03560571871968176
2019	0.03560571813284625
2020	0.035605718128564605
2021	0.03560492750437292
2022	0.035604926573468615
2023	0.03560492656884016
2024	0.03560492495376223
2025	0.035369932699319144
2026	0.03536992105131247
2027	0.03536992102097001
2028	0.03536992004653779
2029	0.035369920039061926
2030	0.03536991996904642
2031	0.03536991996766027
2032	0.035369919940727385
2033	0.03536991984158835
2034	0.03536991966644711
2035	0.03536991961593349
2036	0.03527299914682304
2037	0.03527299538309311
2038	0.03527299444030948
2039	0.03501318247928193
2040	0.035013182478955934
2041	0.03501318240080673
2042	0.035013182251302365
2043	0.03501317972638443
2044	0.035013179678733616
2045	0.034484612011012154
2046	0.03448461167626988
2047	0.03448461163986165
2048	0.034484611568097755
2049	0.03440830262149566
2050	0.03440827128630199
2051	0.034408269101787604
2052	0.034408269087464215
2053	0.034408269081801085
2054	0.034408268663000036
2055	0.03440826866124129
2056	0.03440826840892107
2057	0.034408267923614934
2058	0.03440826752127212
2059	0.034408267493484995
2060	0.03440826749123079
2061	0.03440826745058347
2062	0.034408267372521215
2063	0.03440826737015716
2064	0.034408265351846025
2065	0.03440826531268486
2066	0.03440810100444437
2067	0.03440810095405085
2068	0.03440810094144001
2069	0.03440810072915957
2070	0.034408100698852244
2071	0.034370004312849645
2072	0.034370004242190895
2073	0.03437000423567369
2074	0.0343700040918893
2075	0.03437000401826107
2076	0.0343700039465192
2077	0.03437000391337274
2078	0.03437000374822976
2079	0.03437000369008456
2080	0.03437000357685007
2081	0.03437000281777037
2082	0.034370002794938584
2083	0.03428573884611786
2084	0.03428573876402716
2085	0.034285738762364605
2086	0.03428573835380832
2087	0.03428573826782147
2088	0.03428573817509236
2089	0.03428573817248599
2090	0.03422853459427257
2091	0.03422613466956426
2092	0.034186272621809725
2093	0.034186272443743435
2094	0.03418627237526472
2095	0.034186272353821684
2096	0.03412019709354377
2097	0.03408533447791021
2098	0.0340853344421055
2099	0.0340853344377235
2100	0.034085315999380875
2101	0.03408530949147103
2102	0.0340853094741744
2103	0.03408530944471067
2104	0.03391906365452349
2105	0.03391906365072759
2106	0.03391906363801901
2107	0.03391906359504072
2108	0.03391906347243937
2109	0.03391906346705526
2110	0.033919059028591395
2111	0.03391905900760737
2112	0.03391905897445324
2113	0.0339187644593588
2114	0.03391876413763805
2115	0.0337628494514124
2116	0.03376284944484282
2117	0.03376284937785628
2118	0.03376284931001097
2119	0.03369540654236362
2120	0.03369540652577812
2121	0.03369540529575093
2122	0.03369540505596288
2123	0.03363490070109966
2124	0.03363490069892978
2125	0.03363490042731494
2126	0.03363490042571781
2127	0.03363490042389831
2128	0.03358419584987753
2129	0.03358418364956432
2130	0.033572329286204496
2131	0.0335723292847113
2132	0.03349238418716519
2133	0.033492384175057816
2134	0.03349238417065282
2135	0.03346054364184402
2136	0.03346043914726818
2137	0.03302738127938582
2138	0.033027381266130716
2139	0.033027381252794655
2140	0.033027381230249044
2141	0.03302738120762068
2142	0.033027380331947596
2143	0.03302738032667284
2144	0.03302738022778739
2145	0.033027380221484395
2146	0.03302738017926674
2147	0.03302738017871101
2148	0.03302738012118191
2149	0.03302738012101218
2150	0.03302738010047355
2151	0.032901345692999205
2152	0.03290134568509665
2153	0.03289928460912975
2154	0.03289928437005245
2155	0.032806622630536256
2156	0.03280662262038965
2157	0.03280662259512191
2158	0.0328066174020232
2159	0.03280661739103025
2160	0.0325897597211604
2161	0.032589759720807826
2162	0.0325897597199124
2163	0.03258975971697053
2164	0.03258975967717991
2165	0.0325894562624527
2166	0.03258945613694854
2167	0.03258945613547798
2168	0.032589456111302186
2169	0.03258945611104226
2170	0.03258945493791774
2171	0.0325873850728779
2172	0.03258738505655991
2173	0.03256968424146952
2174	0.032569684238794014
2175	0.032569683866669516
2176	0.0325696838605865
2177	0.032569683854916986
2178	0.03256968378409202
2179	0.032569683778370856
2180	0.032569683775144936
2181	0.03256442346545184
2182	0.03256437628699804
2183	0.03251263033065379
2184	0.03246986586513015
2185	0.03246986547997028
2186	0.0324698654796902
2187	0.03246986547670081
2188	0.03246986547501036
2189	0.032450646480110874
2190	0.032450643697777753
2191	0.03245064369221322
2192	0.0324506436022043
2193	0.032450642809670874
2194	0.03245064204164085
2195	0.032450641631383795
2196	0.032450641604159045
2197	0.03219010542965565
2198	0.03218451809160791
2199	0.03218451808461567
2200	0.03218451808383025
2201	0.03213924796045283
2202	0.03211043448888098
2203	0.03211041004876863
2204	0.03194332060674066
2205	0.031936583725295134
2206	0.0319365837075589
2207	0.031936583701099974
2208	0.03193658365014959
2209	0.03193658364367114
2210	0.03193658285091248
2211	0.031714897972894264
2212	0.031641230719173526
2213	0.0316412307158386
2214	0.031641230699403354
2215	0.03164123021067149
2216	0.03164123018457849
2217	0.0315408713899119
2218	0.031535465979039654
2219	0.03153546595642452
2220	0.03153544328481763
2221	0.03153544328321601
2222	0.03153544328305827
2223	0.03153544324672078
2224	0.031535443214713764
2225	0.031535443213819764
2226	0.031535443186074076
2227	0.03153544318349159
2228	0.03153544315454225
2229	0.031498339489788356
2230	0.031498339327427606
2231	0.03149705523791772
2232	0.031163093030666715
2233	0.031162873565525367
2234	0.031162873564228682
2235	0.03116287355629415
2236	0.031073199101225007
2237	0.03107319906137223
2238	0.03107319905960514
2239	0.031073199057696805
2240	0.031073199052880272
2241	0.031073199038166598
2242	0.03107319902968334
2243	0.031073198934102444
2244	0.03107319892994803
2245	0.031073198917187694
2246	0.031073198907604998
2247	0.031073198903392163
2248	0.031073198572006022
2249	0.031073198570534456
2250	0.03076364718223962
2251	0.030763647175323795
2252	0.030763647108900193
2253	0.03076364710871229
2254	0.030147176406651897
2255	0.030147176396067572
2256	0.030147176395074898
2257	0.03014717636323413
2258	0.030147176352573437
2259	0.030147175804745605
2260	0.030011281602833294
2261	0.030011281602401067
2262	0.03000732093017586
2263	0.03000732092920594
2264	0.030006317812415226
2265	0.029848155591856877
2266	0.029848155591532772
2267	0.029848155589102213
2268	0.029736575525008083
2269	0.029736575321191044
2270	0.02973656787559402
2271	0.029736567873952294
2272	0.029736567834266394
2273	0.029736561394539143
2274	0.029627501808211665
2275	0.029626992004824416
2276	0.029626992002199044
2277	0.029626991999245407
2278	0.029626702500311932
2279	0.029626692794755816
2280	0.029626692792281736
2281	0.02950139767125183
2282	0.029158727540620436
2283	0.02915872753687792
2284	0.029158727534162692
2285	0.02913944806620726
2286	0.029139448052237973
2287	0.02913816877564576
2288	0.029138168727400656
2289	0.02913816868404125
2290	0.02913816862385693
2291	0.029138160164571304
2292	0.029138160140551837
2293	0.029138160138900315
2294	0.02901538106587974
2295	0.029015381055224217
2296	0.029015381055043532
2297	0.029015380690763988
2298	0.029015380689622592
2299	0.029015380663334707
2300	0.029015380662094043
2301	0.029015380656651043
2302	0.029015379792460678
2303	0.028057792623605693
2304	0.02767267618755474
2305	0.02767267618549691
2306	0.027672676179364277
2307	0.027672676165060937
2308	0.027672676153285693
2309	0.027672676152975195
2310	0.02718028604040602
2311	0.02718028603978651
2312	0.027180286035744315
2313	0.027180286029290814
2314	0.027180286026590672
2315	0.027180286006435603
2316	0.027180285138055996
2317	0.027180285135914136
2318	0.0271802851347906
2319	0.02715398847601207
2320	0.02713644831185105
2321	0.02709987681825141
2322	0.02709987680445991
2323	0.02704550841417057
2324	0.027045508412060063
2325	0.027045458767122776
2326	0.02704545875236148
2327	0.02696346078421495
2328	0.026963460783292346
2329	0.0269634607417612
2330	0.026929874505873155
2331	0.02692857927981235
2332	0.026752508198207667
2333	0.02675250784175943
2334	0.026752507838170757
2335	0.026750916860338862
2336	0.026750916812297142
2337	0.026750916811663274
2338	0.026750916797873163
2339	0.0267508111730507
2340	0.026645700118941077
2341	0.026645700116432948
2342	0.02664529052508733
2343	0.026645290525068043
2344	0.02664529051354127
2345	0.026645290512994926
2346	0.026645290504903735
2347	0.026645290503397298
2348	0.026645290499644415
2349	0.026645290498729022
2350	0.02664529049814406
2351	0.02664529049149738
2352	0.026522663820396437
2353	0.02631354286853808
2354	0.026313542868039035
2355	0.026313542861994325
2356	0.02631354286050105
2357	0.025907531340589384
2358	0.025907531340277165
2359	0.025907531339142635
2360	0.025907529846529814
2361	0.025907529846078435
2362	0.025907529814259277
2363	0.025907457418270306
2364	0.02590745741825194
2365	0.025907419630348375
2366	0.02590741962998814
2367	0.025907419628224185
2368	0.025907419628118353
2369	0.0259074196278133
2370	0.025907419627793422
2371	0.02590741962754291
2372	0.02590741962672518
2373	0.02590741962506778
2374	0.0259074037973966
2375	0.025869296360616408
2376	0.025869296360589832
2377	0.02586929636039906
2378	0.02586929629401984
2379	0.025864592822256664
2380	0.025864592822222806
2381	0.025864592820964274
2382	0.02586459282075177
2383	0.025855560017560477
2384	0.02585556001711931
2385	0.025855560017056002
2386	0.025855560016373787
2387	0.025855560013576563
2388	0.025855560011568465
2389	0.025812543410668798
2390	0.025739150886152393
2391	0.025739150885461796
2392	0.02573915088508207
2393	0.025739100935764137
2394	0.025739100935476544
2395	0.025687644987112856
2396	0.02568764498659437
2397	0.025687644986467358
2398	0.02568764498522385
2399	0.025687644984437968
2400	0.02568764497476186
2401	0.025687644969640416
2402	0.025670226637780034
2403	0.025670226635909302
2404	0.02567022663546776
2405	0.025670226635304935
2406	0.025670226634736233
2407	0.025498519533419327
2408	0.025498519533346406
2409	0.025496649791378244
2410	0.025496649791167867
2411	0.025227268392154757
2412	0.024927440559194023
2413	0.024927440513635636
2414	0.024927440513053078
2415	0.024927440512714276
2416	0.024927440502850673
2417	0.02492744050081045
2418	0.024927440500395307
2419	0.024927440499303108
2420	0.024927440497968103
2421	0.02492744047987026
2422	0.024927440478699332
2423	0.024927440478420722
2424	0.024927440477627287
2425	0.024927440477469472
2426	0.02492744047619907
2427	0.024916472534931337
2428	0.024916472533624247
2429	0.0248077394953973
2430	0.02480773949537977
2431	0.02479746669358142
2432	0.024797466662110194
2433	0.024797466661691865
2434	0.024797466661506964
2435	0.024732698396553735
2436	0.024732698396339577
2437	0.02473269839629164
2438	0.0247326957229893
2439	0.02473268469054274
2440	0.024732684690271838
2441	0.02473268469021948
2442	0.024723703473772597
2443	0.024723703472729456
2444	0.024723703464614732
2445	0.024723703464568075
2446	0.024723703448879128
2447	0.024723703448348445
2448	0.02472370344655696
2449	0.024723702098956267
2450	0.024723702097593878
2451	0.024723702095058985
2452	0.024490925953270192
2453	0.024490925953107017
2454	0.024490925953052748
2455	0.02449092591112238
2456	0.02449092591095976
2457	0.024490923417452952
2458	0.02449092341737739
2459	0.02449092315671299
2460	0.02449092315124315
2461	0.024490923151100727
2462	0.024490922947947098
2463	0.024490922939556417
2464	0.024490922935734048
2465	0.024490922935363348
2466	0.024490922935281493
2467	0.024490922935205696
2468	0.024490884527975973
2469	0.024474429273030108
2470	0.024474429272523378
2471	0.024474429272253788
2472	0.024474429270417784
2473	0.02447442927025217
2474	0.02447442927000372
2475	0.02447313814921665
2476	0.024473138149135078
2477	0.024456724688311195
2478	0.024432292533858542
2479	0.02443229253380984
2480	0.024432292533756658
2481	0.024432292533714445
2482	0.02443229253337524
2483	0.02443229253294613
2484	0.024432282702652568
2485	0.0242229820762852
2486	0.024221509468958007
2487	0.024221509376242328
2488	0.024221509375870795
2489	0.0240284474006469
2490	0.02400702250069472
2491	0.024007022499407067
2492	0.024007022499164466
2493	0.024007022498934705
2494	0.024007022498926136
2495	0.024007022498500744
2496	0.023986140454125848
2497	0.023986140454116567
2498	0.023972852318111092
2499	0.023972852316708055
2500	0.023972852316394958
2501	0.023972852316310553
2502	0.02397285231599853
2503	0.023972852310576963
2504	0.02397285230929913
2505	0.023972017155707164
2506	0.02361887708947892
2507	0.023618877089247658
2508	0.02361887708913086
2509	0.023618877088388737
2510	0.023618877088188366
2511	0.023618877086597316
2512	0.023618877086499214
2513	0.023618877086447634
2514	0.023618877080929235
2515	0.023618877080832313
2516	0.023618877080721055
2517	0.023618877079504233
2518	0.023617909562525585
2519	0.023617909549726666
2520	0.023617399847081617
2521	0.023617399843833767
2522	0.023183623144919018
2523	0.023183622811091945
2524	0.02318362281097524
2525	0.023164697042476003
2526	0.02316428291165321
2527	0.023164282910668976
2528	0.02311862293445669
2529	0.023118616630958426
2530	0.023118616630827697
2531	0.023118616630199325
2532	0.023118616630152713
2533	0.023118616628875887
2534	0.023118616628409146
2535	0.023118616628319454
2536	0.023117092309427576
2537	0.023117092309373366
2538	0.02311709230930504
2539	0.02311709230920892
2540	0.023117091533805503
2541	0.023117091532935764
2542	0.023117091532692376
2543	0.02311709153246767
2544	0.023117091532390846
2545	0.02311709153235763
2546	0.02311709153235211
2547	0.0231170915323243
2548	0.023117091532323896
2549	0.023117091532318678
2550	0.023117091532158504
2551	0.02310846907426207
2552	0.023108469073924335
2553	0.023108469073590286
2554	0.02310839579647287
2555	0.023108395796445635
2556	0.023108395796094812
2557	0.023108395796047572
2558	0.02303782496054448
2559	0.02303782496034258
2560	0.023037824960218438
2561	0.023037824959861074
2562	0.023037824959852553
2563	0.023037798766994296
2564	0.023037740522883033
2565	0.02303774052197337
2566	0.023037740519809
2567	0.02303774051629248
2568	0.023037740516283454
2569	0.023037179682192047
2570	0.023037179682182073
2571	0.023036133804512703
2572	0.023036133804011042
2573	0.023036133803009794
2574	0.02275981011675422
2575	0.022642502952955966
2576	0.02264250295295541
2577	0.022642502952952732
2578	0.02264071809004242
2579	0.022640718090027354
2580	0.022640718080785993
2581	0.022640718080653464
2582	0.022639220435855957
2583	0.022633086441014465
2584	0.02262297670679344
2585	0.022622976706709524
2586	0.022622976706369723
2587	0.02262297670631599
2588	0.022622976706301416
2589	0.022416693231413667
2590	0.02241669323133633
2591	0.02241668844514977
2592	0.022416688445146157
2593	0.022416688445118717
2594	0.022416688444745196
2595	0.022416688444716688
2596	0.022416688412400017
2597	0.02241668840997076
2598	0.022416688409895677
2599	0.02241668840879092
2600	0.02241668840858333
2601	0.022090165432040933
2602	0.022090165431615894
2603	0.022090164825382393
2604	0.022090164825332236
2605	0.022090164825313546
2606	0.02209016482498199
2607	0.022090164824976142
2608	0.022090164824812988
2609	0.022090164722689286
2610	0.022090164722406363
2611	0.022090164721187622
2612	0.02209016472107167
2613	0.022090164721059877
2614	0.022090164720986356
2615	0.02194120993626111
2616	0.021941209936254424
2617	0.02194120993617157
2618	0.02194120993546857
2619	0.021740258039916024
2620	0.021740258039828264
2621	0.021740258039797122
2622	0.021740258039778432
2623	0.02174025803977407
2624	0.021740258039750295
2625	0.021740258039057894
2626	0.02174025803878631
2627	0.021740258038770315
2628	0.021740258038757582
2629	0.02173972672426767
2630	0.021418072539807244
2631	0.021418072539432106
2632	0.021418072539271804
2633	0.021418072539167225
2634	0.021389104996369132
2635	0.021389104990971082
2636	0.02138910492792909
2637	0.02138910492773907
2638	0.02138910492773353
2639	0.021389104927712933
2640	0.021388896304216722
2641	0.021388896304213936
2642	0.02138889630416924
2643	0.021388891471371886
2644	0.021388891471366977
2645	0.021377130230329115
2646	0.021377130230158227
2647	0.02133897778836967
2648	0.021018476676746792
2649	0.021018476676704628
2650	0.02101847667644788
2651	0.020955849082473006
2652	0.020955849082223928
2653	0.02095584908219377
2654	0.020884440216895568
2655	0.020499580463379248
2656	0.0204995804633171
2657	0.02049958046311388
2658	0.02049958046304585
2659	0.020498092724450485
2660	0.020498092724414583
2661	0.020498092724376287
2662	0.020498084898639676
2663	0.020498084761035002
2664	0.02049808476095615
2665	0.020498084719727187
2666	0.020498084372458383
2667	0.020498084372326666
2668	0.020321945599291676
2669	0.020321945599284734
2670	0.02032193351887892
2671	0.02032126823414132
2672	0.02032126823399988
2673	0.020321268233889415
2674	0.02032126823368157
2675	0.020321268233500646
2676	0.020321268232570425
2677	0.02032126823246374
2678	0.020321268232407885
2679	0.020321268232219643
2680	0.02032126823221727
2681	0.020321268231521597
2682	0.020321268231513985
2683	0.0203212682314712
2684	0.020321267957431676
2685	0.020321267957428148
2686	0.020321011211359537
2687	0.020321011211352227
2688	0.02032101121126683
2689	0.020321011210998125
2690	0.02032101121093653
2691	0.019791706559877425
2692	0.01979170655321827
2693	0.019791706553170904
2694	0.019791706551609684
2695	0.019791706551602506
2696	0.01979170655157452
2697	0.019791706551559977
2698	0.019669739014811113
2699	0.01966973901477548
2700	0.019669739014725875
2701	0.018980868361836
2702	0.018980868360563282
2703	0.018980868360418634
2704	0.018980868360404968
2705	0.01898086836040027
2706	0.01898086836008956
2707	0.018855648804149937
2708	0.0188556488041377
2709	0.018852827374059817
2710	0.018852827373990466
2711	0.018852827373241884
2712	0.018846826713820323
2713	0.018846826713816694
2714	0.018846826711677197
2715	0.018612978967553723
2716	0.018612978967471196
2717	0.018612978967122613
2718	0.018612978967061797
2719	0.018612978966791312
2720	0.01861277370707161
2721	0.018612773706352292
2722	0.01861277370635161
2723	0.018612773706341203
2724	0.018612766848735758
2725	0.018612766848734925
2726	0.018611164759142894
2727	0.018611164759141804
2728	0.01796144676463901
2729	0.017961446764613344
2730	0.017961446764587708
2731	0.017961446764582997
2732	0.017961446764577282
2733	0.017827771126791056
2734	0.017827675926529306
2735	0.01782767592651215
2736	0.017827675673560934
2737	0.017821526196306708
2738	0.017749846797631256
2739	0.017749549957700433
2740	0.017749549957697085
2741	0.017749549957490483
2742	0.01774954995743309
2743	0.017749549955596442
2744	0.01774784543136857
2745	0.017747845431353708
2746	0.01774784543110935
2747	0.01774784543109779
2748	0.01774784543109611
2749	0.017747845431087275
2750	0.017730403230851045
2751	0.01773040231776959
2752	0.017730402317761365
2753	0.01773040231776004
2754	0.017730402317753125
2755	0.017677353711349986
2756	0.017677353456081676
2757	0.017677353456078057
2758	0.017677353456021658
2759	0.017677353456018736
2760	0.017677353456017345
2761	0.017677353455994225
2762	0.0176773534557661
2763	0.01767735345565968
2764	0.017677353455658983
2765	0.017677353455651457
2766	0.017677353455650833
2767	0.01767735345563628
2768	0.017677353455624413
2769	0.017677353455614945
2770	0.017677353338681475
2771	0.017677353338669134
2772	0.017677353338580403
2773	0.01767715159602083
2774	0.017677151594301065
2775	0.01767714723913683
2776	0.017677147239118115
2777	0.01767704238801461
2778	0.017677042387994776
2779	0.017187030911962622
2780	0.01718702449186989
2781	0.017186512169538048
2782	0.017186512169534898
2783	0.017186499797301955
2784	0.01718649979730089
2785	0.017186499794349875
2786	0.01718649979433866
2787	0.017186333749210383
2788	0.017186333749146965
2789	0.017186333749146313
2790	0.01718633374877705
2791	0.017186333748771855
2792	0.01718633374876614
2793	0.017003098010499186
2794	0.01700309801044166
2795	0.017003098010424458
2796	0.017003098010373217
2797	0.016936878079605294
2798	0.016936878021878935
2799	0.016936878021858573
2800	0.016936878021689698
2801	0.01676176940108284
2802	0.016761769401066304
2803	0.016761769401065087
2804	0.01676176940106123
2805	0.01676176940088543
2806	0.016761769400842487
2807	0.016761769400841914
2808	0.016761769400836433
2809	0.01676176605591542
2810	0.016549666858375604
2811	0.016542652470902974
2812	0.016542652470799214
2813	0.016542652470631317
2814	0.0165170290732508
2815	0.01651702907321142
2816	0.016517029073209684
2817	0.016517029072684163
2818	0.016517029072684115
2819	0.016517029072547644
2820	0.01651702907253877
2821	0.01651702907253391
2822	0.016517029071898497
2823	0.016517029071201048
2824	0.016517029071191944
2825	0.016514542707433712
2826	0.016514542707428317
2827	0.01651454269422087
2828	0.016514542694220796
2829	0.016514542694216785
2830	0.016514542693942435
2831	0.01651454269388125
2832	0.01651454269388121
2833	0.016514542693866027
2834	0.01651454269385378
2835	0.016514542693841526
2836	0.016514542693840818
2837	0.016514542693828228
2838	0.016514542693775815
2839	0.016514542693723523
2840	0.016514542693723457
2841	0.016514542693723107
2842	0.0165145426932452
2843	0.01651454269324347
2844	0.016496937019980326
2845	0.016496937019933943
2846	0.016496937019630852
2847	0.016496937019610372
2848	0.016496937019605435
2849	0.01649693701960499
2850	0.016480248344177544
2851	0.01647869073970872
2852	0.01647869073693542
2853	0.01647869073693307
2854	0.01602763592528491
2855	0.016027635925281985
2856	0.016027635925084084
2857	0.015959131773633783
2858	0.015959126802572846
2859	0.015959126802572422
2860	0.015959126802552445
2861	0.015959126802522913
2862	0.01595080307248355
2863	0.015950794125549495
2864	0.015950794125517833
2865	0.015950794125513975
2866	0.015950794125421778
2867	0.01573519910998743
2868	0.015344566959870373
2869	0.015344566959870135
2870	0.0153365578870444
2871	0.015334873145237434
2872	0.015334873145236945
2873	0.015334873145235971
2874	0.015334873145228956
2875	0.015334873145063906
2876	0.015334810879191507
2877	0.01533481087911113
2878	0.015334810879096472
2879	0.015334810879091961
2880	0.015334810879051922
2881	0.01533481087903364
2882	0.015334362865860844
2883	0.015334362865858079
2884	0.015205082020341477
2885	0.015205082020340491
2886	0.01520508202034034
2887	0.015204835054226795
2888	0.015203788884462492
2889	0.015203788884457049
2890	0.015203788884456945
2891	0.015203764502818306
2892	0.014797218624281057
2893	0.014796203811097664
2894	0.01479620381109595
2895	0.014796203806817102
2896	0.014796167399566481
2897	0.01479616739947462
2898	0.014796167399474614
2899	0.01479616739945899
2900	0.014796167399456266
2901	0.014783476516856905
2902	0.014783476516856615
2903	0.014783476516856615
2904	0.014783476516856128
2905	0.014783476516854783
2906	0.01478347651448973
2907	0.014783476514482719
2908	0.014547053443626041
2909	0.014547053443466436
2910	0.014545656344553534
2911	0.014545656344553397
2912	0.014543864807577744
2913	0.014543864807571135
2914	0.014543864801981114
2915	0.014543864801858116
2916	0.0145438648018504
2917	0.014535909944116365
2918	0.014512243972595413
2919	0.014512243972592934
2920	0.014512243972592797
2921	0.014512243972578427
2922	0.01451224397257711
2923	0.014512156679041759
2924	0.014512156679038983
2925	0.01445331863184791
2926	0.014453318631744134
2927	0.014453247677064622
2928	0.014453247677062232
2929	0.014443754707199281
2930	0.01444375470716091
2931	0.014443754707154218
2932	0.014443754707154088
2933	0.014352457117957913
2934	0.014352457117954102
2935	0.01435245707931775
2936	0.014352457079316401
2937	0.01435245707931588
2938	0.014352457079204566
2939	0.014352457079159709
2940	0.014352457079159405
2941	0.014352457079156545
2942	0.01435244568852286
2943	0.014352445688522397
2944	0.014352445688518005
2945	0.014352445688517327
2946	0.014352445688517313
2947	0.014352445688410827
2948	0.014352445688395629
2949	0.014352445688383427
2950	0.014352445688382627
2951	0.014352445682335412
2952	0.014352445682271276
2953	0.01435244566477441
2954	0.014352445664754465
2955	0.014352445664754214
2956	0.014352445664158461
2957	0.014352445641813927
2958	0.014352445641793199
2959	0.014352445641788013
2960	0.014352445641781786
2961	0.01435244564178128
2962	0.014352444744494219
2963	0.014239841461144032
2964	0.014239841131349596
2965	0.014238339943829966
2966	0.01423831736526218
2967	0.014238317365261384
2968	0.014238317365161238
2969	0.0142383173651543
2970	0.014238317363464929
2971	0.01423764053689202
2972	0.014237640536886757
2973	0.014237636799857394
2974	0.014237636799853955
2975	0.014200863754675053
2976	0.014200863754674569
2977	0.014200863754653991
2978	0.014200863754650654
2979	0.014200863754649854
2980	0.014200863754649563
2981	0.0142008637546487
2982	0.014199487343176413
2983	0.014199487342456567
2984	0.014199445559162634
2985	0.014199445559162508
2986	0.014199445559117249
2987	0.014199445559114987
2988	0.014199445559111604
2989	0.014114947317799423
2990	0.014114947317799116
2991	0.014114947317798965
2992	0.014113934238045252
2993	0.014113934237651971
2994	0.014107408922204363
2995	0.014107408922176297
2996	0.014102971703787336
2997	0.014102971703780358
2998	0.014102971702539324
2999	0.01410297170253925
3000	0.014102971702526952
