1	8.434258206135328E8
2	7.443539173403841E8
3	6.147269401234928E8
4	5.624972065071062E8
5	5.341082261334649E8
6	4.6315790397927016E8
7	4.3025841322900933E8
8	3.917019494686307E8
9	3.715063886166003E8
10	3.4875156717123777E8
11	3.0594374979011005E8
12	2.890989780958493E8
13	2.6602248974584156E8
14	2.569141899484852E8
15	2.42842707122018E8
16	2.2532669762039858E8
17	2.071161983326077E8
18	1.9517906689892235E8
19	1.882920383094242E8
20	1.774385486600472E8
21	1.7208837398819178E8
22	1.56355895350013E8
23	1.4840661169536301E8
24	1.4112290462254366E8
25	1.3283550385216932E8
26	1.3002739474349998E8
27	1.2471080628419632E8
28	1.1627862621935654E8
29	1.0698317763706324E8
30	1.0257986268150431E8
31	1.00493385854934E8
32	9.633897620530023E7
33	8.933794541921584E7
34	8.322321040536189E7
35	7.90460204771577E7
36	7.55510570664383E7
37	7.342479532257338E7
38	7.237236527037217E7
39	6.686877444357446E7
40	6.494955479554467E7
41	6.2014701565929614E7
42	5.765412907343026E7
43	5.561018702188741E7
44	5.399574084731229E7
45	5.259329671239052E7
46	5.0660492477667E7
47	4.935955158972103E7
48	4.871646272366928E7
49	4.735174382274125E7
50	4.6430716953433E7
51	4.374873499773184E7
52	4.012029369483229E7
53	3.884313450505614E7
54	3.702609960992693E7
55	3.530366740066072E7
56	3.366301485850454E7
57	3.3092552400062673E7
58	3.2293961632799566E7
59	3.1276438411332402E7
60	2.9945456703002516E7
61	2.9427433796178196E7
62	2.6649838374644104E7
63	2.4974614479340676E7
64	2.4297823630566586E7
65	2.3753218858235795E7
66	2.2686873109534442E7
67	2.1060369846455093E7
68	2.0422337330343936E7
69	1.938281949105414E7
70	1.9109532579261906E7
71	1.817238024584591E7
72	1.728509801115938E7
73	1.6856772948848035E7
74	1.6127879154275361E7
75	1.5003167138883216E7
76	1.5003167138883216E7
77	1.4749991383460803E7
78	1.4026676982238837E7
79	1.3338867298825996E7
80	1.296845058621669E7
81	1.2441684444814596E7
82	1.1551589241832854E7
83	1.0717564025927251E7
84	1.0303786880915433E7
85	1.0139202635863015E7
86	9313995.0703378
87	9015319.882274128
88	8539956.0146808
89	8135353.340847702
90	8112127.179406873
91	7628690.574698685
92	7096205.907759383
93	6933414.553569465
94	6805112.602500769
95	6603680.238889977
96	6323859.617230127
97	5948285.004661498
98	5271246.867215481
99	4995152.991612182
100	4692491.653333525
101	4539653.085304882
102	4358157.873857619
103	4302709.981323777
104	4083293.883911103
105	3811394.391814588
106	3809957.446007705
107	3668337.410466149
108	3667912.164266209
109	3497706.036865312
110	3443982.641010417
111	3343844.3663854003
112	3227665.3102683024
113	3121870.6846554326
114	2923195.057071863
115	2831563.667694002
116	2699002.2857567286
117	2625761.806787411
118	2518884.586619399
119	2370984.2949246047
120	2309016.756300656
121	2188637.078382444
122	2116112.4400875964
123	2090703.3195230444
124	2009906.2569330297
125	1995977.7935180152
126	1904591.7769346426
127	1850072.1498273355
128	1772737.8083993034
129	1608163.2991972442
130	1503224.2288314707
131	1377403.4909660816
132	1358453.9256606407
133	1331826.2542061917
134	1322113.3478378926
135	1248456.8224669094
136	1184771.2738998004
137	1146161.7760700712
138	1036003.2783752104
139	1028624.2289334805
140	1003509.8174539305
141	959011.7997284811
142	930272.0758048256
143	910829.8312256059
144	887398.323219766
145	849317.4042523946
146	759187.9057248094
147	745359.9594871328
148	733296.276540247
149	668572.2968785748
150	640787.141522511
151	623712.1489365118
152	613827.3375171206
153	609403.4829944228
154	583653.4734146205
155	522059.7971226128
156	515957.9217317903
157	495834.8103803128
158	449931.89733735664
159	423262.5701687764
160	399459.179169885
161	370963.18296322355
162	357135.5155531732
163	324330.3637032334
164	302972.9989276024
165	293737.3466383374
166	282954.8255956696
167	276485.50272013916
168	266066.77731930756
169	263479.4373115383
170	255073.05126777088
171	247840.5530497304
172	227408.25564750863
173	223403.480705352
174	214232.67209447024
175	203260.25986883574
176	189754.38562608205
177	177139.06407792677
178	163376.1631214725
179	155997.6160929474
180	152491.92091642314
181	151269.74252232004
182	140087.22458161222
183	132524.3561077468
184	124030.06851170756
185	121467.54856883768
186	107346.15151898316
187	100348.54899998227
188	90183.0736623692
189	87956.34588774806
190	84264.81290703284
191	74694.34454867775
192	72949.22887376307
193	68978.1124836879
194	65526.528241658154
195	61307.83266889654
196	58149.16101539207
197	56097.3610239597
198	55192.967454932594
199	53830.05749573508
200	52586.76446804491
201	49470.52536037815
202	48392.46938931292
203	47131.38209957668
204	46582.11169989487
205	45949.659447081685
206	43597.742041387995
207	36065.69994932904
208	34969.00992545601
209	34124.20737368512
210	32931.554106606476
211	30930.96640457241
212	27006.53287544858
213	26442.94808069489
214	25746.82363224893
215	25272.39096761532
216	24114.193265420974
217	23980.164009064403
218	20599.05710484753
219	19388.213562952038
220	16474.78558184626
221	13462.742977037644
222	12378.102975413125
223	9685.18536468549
224	7873.514478040843
225	7685.849727312391
226	7506.878291697522
227	7328.234065752461
228	7323.449495816454
229	7292.632683919844
230	7270.116839115692
231	6601.103475679557
232	6478.4973974940485
233	5947.962257687019
234	5883.604487302732
235	5670.332246744234
236	5143.961061992163
237	4955.632699361805
238	4771.864144056696
239	4609.519937967425
240	4155.121844108084
241	4154.89628893488
242	4061.650998516902
243	3862.4996078262434
244	3683.0303887648242
245	3636.9112581769054
246	3374.4306362877833
247	3266.9385010662063
248	2852.9413285958963
249	2640.6967231624444
250	2279.1022716604616
251	2207.998080832009
252	2035.9625502472065
253	1483.5456002192436
254	903.4635008492612
255	840.6060678829992
256	782.5323145204751
257	779.1922410999164
258	760.8113548113324
259	731.9035108768204
260	701.440471627599
261	675.8425409058032
262	538.2910141209245
263	353.9963931851522
264	347.2703850075074
265	346.9146534541033
266	315.78500091186265
267	315.3867751234359
268	307.5199198811882
269	293.3346293539796
270	279.96653605045714
271	276.5098406914562
272	276.4411303005464
273	255.04686335650544
274	247.87397944957047
275	244.63111554888636
276	214.27827914364167
277	211.89055090219713
278	196.4272651548775
279	140.2657898962547
280	133.2740675217538
281	129.27011238241496
282	127.0840070773464
283	125.39252029395938
284	108.85788275685745
285	97.33581878233663
286	64.22498342599407
287	63.84571494016032
288	51.98502383785116
289	50.92752126287576
290	40.60078260986078
291	39.75236373622766
292	38.66341066156761
293	38.15458389272198
294	38.01151533516959
295	37.40340318404338
296	35.75525171790637
297	34.9782680355137
298	34.62334156044834
299	34.12069951117727
300	33.3807628708452
301	32.54343614059628
302	32.49970454674194
303	32.03988903620691
304	31.913803426732255
305	31.228441969155753
306	24.169094052791326
307	24.095397945834474
308	23.135832798487606
309	22.758799834785556
310	22.639264844366355
311	22.198808824688445
312	21.985387739797837
313	21.81315927219838
314	21.45266362256958
315	21.149805582109607
316	21.01238148994428
317	20.84052708605662
318	20.29933445465904
319	20.120229090797853
320	19.327583727811223
321	19.205268312698422
322	19.131380887500704
323	18.5585504025952
324	18.042405708773966
325	17.517571853351548
326	17.32332173276087
327	17.030187955034958
328	16.744207483677588
329	16.3186301055681
330	16.235441000518012
331	15.901010803646823
332	15.502313639347738
333	15.399265509150297
334	15.180115017344509
335	15.107544140842316
336	14.643906898415109
337	14.430803153118282
338	14.215148599855153
339	13.815783349839672
340	13.682399083191747
341	13.518972808552512
342	13.137741519970982
343	13.021681666175796
344	12.867145038680857
345	12.666777350513323
346	12.543737620386464
347	12.417344419686886
348	12.334777224505721
349	12.162995665211731
350	12.087277482577836
351	11.829525079199161
352	11.606488228896968
353	11.390417370599694
354	11.229650221669
355	11.143730613912933
356	11.138137473395803
357	11.00185189217525
358	10.906828413735939
359	10.805008030707443
360	10.643347369317945
361	10.58892955933566
362	10.44737280272626
363	10.25202689735817
364	10.036832687601908
365	9.893484209396282
366	9.774751286459944
367	9.58053884077559
368	9.56542926610242
369	9.41950834736682
370	9.328075394224951
371	9.222053888681947
372	9.115059324404653
373	8.93560038047826
374	8.803663115508703
375	8.760813737602012
376	8.6297513281241
377	8.373370344586808
378	8.234604966539644
379	8.119299240664946
380	7.9901682208701486
381	7.748586183547001
382	7.6434186602153495
383	7.515614093243546
384	7.379905449670148
385	7.334620272375963
386	7.272214115523925
387	7.167691151193965
388	7.065890570473537
389	7.006941195288937
390	6.872346426322418
391	6.826414754242254
392	6.682814199834407
393	6.503518351328864
394	6.439303129012316
395	6.389156414227155
396	6.22203413326714
397	6.0570213731770695
398	6.0287065070914245
399	5.885004042150413
400	5.833693877413447
401	5.756761568349282
402	5.650990976158123
403	5.577448713231372
404	5.456387724570793
405	5.366222123662311
406	5.280593884686259
407	5.276156453191624
408	5.166571596542743
409	5.06629961241258
410	4.963425462606962
411	4.928830020063112
412	4.888906652174783
413	4.748466337154013
414	4.66530500869569
415	4.609829447528275
416	4.597662326988083
417	4.523870939144313
418	4.492822748005788
419	4.414390371958728
420	4.337842560419548
421	4.2863546306055715
422	4.247530719144741
423	4.196029194288078
424	4.135618918072024
425	4.045534733990204
426	3.986036249524984
427	3.9354475151676045
428	3.8783023139333057
429	3.8565620722771863
430	3.667164879519368
431	3.621258431278078
432	3.6130797440322024
433	3.5568573168174895
434	3.5077681826322498
435	3.4856916623011567
436	3.425656419651365
437	3.402375028650556
438	3.386956424518745
439	3.3207824603471905
440	3.2806698598875648
441	3.214359350426007
442	3.179396019477853
443	3.166190363884837
444	3.122151602310073
445	3.060370316342241
446	3.0230434504864165
447	2.959484584812472
448	2.92433773468842
449	2.8834100314817492
450	2.84297523259306
451	2.7910372744592133
452	2.663227200284424
453	2.6225475214157794
454	2.6022214528091365
455	2.563922375501637
456	2.5090389607068917
457	2.4946056192472508
458	2.436238987462052
459	2.4009266816701693
460	2.3753744952953406
461	2.3549379341849557
462	2.34028128317949
463	2.319829616003933
464	2.285592836058524
465	2.274320491445389
466	2.2231763570094487
467	2.1993325529010774
468	2.1736522825339333
469	2.128318564146027
470	2.094584028836378
471	2.073592556843391
472	2.026982897793952
473	2.0153079403499135
474	1.9991207098569082
475	1.9618091934176305
476	1.8970806993736318
477	1.8665416491911835
478	1.8323783577886903
479	1.7829949430445313
480	1.7546832717097707
481	1.7360423140457197
482	1.7279686458057122
483	1.7128703437398738
484	1.7023237023374655
485	1.6768353832935907
486	1.6507915840457132
487	1.6273555526449088
488	1.6173699423666323
489	1.595654729857869
490	1.5676568639191326
491	1.5042323802487998
492	1.4574377478618918
493	1.4277815714229152
494	1.4179709800579086
495	1.4027082150708239
496	1.3921152645179264
497	1.3863413958262105
498	1.3484380165165788
499	1.3172172297411509
500	1.3115699847521922
501	1.299970326131492
502	1.2964568432889907
503	1.2831770447167479
504	1.2743652542933768
505	1.2613621499673542
506	1.230765048773992
507	1.1957540322959217
508	1.166409604563018
509	1.1527852919891333
510	1.1397971531660482
511	1.1110955852034228
512	1.1005216873267798
513	1.0873182028782302
514	1.067363075408997
515	1.0600731569134034
516	1.0462035606118605
517	1.0345193739964693
518	1.0252130883813848
519	1.0169971231667796
520	0.9999021264969447
521	0.9662115554931143
522	0.9597002943671116
523	0.9538750614143282
524	0.9411604025154713
525	0.9094103856138418
526	0.9067993100076236
527	0.8935175348203557
528	0.8927778333883439
529	0.8853198974313908
530	0.8556628867230843
531	0.8418124804452324
532	0.8293654950051542
533	0.8084170980851282
534	0.801542927917849
535	0.7944209188202055
536	0.7772908168141438
537	0.7711662942146927
538	0.7673249596043458
539	0.7581498888622672
540	0.7478904160890455
541	0.7348543877878828
542	0.7312041997111791
543	0.7125611702984465
544	0.701065812902153
545	0.6974921753456793
546	0.6822005417314566
547	0.6780073339022312
548	0.6628267933102022
549	0.6483193777625935
550	0.6399168399299913
551	0.6348130616563782
552	0.6295522523288928
553	0.6227615636393918
554	0.6116084855944777
555	0.5912058571877452
556	0.5898529017544033
557	0.5863649050066556
558	0.5779078041343243
559	0.5773668732307764
560	0.5574778589271794
561	0.5473803476691834
562	0.5419626535330567
563	0.5349448835479216
564	0.5236790524282979
565	0.5191278466246066
566	0.5084957042481119
567	0.49970718205961373
568	0.4886045325812496
569	0.4817933591555781
570	0.4811604402835258
571	0.46313250435429215
572	0.46278352219046837
573	0.45616453654187167
574	0.4456440952941161
575	0.4387649169131856
576	0.43413520740941575
577	0.4308371403255913
578	0.4271680299388232
579	0.41886545732909736
580	0.41134141419381426
581	0.40610588416235044
582	0.404224956934143
583	0.4003679204594882
584	0.3978578990087636
585	0.3906426139964609
586	0.38329613522580874
587	0.37855175361023885
588	0.3703803065166296
589	0.3641058808765253
590	0.36293090814621604
591	0.360715893907668
592	0.35684968370390135
593	0.35333469766458503
594	0.35203163389984177
595	0.34940951628382727
596	0.345238952427649
597	0.3392112545280739
598	0.33622345474891085
599	0.33383715060175617
600	0.32759551306690843
601	0.3242638104459969
602	0.32049101297743193
603	0.31895903624488753
604	0.3166501181063265
605	0.31047365764870166
606	0.3057855832973356
607	0.303164297219713
608	0.2973032020749641
609	0.2896947462554906
610	0.2843954796459194
611	0.2829965967036502
612	0.2794067377694001
613	0.27344659998996707
614	0.2683476373649756
615	0.265911746137688
616	0.2629300453681889
617	0.25901053278583114
618	0.25293694082857265
619	0.25133580913902437
620	0.2497233170947572
621	0.24708329605167326
622	0.2441402020544883
623	0.24136161103352202
624	0.23743703869906777
625	0.2365591149021995
626	0.23254679208647103
627	0.2287799411495827
628	0.22450794448987507
629	0.21921357628855123
630	0.21437676590516438
631	0.2118741732926752
632	0.20781739050457695
633	0.2020888748165359
634	0.19730630539850466
635	0.19687792247154348
636	0.19542323623222077
637	0.18916882621869552
638	0.18475901092560817
639	0.18289922361213495
640	0.18255299124493748
641	0.17983141264863223
642	0.17575359856298428
643	0.1708412458359598
644	0.1690320133855638
645	0.1653321378261257
646	0.16235176849232275
647	0.1600508151134784
648	0.1564238817971821
649	0.15471759423142126
650	0.15292170499924085
651	0.15232001492849062
652	0.1521065725038094
653	0.1504883593692269
654	0.14964001910356828
655	0.14573736093460699
656	0.1438094352113415
657	0.14242240500710754
658	0.14193922756182037
659	0.14028448825384643
660	0.14000796393289014
661	0.1392826257254277
662	0.13732944216711654
663	0.1364442644916914
664	0.13396722628302468
665	0.13270581082416688
666	0.13202140327776918
667	0.13167484046699937
668	0.12899984839597298
669	0.12382200977524699
670	0.12166992363122107
671	0.1204576906957389
672	0.11738744530100037
673	0.11423095982680628
674	0.11211117434164179
675	0.11141464256137515
676	0.11062890624068783
677	0.11046481920158245
678	0.10862950713985794
679	0.10719783441142577
680	0.1051419270425757
681	0.10481201949441261
682	0.1034252114641647
683	0.1032376295808599
684	0.10201358179995396
685	0.10009163008080608
686	0.0978938293453542
687	0.09666663328665147
688	0.09605795762052671
689	0.09401727032855217
690	0.09273928854407407
691	0.09123138358476852
692	0.09047810579328544
693	0.08906991807858065
694	0.08804063920533488
695	0.08544910068720116
696	0.08501955474152918
697	0.08474667349338663
698	0.08390106346072396
699	0.08113667259912166
700	0.07975173617418034
701	0.0787951169098216
702	0.07771978004872977
703	0.07643906889325412
704	0.07597084872153854
705	0.07461010487447509
706	0.0743889010396125
707	0.07219128887751623
708	0.07143367733413222
709	0.07095952381879309
710	0.07069079489984728
711	0.06941641434905514
712	0.06922613179366582
713	0.06746045504102803
714	0.066367854690714
715	0.06490878273687252
716	0.064036906465692
717	0.06383628791490446
718	0.063059955772996
719	0.06239882572401464
720	0.059630152152394776
721	0.05877392203903636
722	0.05838077602126047
723	0.057333125973604064
724	0.055745631854890634
725	0.05532823411880314
726	0.054851921813386204
727	0.05372241954757444
728	0.052442554927450674
729	0.051915317998582594
730	0.050752233341694014
731	0.05028806705250874
732	0.04991383613722855
733	0.04806642526981837
734	0.04737675879477423
735	0.04669093988856072
736	0.04611097827280582
737	0.04597195865696345
738	0.0456290130968179
739	0.04486575661462932
740	0.04395268521172369
741	0.04318728231827332
742	0.04265972892589072
743	0.041938496150017615
744	0.041693808027020066
745	0.04119897227123461
746	0.0406770287995177
747	0.03988717196727332
748	0.039082908999526315
749	0.03804257209125272
750	0.03761839029491431
751	0.03699811050579186
752	0.03662801014978198
753	0.0362435762406027
754	0.035834556479723514
755	0.03548423132517874
756	0.03480654442285353
757	0.03440151813928382
758	0.03434012224200636
759	0.03362277011823473
760	0.03300534041874084
761	0.03280985790133683
762	0.032311505342738085
763	0.031900935668572425
764	0.03183113181156733
765	0.03139714201087428
766	0.031135962472799626
767	0.030422799251829218
768	0.030421570563802295
769	0.029511472631969866
770	0.029378316434336582
771	0.02866527382225143
772	0.02844006123256034
773	0.027593166827560394
774	0.02706715356279414
775	0.026287243240720532
776	0.025869702579910718
777	0.02558542483748246
778	0.02537895424912141
779	0.024662121451633115
780	0.024531285791640774
781	0.02424686769902026
782	0.023619540706887134
783	0.023121399709508102
784	0.022781734404736697
785	0.0225062274907867
786	0.02243411265345626
787	0.022283159444882114
788	0.022118439070960737
789	0.022070861702681504
790	0.02183473308254458
791	0.021600187123136026
792	0.021014389648025156
793	0.02055457769277425
794	0.019565965144826905
795	0.018907668038081762
796	0.0188566188211161
797	0.01862079905724708
798	0.018337150557643577
799	0.01807910664397394
800	0.018010904767789753
801	0.01766097782109325
802	0.01730294634724623
803	0.01728833906379346
804	0.016968688631237534
805	0.016687259438309777
806	0.01612560028208309
807	0.015901753761123866
808	0.01573421752356481
809	0.015648627235883172
810	0.015359306046678057
811	0.015007350143607363
812	0.014503412840658755
813	0.014160923248123175
814	0.013942232556934065
815	0.01368693479404441
816	0.013590268109232096
817	0.013338731166735346
818	0.013294430164279027
819	0.012774695475868835
820	0.012571586392168065
821	0.012291979408943129
822	0.012119511200106315
823	0.011789701298703962
824	0.011748220815426702
825	0.011275527993453069
826	0.010884885838931218
827	0.010693976703711729
828	0.010458329843752855
829	0.010298740934221942
830	0.010277362528690883
831	0.010112289875735595
832	0.010010267999592197
833	0.009782304832261304
834	0.0093826212280902
835	0.009021748887204367
836	0.008775631199362298
837	0.008718548003702037
838	0.008676373978128185
839	0.008644368880591164
840	0.008570937436348671
841	0.0082634872710564
842	0.008013499640932101
843	0.007983767954271189
844	0.007873825604736364
845	0.007795669269580239
846	0.007706031833681853
847	0.0076559547891289085
848	0.007619301532076981
849	0.0074471015041284675
850	0.007251930860409305
851	0.007174921282847409
852	0.007123382603145353
853	0.0071067623693342056
854	0.006902383469348278
855	0.006881010631970288
856	0.006412900446792499
857	0.006405398443782961
858	0.006390112498130206
859	0.006306052339064717
860	0.0062245777001577055
861	0.00609627465156573
862	0.005788706354849047
863	0.00578776035317228
864	0.0056710699061700166
865	0.0055154603886189936
866	0.005474129513011483
867	0.0054346303124147835
868	0.005389634292729258
869	0.00535282479558863
870	0.0052545495394821515
871	0.005247770535866832
872	0.005158321827868161
873	0.005076468095559863
874	0.004966289169540247
875	0.004936140559168542
876	0.004845554362400972
877	0.0047991713168783
878	0.004758987122004105
879	0.004626996785900467
880	0.004528881791301234
881	0.004329152589987779
882	0.004234199907003176
883	0.00411181253478746
884	0.004076174511215313
885	0.004007621590649978
886	0.003982693071401144
887	0.003930467011790729
888	0.0038709422206063076
889	0.00376634839252637
890	0.0035802917306210877
891	0.0034552827570116726
892	0.0034265594019852403
893	0.0033775021646491993
894	0.0032622399667407
895	0.003250677184924219
896	0.0032154827506719412
897	0.0031272291634648966
898	0.0030447100756628457
899	0.003041871159009566
900	0.0030392335605683362
901	0.0029574949788962186
902	0.0028942853151355846
903	0.0028333391311836597
904	0.002762176956593953
905	0.002710629890515283
906	0.0026464043338912746
907	0.0025538990922809863
908	0.002535847468749296
909	0.0024782137813997153
910	0.0024056854362908484
911	0.002393524477134355
912	0.0023876552600689913
913	0.0022733474326288544
914	0.0022188889820302956
915	0.0021825671318082304
916	0.002145318345673085
917	0.0021276789963820984
918	0.002112697806908779
919	0.0021024902724437657
920	0.0020749343251004687
921	0.0020621195380934845
922	0.0020570034960800867
923	0.002035460335671032
924	0.0020091251985427756
925	0.0019995294788640143
926	0.0019429073112035924
927	0.00188400247739343
928	0.0018780654901923962
929	0.0018713119080692514
930	0.0018138009893308674
931	0.0017681936911074982
932	0.0017435549832398283
933	0.0017157281578647219
934	0.0017081266873204492
935	0.0016698113402530644
936	0.0016520888776503408
937	0.0016424336588026
938	0.0016376148644085089
939	0.0015783157121038599
940	0.0015458450673184957
941	0.0015279912037436969
942	0.0015234662266623428
943	0.0015131532897420645
944	0.001474482884236126
945	0.0014647057500187972
946	0.0014391452922722745
947	0.0014121161588967236
948	0.0013955217272877383
949	0.0013708757817448125
950	0.0013625849649403535
951	0.0013586455792791428
952	0.0013502998817891453
953	0.001346226839252873
954	0.00133023256764528
955	0.0013190928545110392
956	0.0013092182273384766
957	0.0012638695980286773
958	0.0012527433052292628
959	0.0012301862797561
960	0.0012253092852647918
961	0.0012085793631091684
962	0.0012004953853581273
963	0.0011871689903980701
964	0.0011765655066744
965	0.0011563529521661094
966	0.0011450030270910702
967	0.0011165463879636455
968	0.0010920346592463946
969	0.0010786104597326786
970	0.0010762351531603612
971	0.0010696514088340801
972	0.0010537659317589915
973	0.0010290146896482476
974	0.0010002694565075345
975	9.85998066589996E-4
976	9.529288676192936E-4
977	9.352497998929568E-4
978	9.136733379320863E-4
979	8.951952422413865E-4
980	8.937788122298266E-4
981	8.788865952278772E-4
982	8.634452156203407E-4
983	8.541909939104868E-4
984	8.391586190129534E-4
985	8.273634349595851E-4
986	8.266051583363632E-4
987	8.221658861106383E-4
988	8.029912783625939E-4
989	7.951115213320404E-4
990	7.874640445753627E-4
991	7.829138920205155E-4
992	7.747941870314863E-4
993	7.675250476244808E-4
994	7.281588661009424E-4
995	7.190155331541876E-4
996	7.069038519205104E-4
997	7.049089706504828E-4
998	6.990533112889578E-4
999	6.907454383266932E-4
1000	6.868707890035926E-4
1001	6.722912219340859E-4
1002	6.645753577429246E-4
1003	6.612578257385233E-4
1004	6.588291278432662E-4
1005	6.554904458371824E-4
1006	6.469523161275234E-4
1007	6.395172340535872E-4
1008	6.200818171023055E-4
1009	6.179008584897496E-4
1010	6.123518018525447E-4
1011	6.031544493801628E-4
1012	5.931110927230737E-4
1013	5.806881716552747E-4
1014	5.789981622666042E-4
1015	5.62336135619569E-4
1016	5.569789974334998E-4
1017	5.528192700811588E-4
1018	5.440041435840284E-4
1019	5.30666434047646E-4
1020	5.211706813798289E-4
1021	5.136425431982783E-4
1022	5.090707825516498E-4
1023	5.055216188390541E-4
1024	4.8731632164410735E-4
1025	4.797258368644584E-4
1026	4.747653876467681E-4
1027	4.6628189765955257E-4
1028	4.628863393711927E-4
1029	4.52711553916748E-4
1030	4.4954519771972214E-4
1031	4.389602682702425E-4
1032	4.296249607504954E-4
1033	4.2169924124381436E-4
1034	4.2138717577361247E-4
1035	4.1508474606470673E-4
1036	4.133412479050308E-4
1037	4.0415161852023964E-4
1038	4.041020146354494E-4
1039	4.020114531219458E-4
1040	3.9870980406794316E-4
1041	3.9672968438394114E-4
1042	3.804365578831541E-4
1043	3.7939109269134237E-4
1044	3.7816726960988227E-4
1045	3.7154503153299077E-4
1046	3.674546917790289E-4
1047	3.636488301190123E-4
1048	3.436326747598711E-4
1049	3.4163674279948043E-4
1050	3.414606511947473E-4
1051	3.382564162910631E-4
1052	3.373504219158704E-4
1053	3.2803859934521165E-4
1054	3.253704789024115E-4
1055	3.239679903324416E-4
1056	3.1041529985767144E-4
1057	3.0255569986813727E-4
1058	3.01451099050329E-4
1059	3.0110976230226654E-4
1060	2.988916055827729E-4
1061	2.965190421218236E-4
1062	2.93484119324581E-4
1063	2.9049541993262143E-4
1064	2.8999148210007185E-4
1065	2.837741421702353E-4
1066	2.8095558362114473E-4
1067	2.7816149840231223E-4
1068	2.738718361532425E-4
1069	2.701899114784558E-4
1070	2.669056627638768E-4
1071	2.568879449026976E-4
1072	2.565493790469439E-4
1073	2.5234306148810934E-4
1074	2.5196560414024433E-4
1075	2.510202999232223E-4
1076	2.5098474036474943E-4
1077	2.494803358028217E-4
1078	2.4705850733104017E-4
1079	2.4644325683922697E-4
1080	2.4332093262808486E-4
1081	2.3397041408692307E-4
1082	2.325612506496507E-4
1083	2.2974123841013706E-4
1084	2.2840791531174908E-4
1085	2.2409169483278952E-4
1086	2.1221727194077982E-4
1087	2.0740807875359267E-4
1088	2.0274353962304476E-4
1089	1.9643062775692003E-4
1090	1.9229038390746646E-4
1091	1.920527240728563E-4
1092	1.8928693741642253E-4
1093	1.8283929457569775E-4
1094	1.8131514166043773E-4
1095	1.8073728883535517E-4
1096	1.801516907383028E-4
1097	1.7277192935239905E-4
1098	1.7025190630966992E-4
1099	1.6607832238697733E-4
1100	1.6524225230727445E-4
1101	1.6266695817316581E-4
1102	1.6076240873163323E-4
1103	1.571174080465554E-4
1104	1.564154759429744E-4
1105	1.5566851897069576E-4
1106	1.515419694666264E-4
1107	1.5129328268343936E-4
1108	1.5115994115887012E-4
1109	1.4952544564346136E-4
1110	1.4718277032510862E-4
1111	1.450044198238061E-4
1112	1.4133859009565465E-4
1113	1.4022631374868268E-4
1114	1.3923108438509767E-4
1115	1.3906808125225113E-4
1116	1.3534558569423165E-4
1117	1.3477755888063363E-4
1118	1.3446682234390242E-4
1119	1.321547222204918E-4
1120	1.2888280353445618E-4
1121	1.2622513631644058E-4
1122	1.2486841855509356E-4
1123	1.2454897874363295E-4
1124	1.241836500830041E-4
1125	1.2159165208558392E-4
1126	1.1979417869062477E-4
1127	1.183739622618115E-4
1128	1.172517549710538E-4
1129	1.1689301624926659E-4
1130	1.1588403740875149E-4
1131	1.1356072307330028E-4
1132	1.1177055119098331E-4
1133	1.101578166575787E-4
1134	1.0880951930495418E-4
1135	1.0648496081785393E-4
1136	1.0557128717260351E-4
1137	1.0401026788395664E-4
1138	1.0206538324688627E-4
1139	9.970562518254632E-5
1140	9.851553400337006E-5
1141	9.581773280618045E-5
1142	9.55017148063903E-5
1143	9.53977931257854E-5
1144	9.158451548101105E-5
1145	9.093362614834783E-5
1146	9.02775525051698E-5
1147	8.725379073113191E-5
1148	8.651419435389835E-5
1149	8.206407914395696E-5
1150	8.156100089025143E-5
1151	8.136861989012081E-5
1152	8.105794103534239E-5
1153	8.068665970568179E-5
1154	7.807946903151036E-5
1155	7.688622532620897E-5
1156	7.566631169367398E-5
1157	7.450085633481071E-5
1158	7.364141415506782E-5
1159	7.244528183498568E-5
1160	7.122633498849906E-5
1161	6.946056766037445E-5
1162	6.820607604698467E-5
1163	6.779698018448773E-5
1164	6.689345050300934E-5
1165	6.685816329227021E-5
1166	6.631473982572213E-5
1167	6.558649611571328E-5
1168	6.477415720418736E-5
1169	6.351730560025954E-5
1170	6.33010540562929E-5
1171	6.285021346108818E-5
1172	6.232003697894748E-5
1173	6.040644973826587E-5
1174	6.012217713892294E-5
1175	5.934372957401858E-5
1176	5.878281708292298E-5
1177	5.81912847252455E-5
1178	5.711512087453056E-5
1179	5.672571035530295E-5
1180	5.563474200302251E-5
1181	5.5258727713743945E-5
1182	5.505583453515639E-5
1183	5.422067281995332E-5
1184	5.381243429388168E-5
1185	5.261308299822362E-5
1186	5.253038085001185E-5
1187	5.1500656178121264E-5
1188	4.905729636714474E-5
1189	4.88915968655973E-5
1190	4.775759575272021E-5
1191	4.722880790338229E-5
1192	4.713045462083811E-5
1193	4.5175641233766484E-5
1194	4.4078951224705964E-5
1195	4.348551483107715E-5
1196	4.241455300441994E-5
1197	4.1876564958485034E-5
1198	4.128939318383285E-5
1199	4.0155758660198714E-5
1200	3.935407207484811E-5
1201	3.849094658407869E-5
1202	3.820601949771569E-5
1203	3.8046397261170765E-5
1204	3.7592548469543005E-5
1205	3.66363815086183E-5
1206	3.623911411913782E-5
1207	3.6058432248246256E-5
1208	3.585312919891607E-5
1209	3.483723503713412E-5
1210	3.42923256183333E-5
1211	3.367663359967285E-5
1212	3.364683523693726E-5
1213	3.337257250001814E-5
1214	3.329444163337568E-5
1215	3.2792068335310955E-5
1216	3.246366179350579E-5
1217	3.2359343434127626E-5
1218	3.131193307015737E-5
1219	3.059325562459437E-5
1220	3.0196527481725427E-5
1221	2.9497743706846302E-5
1222	2.9240036982458167E-5
1223	2.9174424852618857E-5
1224	2.860050635135402E-5
1225	2.8529366287439176E-5
1226	2.8218412836348128E-5
1227	2.7588182718746164E-5
1228	2.7484772065140186E-5
1229	2.7364608015024448E-5
1230	2.68857346103699E-5
1231	2.6779162578375545E-5
1232	2.651579901994423E-5
1233	2.5929836616219876E-5
1234	2.537304410725347E-5
1235	2.517021333678244E-5
1236	2.5011807798468624E-5
1237	2.4630241385632406E-5
1238	2.4340121898154396E-5
1239	2.4099789832496604E-5
1240	2.3629441489847224E-5
1241	2.319311221628678E-5
1242	2.300890910703924E-5
1243	2.2729113737132046E-5
1244	2.2575326222305472E-5
1245	2.255950431107887E-5
1246	2.2497525980122238E-5
1247	2.227068926317756E-5
1248	2.180000819277328E-5
1249	2.164011711231101E-5
1250	2.1533353264611586E-5
1251	2.138657760199542E-5
1252	2.122705063459126E-5
1253	2.080900032811919E-5
1254	2.0677079475970034E-5
1255	2.0605058416872417E-5
1256	2.0313617682619798E-5
1257	2.023573674820962E-5
1258	1.9211120324208902E-5
1259	1.898099121603415E-5
1260	1.8462329426957935E-5
1261	1.8164325614987194E-5
1262	1.757530844401528E-5
1263	1.7432686730528138E-5
1264	1.7217782697252556E-5
1265	1.68581416623444E-5
1266	1.6739318392109637E-5
1267	1.6689170621758508E-5
1268	1.6410533877369868E-5
1269	1.626158393957703E-5
1270	1.559560486499577E-5
1271	1.5453933133170027E-5
1272	1.536903108788559E-5
1273	1.5005591107303856E-5
1274	1.478366387222802E-5
1275	1.441391862752508E-5
1276	1.4298139706491716E-5
1277	1.3768787888134647E-5
1278	1.3732895797310536E-5
1279	1.3683307235563538E-5
1280	1.3648633808726968E-5
1281	1.3491236482133499E-5
1282	1.2975777389514719E-5
1283	1.2850826621546255E-5
1284	1.2490777934581181E-5
1285	1.2080465702164834E-5
1286	1.2078356846576512E-5
1287	1.1744906975994935E-5
1288	1.162144523372507E-5
1289	1.1478334643176928E-5
1290	1.1173657839521917E-5
1291	1.112816688163109E-5
1292	1.1060875433249895E-5
1293	1.0914729392322022E-5
1294	1.0501922522627953E-5
1295	1.0447836336360089E-5
1296	1.0403642967528308E-5
1297	1.0021299514831332E-5
1298	9.935843973148975E-6
1299	9.772328564676608E-6
1300	9.51211616858883E-6
1301	9.487073799824742E-6
1302	9.414856465847314E-6
1303	9.303498880885948E-6
1304	9.054882769277079E-6
1305	8.997741597381634E-6
1306	8.930105482842715E-6
1307	8.783079450659222E-6
1308	8.74150588958007E-6
1309	8.690769177632775E-6
1310	8.558531084893512E-6
1311	8.461001051511497E-6
1312	8.158134454021591E-6
1313	8.11977420882518E-6
1314	8.061937706011856E-6
1315	8.043969472553067E-6
1316	7.967614860443732E-6
1317	7.923789372283339E-6
1318	7.881967150169141E-6
1319	7.796444538187275E-6
1320	7.662301966846336E-6
1321	7.602839534588206E-6
1322	7.444167309595231E-6
1323	7.348022976740681E-6
1324	7.341795856255514E-6
1325	7.0902962956713205E-6
1326	6.921107035150732E-6
1327	6.653133756032663E-6
1328	6.568879005467567E-6
1329	6.329785341376207E-6
1330	6.274706994728012E-6
1331	6.256894490692749E-6
1332	6.047578020897938E-6
1333	5.978912856593654E-6
1334	5.882736883337355E-6
1335	5.861696850975649E-6
1336	5.758406702136874E-6
1337	5.755517330775899E-6
1338	5.627434951138832E-6
1339	5.5770480653591135E-6
1340	5.51459514662244E-6
1341	5.4262590054493E-6
1342	5.344037624373284E-6
1343	5.331947066649071E-6
1344	5.146673345220273E-6
1345	4.954072154553567E-6
1346	4.677482784827827E-6
1347	4.614430420001173E-6
1348	4.560747654036565E-6
1349	4.509518185404798E-6
1350	4.4915291069144996E-6
1351	4.389696138737111E-6
1352	4.347247570965233E-6
1353	4.33146888822027E-6
1354	4.279792450427171E-6
1355	4.266145410179018E-6
1356	4.2260035752793165E-6
1357	4.2141531736591675E-6
1358	4.172938422614987E-6
1359	4.1025397749085595E-6
1360	4.038575476890647E-6
1361	4.036006091634577E-6
1362	3.959287595630992E-6
1363	3.9132835883736E-6
1364	3.908102419369226E-6
1365	3.856328662944901E-6
1366	3.8041414041121713E-6
1367	3.717088969426444E-6
1368	3.694307563229401E-6
1369	3.6258996574574543E-6
1370	3.581840142535359E-6
1371	3.5627353085352134E-6
1372	3.4515388902884784E-6
1373	3.3843018995446495E-6
1374	3.3386596354700234E-6
1375	3.3370936692883156E-6
1376	3.1834786583334574E-6
1377	3.1479359758804905E-6
1378	3.0469955049600098E-6
1379	3.022028675967919E-6
1380	2.958393002919021E-6
1381	2.9373097408673393E-6
1382	2.8597976267054507E-6
1383	2.8280138922196495E-6
1384	2.726044126436407E-6
1385	2.692470908879433E-6
1386	2.6790812129239663E-6
1387	2.6629533038578558E-6
1388	2.645790374901664E-6
1389	2.5824277749605377E-6
1390	2.5532024445996412E-6
1391	2.549412919193091E-6
1392	2.5069454815357282E-6
1393	2.4927880802569644E-6
1394	2.4448428410628686E-6
1395	2.4321612525893205E-6
1396	2.398342850488316E-6
1397	2.3702908159266115E-6
1398	2.3220639588082817E-6
1399	2.2884687954210785E-6
1400	2.2696197603484155E-6
1401	2.2675681149514737E-6
1402	2.1855041621268776E-6
1403	2.1778555253058855E-6
1404	2.0976050311083255E-6
1405	2.084058636637691E-6
1406	2.010482207158781E-6
1407	1.9910291871095647E-6
1408	1.968698344076255E-6
1409	1.96124680043768E-6
1410	1.9395482812240567E-6
1411	1.9030142154626384E-6
1412	1.8694317208381924E-6
1413	1.8412061271363053E-6
1414	1.8351458553694195E-6
1415	1.808081655440421E-6
1416	1.8015418514631783E-6
1417	1.784282398042644E-6
1418	1.7774106387731731E-6
1419	1.7734786187399258E-6
1420	1.7490650840732066E-6
1421	1.691330105519935E-6
1422	1.6793301879952375E-6
1423	1.6637580083627486E-6
1424	1.6334045353132782E-6
1425	1.5993108579391624E-6
1426	1.573406283979011E-6
1427	1.5355345803916573E-6
1428	1.46955580787115E-6
1429	1.4573638002424498E-6
1430	1.4158883316818757E-6
1431	1.3696544101579708E-6
1432	1.3629846428850356E-6
1433	1.345367471312132E-6
1434	1.2907713172991363E-6
1435	1.2804346090323926E-6
1436	1.267710674076906E-6
1437	1.2543868428461704E-6
1438	1.2339052622885566E-6
1439	1.2308811798194173E-6
1440	1.2181518551636084E-6
1441	1.2030638228977224E-6
1442	1.1918770108284685E-6
1443	1.1894809811508629E-6
1444	1.1745286877974073E-6
1445	1.1738236808076101E-6
1446	1.1721185697752305E-6
1447	1.1540605582961187E-6
1448	1.1390980729431602E-6
1449	1.105100488599388E-6
1450	1.098426260149629E-6
1451	1.0833963127682547E-6
1452	1.0775763400620015E-6
1453	1.0547952120121916E-6
1454	1.0539120681042853E-6
1455	1.0525529325377184E-6
1456	1.0177653820546557E-6
1457	1.0054993439223452E-6
1458	9.95229532249895E-7
1459	9.761261273077483E-7
1460	9.572574373596165E-7
1461	9.462253635756716E-7
1462	9.333417004699221E-7
1463	9.218918634862056E-7
1464	9.109157624674274E-7
1465	9.035662196014472E-7
1466	8.957515740041372E-7
1467	8.760770572482338E-7
1468	8.59601942305576E-7
1469	8.440658310528175E-7
1470	8.341170753427545E-7
1471	8.212255400308307E-7
1472	8.176831278939708E-7
1473	7.976498128247208E-7
1474	7.773356720294337E-7
1475	7.75650195764332E-7
1476	7.71319353657217E-7
1477	7.426305591894399E-7
1478	7.39236937727559E-7
1479	7.289886813024371E-7
1480	7.08988088506398E-7
1481	6.948776003076231E-7
1482	6.860828297015682E-7
1483	6.852873047257183E-7
1484	6.7025647467188E-7
1485	6.642892478105828E-7
1486	6.621103599737781E-7
1487	6.418652113987759E-7
1488	6.382562294422207E-7
1489	6.354636933589828E-7
1490	6.288415529236193E-7
1491	6.154423401210253E-7
1492	6.09028844369039E-7
1493	5.89690422408498E-7
1494	5.854157592293971E-7
1495	5.699884840072767E-7
1496	5.659458765136372E-7
1497	5.608627284410159E-7
1498	5.501845766603907E-7
1499	5.341078259514342E-7
1500	5.264904937011176E-7
1501	5.024277572635223E-7
1502	4.863473683023626E-7
1503	4.819515585198784E-7
1504	4.793989705314631E-7
1505	4.745740915376916E-7
1506	4.5852419331834507E-7
1507	4.5005449386592965E-7
1508	4.431298924756845E-7
1509	4.342813719367321E-7
1510	4.327912634612743E-7
1511	4.306477323579793E-7
1512	4.300789148613794E-7
1513	4.2523949250861075E-7
1514	4.221456168640192E-7
1515	4.1731878442892204E-7
1516	4.165642204198088E-7
1517	4.1571870674295746E-7
1518	3.9747987215325843E-7
1519	3.973950582469835E-7
1520	3.8665879941104257E-7
1521	3.826296994682949E-7
1522	3.7362511100529675E-7
1523	3.647526422638803E-7
1524	3.6175343732489674E-7
1525	3.564849584457317E-7
1526	3.4587696808483674E-7
1527	3.3748360084758835E-7
1528	3.321689531798844E-7
1529	3.3037619962270495E-7
1530	3.265857271802447E-7
1531	3.179619646928141E-7
1532	3.1492624687712984E-7
1533	3.091690517473331E-7
1534	3.0451356816136607E-7
1535	2.9644742273321533E-7
1536	2.8785581901934566E-7
1537	2.857434488007489E-7
1538	2.8470683038165335E-7
1539	2.78119665418971E-7
1540	2.7728091791107906E-7
1541	2.71572267307185E-7
1542	2.6614093482846103E-7
1543	2.6196788309966127E-7
1544	2.613885998241812E-7
1545	2.524603848959187E-7
1546	2.5151820902044307E-7
1547	2.5138428867194595E-7
1548	2.498447983163825E-7
1549	2.480481681152513E-7
1550	2.437498192152468E-7
1551	2.3753131143544E-7
1552	2.2557551013962124E-7
1553	2.2280378284170534E-7
1554	2.1675246051090278E-7
1555	2.1462895796561222E-7
1556	2.1399896279973982E-7
1557	2.1001594812243498E-7
1558	2.0192710210471114E-7
1559	2.0007151406504245E-7
1560	1.957015913576515E-7
1561	1.9564329991516034E-7
1562	1.9416451546510304E-7
1563	1.905240030779096E-7
1564	1.8977346418972874E-7
1565	1.8360212409080517E-7
1566	1.8060105049664764E-7
1567	1.7913659221194456E-7
1568	1.7766006199723328E-7
1569	1.71797250746327E-7
1570	1.7171132263944714E-7
1571	1.7091569540079915E-7
1572	1.6959787784058076E-7
1573	1.6587078352201439E-7
1574	1.64785818631469E-7
1575	1.6290236868046063E-7
1576	1.5879670471282185E-7
1577	1.5486673890191172E-7
1578	1.5342520357850556E-7
1579	1.5224993732279538E-7
1580	1.4985976952378127E-7
1581	1.4745223877878346E-7
1582	1.443405035034577E-7
1583	1.3789203738165116E-7
1584	1.3739016382869818E-7
1585	1.3268585282759944E-7
1586	1.3203914254546939E-7
1587	1.3043357047791287E-7
1588	1.2867716463574947E-7
1589	1.2623259592886636E-7
1590	1.2421059552691658E-7
1591	1.240263057350018E-7
1592	1.1962193022800949E-7
1593	1.1792927935462312E-7
1594	1.1659519194016686E-7
1595	1.1497154807736061E-7
1596	1.1373062223255877E-7
1597	1.12588855460014E-7
1598	1.1235939001610683E-7
1599	1.1058788933988E-7
1600	1.0952164491031664E-7
1601	1.0813718633266137E-7
1602	1.0604966867399502E-7
1603	1.0284691797090302E-7
1604	9.973706950731875E-8
1605	9.78854375199534E-8
1606	9.76670618064276E-8
1607	9.522300779333466E-8
1608	9.484156936739883E-8
1609	9.448878762300784E-8
1610	9.421122023229794E-8
1611	9.077400157448359E-8
1612	8.704403749953499E-8
1613	8.491901571347585E-8
1614	8.396041039462885E-8
1615	8.213902901831128E-8
1616	8.065865423698254E-8
1617	7.883769515822033E-8
1618	7.676255105891005E-8
1619	7.519588709076495E-8
1620	7.287754201050627E-8
1621	7.159630670564074E-8
1622	6.922360403935711E-8
1623	6.796733051252268E-8
1624	6.753689764059781E-8
1625	6.718064244663968E-8
1626	6.675669726083343E-8
1627	6.562657052301378E-8
1628	6.536636660116822E-8
1629	6.49156815270911E-8
1630	6.265124796523967E-8
1631	6.107410332993439E-8
1632	5.702473579331311E-8
1633	5.674044837742742E-8
1634	5.562988282295888E-8
1635	5.558950042794371E-8
1636	5.538985964238341E-8
1637	5.484816405340561E-8
1638	5.4193379262282534E-8
1639	5.346049900780229E-8
1640	5.3194813278053994E-8
1641	5.254593662294673E-8
1642	5.1500431205366585E-8
1643	5.117241490438363E-8
1644	5.057122925439464E-8
1645	4.967926120049481E-8
1646	4.9032944929777037E-8
1647	4.812254221353551E-8
1648	4.7520350549073336E-8
1649	4.705210329274367E-8
1650	4.618112237299818E-8
1651	4.5942378415207845E-8
1652	4.509976508980104E-8
1653	4.500548072861822E-8
1654	4.455455308707952E-8
1655	4.3140315165464345E-8
1656	4.307100866522823E-8
1657	4.249484361909804E-8
1658	4.2267713097304024E-8
1659	4.179982978352324E-8
1660	4.1337486894995874E-8
1661	4.028457544325863E-8
1662	3.9671087362576446E-8
1663	3.9043933351850515E-8
1664	3.850479321974159E-8
1665	3.788827810253508E-8
1666	3.783976047797094E-8
1667	3.765782150952645E-8
1668	3.724119414043391E-8
1669	3.660846674588145E-8
1670	3.639552076939284E-8
1671	3.6157142872468575E-8
1672	3.48688441246256E-8
1673	3.4862395360719266E-8
1674	3.4619418046571104E-8
1675	3.3973237038488266E-8
1676	3.354553275304092E-8
1677	3.250147595788555E-8
1678	3.232463957339845E-8
1679	3.174134547362791E-8
1680	3.1218795847252515E-8
1681	3.109607077339342E-8
1682	3.090941434725488E-8
1683	3.072156679093582E-8
1684	2.895513711842183E-8
1685	2.8575741444515642E-8
1686	2.8312194740714306E-8
1687	2.75117723817763E-8
1688	2.7061384796620405E-8
1689	2.667971811688224E-8
1690	2.621343754430399E-8
1691	2.5647733980956284E-8
1692	2.5282529310808193E-8
1693	2.4903777788962735E-8
1694	2.451156469195073E-8
1695	2.4353018451310323E-8
1696	2.4182549532625035E-8
1697	2.398139068891414E-8
1698	2.3383648561831792E-8
1699	2.259946333744576E-8
1700	2.2486890383776907E-8
1701	2.232168253710314E-8
1702	2.1881745327172235E-8
1703	2.176568709230712E-8
1704	2.0867115177719243E-8
1705	2.0702453324630603E-8
1706	2.0261173083453707E-8
1707	1.988775013573679E-8
1708	1.9461098635582573E-8
1709	1.9254693035688788E-8
1710	1.8552702360287722E-8
1711	1.8165853259969226E-8
1712	1.7765561117122194E-8
1713	1.7552952169918333E-8
1714	1.7335507724926304E-8
1715	1.6708803161771095E-8
1716	1.6501230080127577E-8
1717	1.6242827076621614E-8
1718	1.5944105516174126E-8
1719	1.585879911854461E-8
1720	1.513594952862664E-8
1721	1.5115359083058756E-8
1722	1.4840615896367306E-8
1723	1.4603400277943011E-8
1724	1.4540539602220287E-8
1725	1.4380463636491016E-8
1726	1.3658469375471792E-8
1727	1.3502741307919585E-8
1728	1.3184069192248517E-8
1729	1.3059992113273883E-8
1730	1.2925884581075893E-8
1731	1.2890025987417845E-8
1732	1.2630703021549352E-8
1733	1.2558056479901773E-8
1734	1.2347854029496963E-8
1735	1.2243420112780656E-8
1736	1.2220142826659623E-8
1737	1.1849668308716433E-8
1738	1.1622387315170536E-8
1739	1.1389574301724491E-8
1740	1.107677711512719E-8
1741	1.1038974683239E-8
1742	1.0937638853489703E-8
1743	1.0717150576464891E-8
1744	1.0558121378066692E-8
1745	1.0540697299839622E-8
1746	1.0415627708930713E-8
1747	1.0078937863465172E-8
1748	9.937799202565244E-9
1749	9.831262844018952E-9
1750	9.507860876676587E-9
1751	9.154238421404015E-9
1752	8.976323722684162E-9
1753	8.65688019224332E-9
1754	8.554564311355752E-9
1755	8.531433994431344E-9
1756	8.499669414807523E-9
1757	8.386498908773248E-9
1758	8.292066634624957E-9
1759	8.273806566394745E-9
1760	8.174936615040036E-9
1761	8.085210639278012E-9
1762	8.01967892430366E-9
1763	7.8890125221604E-9
1764	7.738119615371876E-9
1765	7.695419359054633E-9
1766	7.68138262418896E-9
1767	7.574932826485867E-9
1768	7.425643951337941E-9
1769	7.39858501774149E-9
1770	7.332004562419763E-9
1771	7.236201801695879E-9
1772	7.174346150549857E-9
1773	7.076603313656247E-9
1774	6.9782463687037444E-9
1775	6.922643990512532E-9
1776	6.859770974265338E-9
1777	6.745041909574113E-9
1778	6.645725387409749E-9
1779	6.46138839812093E-9
1780	6.3480499877298355E-9
1781	6.194794520515824E-9
1782	6.103818729516856E-9
1783	6.014710503544857E-9
1784	5.872293267529512E-9
1785	5.833001433215896E-9
1786	5.689292594748208E-9
1787	5.639487719900446E-9
1788	5.604103063003548E-9
1789	5.566519030380178E-9
1790	5.466826519051634E-9
1791	5.375840114951681E-9
1792	5.366973481539989E-9
1793	5.364270467703529E-9
1794	5.275476447064314E-9
1795	5.2247132118697176E-9
1796	5.0943247065322644E-9
1797	4.9551602083067025E-9
1798	4.92869688885794E-9
1799	4.838889161813984E-9
1800	4.76430403346496E-9
1801	4.654062422548929E-9
1802	4.6049569717820975E-9
1803	4.479979779711428E-9
1804	4.440552978025226E-9
1805	4.357196949329634E-9
1806	4.209449632173796E-9
1807	4.154053984928371E-9
1808	4.1423284053983416E-9
1809	3.941768909039558E-9
1810	3.89909935523832E-9
1811	3.786912476660114E-9
1812	3.6828259580018426E-9
1813	3.605712477182661E-9
1814	3.5847381292357007E-9
1815	3.5263743966173957E-9
1816	3.4960115383524953E-9
1817	3.4805561263522093E-9
1818	3.3159345715249104E-9
1819	3.31136917594635E-9
1820	3.275311727638292E-9
1821	3.2679747421757988E-9
1822	3.199175654342911E-9
1823	3.131353886533262E-9
1824	3.0861584279415903E-9
1825	3.0728279576119453E-9
1826	2.9305767999059056E-9
1827	2.9124724830688478E-9
1828	2.8693880831362254E-9
1829	2.8538838817799645E-9
1830	2.7682684438680546E-9
1831	2.7142805300102694E-9
1832	2.644831560087681E-9
1833	2.5995942222693943E-9
1834	2.5568381751003745E-9
1835	2.512895136301E-9
1836	2.474554949480552E-9
1837	2.468582398882513E-9
1838	2.459163232957847E-9
1839	2.3675285663436314E-9
1840	2.2684518205365062E-9
1841	2.2573357807558166E-9
1842	2.222215306052485E-9
1843	2.2059036193144406E-9
1844	2.196114456136975E-9
1845	2.1884676524681656E-9
1846	2.184727681476421E-9
1847	2.1455933844789353E-9
1848	2.12847304859775E-9
1849	2.0993541494501957E-9
1850	2.0141501372472574E-9
1851	1.988025272307955E-9
1852	1.927009738768036E-9
1853	1.8539016102959806E-9
1854	1.8396964171913146E-9
1855	1.8139353418618836E-9
1856	1.8116301577127916E-9
1857	1.802366010484273E-9
1858	1.7419117282745472E-9
1859	1.7055348791023157E-9
1860	1.6872543941590081E-9
1861	1.6434224351267806E-9
1862	1.6182700390100896E-9
1863	1.5783703074242366E-9
1864	1.5586178444488448E-9
1865	1.4929609071447712E-9
1866	1.4695780982731554E-9
1867	1.4582385385565213E-9
1868	1.4388095588341063E-9
1869	1.4081860280286154E-9
1870	1.3844385735870835E-9
1871	1.3809360114465259E-9
1872	1.3659269859266052E-9
1873	1.349743042740976E-9
1874	1.3182872802463394E-9
1875	1.302791917836802E-9
1876	1.2935313277901968E-9
1877	1.2736748412393145E-9
1878	1.2555225495512216E-9
1879	1.2363768870381527E-9
1880	1.2044434619380157E-9
1881	1.1893924027304284E-9
1882	1.1617371467748036E-9
1883	1.129792494792296E-9
1884	1.1046687970626931E-9
1885	1.0947455874366156E-9
1886	1.078632238467504E-9
1887	1.0655014914203354E-9
1888	1.0571306996618708E-9
1889	1.0374097962569227E-9
1890	1.0166180088314198E-9
1891	1.0105600121153555E-9
1892	1.000412651369326E-9
1893	9.725593294872606E-10
1894	9.079982354514952E-10
1895	8.92836777237142E-10
1896	8.863680741531536E-10
1897	8.803279652315619E-10
1898	8.791684507973484E-10
1899	8.744938562751521E-10
1900	8.74223237281044E-10
1901	8.669293219906059E-10
1902	8.547080909708539E-10
1903	8.231645402951235E-10
1904	8.084418237801152E-10
1905	8.043810521274913E-10
1906	7.764932175356616E-10
1907	7.70854007475812E-10
1908	7.608770231365747E-10
1909	7.582041321394848E-10
1910	7.374352218521813E-10
1911	7.349392632052386E-10
1912	7.245899096160697E-10
1913	7.203637324979953E-10
1914	7.112415190759772E-10
1915	7.065615020012659E-10
1916	7.000479325223875E-10
1917	6.963953788428745E-10
1918	6.875105944542906E-10
1919	6.811945792668584E-10
1920	6.593072929369505E-10
1921	6.514028672720729E-10
1922	6.353380104169738E-10
1923	6.229423337429486E-10
1924	6.119165777519748E-10
1925	6.096096750703266E-10
1926	5.999545151442552E-10
1927	5.859076750420585E-10
1928	5.771858135684241E-10
1929	5.68944779363542E-10
1930	5.581133559807654E-10
1931	5.452850390340021E-10
1932	5.369892970412463E-10
1933	5.277538199409421E-10
1934	5.229829079712676E-10
1935	5.082826244591957E-10
1936	5.065387113859317E-10
1937	4.976830243500874E-10
1938	4.931428845917279E-10
1939	4.848480251119071E-10
1940	4.780636455026905E-10
1941	4.619668513077182E-10
1942	4.5922659543660413E-10
1943	4.577113495348575E-10
1944	4.5021928225061464E-10
1945	4.4584375333392017E-10
1946	4.447631376860281E-10
1947	4.390396845012924E-10
1948	4.218243676078886E-10
1949	4.1778195965000905E-10
1950	4.1480688760830506E-10
1951	4.1337356818222136E-10
1952	3.9862096191359736E-10
1953	3.9759873889861033E-10
1954	3.843338115615224E-10
1955	3.805559158685455E-10
1956	3.800409795967798E-10
1957	3.7417078905051754E-10
1958	3.714153380865557E-10
1959	3.7019468020747665E-10
1960	3.640142291368143E-10
1961	3.6014901978610316E-10
1962	3.537573089309375E-10
1963	3.5081262901960965E-10
1964	3.4272066203670295E-10
1965	3.414478163076052E-10
1966	3.393574255734262E-10
1967	3.3233767618662295E-10
1968	3.3178566259052485E-10
1969	3.241068908979543E-10
1970	3.20560299269406E-10
1971	3.203061352531563E-10
1972	3.1471423451921237E-10
1973	3.017616296465554E-10
1974	3.0063465240024716E-10
1975	2.9776372804248084E-10
1976	2.9383833003218084E-10
1977	2.8795380674236814E-10
1978	2.8042435561456093E-10
1979	2.7548139180486183E-10
1980	2.7124055673774654E-10
1981	2.699273918285196E-10
1982	2.672107759040288E-10
1983	2.59775422306443E-10
1984	2.565339365964702E-10
1985	2.479735601815442E-10
1986	2.4234325819404987E-10
1987	2.4166703340078177E-10
1988	2.3562830311290447E-10
1989	2.339498105624304E-10
1990	2.2786657076995919E-10
1991	2.244820538720274E-10
1992	2.2366443823933157E-10
1993	2.206952275395369E-10
1994	2.1700889534490293E-10
1995	2.1402593004212694E-10
1996	2.1292309463852955E-10
1997	2.1106665244731907E-10
1998	2.0669484346798076E-10
1999	2.0544891910868737E-10
2000	2.0175673900596446E-10
2001	2.0114298825202842E-10
2002	1.9904807692772067E-10
2003	1.9521091543243783E-10
2004	1.908362639064278E-10
2005	1.814657364459367E-10
2006	1.782978016668164E-10
2007	1.7133666969726146E-10
2008	1.6929924630125772E-10
2009	1.6819130904577304E-10
2010	1.6494324479072812E-10
2011	1.626614352748937E-10
2012	1.6083400981418742E-10
2013	1.5953643767085682E-10
2014	1.5803053332104228E-10
2015	1.5375091147402782E-10
2016	1.5055959125175852E-10
2017	1.4635045420380754E-10
2018	1.4482394235809984E-10
2019	1.4219582875023214E-10
2020	1.4187894837410362E-10
2021	1.3594506180044083E-10
2022	1.3368111894414313E-10
2023	1.3295153332617667E-10
2024	1.308869524652145E-10
2025	1.2847404408686943E-10
2026	1.2378991565193622E-10
2027	1.2293969740525043E-10
2028	1.208630160512001E-10
2029	1.2013945268085198E-10
2030	1.1949471325931072E-10
2031	1.1802578581243774E-10
2032	1.165442748748808E-10
2033	1.1449543308392947E-10
2034	1.139784690301425E-10
2035	1.0682217236985362E-10
2036	1.0633587290540932E-10
2037	1.0553725216403156E-10
2038	1.0509950048971605E-10
2039	1.0409400897684444E-10
2040	1.024321546487573E-10
2041	1.0014973795299479E-10
2042	9.816246814413376E-11
2043	9.686344530561808E-11
2044	9.318179839913495E-11
2045	9.290752510635703E-11
2046	9.127984607180053E-11
2047	9.069690950657775E-11
2048	8.89326260361719E-11
2049	8.820371614133705E-11
2050	8.771181211007667E-11
2051	8.609356210795197E-11
2052	8.45281762076475E-11
2053	8.277151803936887E-11
2054	8.149022018839184E-11
2055	8.031479437499335E-11
2056	7.978780049107663E-11
2057	7.901508478784611E-11
2058	7.6666957101361E-11
2059	7.470938575323543E-11
2060	7.331557698563349E-11
2061	7.122939212481598E-11
2062	7.108854941767726E-11
2063	6.888229298502494E-11
2064	6.88302440058549E-11
2065	6.696764789780679E-11
2066	6.610360232484921E-11
2067	6.442713384229929E-11
2068	6.396280634172289E-11
2069	6.339022588001209E-11
2070	6.311318922712741E-11
2071	6.143270173717084E-11
2072	6.081855352770456E-11
2073	6.023434037779866E-11
2074	6.003081750082252E-11
2075	5.877119532100107E-11
2076	5.857623283487807E-11
2077	5.760075127258402E-11
2078	5.651477054236361E-11
2079	5.602031808807171E-11
2080	5.5717759522000056E-11
2081	5.362997319899903E-11
2082	5.222320386460472E-11
2083	5.057396326105001E-11
2084	5.022538264817889E-11
2085	4.9750798365277224E-11
2086	4.788916356078245E-11
2087	4.7240358014993705E-11
2088	4.7038837868866044E-11
2089	4.6767800187782685E-11
2090	4.4944085850366196E-11
2091	4.382073298655004E-11
2092	4.373199410461493E-11
2093	4.2969772899742536E-11
2094	4.281858319276795E-11
2095	4.252115505271396E-11
2096	4.211959496560993E-11
2097	4.143644315061611E-11
2098	4.083520962521822E-11
2099	4.0046189906005927E-11
2100	3.961531415289961E-11
2101	3.9088432526950004E-11
2102	3.874924989952319E-11
2103	3.790356715968534E-11
2104	3.738337770814643E-11
2105	3.648277646623149E-11
2106	3.638460450906941E-11
2107	3.582154943017044E-11
2108	3.477721145155356E-11
2109	3.409296980684258E-11
2110	3.332194475572706E-11
2111	3.299542950787417E-11
2112	3.260522818707573E-11
2113	3.2185948307851674E-11
2114	3.217671580687124E-11
2115	3.1908612452241267E-11
2116	3.0994983804951745E-11
2117	3.0614552964803274E-11
2118	3.0347914898229716E-11
2119	3.010740210900984E-11
2120	2.893906683811479E-11
2121	2.7841991140186034E-11
2122	2.7658133839833448E-11
2123	2.683500549811325E-11
2124	2.668122345611827E-11
2125	2.58960863310644E-11
2126	2.5618128522915113E-11
2127	2.5513163099705276E-11
2128	2.4439373821885763E-11
2129	2.3006523695499956E-11
2130	2.2906096939252522E-11
2131	2.2818919261286517E-11
2132	2.276653446429439E-11
2133	2.2668880560747395E-11
2134	2.2018971062161226E-11
2135	2.1573474776965588E-11
2136	2.1504182039130267E-11
2137	2.1092529896378947E-11
2138	2.0947321105341406E-11
2139	2.091370398182238E-11
2140	2.0628961087987837E-11
2141	2.0559583126390464E-11
2142	2.0510259281444513E-11
2143	2.0087014439684084E-11
2144	1.976819166815988E-11
2145	1.9531513709904997E-11
2146	1.915785844480257E-11
2147	1.906750176233622E-11
2148	1.888203186201912E-11
2149	1.8625297146234282E-11
2150	1.817615407026864E-11
2151	1.793233392878633E-11
2152	1.7487870001983402E-11
2153	1.7312114024574946E-11
2154	1.7055347831891577E-11
2155	1.6859113740809168E-11
2156	1.6678747012643234E-11
2157	1.6611177484299862E-11
2158	1.6139341806857237E-11
2159	1.5317856722998182E-11
2160	1.4899043369054522E-11
2161	1.4366377590013176E-11
2162	1.4195858773137963E-11
2163	1.3959128477600487E-11
2164	1.3821221939485067E-11
2165	1.377729171511744E-11
2166	1.352728617424064E-11
2167	1.3434029239437513E-11
2168	1.3163443579316333E-11
2169	1.3152830979917877E-11
2170	1.2695428966160251E-11
2171	1.247667060755806E-11
2172	1.232918944208767E-11
2173	1.2047514348599794E-11
2174	1.2027932724607156E-11
2175	1.1709202383814383E-11
2176	1.1622512135404373E-11
2177	1.1309324408988082E-11
2178	1.096791561088162E-11
2179	1.088977850556025E-11
2180	1.0837274955932112E-11
2181	1.0771897689138024E-11
2182	1.0731107250991797E-11
2183	1.0661658643998982E-11
2184	1.0611271332436799E-11
2185	1.041618474861666E-11
2186	1.0283139880140407E-11
2187	1.0082475379001564E-11
2188	9.811808715251524E-12
2189	9.534967200244278E-12
2190	9.330502417563462E-12
2191	9.147019051953418E-12
2192	9.090922343909982E-12
2193	8.95568157438814E-12
2194	8.700172427962562E-12
2195	8.572143358176148E-12
2196	8.315976544650475E-12
2197	8.158291261100696E-12
2198	8.094207768416067E-12
2199	8.016403493807254E-12
2200	7.909621592532433E-12
2201	7.855894568590559E-12
2202	7.517601367883729E-12
2203	7.406937936244101E-12
2204	7.398031165198367E-12
2205	7.393847033331027E-12
2206	7.336482646457217E-12
2207	7.255870613069106E-12
2208	7.1414129454357366E-12
2209	7.059028646097146E-12
2210	7.013740186493205E-12
2211	6.926107543798335E-12
2212	6.8037245872756776E-12
2213	6.639918831615896E-12
2214	6.588564249005065E-12
2215	6.489384059078232E-12
2216	6.326215147841659E-12
2217	6.159534387759515E-12
2218	5.994375801195457E-12
2219	5.856447140081473E-12
2220	5.828272821084031E-12
2221	5.768347851524728E-12
2222	5.76079615302283E-12
2223	5.661175160447114E-12
2224	5.5680944277720245E-12
2225	5.4772040806358174E-12
2226	5.360845018438075E-12
2227	5.346950914709411E-12
2228	5.310883608949318E-12
2229	5.081882868857329E-12
2230	5.0717223915875084E-12
2231	5.039117479230474E-12
2232	5.022462898842549E-12
2233	4.9750438134559736E-12
2234	4.928833364682332E-12
2235	4.621542813686282E-12
2236	4.56510648051118E-12
2237	4.5448839586819526E-12
2238	4.43853081132604E-12
2239	4.250807750197963E-12
2240	4.162274044857841E-12
2241	4.132162878348404E-12
2242	4.126283377898814E-12
2243	4.058138844893234E-12
2244	4.003390308972061E-12
2245	3.918100142117375E-12
2246	3.876354004032629E-12
2247	3.821828249409207E-12
2248	3.7772588635758115E-12
2249	3.761525120705225E-12
2250	3.697184823583204E-12
2251	3.6041377052481135E-12
2252	3.550277806015912E-12
2253	3.4761120403371134E-12
2254	3.352241150571848E-12
2255	3.305781198177788E-12
2256	3.2607115750104042E-12
2257	3.218918694849918E-12
2258	3.2122441831668096E-12
2259	3.1679217832422876E-12
2260	3.1513268691051142E-12
2261	3.0948114351542453E-12
2262	3.060488729809395E-12
2263	3.0025536869226502E-12
2264	2.8977160947985107E-12
2265	2.8390661728875586E-12
2266	2.757754906029093E-12
2267	2.711174708037062E-12
2268	2.693101541603495E-12
2269	2.6704523000087863E-12
2270	2.6529158520734934E-12
2271	2.5779921005415194E-12
2272	2.5654215510672107E-12
2273	2.519871760909341E-12
2274	2.4642699810449167E-12
2275	2.454227059411563E-12
2276	2.390339433724296E-12
2277	2.3510834986293804E-12
2278	2.327475854036942E-12
2279	2.318367643032062E-12
2280	2.3144559072863E-12
2281	2.26974296728807E-12
2282	2.2599582391422166E-12
2283	2.245186686809152E-12
2284	2.2189055566536007E-12
2285	2.203916509247657E-12
2286	2.1818838526921657E-12
2287	2.1000044744465533E-12
2288	2.0748083522992588E-12
2289	2.044572345015223E-12
2290	1.9843675518146167E-12
2291	1.915852426565139E-12
2292	1.898847220017303E-12
2293	1.8622293955884708E-12
2294	1.8465423539936975E-12
2295	1.7935169412051236E-12
2296	1.7216418950059477E-12
2297	1.6551412542956338E-12
2298	1.647120334700238E-12
2299	1.6340887540049327E-12
2300	1.6261239234675104E-12
2301	1.5806806779824355E-12
2302	1.5759744316842564E-12
2303	1.555919009505211E-12
2304	1.5539629631532452E-12
2305	1.5270126172524061E-12
2306	1.509069871494476E-12
2307	1.4974660372433167E-12
2308	1.4836824793850339E-12
2309	1.4621654753765776E-12
2310	1.4536340510671868E-12
2311	1.427914870494202E-12
2312	1.4157328071593307E-12
2313	1.3881518172070534E-12
2314	1.3615619498024519E-12
2315	1.3564133111371367E-12
2316	1.3182790083011128E-12
2317	1.283472378519569E-12
2318	1.2671820688740586E-12
2319	1.2515685347604027E-12
2320	1.2350757155003824E-12
2321	1.198009463871106E-12
2322	1.1891592910716915E-12
2323	1.1705637077025016E-12
2324	1.1639708129855106E-12
2325	1.1368209022768315E-12
2326	1.1111196720288753E-12
2327	1.0903178918756561E-12
2328	1.0730241306105647E-12
2329	1.0626975692906503E-12
2330	1.0510623908431483E-12
2331	1.0339458411719237E-12
2332	1.0266139782552452E-12
2333	1.016025458004393E-12
2334	1.0133309545186684E-12
2335	9.914985454508127E-13
2336	9.859951662140295E-13
2337	9.791067768471367E-13
2338	9.578085685479538E-13
2339	9.522635702970508E-13
2340	9.176343639161468E-13
2341	9.043879026990529E-13
2342	8.980994917208886E-13
2343	8.868075421762271E-13
2344	8.807446274197252E-13
2345	8.510142974805377E-13
2346	8.342961333200233E-13
2347	8.220212241449039E-13
2348	7.84730418920342E-13
2349	7.712958345826018E-13
2350	7.6285321087674E-13
2351	7.293052547165908E-13
2352	7.151248445214414E-13
2353	6.992050209902944E-13
2354	6.806716241649091E-13
2355	6.681725634415777E-13
2356	6.646394527758116E-13
2357	6.483833453935801E-13
2358	6.317761438500402E-13
2359	6.208607886019646E-13
2360	6.146347470786534E-13
2361	6.106935318044925E-13
2362	6.04520875146359E-13
2363	5.902186977905107E-13
2364	5.739284478641051E-13
2365	5.630037775619538E-13
2366	5.621535001079447E-13
2367	5.576579331196073E-13
2368	5.45340377514959E-13
2369	5.377059299656674E-13
2370	5.353381988683456E-13
2371	5.281622770872647E-13
2372	5.110198858771851E-13
2373	5.074702000940392E-13
2374	5.044880574855692E-13
2375	4.898926400202181E-13
2376	4.683795648836156E-13
2377	4.590387380677586E-13
2378	4.5240563606440204E-13
2379	4.492910219056895E-13
2380	4.417459744052056E-13
2381	4.4159623989607365E-13
2382	4.355039729052452E-13
2383	4.1504255132011324E-13
2384	4.1208576851267726E-13
2385	4.0798766558262116E-13
2386	3.9998036778522825E-13
2387	3.942531961736192E-13
2388	3.885106246048627E-13
2389	3.788497538457183E-13
2390	3.749146759304073E-13
2391	3.7013765001559954E-13
2392	3.588708644300501E-13
2393	3.56219543021756E-13
2394	3.5177748630446664E-13
2395	3.455404223958944E-13
2396	3.4315118275215275E-13
2397	3.376009654392378E-13
2398	3.335220123859409E-13
2399	3.3220877333243913E-13
2400	3.2531732147684854E-13
2401	3.176822104680742E-13
2402	3.157165322185673E-13
2403	3.114955776722785E-13
2404	3.0846510472774993E-13
2405	3.0647422618848726E-13
2406	3.028092014703559E-13
2407	2.9527288215879266E-13
2408	2.9257957940656814E-13
2409	2.8912959476417777E-13
2410	2.840645961047711E-13
2411	2.8009093823248E-13
2412	2.784746315513166E-13
2413	2.710143094073941E-13
2414	2.6513986846098847E-13
2415	2.627438158245145E-13
2416	2.6008658251135895E-13
2417	2.560409508924405E-13
2418	2.476124248411704E-13
2419	2.457063456731658E-13
2420	2.4433127492610876E-13
2421	2.390387725246075E-13
2422	2.361159949716602E-13
2423	2.337772919706486E-13
2424	2.32391348581313E-13
2425	2.3127519062295997E-13
2426	2.2649542936709682E-13
2427	2.2186909913738487E-13
2428	2.1997730800006737E-13
2429	2.1854526183096758E-13
2430	2.1477614230352116E-13
2431	2.1345645300514512E-13
2432	2.133116862238233E-13
2433	2.1190224816486472E-13
2434	2.0739445871421967E-13
2435	2.0326929597223922E-13
2436	2.0031368040570304E-13
2437	1.9570346250765268E-13
2438	1.9466018093285974E-13
2439	1.9076505207802217E-13
2440	1.890654362235292E-13
2441	1.8298236136247744E-13
2442	1.7940617854501795E-13
2443	1.7745586235910949E-13
2444	1.7323327059127875E-13
2445	1.7204818196107573E-13
2446	1.6607053181489415E-13
2447	1.6272067099805705E-13
2448	1.5932423739005846E-13
2449	1.5333578962840087E-13
2450	1.5204265542546884E-13
2451	1.5005789250796457E-13
2452	1.475470044618679E-13
2453	1.4723010151249188E-13
2454	1.4691451468495392E-13
2455	1.4236344754223557E-13
2456	1.3680442904148529E-13
2457	1.347116953548237E-13
2458	1.3298397452425854E-13
2459	1.2922457194223477E-13
2460	1.2565055729929624E-13
2461	1.2319372488593E-13
2462	1.2283282908764351E-13
2463	1.2206897362738722E-13
2464	1.1685660417059446E-13
2465	1.1436020509349793E-13
2466	1.112133811799018E-13
2467	1.0867401642330654E-13
2468	1.0731440048544058E-13
2469	1.0625542504130867E-13
2470	1.0535552647422541E-13
2471	1.0419567004160334E-13
2472	1.041657715377672E-13
2473	1.0125824195206052E-13
2474	1.0099558138317878E-13
2475	9.911802294930605E-14
2476	9.807551957767758E-14
2477	9.647565015440363E-14
2478	9.478404965695375E-14
2479	9.41389730420163E-14
2480	9.284956807050332E-14
2481	9.08185763446917E-14
2482	9.020268049046351E-14
2483	8.946995493210649E-14
2484	8.914287458865364E-14
2485	8.756685987438502E-14
2486	8.675726327537012E-14
2487	8.520387905075245E-14
2488	8.389832876404894E-14
2489	8.367562958233487E-14
2490	8.287256628371645E-14
2491	8.088035830333693E-14
2492	7.978140421407512E-14
2493	7.748122762411159E-14
2494	7.61942262672814E-14
2495	7.508380604523849E-14
2496	7.49266562697528E-14
2497	7.217065361912572E-14
2498	7.148027890936451E-14
2499	6.95522142996692E-14
2500	6.756903097329725E-14
2501	6.695313960649631E-14
2502	6.639800371657357E-14
2503	6.57596564931081E-14
2504	6.493466746833746E-14
2505	6.392429612374863E-14
2506	6.272051810458518E-14
2507	6.261500572804466E-14
2508	6.109310681745386E-14
2509	6.079539257732875E-14
2510	6.015392617765259E-14
2511	5.870900699000668E-14
2512	5.825788687260605E-14
2513	5.789396837294208E-14
2514	5.724318944730196E-14
2515	5.705017196814822E-14
2516	5.695423966402338E-14
2517	5.524311507561514E-14
2518	5.471362539824775E-14
2519	5.3824218641658604E-14
2520	5.3459757342040855E-14
2521	5.234373285605684E-14
2522	5.163491377925163E-14
2523	5.013542939125426E-14
2524	4.9456112451275275E-14
2525	4.708471574303903E-14
2526	4.56714843909842E-14
2527	4.4894143249329395E-14
2528	4.4317813785051726E-14
2529	4.426490966882165E-14
2530	4.3477784215653956E-14
2531	4.2286634130484456E-14
2532	4.188676859953712E-14
2533	4.098949988077268E-14
2534	3.884158062227912E-14
2535	3.8388885970056594E-14
2536	3.8191831470944644E-14
2537	3.794499451713601E-14
2538	3.7777465503551044E-14
2539	3.727668838156254E-14
2540	3.65702649879551E-14
2541	3.586660255950173E-14
2542	3.5229479330939996E-14
2543	3.480746699002094E-14
2544	3.452486191304008E-14
2545	3.3817272872156085E-14
2546	3.306944627739258E-14
2547	3.194447219796356E-14
2548	3.122752846601184E-14
2549	3.098846319105799E-14
2550	3.074976626214961E-14
2551	3.074228767013808E-14
2552	3.0575857365500836E-14
2553	3.010247753363545E-14
2554	2.966396516746942E-14
2555	2.891161585537688E-14
2556	2.7984641242244235E-14
2557	2.7765266925369128E-14
2558	2.716984908725437E-14
2559	2.658807550881673E-14
2560	2.538855991571512E-14
2561	2.5249361832612214E-14
2562	2.509534150306511E-14
2563	2.4412185670458792E-14
2564	2.4226784198153185E-14
2565	2.3652456113493445E-14
2566	2.3344163887440987E-14
2567	2.323279090502076E-14
2568	2.278237429744503E-14
2569	2.2396031262360233E-14
2570	2.2115671606025157E-14
2571	2.1483469361164804E-14
2572	2.1121369183012605E-14
2573	2.071257162767603E-14
2574	2.0182832303973177E-14
2575	1.996049047534986E-14
2576	1.9544825680856132E-14
2577	1.9399587094158917E-14
2578	1.911961165077327E-14
2579	1.8500637269910998E-14
2580	1.8206205996341443E-14
2581	1.8105572755967823E-14
2582	1.763597994532807E-14
2583	1.7311552206548037E-14
2584	1.7120607647528136E-14
2585	1.6947551094629812E-14
2586	1.6692017108256495E-14
2587	1.6504021258498843E-14
2588	1.603858582660866E-14
2589	1.5981610130498292E-14
2590	1.5866092546162612E-14
2591	1.5711597932149455E-14
2592	1.5625876858160073E-14
2593	1.490313343065825E-14
2594	1.4699499863515112E-14
2595	1.4397425390773385E-14
2596	1.4320292135687632E-14
2597	1.4249232926162372E-14
2598	1.4173746462734658E-14
2599	1.3978016130779995E-14
2600	1.3570909507209868E-14
2601	1.3242829208298415E-14
2602	1.3082261994962868E-14
2603	1.2955549880192511E-14
2604	1.287655075332517E-14
2605	1.2637238165562642E-14
2606	1.2497041476266195E-14
2607	1.224186167925544E-14
2608	1.1885662608853774E-14
2609	1.1732329458640636E-14
2610	1.1574126853489288E-14
2611	1.1398819140412444E-14
2612	1.1271512330775472E-14
2613	1.1169912098276724E-14
2614	1.08409274872023E-14
2615	1.0665543390315803E-14
2616	1.0363343253234524E-14
2617	1.0078427554004415E-14
2618	1.0073056777028634E-14
2619	9.841233591784153E-15
2620	9.591697896718896E-15
2621	9.51858948774466E-15
2622	9.370459971885019E-15
2623	9.297446324550753E-15
2624	9.140065124041062E-15
2625	9.1135355788559E-15
2626	8.749343524069589E-15
2627	8.579291881551362E-15
2628	8.445861338160388E-15
2629	8.368927936667353E-15
2630	8.2684627735079E-15
2631	8.133145669658894E-15
2632	8.117217830443105E-15
2633	8.113718013439616E-15
2634	8.070860190043741E-15
2635	8.038668192899745E-15
2636	7.883072509936797E-15
2637	7.723106952515953E-15
2638	7.62254947353411E-15
2639	7.478009716882573E-15
2640	7.41594473911351E-15
2641	7.299189210632806E-15
2642	7.247211636332429E-15
2643	7.167572344526673E-15
2644	6.983597037995764E-15
2645	6.856111961150447E-15
2646	6.8500401251399916E-15
2647	6.792209941300578E-15
2648	6.7244418706451475E-15
2649	6.610866901226055E-15
2650	6.482365031290506E-15
2651	6.420875093607388E-15
2652	6.3698394923577154E-15
2653	6.253370702320939E-15
2654	6.210143252468517E-15
2655	6.149447250567749E-15
2656	6.127989718770509E-15
2657	5.954729472023287E-15
2658	5.840707150090461E-15
2659	5.77557301765367E-15
2660	5.578320761565901E-15
2661	5.502072730658885E-15
2662	5.448481196145137E-15
2663	5.3566393926845894E-15
2664	5.217288258350833E-15
2665	5.002412992310158E-15
2666	4.98579229583948E-15
2667	4.896074824607865E-15
2668	4.738886661343993E-15
2669	4.693289856092171E-15
2670	4.582009548834147E-15
2671	4.558970540768913E-15
2672	4.496140011873345E-15
2673	4.4055377412468134E-15
2674	4.3648112166145275E-15
2675	4.25789205623128E-15
2676	4.051523705229567E-15
2677	3.945817145395514E-15
2678	3.87269433224876E-15
2679	3.76391128354025E-15
2680	3.676126310211753E-15
2681	3.640190795886739E-15
2682	3.623626611750174E-15
2683	3.580949855439883E-15
2684	3.555248311683971E-15
2685	3.5009264390690527E-15
2686	3.45798031204842E-15
2687	3.4345595657129062E-15
2688	3.3986068166608788E-15
2689	3.3432669016247874E-15
2690	3.2688581566841107E-15
2691	3.2571586510184187E-15
2692	3.2184660588831374E-15
2693	3.175529394411246E-15
2694	3.1413616834720473E-15
2695	3.1297940426806637E-15
2696	3.0629089148575172E-15
2697	3.035815906207092E-15
2698	2.981965229022571E-15
2699	2.934915465235508E-15
2700	2.8622619633088894E-15
2701	2.8276323539955794E-15
2702	2.7755527226772924E-15
2703	2.662620665973668E-15
2704	2.627226241440876E-15
2705	2.593755323296241E-15
2706	2.5790254349742264E-15
2707	2.5397227592434178E-15
2708	2.520591191917856E-15
2709	2.509297832634128E-15
2710	2.4477455235863415E-15
2711	2.4089350066022413E-15
2712	2.3588805116691245E-15
2713	2.2744337742217223E-15
2714	2.2638569911987505E-15
2715	2.2598242634346335E-15
2716	2.213985167541579E-15
2717	2.1852503560300773E-15
2718	2.1553580773131267E-15
2719	2.1430163837003403E-15
2720	2.102495444037401E-15
2721	2.093891383633806E-15
2722	2.0714830640760156E-15
2723	2.053622790193618E-15
2724	2.003031638636815E-15
2725	1.950180368735636E-15
2726	1.9289904269148594E-15
2727	1.8982756827374086E-15
2728	1.8768389437608432E-15
2729	1.854853218958692E-15
2730	1.7900513522197462E-15
2731	1.7687972376739497E-15
2732	1.72092687614248E-15
2733	1.6617918544358873E-15
2734	1.6362863646799257E-15
2735	1.6145500795234708E-15
2736	1.5498140203300104E-15
2737	1.540368287385704E-15
2738	1.5250427252139972E-15
2739	1.4907128618428384E-15
2740	1.45963379841493E-15
2741	1.4304136949371128E-15
2742	1.3695735741562092E-15
2743	1.3328237003882929E-15
2744	1.2875052104449938E-15
2745	1.2826905034281513E-15
2746	1.2709401824179844E-15
2747	1.2650453914734872E-15
2748	1.2297132950224102E-15
2749	1.217372883088114E-15
2750	1.2062987832034106E-15
2751	1.2033694819457928E-15
2752	1.185135573082237E-15
2753	1.1787260148826607E-15
2754	1.1719210674070007E-15
2755	1.1414035983292182E-15
2756	1.1176811605472415E-15
2757	1.0757831354330844E-15
2758	1.0659221596948948E-15
2759	1.0381751838738004E-15
2760	1.0294368654497038E-15
2761	1.0177857357436719E-15
2762	1.0162143375205688E-15
2763	1.0029202815119459E-15
2764	9.849920266844518E-16
2765	9.645389841845396E-16
2766	9.482226276127842E-16
2767	9.472632809552746E-16
2768	9.250145480558886E-16
2769	9.11340688133046E-16
2770	8.876595245066065E-16
2771	8.657867376536001E-16
2772	8.5776028621534515E-16
2773	8.53500856370542E-16
2774	8.462172155355135E-16
2775	8.352510171752455E-16
2776	8.183764557457858E-16
2777	7.999647200086826E-16
2778	7.954370198014091E-16
2779	7.856652424687331E-16
2780	7.793252361155912E-16
2781	7.640052117906294E-16
2782	7.555790757331689E-16
2783	7.288669003748217E-16
2784	7.098845542540597E-16
2785	6.986996951556232E-16
2786	6.898789881570904E-16
2787	6.877523921008011E-16
2788	6.693522737785134E-16
2789	6.59078387921824E-16
2790	6.547652877347614E-16
2791	6.531960712146737E-16
2792	6.369479677436977E-16
2793	6.312895578883128E-16
2794	6.220123907949851E-16
2795	6.08580335423411E-16
2796	6.06872417069199E-16
2797	5.949270369932275E-16
2798	5.828251391237809E-16
2799	5.631483657192204E-16
2800	5.593194998015129E-16
2801	5.528964290119288E-16
2802	5.208745708215808E-16
2803	5.095454366900473E-16
2804	5.086612466972444E-16
2805	5.016448887025875E-16
2806	4.970647079872528E-16
2807	4.907007872275002E-16
2808	4.877698831414818E-16
2809	4.748161263709705E-16
2810	4.708511749485256E-16
2811	4.610657655705724E-16
2812	4.596831512415886E-16
2813	4.536195114638199E-16
2814	4.473011127080748E-16
2815	4.423387144174748E-16
2816	4.4147416233086994E-16
2817	4.348189729428966E-16
2818	4.311642847231038E-16
2819	4.247820322661682E-16
2820	4.094520400895193E-16
2821	4.068448218254262E-16
2822	4.000783245553539E-16
2823	3.9634020142084603E-16
2824	3.8895426883550366E-16
2825	3.828145474002567E-16
2826	3.6725221892446635E-16
2827	3.643419167832213E-16
2828	3.616888562871775E-16
2829	3.532539141360142E-16
2830	3.505836778369954E-16
2831	3.4451466723277504E-16
2832	3.336529464708638E-16
2833	3.2661382093076904E-16
2834	3.1378524605431865E-16
2835	3.1275031112062824E-16
2836	3.07688142309755E-16
2837	3.041496832619287E-16
2838	3.0033911514795666E-16
2839	2.927788740803554E-16
2840	2.8485720064159676E-16
2841	2.758812806510322E-16
2842	2.7527046691205294E-16
2843	2.751823998229993E-16
2844	2.655834138475347E-16
2845	2.6310845597510705E-16
2846	2.5874021967416376E-16
2847	2.555434966785157E-16
2848	2.543661692938E-16
2849	2.5044535633631574E-16
2850	2.492382561900913E-16
2851	2.454581019388259E-16
2852	2.4428423664308207E-16
2853	2.386875630646474E-16
2854	2.369791183145626E-16
2855	2.3197694701448183E-16
2856	2.249134429998793E-16
2857	2.2105734043004493E-16
2858	2.205229526820133E-16
2859	2.1735665632718588E-16
2860	2.11789455925168E-16
2861	2.114468476787839E-16
2862	2.0864876967686901E-16
2863	2.0851446244426059E-16
2864	2.0664603677860834E-16
2865	2.0465783386517685E-16
2866	1.9722263488098E-16
2867	1.9450156224555843E-16
2868	1.9049422700640864E-16
2869	1.8565068975719916E-16
2870	1.8353949023117176E-16
2871	1.8252711278759742E-16
2872	1.8029085640939618E-16
2873	1.7789730846558738E-16
2874	1.7566834379658577E-16
2875	1.7108019837037267E-16
2876	1.7029683959870183E-16
2877	1.6749057916008693E-16
2878	1.626833704345953E-16
2879	1.6029885708693465E-16
2880	1.5751782838928146E-16
2881	1.5440897969459636E-16
2882	1.5276954942875838E-16
2883	1.507256982237007E-16
2884	1.4945944881319608E-16
2885	1.459390592188045E-16
2886	1.420719977072165E-16
2887	1.3964562789793554E-16
2888	1.3612097016975695E-16
2889	1.3505697038899352E-16
2890	1.31199438870774E-16
2891	1.2998113981622165E-16
2892	1.2729832316041125E-16
2893	1.256463412336028E-16
2894	1.2403717831339303E-16
2895	1.223086614389085E-16
2896	1.2007448557968929E-16
2897	1.1738599674309977E-16
2898	1.1485759278476347E-16
2899	1.1182918139398855E-16
2900	1.1090326291966694E-16
2901	1.0987692988028124E-16
2902	1.0821393980851128E-16
2903	1.0570444505357024E-16
2904	1.056259723253254E-16
2905	1.0388064733871604E-16
2906	1.032384459947069E-16
2907	1.0304734690409338E-16
2908	1.0106321685203655E-16
2909	1.0026204191448169E-16
2910	9.897785881596532E-17
2911	9.847081226837622E-17
2912	9.590333275174474E-17
2913	9.510811445500034E-17
2914	9.323024890594377E-17
2915	8.950848576216865E-17
2916	8.854766430687347E-17
2917	8.75479648046635E-17
2918	8.651266942560698E-17
2919	8.439806732974006E-17
2920	8.393448536346583E-17
2921	8.339415278301183E-17
2922	8.207265516191668E-17
2923	8.147492234271437E-17
2924	8.006579160539503E-17
2925	7.85512036150049E-17
2926	7.646639525941672E-17
2927	7.588282887131883E-17
2928	7.495964077563795E-17
2929	7.463060913621974E-17
2930	7.39733527903343E-17
2931	7.134272088491062E-17
2932	6.858118364141112E-17
2933	6.746759526572395E-17
2934	6.655341149571963E-17
2935	6.61080598628991E-17
2936	6.580121107204891E-17
2937	6.494077581553357E-17
2938	6.365410836159651E-17
2939	6.152921881180352E-17
2940	6.099314259203915E-17
2941	6.089027165160076E-17
2942	5.964435436601063E-17
2943	5.792045525865606E-17
2944	5.691615368283056E-17
2945	5.678204348919826E-17
2946	5.572270067284191E-17
2947	5.4034050593508245E-17
2948	5.3041282111792943E-17
2949	5.175523622697481E-17
2950	5.006578270413447E-17
2951	4.928051039400998E-17
2952	4.8788752973464094E-17
2953	4.794148216492259E-17
2954	4.748193857739886E-17
2955	4.728673504966761E-17
2956	4.703397677760162E-17
2957	4.658277445153464E-17
2958	4.552563200847527E-17
2959	4.3859762905205903E-17
2960	4.3717836153915614E-17
2961	4.2294428044182695E-17
2962	4.0883969224595784E-17
2963	3.972576539474256E-17
2964	3.9345918124093305E-17
2965	3.882835422404162E-17
2966	3.752227878288084E-17
2967	3.706595323314664E-17
2968	3.690578823451132E-17
2969	3.667003410236669E-17
2970	3.641895093786574E-17
2971	3.593580354357672E-17
2972	3.5715241371725075E-17
2973	3.407061747590316E-17
2974	3.265637765274366E-17
2975	3.233350139135973E-17
2976	3.1155492012655885E-17
2977	3.1062693963364086E-17
2978	3.097947896688682E-17
2979	3.06600073036877E-17
2980	3.0381317069880004E-17
2981	2.9944654642551217E-17
2982	2.97685209957374E-17
2983	2.9467811184511135E-17
2984	2.9339510405949105E-17
2985	2.88204935133638E-17
2986	2.809977811186573E-17
2987	2.7602883883196273E-17
2988	2.74697092323155E-17
2989	2.7241915204124043E-17
2990	2.6539984179759233E-17
2991	2.6069758150784176E-17
2992	2.59005785632263E-17
2993	2.5306310996837514E-17
2994	2.4590208217379093E-17
2995	2.419360993086222E-17
2996	2.4140557404015134E-17
2997	2.3674545628881676E-17
2998	2.2954396927147474E-17
2999	2.2635149847119867E-17
3000	2.1866787499717622E-17
