1	1.8267225951150414E10
2	1.0622600391136139E10
3	6.037073327048538E9
4	2.0358895487005198E9
5	6.235230235463976E8
6	2.55399880373482E7
7	1.9910813927414376E7
8	1.1264318807932893E7
9	2938779.344903736
10	1277658.9331041856
11	348213.7716826089
12	234210.85549146077
13	144524.5171352135
14	78972.08573495377
15	33517.860428490036
16	9823.337882551756
17	7090.722084685728
18	5727.9719280283725
19	4870.489251931404
20	2855.103220982109
21	1804.3343342058163
22	801.6221923217405
23	586.1767329881221
24	290.4076593011098
25	241.15705678951005
26	235.34801848188332
27	183.07538255236466
28	137.75549121060675
29	107.73728419831428
30	88.9287102068157
31	87.06580632934805
32	86.6016452739323
33	84.83885637505404
34	83.06794866014828
35	75.10021942760453
36	71.9177089720146
37	71.23680922835541
38	69.53124110279074
39	68.68451128927381
40	66.83816853707648
41	64.36143985872793
42	63.74370162204329
43	62.837177892863004
44	61.71822453997062
45	60.687550091172966
46	59.97463064180262
47	58.30751907167387
48	57.68540195877255
49	56.733301088931704
50	55.57082609296238
51	54.50175747637794
52	53.81730150520867
53	53.14374192335704
54	52.571740128213285
55	52.36635205122293
56	51.837283782788894
57	50.58135560460903
58	49.274255502614
59	48.91517693416755
60	48.46103927860445
61	48.171502227164815
62	47.34001514779959
63	46.88844150200996
64	46.60243377769606
65	45.62332517211005
66	45.37588093301098
67	44.829236703373844
68	44.14924512878474
69	44.01484157856003
70	43.61849636005277
71	43.1698496286439
72	43.00082208338601
73	42.68320823469907
74	42.335155178544305
75	42.055933312925546
76	41.71204444865579
77	41.18554867444625
78	40.86324954676656
79	40.42246460032786
80	40.20939746362754
81	40.087195692707176
82	39.74043289361343
83	39.379772998777
84	38.74524034683066
85	38.52113818565383
86	38.20532520476359
87	37.86041285732974
88	37.36634005782844
89	37.15496786291229
90	36.86355169248936
91	36.580621375105586
92	36.44730529933903
93	35.90673925038042
94	35.778328525522596
95	35.435492749911745
96	35.19428409043846
97	34.81811833825213
98	34.51865792246054
99	34.25785393729927
100	34.10446178468995
101	33.851119361062274
102	33.65784235169601
103	33.23372803145093
104	33.07141995302049
105	33.0189091809223
106	32.84282071210974
107	32.59860752267987
108	32.33866693492036
109	32.03286107556455
110	31.661993013112525
111	31.30736277956833
112	31.157058175124742
113	30.908292167075654
114	30.45133032351681
115	30.079507450500344
116	29.924332605423626
117	29.443556716253717
118	29.269219241529917
119	29.03430796704997
120	28.70728464705706
121	28.316308604321314
122	28.084112743217897
123	27.924201434068383
124	27.691892345435555
125	27.47376870899758
126	27.01363304950345
127	26.46140666479391
128	26.272690356019446
129	26.011990147818302
130	25.808679485578335
131	25.66469326335987
132	25.32749231600774
133	25.10063265179849
134	24.933057451859092
135	24.8932153753535
136	24.704052989461953
137	24.528770326235737
138	24.356859908563845
139	23.988679270170838
140	23.75815533026824
141	23.458000166356896
142	23.09369793639098
143	22.676428134758332
144	22.602862336751503
145	22.428276527135743
146	22.26197302138009
147	22.129722894664067
148	21.93153752287885
149	21.643051187241255
150	21.127310212823602
151	20.960098881957357
152	20.62178370300743
153	20.31346991283177
154	20.224012425270192
155	20.093982794201494
156	19.935104886591777
157	19.76728148437935
158	19.598808622828752
159	19.207726691669105
160	19.110526030996812
161	18.99939875205501
162	18.799020265826048
163	18.74226046287875
164	18.621279162500862
165	18.464078692452443
166	18.239967547070947
167	17.989884648748614
168	17.781377906396305
169	17.56927742653546
170	17.45710728521456
171	17.3752872689699
172	17.125381444837863
173	16.905572527675307
174	16.742642341328352
175	16.684745220530438
176	16.518795132188067
177	16.425852070053214
178	16.229333219230895
179	15.943099162706666
180	15.699780326940267
181	15.634516797445523
182	15.579301163730984
183	15.437346632202397
184	15.30972448354305
185	15.2557030411818
186	15.1068962338259
187	14.748545479856078
188	14.493200695785028
189	14.33104710136401
190	14.258049281590077
191	14.114604557574472
192	13.98545649835422
193	13.82363141948742
194	13.753696636296647
195	13.665057132768084
196	13.593423790124428
197	13.444637024527335
198	13.383164026393922
199	13.202269629095897
200	13.089607419982375
201	12.876291364807487
202	12.799957731540637
203	12.658983321594103
204	12.570787744392707
205	12.452321873340255
206	12.378292639963595
207	12.229983224751813
208	12.146993199076848
209	11.902889052893414
210	11.777336002476558
211	11.71613704034771
212	11.65083900363791
213	11.629133432479152
214	11.459028562340652
215	11.229438154544294
216	11.113685144299133
217	10.873683284056963
218	10.821779351257685
219	10.707472867563398
220	10.616250730029
221	10.509840745947225
222	10.410848683961003
223	10.307456870823708
224	10.116518322111727
225	9.967705992772231
226	9.85635685192197
227	9.770310529530839
228	9.692206004677594
229	9.619055713029006
230	9.558901275395305
231	9.454147112547055
232	9.355438971011118
233	9.182817445205561
234	9.12193392210482
235	8.983799509274357
236	8.905318391989564
237	8.853857679398772
238	8.815587032823233
239	8.675762369727286
240	8.5852769768985
241	8.528678492728977
242	8.512476710851914
243	8.40411280919518
244	8.36229987737111
245	8.241749171946438
246	8.20044471555067
247	8.140517206182894
248	8.112950442400106
249	8.081666660916378
250	8.054113555121633
251	7.916557046362428
252	7.85873393690108
253	7.730354913455586
254	7.604590535735647
255	7.536002961386853
256	7.421232519983049
257	7.334584668662407
258	7.272931908479328
259	7.197381506490637
260	7.1408554597205836
261	7.110828359902522
262	7.068062881549821
263	6.951042932214483
264	6.8554280098309475
265	6.834153639644841
266	6.765297480138092
267	6.7422461185876115
268	6.7262577874080245
269	6.601456601392802
270	6.540247716620496
271	6.505123774422724
272	6.44956620874534
273	6.394193339279743
274	6.363371660648252
275	6.3381749590090966
276	6.2350418496255156
277	6.20892335680534
278	6.134181502846685
279	6.082083714956149
280	6.031249221545484
281	5.949023008865541
282	5.914487424083879
283	5.868039088702804
284	5.7666094249729145
285	5.706816071015829
286	5.680686377202078
287	5.613777622470242
288	5.544626326647779
289	5.479943838246498
290	5.460210891476597
291	5.409306421459562
292	5.362260117123615
293	5.279195269111133
294	5.238232215795203
295	5.115503483664105
296	5.081801063405462
297	5.034920438793381
298	5.016919543284995
299	4.953496577059711
300	4.895022356049953
301	4.8215614876096815
302	4.7707329653019785
303	4.7289182359836275
304	4.701155733531692
305	4.674515716822424
306	4.6348090190667905
307	4.589780491572648
308	4.539919359907113
309	4.528499234694465
310	4.476540166886784
311	4.400470898249418
312	4.378074447923184
313	4.34373323004243
314	4.324491232821671
315	4.2902408091146595
316	4.2293594299121
317	4.183205737378696
318	4.169142850292308
319	4.10472838274316
320	4.077150244329867
321	4.030226354527551
322	4.012671449964124
323	3.9652473297087694
324	3.94600623513229
325	3.9063615832655088
326	3.858604488639464
327	3.832912241075824
328	3.822017399885823
329	3.7839044284324923
330	3.729879702262969
331	3.679904654684147
332	3.673756571945873
333	3.6332028350647367
334	3.5941147091062287
335	3.5669682029805747
336	3.5363244134089844
337	3.4983650067962575
338	3.4844807031998766
339	3.456117229834171
340	3.4040734065517273
341	3.3567972999409608
342	3.3473020919876015
343	3.323128676477613
344	3.2763216624538227
345	3.2509565624736605
346	3.2087256729999236
347	3.184088702661171
348	3.148764438742651
349	3.1092104797271256
350	3.0520510780138697
351	3.0434996231512943
352	3.0132336927696035
353	2.9826678024750377
354	2.9691653681172196
355	2.94336165525924
356	2.920208584894338
357	2.885952796025168
358	2.858270744176832
359	2.837444499233269
360	2.8007941907186638
361	2.7645482189245567
362	2.7240695296012354
363	2.6957934709072524
364	2.6823999668646983
365	2.66045418241449
366	2.657572652750246
367	2.631584638188151
368	2.5927335816654367
369	2.550930180761173
370	2.5165645418748825
371	2.485391276317471
372	2.4438163961051504
373	2.381412406733704
374	2.3703080836878407
375	2.3621784708505795
376	2.3194899500956705
377	2.304588384713952
378	2.282422188446054
379	2.2687705950246255
380	2.2344119673409284
381	2.22497886349526
382	2.218262320357836
383	2.21805445877967
384	2.2029299158307074
385	2.1736924526645427
386	2.1320259271773905
387	2.102015593811762
388	2.0854844089165643
389	2.073356493473434
390	2.0596452364898865
391	2.0549466155946394
392	2.0392932750257953
393	2.0187111063168675
394	2.0034480976345725
395	1.9777022893811764
396	1.952496656702271
397	1.9320622332790054
398	1.9063829090000106
399	1.8984260089881724
400	1.8858993539701876
401	1.8723574562719292
402	1.8431828152876664
403	1.8188315511667097
404	1.8133403975032993
405	1.7791955908480652
406	1.7697618145409557
407	1.759094630515514
408	1.74406659873162
409	1.7187990923398146
410	1.697154540365319
411	1.6876103375977385
412	1.6727768155432172
413	1.6688385464503204
414	1.658058000408727
415	1.653704279514973
416	1.6417816618401102
417	1.62698389001914
418	1.6151237103363838
419	1.5927838906266247
420	1.5764414797810464
421	1.5558986203052918
422	1.531472993946292
423	1.524323517163873
424	1.5150624817060288
425	1.5050501364946127
426	1.4835815469098022
427	1.4763628767928272
428	1.463484721930942
429	1.4484475005037292
430	1.4440015042216463
431	1.4352588159864392
432	1.4219288410558795
433	1.4174127648577863
434	1.4063739270142017
435	1.383792471533227
436	1.3738851380308186
437	1.3572622807655306
438	1.348941292080659
439	1.345297428633688
440	1.3353711938973456
441	1.3317676712296231
442	1.3199771919752323
443	1.3169521260301857
444	1.3113478968367185
445	1.3013333068333899
446	1.2832170462252714
447	1.2690093147956794
448	1.253244355578675
449	1.2367569605008568
450	1.2217350467929053
451	1.2127952596971643
452	1.1919066383736867
453	1.1852863708700856
454	1.172816683876835
455	1.1676888714527986
456	1.1482830179707066
457	1.1386589512429617
458	1.1190059654561526
459	1.099376185104359
460	1.0838133151837868
461	1.0773633911272635
462	1.0695172630216334
463	1.0669981473296923
464	1.0559682477551726
465	1.0458077433107982
466	1.0402890049721918
467	1.028199336397937
468	1.0227332147711712
469	1.0109421672155265
470	0.9960766250295217
471	0.9947529684709242
472	0.9905495388850852
473	0.9888143277919819
474	0.9593014614951186
475	0.945980854302431
476	0.9405466639403905
477	0.9283546455639907
478	0.9210218367472007
479	0.9115898051641854
480	0.8895904449207975
481	0.8842963217847756
482	0.8555179493041007
483	0.8469569587672606
484	0.8361301795057161
485	0.8326801489356285
486	0.8269801726225904
487	0.8128409259761146
488	0.8115147290363265
489	0.8044211584136972
490	0.8034935933518473
491	0.7909417040303002
492	0.7854750474405524
493	0.7835855574850311
494	0.7792519183056844
495	0.7707772612727415
496	0.7668927873725048
497	0.7616864829188704
498	0.7482721472968021
499	0.7437593500691542
500	0.7408645727791012
501	0.7394844853590635
502	0.7302207901987282
503	0.7250552395222576
504	0.713058942221683
505	0.7053638817725071
506	0.6963012189272699
507	0.695010664106528
508	0.6886927858165723
509	0.6882704356184496
510	0.68068002137506
511	0.6782954284971435
512	0.6722715893534233
513	0.6693159444920381
514	0.6620202415294241
515	0.6557970650387086
516	0.6515026118007847
517	0.6451997729485897
518	0.6352847839246956
519	0.6294188437436214
520	0.6218452603048831
521	0.614593006354371
522	0.6101633319268829
523	0.606114591493532
524	0.6023361365820432
525	0.5997426314391208
526	0.5968021082313381
527	0.593353838459745
528	0.5894193503806743
529	0.578764289972163
530	0.5761064812338402
531	0.5744238133383927
532	0.56993732803566
533	0.5625326687980011
534	0.5469295812611387
535	0.5442309722072263
536	0.5426770474472897
537	0.5323093120416452
538	0.5264271598787146
539	0.5222459288655832
540	0.520190224561895
541	0.514921626579075
542	0.5133422600015174
543	0.5075390796728373
544	0.501392500550589
545	0.49590895292457543
546	0.487337772234889
547	0.48613161591645365
548	0.4793982636330982
549	0.4729117914952534
550	0.4684091762750654
551	0.46117702073537414
552	0.45679851026779156
553	0.449885785916714
554	0.44811253615076585
555	0.4417108465302327
556	0.43737337057947734
557	0.4354629823836351
558	0.4291962715001948
559	0.4268520738151544
560	0.4259063272157745
561	0.423952810139253
562	0.42206675075997446
563	0.42117347004325345
564	0.41809995669596695
565	0.4153177026288301
566	0.4132624094185008
567	0.4112043145887824
568	0.40979915346491036
569	0.40419332476695696
570	0.3978425893897581
571	0.3926262578243321
572	0.38801575433412067
573	0.38659035115326557
574	0.38173544552727845
575	0.3787032791662252
576	0.37663127024659093
577	0.3725821100346066
578	0.3686593861715794
579	0.358713957837913
580	0.3541978902637101
581	0.35029862683346813
582	0.34983915356977746
583	0.3463397995871091
584	0.3456153429219598
585	0.34315379260298445
586	0.34058896473313094
587	0.33806684354133376
588	0.33663501302344145
589	0.3281128056665724
590	0.32531248191609424
591	0.32415038722657497
592	0.32083370688660096
593	0.31851720075954376
594	0.31502833666653796
595	0.3123729715835782
596	0.3068117255834269
597	0.3042926924139791
598	0.30086440989754554
599	0.2997173489621477
600	0.2978144063428607
601	0.2953957464715799
602	0.2949245568779731
603	0.2923067676330565
604	0.29139135624268636
605	0.2853331864985799
606	0.2820461863287289
607	0.2786315201635529
608	0.2689762544746012
609	0.26684826807759326
610	0.2659872460809661
611	0.264996877948373
612	0.26310463497973485
613	0.2612983946126025
614	0.2581439581978052
615	0.2559357782490274
616	0.25373124712533673
617	0.24828598986639414
618	0.2462954303852925
619	0.2454644931435091
620	0.24474296304998538
621	0.24272319476961954
622	0.24057641867578886
623	0.23768655461061636
624	0.2361119191641382
625	0.23095465005985974
626	0.22927801506727766
627	0.2276755446410366
628	0.22524093402769904
629	0.22443633952904937
630	0.2219299344211017
631	0.21971364345089825
632	0.21880087211297078
633	0.2167417853599637
634	0.2141178671973393
635	0.21150211633614116
636	0.2087616992004623
637	0.20620427528829083
638	0.20523080137963273
639	0.20216217940623846
640	0.19927159004626216
641	0.19807470411521802
642	0.1974789435205851
643	0.1967806465052951
644	0.19539011930604772
645	0.19206654265488418
646	0.19106923057919648
647	0.1904104554568627
648	0.18916775459645715
649	0.18862302314147705
650	0.18692512665320052
651	0.1842788451460466
652	0.18334927956423291
653	0.18110166135702083
654	0.17812948234358159
655	0.1743895307503726
656	0.1727973972286014
657	0.1716409696671965
658	0.17059298392978764
659	0.16809183950814374
660	0.1671958150913113
661	0.16562077212367013
662	0.16492156358879792
663	0.163902853938984
664	0.1615550264253252
665	0.1607926149676967
666	0.1602724471889552
667	0.15757534937547396
668	0.15712421678834243
669	0.15583718227841947
670	0.15237998757133184
671	0.15199089121163578
672	0.15118070198259712
673	0.15001703465896168
674	0.1481873297938227
675	0.14742163103409758
676	0.14667262743096182
677	0.1444719434965404
678	0.14437942227996453
679	0.1436672938767401
680	0.14292500611682954
681	0.14131678789927074
682	0.1407162086594194
683	0.13750486159992292
684	0.13748087120162278
685	0.13712209482156695
686	0.1347404277707119
687	0.13426303518522603
688	0.132960274992298
689	0.13116479878471674
690	0.13063217751590073
691	0.1304953616916066
692	0.12977072685430235
693	0.12867522501481032
694	0.12704186128953202
695	0.12631209829431944
696	0.12550321742685694
697	0.12440796140387297
698	0.1237448192841326
699	0.12278219213354309
700	0.1218982317596785
701	0.11925154072383178
702	0.11846370808514448
703	0.11772331367391628
704	0.11621049009651212
705	0.11557884061361717
706	0.11451732478826333
707	0.11392938776460332
708	0.1111908302402226
709	0.10998102638361272
710	0.10922242216257651
711	0.107020218645102
712	0.10646753713051246
713	0.1058809591268269
714	0.10437359378611756
715	0.1034526640108783
716	0.10319228676019279
717	0.1020716304752583
718	0.10144605730865594
719	0.09988535574815986
720	0.09940718135617885
721	0.0990187140042002
722	0.09698080451922966
723	0.09638969785880357
724	0.0958800142059359
725	0.09480018505583661
726	0.09388129585039405
727	0.09357154479710822
728	0.09279395036399317
729	0.09211528580278419
730	0.09049156630269119
731	0.08964567377685609
732	0.0894622489526802
733	0.0889186074261994
734	0.08748316075830369
735	0.08643045454260632
736	0.08585039894568462
737	0.08455068083863745
738	0.08353935948284
739	0.08243420233895805
740	0.0816172451280947
741	0.08096383524865175
742	0.07990486636287089
743	0.07895564614898089
744	0.0779787327987596
745	0.07776246223968405
746	0.07659966262451494
747	0.07572906388127944
748	0.07505570757542133
749	0.07424005419628386
750	0.07377506751112536
751	0.07282747656811778
752	0.07265741240991731
753	0.07222952123100393
754	0.07184578451189252
755	0.07028744713492562
756	0.06990676809557685
757	0.06989977853130187
758	0.06968228868872603
759	0.06908880837388874
760	0.06882357739191886
761	0.06742646697070583
762	0.06663466400339821
763	0.0654739117807925
764	0.06521760554452502
765	0.06473224277581204
766	0.06429383048194479
767	0.06360775951209768
768	0.0634877378898914
769	0.06280878929637758
770	0.06203079879413135
771	0.061726997251215575
772	0.060652408235274506
773	0.0605108966074572
774	0.06031868135837445
775	0.0601282796599403
776	0.059749353883586605
777	0.05936252639159587
778	0.058594238635152084
779	0.058438587204758606
780	0.057090255654688726
781	0.05581630194272721
782	0.05448376220135154
783	0.05429169455838801
784	0.05415577820658646
785	0.0533828482544081
786	0.05271268586906342
787	0.052460193119534586
788	0.05212066037073407
789	0.05146784911919197
790	0.05093257998100465
791	0.05075023535456843
792	0.050386503351146326
793	0.050163709237625614
794	0.04979735187971967
795	0.048715528053367506
796	0.04826604644448372
797	0.04790740476006393
798	0.04778555875718401
799	0.04745236633018842
800	0.047315955291986886
801	0.047116641410053804
802	0.04629739354391013
803	0.04598004713545239
804	0.04568728131822449
805	0.04537458291957996
806	0.04503058726612773
807	0.044734239608691745
808	0.04423027606942726
809	0.043631405500286345
810	0.043367321115178145
811	0.043022765565528046
812	0.042746320873167126
813	0.042293126301904065
814	0.04183644774623849
815	0.04174686598521631
816	0.04109273404283168
817	0.04086841039220588
818	0.04044122011669905
819	0.03988670543943033
820	0.03952794600591942
821	0.039189656714510766
822	0.03894897910720875
823	0.03791084678692418
824	0.03742555099856297
825	0.0371779590241231
826	0.03710534013528119
827	0.03703439958177119
828	0.036626102666755
829	0.036340267823406255
830	0.035996488723546695
831	0.03520043974409544
832	0.03487894528570406
833	0.03475194646031157
834	0.0342603030549314
835	0.033822373689800136
836	0.03350299856968011
837	0.03337976714584978
838	0.03317450656566631
839	0.03289145020128966
840	0.03265672869454308
841	0.032147399239579225
842	0.03197466982952511
843	0.03192450867690441
844	0.03134769438728943
845	0.031203857398146084
846	0.03089817273808924
847	0.030771816064177237
848	0.03063760360956328
849	0.030418948254291794
850	0.030151088641059563
851	0.030083141227173628
852	0.029650168531616648
853	0.029402748511727285
854	0.02905393645351834
855	0.028769015354015312
856	0.028477332572122854
857	0.028403171807804706
858	0.028140161129897267
859	0.028110719074880466
860	0.027654473858174437
861	0.027496448088640584
862	0.02737325905015335
863	0.027139039671477946
864	0.02700870440345261
865	0.02672655514679936
866	0.02650383185092055
867	0.02627707779200532
868	0.02610086937818101
869	0.025929837548614703
870	0.025727927153226426
871	0.02549788547329813
872	0.025281067943216478
873	0.025139780455025965
874	0.02497658659393322
875	0.02468674291368116
876	0.024506640865126786
877	0.02416796193902462
878	0.024045741178625252
879	0.023877264848276233
880	0.02369814125444901
881	0.023522422428401694
882	0.023159736065308537
883	0.02273256500756462
884	0.022608641253388087
885	0.022469172018336033
886	0.02235978941662751
887	0.022204877350360457
888	0.02207574874732511
889	0.022046739316474273
890	0.021698321317691064
891	0.021479300850326292
892	0.02137788556741221
893	0.021232080510223468
894	0.021178446131540282
895	0.020808651609174705
896	0.020670894436705133
897	0.02038194977996507
898	0.020147922458511047
899	0.019804187087503745
900	0.019561640463299366
901	0.019392641764529324
902	0.019389801644202363
903	0.019355863577492187
904	0.01923378999633232
905	0.018794744848330783
906	0.01869276863546098
907	0.018305520176796316
908	0.01819350193245728
909	0.018088615631176527
910	0.017726413150220853
911	0.017551104984665764
912	0.01734691199235344
913	0.017108131523720014
914	0.016982104097685635
915	0.016667586507768735
916	0.01650977447338686
917	0.016410684872978018
918	0.016374234594550074
919	0.016178465871347022
920	0.01601504755680376
921	0.01579818787758506
922	0.015545019227950874
923	0.01553606873486764
924	0.01544600594820217
925	0.015262691409695791
926	0.015153826143187598
927	0.014989691972345407
928	0.014850531384248515
929	0.014667765604344435
930	0.01456123572443158
931	0.014525302635158176
932	0.014454854803691316
933	0.014365464123729344
934	0.014170161207299924
935	0.01399402864054412
936	0.013839007506146379
937	0.013798824603047653
938	0.013569000543728083
939	0.013369365311044558
940	0.013347771479094729
941	0.013250869754379864
942	0.012952084528154146
943	0.012849641811062152
944	0.012775560072727754
945	0.012648599874698411
946	0.012564963746387785
947	0.012533056960385206
948	0.012445762091582558
949	0.012257907337794584
950	0.012053642425505572
951	0.012010140648990282
952	0.011922060894441493
953	0.011818126589410416
954	0.011705384933003226
955	0.011583050750702659
956	0.011513529804792814
957	0.011442446452823041
958	0.011222949292864968
959	0.011188625620155882
960	0.011105527171641696
961	0.010972761221646523
962	0.010917752036131632
963	0.010766265169929824
964	0.010534500529562849
965	0.01043180070509333
966	0.010317665806678278
967	0.010276296246172387
968	0.010096456600359021
969	0.010066246891364344
970	0.01004298897881076
971	0.009997365399027786
972	0.009880285867241783
973	0.009751330581991602
974	0.00971561168797858
975	0.009603133545698946
976	0.009495779552226254
977	0.009396592307030324
978	0.009375998957019873
979	0.009352198341071814
980	0.009268284686872229
981	0.009209238676280061
982	0.009176558836914789
983	0.009028651964793811
984	0.008952444728050452
985	0.008869282210242085
986	0.008817846429928769
987	0.008750109451386092
988	0.008675241250827078
989	0.008543638102674595
990	0.008435409867847856
991	0.008401520107688295
992	0.008344618405587319
993	0.008181212251361992
994	0.0080652545885146
995	0.007970528189845377
996	0.007772647520181677
997	0.00774137758297255
998	0.007678022062661663
999	0.007631504625897039
1000	0.007573344572402203
1001	0.007495797340065185
1002	0.007475306777858447
1003	0.00740932250874943
1004	0.00723596946372323
1005	0.0071702753122116925
1006	0.007115605595976734
1007	0.007105223466004018
1008	0.007076827499092077
1009	0.007050018758512452
1010	0.006994359513876652
1011	0.006942839347629154
1012	0.006903541090162382
1013	0.006803171564140282
1014	0.006742677274818902
1015	0.006738802381038253
1016	0.006726403783396637
1017	0.006690840141824168
1018	0.006612759837012606
1019	0.006490007203161689
1020	0.006444802362101848
1021	0.006403316537105659
1022	0.006344267783507662
1023	0.00631114952226944
1024	0.006284483660555209
1025	0.006167081836290419
1026	0.006128012442697259
1027	0.006066343623683324
1028	0.006011077569382487
1029	0.0059188645397297195
1030	0.0059005944454319755
1031	0.0058669678980096404
1032	0.0057981081352327145
1033	0.005755666033792172
1034	0.005689575788043804
1035	0.00564317512188484
1036	0.005562416054021887
1037	0.005469675813683765
1038	0.005445530307468442
1039	0.005402412462840224
1040	0.0053187893532484236
1041	0.005275346663691008
1042	0.005230375790300922
1043	0.00521079953769586
1044	0.005175965776270609
1045	0.0051014215352496416
1046	0.0050611441703273235
1047	0.005013228668942126
1048	0.004954375553945222
1049	0.004860931313141446
1050	0.004791986086520422
1051	0.004734045932745343
1052	0.004700798477597513
1053	0.004692077500478375
1054	0.004644281562773848
1055	0.004584734611753677
1056	0.004551184377869497
1057	0.004475931913409974
1058	0.0044536124127492974
1059	0.00445253529198262
1060	0.004435407548247368
1061	0.004404183046431622
1062	0.004332925852882712
1063	0.004314912219941606
1064	0.004280355492123769
1065	0.004253201571925819
1066	0.004184947150094856
1067	0.00413897294207836
1068	0.004119772541271352
1069	0.0040469189831904215
1070	0.0040119885923593146
1071	0.003975164525944369
1072	0.003961902219439125
1073	0.003944906275990979
1074	0.003926195255930444
1075	0.0038728905509163043
1076	0.003867650199346365
1077	0.0038309691400253277
1078	0.0038035176086392334
1079	0.003769851508763855
1080	0.0037436799603905086
1081	0.0037152650521270814
1082	0.003679402807126654
1083	0.0036413441296161216
1084	0.0036148344338024904
1085	0.0035860928535574577
1086	0.0035531814240276818
1087	0.0035087909196182426
1088	0.003506161710041463
1089	0.003493321785870078
1090	0.0034779575162685694
1091	0.003439272961663998
1092	0.003430055095388723
1093	0.0033979501559064868
1094	0.0033702208185729323
1095	0.0033167728274168915
1096	0.0032892491858787483
1097	0.0032599095853316678
1098	0.0032099050406321104
1099	0.0031697283012181903
1100	0.0031508895423288147
1101	0.003120773090427967
1102	0.003107525301417878
1103	0.003087134365522311
1104	0.0030740162295069752
1105	0.0030656571834849324
1106	0.0030485631692246024
1107	0.0030354505110822398
1108	0.003027063004276137
1109	0.0030144231826506125
1110	0.0029909027382691764
1111	0.0029578746747251933
1112	0.002941936973035628
1113	0.0029260552343276527
1114	0.002894079847392819
1115	0.0028331626016273917
1116	0.0027842777197545077
1117	0.0027471748564411543
1118	0.0026900946259963937
1119	0.0026770955121348202
1120	0.0026494322756142083
1121	0.0026318774372529083
1122	0.002624085943318721
1123	0.0026062475763000996
1124	0.0025752795176425766
1125	0.002535185500687736
1126	0.002519592591589248
1127	0.0025031085152849067
1128	0.0024559416126281705
1129	0.0024204841766914606
1130	0.0024044518604255023
1131	0.002358014457962716
1132	0.002343245860679091
1133	0.0023333983123117576
1134	0.002311727839708515
1135	0.00228598523035522
1136	0.002274720769521778
1137	0.0022614977287378287
1138	0.002242370896377041
1139	0.0022324352294916653
1140	0.0022168928252760474
1141	0.002198207114822691
1142	0.0021848555322958652
1143	0.002140584647995209
1144	0.0021169527223899687
1145	0.002113265321737201
1146	0.0021084457943157937
1147	0.002096713292732869
1148	0.0020866875259945086
1149	0.0020816464720874134
1150	0.0020678638474899533
1151	0.002050653393012634
1152	0.002021828721611589
1153	0.001996685034003284
1154	0.0019731816840165657
1155	0.0019588312479263846
1156	0.0019470330942341566
1157	0.0019356294443448753
1158	0.001927275492394124
1159	0.0018710585560315733
1160	0.0018535135565177592
1161	0.0018392857431270863
1162	0.0018281559585523388
1163	0.0018063293553852995
1164	0.0017897420768824993
1165	0.0017597412853175693
1166	0.001752325982951791
1167	0.001747768936558481
1168	0.0017395354968027272
1169	0.0017138590692653735
1170	0.0016827245030774617
1171	0.0016534518861910422
1172	0.0016342848803959917
1173	0.0016210561382880686
1174	0.0015911983196341727
1175	0.0015770685459173459
1176	0.001554455823931544
1177	0.0015514224252413083
1178	0.001536271974975604
1179	0.0015212779657201273
1180	0.001511796570745755
1181	0.0015017293815257357
1182	0.0014981441715812927
1183	0.0014909475703196724
1184	0.0014744425641344309
1185	0.0014653022687987044
1186	0.0014562654230958754
1187	0.0014459712226168205
1188	0.0014299797301186188
1189	0.0014283955632219878
1190	0.0014030220320391715
1191	0.0013970871803103838
1192	0.0013834496907005425
1193	0.0013795814208241752
1194	0.0013670883060533522
1195	0.001361614693103041
1196	0.001349238596835427
1197	0.0013337005725973807
1198	0.0013083723442767947
1199	0.0012952750975227536
1200	0.0012721488253066911
1201	0.001269955134850946
1202	0.0012517447918432025
1203	0.001241649548644599
1204	0.001237553878313108
1205	0.0012272331907300282
1206	0.0012199741718978807
1207	0.0012122604241521031
1208	0.0012038443671813857
1209	0.0011941636072816933
1210	0.001194054662354267
1211	0.0011854147827344919
1212	0.0011742441374575818
1213	0.0011544225626522449
1214	0.001153359644189886
1215	0.0011425408153024701
1216	0.0011317216256118154
1217	0.0011197595825921335
1218	0.0011175264003749105
1219	0.001108889538900394
1220	0.0010964466861451854
1221	0.0010814365278702565
1222	0.0010767094317137532
1223	0.0010627558715803932
1224	0.0010530694550186547
1225	0.0010445529554501635
1226	0.0010419801337600905
1227	0.001026546543456594
1228	0.0010070731770107984
1229	0.0010055683158304485
1230	0.0010011687750673018
1231	9.9030121975497E-4
1232	9.806568111685792E-4
1233	9.704270521721758E-4
1234	9.643294338583506E-4
1235	9.530684055779998E-4
1236	9.43576139995355E-4
1237	9.376908282145327E-4
1238	9.363176581863893E-4
1239	9.285504657648745E-4
1240	9.156588952195876E-4
1241	9.095944258688741E-4
1242	9.057318799932941E-4
1243	8.997310305710774E-4
1244	8.783944046924926E-4
1245	8.565624909349124E-4
1246	8.486845559097881E-4
1247	8.428946759501325E-4
1248	8.366673733251739E-4
1249	8.337641600055358E-4
1250	8.258695545578412E-4
1251	8.214060553873563E-4
1252	8.085110167928769E-4
1253	8.066614931893773E-4
1254	7.950874993686574E-4
1255	7.903359856470071E-4
1256	7.820102146162207E-4
1257	7.784883520478547E-4
1258	7.733038883793557E-4
1259	7.640769779702018E-4
1260	7.585507094901255E-4
1261	7.562372849542793E-4
1262	7.535431266363148E-4
1263	7.499965580023733E-4
1264	7.406801301473449E-4
1265	7.300530111142025E-4
1266	7.255691286333334E-4
1267	7.218481797959391E-4
1268	7.15329199076628E-4
1269	7.085301150665628E-4
1270	7.075961278464987E-4
1271	7.04686566616833E-4
1272	6.933944008217757E-4
1273	6.860647490474047E-4
1274	6.788095800179034E-4
1275	6.775122439042498E-4
1276	6.706345619881426E-4
1277	6.669060257264994E-4
1278	6.566440023721881E-4
1279	6.54597029976896E-4
1280	6.527757137629663E-4
1281	6.475012216049357E-4
1282	6.328374491977144E-4
1283	6.3017931068856E-4
1284	6.244373547281285E-4
1285	6.204757300496927E-4
1286	6.160776308472219E-4
1287	6.135185901043327E-4
1288	6.122109095066133E-4
1289	6.007759735782057E-4
1290	5.925740875792726E-4
1291	5.873006134456855E-4
1292	5.852961034928734E-4
1293	5.834589458555854E-4
1294	5.814903243086972E-4
1295	5.758522831188753E-4
1296	5.72105424314865E-4
1297	5.683214564910466E-4
1298	5.62260389858042E-4
1299	5.548579574287415E-4
1300	5.530289780937381E-4
1301	5.481670570291048E-4
1302	5.469773030189935E-4
1303	5.383648163368477E-4
1304	5.329693132190649E-4
1305	5.273096871291345E-4
1306	5.245029636192861E-4
1307	5.149436820006668E-4
1308	5.055079081090067E-4
1309	5.030932329449577E-4
1310	4.884471338631951E-4
1311	4.870745704010425E-4
1312	4.8542860904303534E-4
1313	4.7993708035905155E-4
1314	4.7493143975538857E-4
1315	4.684893836678414E-4
1316	4.622037239894337E-4
1317	4.586377219408737E-4
1318	4.5750633453092926E-4
1319	4.4696237308035515E-4
1320	4.419321677802348E-4
1321	4.382099226711445E-4
1322	4.285038091050381E-4
1323	4.276788877292023E-4
1324	4.233970847270069E-4
1325	4.2291799733958535E-4
1326	4.189952599147753E-4
1327	4.1578480115968014E-4
1328	4.084083027676093E-4
1329	4.066122253876364E-4
1330	4.0037202330736127E-4
1331	3.9763362057524505E-4
1332	3.9385185715868064E-4
1333	3.925868168342978E-4
1334	3.9236566364368296E-4
1335	3.9046922939110724E-4
1336	3.8931336012675406E-4
1337	3.871191211146894E-4
1338	3.8618671185615194E-4
1339	3.8191155046521315E-4
1340	3.794366353066455E-4
1341	3.7688342787392206E-4
1342	3.7011968426021454E-4
1343	3.6705673407964163E-4
1344	3.6584330557530803E-4
1345	3.645420038234692E-4
1346	3.623792191957667E-4
1347	3.581296175772213E-4
1348	3.549605651551596E-4
1349	3.529740502447268E-4
1350	3.5074687352042275E-4
1351	3.47591997416583E-4
1352	3.435683528823106E-4
1353	3.428614704702519E-4
1354	3.4085567969091254E-4
1355	3.392144309521241E-4
1356	3.3259272292926576E-4
1357	3.316967776832019E-4
1358	3.2932850916144406E-4
1359	3.2490154046540415E-4
1360	3.212335788471592E-4
1361	3.190871212739253E-4
1362	3.1558734279466157E-4
1363	3.1374324993393277E-4
1364	3.1249052856951917E-4
1365	3.1008560316531797E-4
1366	3.0750301060506E-4
1367	3.017649474297957E-4
1368	2.9793606878343197E-4
1369	2.963183192896394E-4
1370	2.926051250867891E-4
1371	2.909682671583301E-4
1372	2.900335041218464E-4
1373	2.871522672730196E-4
1374	2.8328969378628135E-4
1375	2.801507088085155E-4
1376	2.7928928202650464E-4
1377	2.7425287468906375E-4
1378	2.720350317908684E-4
1379	2.6873445028957886E-4
1380	2.670062139106224E-4
1381	2.6291003295135333E-4
1382	2.6099848682373825E-4
1383	2.5955356491880156E-4
1384	2.563590391271494E-4
1385	2.543935642838634E-4
1386	2.538954136697636E-4
1387	2.503284904655367E-4
1388	2.474628191280019E-4
1389	2.454919414116755E-4
1390	2.425083590898662E-4
1391	2.420052883657818E-4
1392	2.3873207042413E-4
1393	2.3497626611527223E-4
1394	2.3222379015792795E-4
1395	2.2938813435394832E-4
1396	2.261220580601228E-4
1397	2.2420311611737645E-4
1398	2.2152003593114638E-4
1399	2.2002701186412738E-4
1400	2.1625701391927613E-4
1401	2.1440145875448044E-4
1402	2.1137588816041937E-4
1403	2.0775713388483227E-4
1404	2.048732769680761E-4
1405	2.0371150716202166E-4
1406	2.0128530773308331E-4
1407	1.9521278717180558E-4
1408	1.9433865855614024E-4
1409	1.9370741677111813E-4
1410	1.9168033274098083E-4
1411	1.9077665334174163E-4
1412	1.9028415954242998E-4
1413	1.8945422878543011E-4
1414	1.890016781109994E-4
1415	1.8558357296350012E-4
1416	1.8012096914024638E-4
1417	1.7810918159465397E-4
1418	1.7788655704069112E-4
1419	1.7674455259046256E-4
1420	1.7498775490930256E-4
1421	1.7364768324665993E-4
1422	1.72508169187238E-4
1423	1.705721256807937E-4
1424	1.7008675818978744E-4
1425	1.699732158541779E-4
1426	1.6948331813225684E-4
1427	1.6782513555830346E-4
1428	1.672618997058586E-4
1429	1.6651213113056402E-4
1430	1.6500952418479508E-4
1431	1.6231508189227796E-4
1432	1.6103812570495378E-4
1433	1.581920265938389E-4
1434	1.5751677506367035E-4
1435	1.5693072509776105E-4
1436	1.551711958527548E-4
1437	1.539017641306207E-4
1438	1.5195254166920383E-4
1439	1.5093076992382824E-4
1440	1.4974056764804E-4
1441	1.4842607781603056E-4
1442	1.4822695828401296E-4
1443	1.4667046937678083E-4
1444	1.4598420923705318E-4
1445	1.4556788568196466E-4
1446	1.4491071075160904E-4
1447	1.4402108490797286E-4
1448	1.4107909220306277E-4
1449	1.3905876364746445E-4
1450	1.3791613033296743E-4
1451	1.3744346927293822E-4
1452	1.359924299474839E-4
1453	1.3584478110240038E-4
1454	1.3185675743885168E-4
1455	1.3151957862856344E-4
1456	1.2974429844174167E-4
1457	1.280551985107655E-4
1458	1.2619066631859224E-4
1459	1.2534958637747497E-4
1460	1.2446055338613247E-4
1461	1.239644059195987E-4
1462	1.2385819403005867E-4
1463	1.2299536812737235E-4
1464	1.2145512342904957E-4
1465	1.1966051521878967E-4
1466	1.1900041958806273E-4
1467	1.1820109482871685E-4
1468	1.1714925453243442E-4
1469	1.1608073903153137E-4
1470	1.1554457980277985E-4
1471	1.1501112285468676E-4
1472	1.1442404051829278E-4
1473	1.128505335674979E-4
1474	1.1209932170252166E-4
1475	1.1147862320834603E-4
1476	1.0975231359937736E-4
1477	1.0822687179645796E-4
1478	1.076985172146157E-4
1479	1.0647608685120719E-4
1480	1.0565443309761818E-4
1481	1.053750737274171E-4
1482	1.0484130707008416E-4
1483	1.0438503517477557E-4
1484	1.0215217297132523E-4
1485	1.0103060075857132E-4
1486	9.996669970899886E-5
1487	9.975679349974522E-5
1488	9.953027802785983E-5
1489	9.837541539553473E-5
1490	9.808333895043665E-5
1491	9.737873374689762E-5
1492	9.702106392513078E-5
1493	9.58384601861344E-5
1494	9.513375472643323E-5
1495	9.432545942903166E-5
1496	9.396889989137301E-5
1497	9.36739744115192E-5
1498	9.262124198288666E-5
1499	9.211261158408085E-5
1500	9.082217027987717E-5
1501	8.999719242828689E-5
1502	8.87298173507627E-5
1503	8.771450758761978E-5
1504	8.678441697656133E-5
1505	8.644358440468426E-5
1506	8.480638700589093E-5
1507	8.39565621329058E-5
1508	8.356824559186288E-5
1509	8.310908022202213E-5
1510	8.16684420829927E-5
1511	8.105369567475486E-5
1512	8.001369656129715E-5
1513	7.951977279258719E-5
1514	7.928149178350971E-5
1515	7.858254494786818E-5
1516	7.836459149947994E-5
1517	7.716435607508604E-5
1518	7.670222011285525E-5
1519	7.61011291393896E-5
1520	7.4754029737352E-5
1521	7.381262395482326E-5
1522	7.359561035844167E-5
1523	7.233140093913975E-5
1524	7.135516448927883E-5
1525	7.116807910626966E-5
1526	7.080392127912942E-5
1527	7.00604854496328E-5
1528	6.926451785601082E-5
1529	6.867097456900642E-5
1530	6.830801491743403E-5
1531	6.723300949588857E-5
1532	6.669893792420727E-5
1533	6.618329001905336E-5
1534	6.572176573804929E-5
1535	6.470204556535289E-5
1536	6.36232498384622E-5
1537	6.276493861776928E-5
1538	6.224290690265564E-5
1539	6.11015506397158E-5
1540	6.0642657302825965E-5
1541	6.060301951143875E-5
1542	6.048722913504513E-5
1543	5.9975664259801557E-5
1544	5.973960288316641E-5
1545	5.9425497481390265E-5
1546	5.844312403665825E-5
1547	5.808709081983543E-5
1548	5.783322421683128E-5
1549	5.69078956042586E-5
1550	5.6011035623661806E-5
1551	5.547431269469295E-5
1552	5.535537101511997E-5
1553	5.4843228745076656E-5
1554	5.395215985424257E-5
1555	5.372391201712823E-5
1556	5.332872583427833E-5
1557	5.301672126892546E-5
1558	5.2611421541014146E-5
1559	5.1771656767048626E-5
1560	5.148028350794938E-5
1561	5.036860347917378E-5
1562	4.949233103037323E-5
1563	4.913321968683737E-5
1564	4.870002740377722E-5
1565	4.822086648133022E-5
1566	4.7823424757294874E-5
1567	4.7532320153296294E-5
1568	4.727920665569885E-5
1569	4.6765404741625635E-5
1570	4.625209954259045E-5
1571	4.528450688842876E-5
1572	4.528450688842876E-5
1573	4.4578196473973605E-5
1574	4.4316422265220166E-5
1575	4.351297684075991E-5
1576	4.337858565466179E-5
1577	4.314492205059395E-5
1578	4.287117498024553E-5
1579	4.245916769221253E-5
1580	4.241024828578059E-5
1581	4.2243437918177336E-5
1582	4.191823754344093E-5
1583	4.1548948288898804E-5
1584	4.116584989730073E-5
1585	4.093867600293091E-5
1586	4.072253927796394E-5
1587	3.990559606210747E-5
1588	3.940935643239114E-5
1589	3.91290652563852E-5
1590	3.883527461076293E-5
1591	3.870565863365845E-5
1592	3.858901408547665E-5
1593	3.8175436689903815E-5
1594	3.805214741294797E-5
1595	3.757650277731666E-5
1596	3.72555097153458E-5
1597	3.68803089255017E-5
1598	3.637331431143205E-5
1599	3.591401778611025E-5
1600	3.570398706708128E-5
1601	3.5555850196110895E-5
1602	3.541309572937744E-5
1603	3.49756093787895E-5
1604	3.46894605886189E-5
1605	3.4059699537215345E-5
1606	3.3566262877019845E-5
1607	3.2971164269900295E-5
1608	3.275910312987686E-5
1609	3.271037976541184E-5
1610	3.252073042153033E-5
1611	3.237668905049601E-5
1612	3.2100343957241284E-5
1613	3.2059172056638996E-5
1614	3.1889403824109425E-5
1615	3.147056950109013E-5
1616	3.100180860738953E-5
1617	3.0749167026246214E-5
1618	3.024453842276917E-5
1619	3.0039172241233447E-5
1620	2.9601869936790532E-5
1621	2.9097423039285608E-5
1622	2.8988020190160234E-5
1623	2.8731713177155603E-5
1624	2.831726517960746E-5
1625	2.8199449470443058E-5
1626	2.793788199491211E-5
1627	2.7933286297289073E-5
1628	2.780343447409645E-5
1629	2.7397535012237477E-5
1630	2.6974873249383028E-5
1631	2.6885122494482623E-5
1632	2.6596578433346364E-5
1633	2.6537381550977445E-5
1634	2.6252621208018492E-5
1635	2.565167170903681E-5
1636	2.529146929670327E-5
1637	2.4883066876980264E-5
1638	2.4418592545481796E-5
1639	2.4284060779958757E-5
1640	2.41226867501917E-5
1641	2.4087210097356493E-5
1642	2.3938253235601922E-5
1643	2.3671624258878315E-5
1644	2.35654197941567E-5
1645	2.354079433976708E-5
1646	2.347047987442072E-5
1647	2.311592371915475E-5
1648	2.2924321057020494E-5
1649	2.2735272762013468E-5
1650	2.2687935178069696E-5
1651	2.2547048914998726E-5
1652	2.2366678754272706E-5
1653	2.2234949354333076E-5
1654	2.1888263530447838E-5
1655	2.1668153803567958E-5
1656	2.1280043713159943E-5
1657	2.112498421636709E-5
1658	2.0690052205844235E-5
1659	2.039500613630891E-5
1660	2.0291603224833965E-5
1661	2.0104124650591216E-5
1662	1.9863004427844314E-5
1663	1.9798878363118048E-5
1664	1.9512357747669818E-5
1665	1.9303010161051625E-5
1666	1.9242469854022422E-5
1667	1.9222150244517148E-5
1668	1.909813743368759E-5
1669	1.9009370978378947E-5
1670	1.8947677103344012E-5
1671	1.8803143103616806E-5
1672	1.8405876987536184E-5
1673	1.8237196326672037E-5
1674	1.8216791216454015E-5
1675	1.796885524640882E-5
1676	1.7940650900909853E-5
1677	1.7286278854211908E-5
1678	1.7155046507848443E-5
1679	1.7044134312070727E-5
1680	1.6914484890193648E-5
1681	1.6688420698099018E-5
1682	1.631236521225744E-5
1683	1.613347265696201E-5
1684	1.5846579872244257E-5
1685	1.5744460168100114E-5
1686	1.555192777393809E-5
1687	1.5292533461503502E-5
1688	1.5241625495077239E-5
1689	1.5128024570705176E-5
1690	1.4882773470304678E-5
1691	1.480949815235597E-5
1692	1.4746750677567312E-5
1693	1.471238463648894E-5
1694	1.464519885545725E-5
1695	1.460297875824039E-5
1696	1.4596078163422334E-5
1697	1.4502158119939391E-5
1698	1.4381377576823513E-5
1699	1.4274241432861588E-5
1700	1.4079566743081185E-5
1701	1.39670617203652E-5
1702	1.3872817237176188E-5
1703	1.3781744009870742E-5
1704	1.3729725402938862E-5
1705	1.3544690652895867E-5
1706	1.3419292809375713E-5
1707	1.3262349822055945E-5
1708	1.3248478289106861E-5
1709	1.3126497391869592E-5
1710	1.299092516444891E-5
1711	1.2920693552045128E-5
1712	1.2754326886333672E-5
1713	1.2708548419024876E-5
1714	1.2656039756952793E-5
1715	1.2590918474484778E-5
1716	1.2459784097621262E-5
1717	1.2065118145372196E-5
1718	1.2000871102196192E-5
1719	1.1840608729866574E-5
1720	1.1760395737771103E-5
1721	1.1540187259397753E-5
1722	1.151436084707019E-5
1723	1.1452543871511732E-5
1724	1.1415230413450408E-5
1725	1.1328899877254263E-5
1726	1.1234359183529693E-5
1727	1.1171424433707429E-5
1728	1.1084414267809016E-5
1729	1.093517844879599E-5
1730	1.0880120359680677E-5
1731	1.0795132905963969E-5
1732	1.0746829448736183E-5
1733	1.0598958265823711E-5
1734	1.0562429295525818E-5
1735	1.0526319461514233E-5
1736	1.0485923479842428E-5
1737	1.0462003901346515E-5
1738	1.0422271110836574E-5
1739	1.0305754690706948E-5
1740	1.0205015518439145E-5
1741	1.0120454553312133E-5
1742	1.0056874680889489E-5
1743	9.987588995375541E-6
1744	9.92306482571408E-6
1745	9.739484513866029E-6
1746	9.676600604178923E-6
1747	9.54664687672206E-6
1748	9.480731936054264E-6
1749	9.377016677381866E-6
1750	9.321114575841268E-6
1751	9.2550641130191E-6
1752	9.08991945920361E-6
1753	8.992404908555183E-6
1754	8.885627054917992E-6
1755	8.790721986006603E-6
1756	8.648058519515427E-6
1757	8.527824618777028E-6
1758	8.463560636167787E-6
1759	8.437197944756771E-6
1760	8.410551669682102E-6
1761	8.349525155659928E-6
1762	8.280643127000789E-6
1763	8.243417220145543E-6
1764	8.188189520540827E-6
1765	8.163779675105022E-6
1766	8.122162727793029E-6
1767	8.036537072387832E-6
1768	7.92713628518835E-6
1769	7.780221654087915E-6
1770	7.70970753071106E-6
1771	7.668644325050594E-6
1772	7.57319922467855E-6
1773	7.481156043221645E-6
1774	7.451378780013407E-6
1775	7.442054192154511E-6
1776	7.3284677258782655E-6
1777	7.2727872774479275E-6
1778	7.173621734022467E-6
1779	7.119678779868275E-6
1780	7.077133049977163E-6
1781	7.0379312360688394E-6
1782	6.985560327878124E-6
1783	6.928349569098071E-6
1784	6.869739067544411E-6
1785	6.7989073741688595E-6
1786	6.736482041444478E-6
1787	6.690650980636753E-6
1788	6.592930313415432E-6
1789	6.568698750163863E-6
1790	6.5108017539720435E-6
1791	6.4363828631576355E-6
1792	6.418613736904979E-6
1793	6.272098611806679E-6
1794	6.2382255254672285E-6
1795	6.157712325337112E-6
1796	6.123058703999854E-6
1797	6.053496471504357E-6
1798	5.983036309183372E-6
1799	5.968286952544673E-6
1800	5.9391232478153215E-6
1801	5.876738423505855E-6
1802	5.846305516511178E-6
1803	5.8134964689417E-6
1804	5.786942336012275E-6
1805	5.723568931906282E-6
1806	5.65105538367088E-6
1807	5.585580829529066E-6
1808	5.528157170934027E-6
1809	5.473492019889263E-6
1810	5.455470938308862E-6
1811	5.407638437327951E-6
1812	5.291923227457019E-6
1813	5.240173168928256E-6
1814	5.189870958122282E-6
1815	5.17021805433427E-6
1816	5.082942243949052E-6
1817	5.0675849650952564E-6
1818	5.054404823930189E-6
1819	5.051617747813078E-6
1820	5.0044224492029376E-6
1821	4.970208207477524E-6
1822	4.90699168646106E-6
1823	4.858185200187166E-6
1824	4.788349645745319E-6
1825	4.712745919010335E-6
1826	4.666900814642365E-6
1827	4.640699470139517E-6
1828	4.5699069976611295E-6
1829	4.515072106322756E-6
1830	4.4767473184168924E-6
1831	4.464506432722776E-6
1832	4.441338470254136E-6
1833	4.343271220167271E-6
1834	4.29975994792471E-6
1835	4.265602564805029E-6
1836	4.227527177202775E-6
1837	4.194084532455813E-6
1838	4.154833897009794E-6
1839	4.104716865555401E-6
1840	4.092131311281241E-6
1841	4.0673390713830825E-6
1842	4.063070342934508E-6
1843	4.0428095898118E-6
1844	4.04134699809175E-6
1845	4.020608677190989E-6
1846	3.985816718183834E-6
1847	3.936269738725299E-6
1848	3.883626319512357E-6
1849	3.839180022298739E-6
1850	3.8104692679725715E-6
1851	3.799418246582531E-6
1852	3.7902201081465425E-6
1853	3.765704452539044E-6
1854	3.7388683671661633E-6
1855	3.6796290406589224E-6
1856	3.6703500859065736E-6
1857	3.6340936062717082E-6
1858	3.537542702128729E-6
1859	3.5181567945556433E-6
1860	3.4881725058759413E-6
1861	3.460739565857386E-6
1862	3.4369561452530108E-6
1863	3.431998759798293E-6
1864	3.3511482312501417E-6
1865	3.349070548359436E-6
1866	3.3200878145634644E-6
1867	3.309944580843882E-6
1868	3.2683792927340453E-6
1869	3.2537603946917144E-6
1870	3.251258056543003E-6
1871	3.201128901539289E-6
1872	3.172978101636618E-6
1873	3.110127498150248E-6
1874	3.0855505302621754E-6
1875	3.0672908432994534E-6
1876	3.0390030509431228E-6
1877	3.0082014277785622E-6
1878	2.986670929122589E-6
1879	2.9814033413501504E-6
1880	2.920290673390482E-6
1881	2.870069684860465E-6
1882	2.850334684574998E-6
1883	2.8267544780170076E-6
1884	2.7975487208585065E-6
1885	2.7801981915640515E-6
1886	2.775412931043378E-6
1887	2.740708789723716E-6
1888	2.6903218599839386E-6
1889	2.6776373987548524E-6
1890	2.634264188635066E-6
1891	2.629844092453193E-6
1892	2.617293903330306E-6
1893	2.5253331061247847E-6
1894	2.472868242298739E-6
1895	2.459601456067933E-6
1896	2.440206316865657E-6
1897	2.418424084444749E-6
1898	2.396277731854321E-6
1899	2.3743893564488076E-6
1900	2.3553385551114406E-6
1901	2.316557995236156E-6
1902	2.2786088833251563E-6
1903	2.2770150730165293E-6
1904	2.256294509810612E-6
1905	2.231711034656169E-6
1906	2.208930236431216E-6
1907	2.1935945871827177E-6
1908	2.1799481143051368E-6
1909	2.168917257359081E-6
1910	2.152628657587135E-6
1911	2.145101840815202E-6
1912	2.128528236322592E-6
1913	2.124753806026062E-6
1914	2.104273684079722E-6
1915	2.079619878154704E-6
1916	2.0601123802163767E-6
1917	2.0445619739117152E-6
1918	2.022757606845017E-6
1919	2.0132213577832835E-6
1920	2.0048285141075255E-6
1921	1.990684921693424E-6
1922	1.9608360204073595E-6
1923	1.941001919933652E-6
1924	1.9258760571398654E-6
1925	1.9098358861458564E-6
1926	1.8802872973224318E-6
1927	1.8755949649823867E-6
1928	1.8568099372815683E-6
1929	1.8497541472837142E-6
1930	1.8265479873889627E-6
1931	1.8143292944732546E-6
1932	1.8118555640112608E-6
1933	1.7873574616996412E-6
1934	1.7637885577257618E-6
1935	1.7475867270070535E-6
1936	1.7088067232277352E-6
1937	1.6777121335569167E-6
1938	1.654374752614495E-6
1939	1.6537335890914962E-6
1940	1.6425566706525215E-6
1941	1.632410165030146E-6
1942	1.6123888069972592E-6
1943	1.5978258274716768E-6
1944	1.591351271107091E-6
1945	1.5855644778719324E-6
1946	1.57574888024471E-6
1947	1.5546062980890629E-6
1948	1.5532447006581695E-6
1949	1.5204025970136214E-6
1950	1.492702762201263E-6
1951	1.489363589894344E-6
1952	1.4646419479421011E-6
1953	1.4544362634479927E-6
1954	1.4414704173029011E-6
1955	1.4249214994541728E-6
1956	1.3850552917690102E-6
1957	1.3791383913299497E-6
1958	1.3675844234477016E-6
1959	1.3648384973421253E-6
1960	1.3603182892670876E-6
1961	1.3308504840292152E-6
1962	1.3229900145774402E-6
1963	1.30558912698555E-6
1964	1.290803575605006E-6
1965	1.2840880469303056E-6
1966	1.283773898657517E-6
1967	1.2804246402169595E-6
1968	1.2619157346599624E-6
1969	1.2535044109677496E-6
1970	1.2523758805094408E-6
1971	1.2478557532631266E-6
1972	1.2448353799684077E-6
1973	1.2330246522490992E-6
1974	1.2309904912164566E-6
1975	1.2262334303280287E-6
1976	1.2154487487970547E-6
1977	1.208521677678317E-6
1978	1.1983823472106076E-6
1979	1.1902672594942494E-6
1980	1.1849378179283718E-6
1981	1.1785867421060426E-6
1982	1.1749182665462877E-6
1983	1.1656103178671292E-6
1984	1.1568474832430388E-6
1985	1.1543049798951743E-6
1986	1.149100580980008E-6
1987	1.1402752828249587E-6
1988	1.1116182042746092E-6
1989	1.1079275862336213E-6
1990	1.1053712937197673E-6
1991	1.0988922697789963E-6
1992	1.087699998665703E-6
1993	1.082535954418518E-6
1994	1.0671313769591158E-6
1995	1.0556439384646793E-6
1996	1.0521157386670888E-6
1997	1.0313474023597294E-6
1998	1.0264806404312407E-6
1999	1.0235337943847732E-6
2000	1.0168061572618058E-6
2001	1.010033529263125E-6
2002	9.95063284456838E-7
2003	9.880895665453164E-7
2004	9.716750498763167E-7
2005	9.680537642709608E-7
2006	9.646529639995808E-7
2007	9.608864813514543E-7
2008	9.434815602684354E-7
2009	9.405735054212271E-7
2010	9.268939266472047E-7
2011	9.11468940954033E-7
2012	9.109696901247819E-7
2013	8.998547050726057E-7
2014	8.923183994852936E-7
2015	8.883816945645772E-7
2016	8.784455118409336E-7
2017	8.635982118118392E-7
2018	8.465428468832552E-7
2019	8.373826791210514E-7
2020	8.336571298227143E-7
2021	8.260041490435523E-7
2022	8.205575664074533E-7
2023	8.160254372519962E-7
2024	8.143952124917931E-7
2025	8.040618383714018E-7
2026	7.849463841133249E-7
2027	7.817118764400085E-7
2028	7.697087983916012E-7
2029	7.657329633642347E-7
2030	7.601680881815977E-7
2031	7.547092605383834E-7
2032	7.479213212775939E-7
2033	7.420130664666767E-7
2034	7.338411512214225E-7
2035	7.203694421528975E-7
2036	7.16393493281743E-7
2037	7.10527212781523E-7
2038	7.09248868885721E-7
2039	6.98522409564202E-7
2040	6.932062549957314E-7
2041	6.891065873940844E-7
2042	6.795324083876547E-7
2043	6.648959057517598E-7
2044	6.601410283628319E-7
2045	6.56680475452293E-7
2046	6.463969033577274E-7
2047	6.42894315700611E-7
2048	6.338714751548405E-7
2049	6.294524481726792E-7
2050	6.266331336709225E-7
2051	6.234758327064934E-7
2052	6.11223680581929E-7
2053	5.985477188282196E-7
2054	5.964264631032571E-7
2055	5.876027173337997E-7
2056	5.835586027249507E-7
2057	5.801568167000176E-7
2058	5.775955371011032E-7
2059	5.691307497583324E-7
2060	5.673229681286003E-7
2061	5.660150257683069E-7
2062	5.632412317166699E-7
2063	5.566502013446205E-7
2064	5.514768998439862E-7
2065	5.44078922442131E-7
2066	5.420704479021771E-7
2067	5.38639989740343E-7
2068	5.370406147419344E-7
2069	5.323238566473176E-7
2070	5.239029485346309E-7
2071	5.225626729208828E-7
2072	5.123036794498161E-7
2073	5.097023330078634E-7
2074	5.046026811920686E-7
2075	5.041636686614805E-7
2076	5.00971802978041E-7
2077	4.970438159621961E-7
2078	4.930797105645935E-7
2079	4.921385415085582E-7
2080	4.869816858727853E-7
2081	4.7678285104729523E-7
2082	4.7549645002822126E-7
2083	4.7301517074024643E-7
2084	4.6537057780631853E-7
2085	4.6504310465453505E-7
2086	4.6394989781142185E-7
2087	4.630538769281096E-7
2088	4.5418022169428666E-7
2089	4.48483290071101E-7
2090	4.4432771884461625E-7
2091	4.383823281976245E-7
2092	4.320865001315543E-7
2093	4.294769839669255E-7
2094	4.2612693694679826E-7
2095	4.192854324041861E-7
2096	4.1793100483614225E-7
2097	4.151958114000197E-7
2098	4.105840543962886E-7
2099	4.0986110887793243E-7
2100	4.014552320142865E-7
2101	3.996850041538217E-7
2102	3.969150256938633E-7
2103	3.9384126093717663E-7
2104	3.894649316244085E-7
2105	3.8338992822944735E-7
2106	3.8043346337868396E-7
2107	3.802281322435163E-7
2108	3.7489564584997764E-7
2109	3.7345534085121326E-7
2110	3.725530213983385E-7
2111	3.6828834714901513E-7
2112	3.6555952032920487E-7
2113	3.6146681036336347E-7
2114	3.5591752838657457E-7
2115	3.5244988614481984E-7
2116	3.4713027341124545E-7
2117	3.4336836957502075E-7
2118	3.4110980062735297E-7
2119	3.375756084672678E-7
2120	3.365337524442726E-7
2121	3.3342606857894487E-7
2122	3.314096087666835E-7
2123	3.282995579463766E-7
2124	3.2711726458179634E-7
2125	3.2559633049526464E-7
2126	3.2379636166420317E-7
2127	3.227664941586431E-7
2128	3.2030680599397277E-7
2129	3.103067680577601E-7
2130	3.046176259449561E-7
2131	3.031820935331701E-7
2132	3.022165902061815E-7
2133	3.018462170643319E-7
2134	2.9909051888011936E-7
2135	2.9878575692139535E-7
2136	2.978937956983871E-7
2137	2.9618365179762875E-7
2138	2.926069012990048E-7
2139	2.895673264416869E-7
2140	2.8633959520875595E-7
2141	2.841737828446712E-7
2142	2.8112945040683204E-7
2143	2.797151054027316E-7
2144	2.7632721391533137E-7
2145	2.7311085640331E-7
2146	2.714713778556528E-7
2147	2.6704088346863264E-7
2148	2.647030257845757E-7
2149	2.6050305780585344E-7
2150	2.5539138194217237E-7
2151	2.529458850542486E-7
2152	2.522193933392193E-7
2153	2.5025565609100065E-7
2154	2.494747904060229E-7
2155	2.4820924998947774E-7
2156	2.4758802731497995E-7
2157	2.4673694959700703E-7
2158	2.4605390533894446E-7
2159	2.452662514698055E-7
2160	2.4477218085575337E-7
2161	2.3940829436210654E-7
2162	2.3701229613840113E-7
2163	2.324395586406328E-7
2164	2.305949321878891E-7
2165	2.296839748922851E-7
2166	2.2789972550652557E-7
2167	2.2677155578584095E-7
2168	2.2484193541791173E-7
2169	2.2204881623531795E-7
2170	2.2188477495141788E-7
2171	2.201501499708811E-7
2172	2.1918598502768923E-7
2173	2.168531612364154E-7
2174	2.1633131445038124E-7
2175	2.1313618283635266E-7
2176	2.106594764049902E-7
2177	2.0835909110524978E-7
2178	2.074874395449913E-7
2179	2.0716679307415774E-7
2180	2.0386549186007796E-7
2181	2.0247215860534528E-7
2182	2.0169785139666166E-7
2183	1.9950967422665072E-7
2184	1.969994002528249E-7
2185	1.932667773802156E-7
2186	1.9137285992797642E-7
2187	1.88827767593775E-7
2188	1.8788924745456155E-7
2189	1.8594879145388713E-7
2190	1.8228585535993254E-7
2191	1.7813260825187253E-7
2192	1.7774499756022552E-7
2193	1.7707129979048205E-7
2194	1.7259624393175805E-7
2195	1.7247783779360251E-7
2196	1.7090301897481254E-7
2197	1.6900471242020895E-7
2198	1.676298230832698E-7
2199	1.6697954141011306E-7
2200	1.6604340737469378E-7
2201	1.6483962069107077E-7
2202	1.6434650348820169E-7
2203	1.6235501904893232E-7
2204	1.613684574786899E-7
2205	1.598820828352516E-7
2206	1.5912342004229921E-7
2207	1.5794086192771487E-7
2208	1.567128479531988E-7
2209	1.5451209804995135E-7
2210	1.5364239923622795E-7
2211	1.5109816263357477E-7
2212	1.4936913150898908E-7
2213	1.4730022195881627E-7
2214	1.4612314024561427E-7
2215	1.4538549433381218E-7
2216	1.451203621450959E-7
2217	1.4455875152080873E-7
2218	1.4390801040935673E-7
2219	1.430621187219329E-7
2220	1.415898460901952E-7
2221	1.407944718597032E-7
2222	1.399334662509169E-7
2223	1.3935228427202038E-7
2224	1.391515711458254E-7
2225	1.3789098667232494E-7
2226	1.3717729036681405E-7
2227	1.3685723642116606E-7
2228	1.3563558934040709E-7
2229	1.353724326324941E-7
2230	1.3465268324183428E-7
2231	1.3395340501640798E-7
2232	1.3165276721449116E-7
2233	1.3038475459977553E-7
2234	1.282826435307219E-7
2235	1.2778957042620512E-7
2236	1.2729879861368817E-7
2237	1.264003892959464E-7
2238	1.2540587944655438E-7
2239	1.252559932192098E-7
2240	1.2358122646460612E-7
2241	1.2076758597810657E-7
2242	1.18447389955147E-7
2243	1.1801679916621905E-7
2244	1.1755447265446623E-7
2245	1.1592773896027585E-7
2246	1.1461814911287049E-7
2247	1.139722541936065E-7
2248	1.1132755814160883E-7
2249	1.1086345038810908E-7
2250	1.1053845855737219E-7
2251	1.0940716727678718E-7
2252	1.0762762919056405E-7
2253	1.0548060364662804E-7
2254	1.0453540281707389E-7
2255	1.0374136792879075E-7
2256	1.0324798175042697E-7
2257	1.0261430769571452E-7
2258	1.0225090193910486E-7
2259	1.0128963220379964E-7
2260	1.008922208925871E-7
2261	9.929862013476337E-8
2262	9.699219528443188E-8
2263	9.686438727068203E-8
2264	9.611940311631418E-8
2265	9.509928835351551E-8
2266	9.441404891137204E-8
2267	9.42986345207681E-8
2268	9.374618730265882E-8
2269	9.317864225304097E-8
2270	9.266717926049121E-8
2271	9.16715750488418E-8
2272	9.083628589378778E-8
2273	8.960856819197204E-8
2274	8.905632608837535E-8
2275	8.882228917878805E-8
2276	8.821471003653117E-8
2277	8.671674083392501E-8
2278	8.63578067490148E-8
2279	8.514862280278143E-8
2280	8.496891819968024E-8
2281	8.418858121027538E-8
2282	8.278712667683084E-8
2283	8.113956805741109E-8
2284	8.062867290163263E-8
2285	7.926758318232852E-8
2286	7.67117570323052E-8
2287	7.574503725469376E-8
2288	7.540155317022851E-8
2289	7.40279508698217E-8
2290	7.309698851240392E-8
2291	7.295935294200006E-8
2292	7.236682190758756E-8
2293	7.195194776605914E-8
2294	7.161598727247187E-8
2295	7.097686667511866E-8
2296	7.022398172412171E-8
2297	6.979457917586396E-8
2298	6.912239358494475E-8
2299	6.858229918047237E-8
2300	6.795409530766909E-8
2301	6.664526352792234E-8
2302	6.558446806961469E-8
2303	6.486564133883125E-8
2304	6.418389894162715E-8
2305	6.406062721231199E-8
2306	6.378495422474856E-8
2307	6.367519933315297E-8
2308	6.31145474818876E-8
2309	6.221988520865836E-8
2310	6.155460676927908E-8
2311	6.111919921785358E-8
2312	6.089128433803406E-8
2313	6.041309903943149E-8
2314	5.96997938244835E-8
2315	5.923494903255592E-8
2316	5.887920534048857E-8
2317	5.8496938610801643E-8
2318	5.779180703911224E-8
2319	5.692186949719168E-8
2320	5.66228343180857E-8
2321	5.6208852515458224E-8
2322	5.577861650426618E-8
2323	5.522535654970144E-8
2324	5.460233993537426E-8
2325	5.397539565608355E-8
2326	5.350994475301917E-8
2327	5.29247209605657E-8
2328	5.2827892856508606E-8
2329	5.220402529880149E-8
2330	5.213510140259616E-8
2331	5.195680420119073E-8
2332	5.1821488146839906E-8
2333	5.119264624959153E-8
2334	5.0713543383787085E-8
2335	5.029760710661864E-8
2336	4.9900218456069836E-8
2337	4.948585382794059E-8
2338	4.932758199932339E-8
2339	4.9073507334803806E-8
2340	4.844865545565505E-8
2341	4.796027280664519E-8
2342	4.750424419258973E-8
2343	4.667880039770891E-8
2344	4.625070227179619E-8
2345	4.5833068985312935E-8
2346	4.558223689077623E-8
2347	4.487244296564492E-8
2348	4.4714078548632284E-8
2349	4.441750177622267E-8
2350	4.390810948139666E-8
2351	4.373771316602475E-8
2352	4.302238618834221E-8
2353	4.259195683818301E-8
2354	4.244547900735728E-8
2355	4.212651733604963E-8
2356	4.172100289416113E-8
2357	4.0659927598600025E-8
2358	4.0466335990046444E-8
2359	4.0257555946203005E-8
2360	4.00453167054698E-8
2361	4.002470972006656E-8
2362	3.987643965110337E-8
2363	3.9629912608073514E-8
2364	3.930879597818486E-8
2365	3.903706084050205E-8
2366	3.888014295319612E-8
2367	3.87613437501508E-8
2368	3.862413341910073E-8
2369	3.781726644448731E-8
2370	3.7273912782342757E-8
2371	3.6854321389504726E-8
2372	3.642501844620815E-8
2373	3.618425893192795E-8
2374	3.6056427704657207E-8
2375	3.574492358984372E-8
2376	3.535855545497929E-8
2377	3.502579705190893E-8
2378	3.477383224595747E-8
2379	3.450233350938069E-8
2380	3.399222186484099E-8
2381	3.355379381343568E-8
2382	3.349476376151666E-8
2383	3.2998691556853535E-8
2384	3.285111674877345E-8
2385	3.2472993050349925E-8
2386	3.171488686346454E-8
2387	3.138838673736189E-8
2388	3.078882825483382E-8
2389	3.0376083190731144E-8
2390	3.012657149869873E-8
2391	3.002140505319525E-8
2392	2.9714570775601485E-8
2393	2.9544823274542272E-8
2394	2.934400162009748E-8
2395	2.9234785181875124E-8
2396	2.8541863866494893E-8
2397	2.8002251815672203E-8
2398	2.789916157647463E-8
2399	2.7803242586221145E-8
2400	2.7525498719317333E-8
2401	2.7161988803338807E-8
2402	2.7146891669870934E-8
2403	2.687201181394592E-8
2404	2.6821651194535448E-8
2405	2.6499951552746385E-8
2406	2.6388150893989297E-8
2407	2.5971316958601685E-8
2408	2.5854145205347065E-8
2409	2.5553742132115797E-8
2410	2.5427559147329605E-8
2411	2.5202080097088368E-8
2412	2.5068988996214283E-8
2413	2.5033895742565463E-8
2414	2.4813825987927478E-8
2415	2.437173530197286E-8
2416	2.4200673060416757E-8
2417	2.4151048320188027E-8
2418	2.3855479548251202E-8
2419	2.3418657816988274E-8
2420	2.313598833528107E-8
2421	2.2569378662257435E-8
2422	2.2376890936528192E-8
2423	2.2249794422527425E-8
2424	2.2119245385540975E-8
2425	2.169977253328334E-8
2426	2.15244329147675E-8
2427	2.144805758291019E-8
2428	2.1154641257566068E-8
2429	2.0925757967254468E-8
2430	2.090075439778303E-8
2431	2.0552719011525295E-8
2432	2.0424486424338715E-8
2433	2.010651047645912E-8
2434	1.990409201009074E-8
2435	1.9706676446002325E-8
2436	1.9586987282320364E-8
2437	1.9414247909533398E-8
2438	1.9254566023069128E-8
2439	1.9196780772631028E-8
2440	1.913078704076719E-8
2441	1.9019410304079936E-8
2442	1.9003303261898953E-8
2443	1.8937559530023997E-8
2444	1.8891947285372263E-8
2445	1.8830675587371898E-8
2446	1.8745997170381045E-8
2447	1.8654749299419936E-8
2448	1.8388573832146283E-8
2449	1.833931145162539E-8
2450	1.8049835764785247E-8
2451	1.7951653483180448E-8
2452	1.7861131872981764E-8
2453	1.752204086460148E-8
2454	1.723097147800389E-8
2455	1.7120698932416335E-8
2456	1.69725659067154E-8
2457	1.6827412679237098E-8
2458	1.6721118727067538E-8
2459	1.671186596108583E-8
2460	1.6571894506194185E-8
2461	1.6417234240089013E-8
2462	1.6112143016783655E-8
2463	1.5979103531313467E-8
2464	1.579581690333162E-8
2465	1.554996911524268E-8
2466	1.5482803456907204E-8
2467	1.5353935166696414E-8
2468	1.5245176845844307E-8
2469	1.5088962139299728E-8
2470	1.5015898527953807E-8
2471	1.4792914648759797E-8
2472	1.4723578198715702E-8
2473	1.4514358943147791E-8
2474	1.4100689473704944E-8
2475	1.3985363566353748E-8
2476	1.392055680254949E-8
2477	1.3915782767612885E-8
2478	1.3829780213766562E-8
2479	1.3657072607698912E-8
2480	1.3549972954196029E-8
2481	1.3440372570204952E-8
2482	1.3183472317939206E-8
2483	1.3058881816390855E-8
2484	1.2954858121979011E-8
2485	1.2796325190860697E-8
2486	1.2756085053496458E-8
2487	1.2692829962613184E-8
2488	1.254676038405412E-8
2489	1.2541744729888956E-8
2490	1.2445872953840379E-8
2491	1.2340786570321014E-8
2492	1.2173226062644774E-8
2493	1.2131175281336914E-8
2494	1.201252958616589E-8
2495	1.1959044701594472E-8
2496	1.1827789834780269E-8
2497	1.1725920087314462E-8
2498	1.1665189367182016E-8
2499	1.1561812662557877E-8
2500	1.138869464363804E-8
2501	1.122308585632021E-8
2502	1.1067915778004313E-8
2503	1.1057518125862471E-8
2504	1.0959610205445092E-8
2505	1.0910443510313927E-8
2506	1.0787917070773082E-8
2507	1.0714082711599414E-8
2508	1.0706731683346202E-8
2509	1.056280712538658E-8
2510	1.046337697505083E-8
2511	1.0381295131804282E-8
2512	1.0368617100879184E-8
2513	1.0253852289393428E-8
2514	1.018337494233921E-8
2515	1.0175616817406548E-8
2516	9.77070253809069E-9
2517	9.682174787827766E-9
2518	9.680511511465564E-9
2519	9.621153341002545E-9
2520	9.490014731559557E-9
2521	9.452362224460082E-9
2522	9.253694685400974E-9
2523	9.200965944713106E-9
2524	9.018419639528162E-9
2525	8.952548212080108E-9
2526	8.900570262107816E-9
2527	8.820271237987422E-9
2528	8.742570703485691E-9
2529	8.679973104296997E-9
2530	8.550023710681656E-9
2531	8.517104199202458E-9
2532	8.445963684376403E-9
2533	8.343557040566905E-9
2534	8.150122492404768E-9
2535	8.082960532482953E-9
2536	7.981200154020557E-9
2537	7.922099935246247E-9
2538	7.874206670002305E-9
2539	7.859984948641056E-9
2540	7.748651941497137E-9
2541	7.719841805778035E-9
2542	7.679285263479162E-9
2543	7.584868762177313E-9
2544	7.471048538874875E-9
2545	7.391519505917514E-9
2546	7.353575578522676E-9
2547	7.291282174922926E-9
2548	7.206924970180036E-9
2549	7.161466764470794E-9
2550	7.07162260295933E-9
2551	6.970527700550488E-9
2552	6.9118882826749495E-9
2553	6.869360931709921E-9
2554	6.772589926051911E-9
2555	6.763620161089197E-9
2556	6.746075549682913E-9
2557	6.7273197041573235E-9
2558	6.711483877998555E-9
2559	6.607892197045504E-9
2560	6.5919358513535105E-9
2561	6.573675546585095E-9
2562	6.491601349821117E-9
2563	6.433212921342494E-9
2564	6.4046664370367585E-9
2565	6.3657032783589975E-9
2566	6.313585963267673E-9
2567	6.2924671237727425E-9
2568	6.227062669544414E-9
2569	6.1892380844390145E-9
2570	6.0128367821210485E-9
2571	5.910972205998559E-9
2572	5.8741618168460846E-9
2573	5.863945779930763E-9
2574	5.8421521412385625E-9
2575	5.82915314897985E-9
2576	5.765685850356052E-9
2577	5.713095746180608E-9
2578	5.671113785651856E-9
2579	5.636506029326596E-9
2580	5.567302454968207E-9
2581	5.512231684080411E-9
2582	5.497560165268693E-9
2583	5.460479447092414E-9
2584	5.3676436714518086E-9
2585	5.3496316577089246E-9
2586	5.327038981524083E-9
2587	5.290909419061253E-9
2588	5.242731001916405E-9
2589	5.174928548007592E-9
2590	5.11897269113401E-9
2591	5.06355070005203E-9
2592	5.016520593106612E-9
2593	4.9844644128124645E-9
2594	4.976883125414036E-9
2595	4.9297991139429454E-9
2596	4.902700752651324E-9
2597	4.856641634022899E-9
2598	4.8029765027001855E-9
2599	4.703695363780105E-9
2600	4.669309622636224E-9
2601	4.623196768365548E-9
2602	4.6173581761468716E-9
2603	4.5764552277589136E-9
2604	4.539089359334871E-9
2605	4.477384040162842E-9
2606	4.4253476756174336E-9
2607	4.410809665801205E-9
2608	4.399369512574905E-9
2609	4.369315528087251E-9
2610	4.3405817878699485E-9
2611	4.2952893794838654E-9
2612	4.249905778847204E-9
2613	4.207910877892357E-9
2614	4.1980430110802235E-9
2615	4.144402395069303E-9
2616	4.120323608584774E-9
2617	4.076668642392519E-9
2618	4.0457827874812084E-9
2619	4.027151732689734E-9
2620	3.9629687342036516E-9
2621	3.955900422188387E-9
2622	3.931916741466171E-9
2623	3.903606773980486E-9
2624	3.854788612614197E-9
2625	3.845057804373078E-9
2626	3.8300207561184815E-9
2627	3.796253329580547E-9
2628	3.768538730773541E-9
2629	3.747902232630459E-9
2630	3.7228861593683368E-9
2631	3.7123460659642825E-9
2632	3.6749080679144233E-9
2633	3.6210965595063215E-9
2634	3.5517920865882396E-9
2635	3.4887031767419468E-9
2636	3.455513451949077E-9
2637	3.4100628367324624E-9
2638	3.400459534211055E-9
2639	3.3912934631543105E-9
2640	3.369458872079478E-9
2641	3.349755189337034E-9
2642	3.312117409107361E-9
2643	3.285389258078844E-9
2644	3.2410491970533927E-9
2645	3.2205076991944785E-9
2646	3.1770597300939566E-9
2647	3.149071895830667E-9
2648	3.131816848968523E-9
2649	3.074384595103781E-9
2650	3.0548792987983778E-9
2651	3.038972764742358E-9
2652	2.9965672802353238E-9
2653	2.975933732059561E-9
2654	2.9484969198001716E-9
2655	2.9438878502132534E-9
2656	2.8924102972933687E-9
2657	2.8711271613936864E-9
2658	2.847220420804109E-9
2659	2.8178082565098325E-9
2660	2.80984536226539E-9
2661	2.806420627801646E-9
2662	2.795993261087122E-9
2663	2.7749558387462318E-9
2664	2.7710841962101016E-9
2665	2.7405735722494806E-9
2666	2.7177067858693637E-9
2667	2.688300048846711E-9
2668	2.6525031030552994E-9
2669	2.6500263183851813E-9
2670	2.6216592737372095E-9
2671	2.574356821923696E-9
2672	2.527802431128881E-9
2673	2.507909786310911E-9
2674	2.5027514716463707E-9
2675	2.4854228528350283E-9
2676	2.4700892719411695E-9
2677	2.4395292818931487E-9
2678	2.400175002169348E-9
2679	2.3488547718141644E-9
2680	2.338475212851785E-9
2681	2.3120517796590868E-9
2682	2.3028731435492354E-9
2683	2.2837888318481407E-9
2684	2.259146996535658E-9
2685	2.2353971903929998E-9
2686	2.2013454616952104E-9
2687	2.1805385466173896E-9
2688	2.1537228138493456E-9
2689	2.147270437884055E-9
2690	2.096833536226022E-9
2691	2.088632842563823E-9
2692	2.0688301800746995E-9
2693	2.0663777437230377E-9
2694	2.0526807763834805E-9
2695	2.0220063034016787E-9
2696	2.014983789931169E-9
2697	2.0009946906232336E-9
2698	1.982502320524878E-9
2699	1.9600475086739248E-9
2700	1.949261762678416E-9
2701	1.916119291502588E-9
2702	1.8796820163976423E-9
2703	1.875266627024166E-9
2704	1.868430244464918E-9
2705	1.844501955714399E-9
2706	1.8270072961365473E-9
2707	1.8251796758304823E-9
2708	1.8191448258399646E-9
2709	1.8165533366925041E-9
2710	1.8004497156820636E-9
2711	1.7931676712379923E-9
2712	1.786457569598253E-9
2713	1.761343035586813E-9
2714	1.7409923281720291E-9
2715	1.7285997769167743E-9
2716	1.7194138231111305E-9
2717	1.6892433256171047E-9
2718	1.6723576165504814E-9
2719	1.643723562384776E-9
2720	1.6186664041181196E-9
2721	1.5712279940597056E-9
2722	1.5488541932710245E-9
2723	1.537963377496633E-9
2724	1.5203251351847946E-9
2725	1.5130694033718544E-9
2726	1.4951143884700709E-9
2727	1.466412415898353E-9
2728	1.4518300389321863E-9
2729	1.4324361164874546E-9
2730	1.411886637514924E-9
2731	1.398860866347933E-9
2732	1.378527869822363E-9
2733	1.3766217857047107E-9
2734	1.3539801164291372E-9
2735	1.3375332138278321E-9
2736	1.3270366712805298E-9
2737	1.319077461370594E-9
2738	1.3178846948924286E-9
2739	1.317179823256793E-9
2740	1.31075413298818E-9
2741	1.278078281473778E-9
2742	1.2726743727804799E-9
2743	1.2662735090177864E-9
2744	1.2630648005903525E-9
2745	1.2603569384403603E-9
2746	1.249969682601173E-9
2747	1.2235233161785058E-9
2748	1.213603986178838E-9
2749	1.2032369028675452E-9
2750	1.196314893961749E-9
2751	1.1940439705384216E-9
2752	1.1938012063731364E-9
2753	1.1898861105070637E-9
2754	1.1878789676595202E-9
2755	1.181247391742997E-9
2756	1.1719693528599452E-9
2757	1.1592256088225165E-9
2758	1.143070825377377E-9
2759	1.1211421273945884E-9
2760	1.1035048685602753E-9
2761	1.0990901252346422E-9
2762	1.0960752113072946E-9
2763	1.0820577668696858E-9
2764	1.072642029745494E-9
2765	1.0532556246788533E-9
2766	1.0464210992983142E-9
2767	1.0343899653043652E-9
2768	1.028195032177484E-9
2769	1.0212659771237454E-9
2770	1.0080171703525008E-9
2771	1.0073478167975945E-9
2772	1.0042756264526894E-9
2773	1.0023369583895984E-9
2774	9.831306443624627E-10
2775	9.71819894927067E-10
2776	9.648623591850727E-10
2777	9.58268608055693E-10
2778	9.491851729928043E-10
2779	9.406827741104824E-10
2780	9.318265062773302E-10
2781	9.21558865630537E-10
2782	9.191066461696733E-10
2783	9.189817850913196E-10
2784	9.078544666191772E-10
2785	8.950065284981618E-10
2786	8.805236227119821E-10
2787	8.643708715079064E-10
2788	8.571616635654973E-10
2789	8.443180907180206E-10
2790	8.40905760082877E-10
2791	8.359156443108143E-10
2792	8.302376517800712E-10
2793	8.270607399235631E-10
2794	8.089890645884636E-10
2795	7.955481185796286E-10
2796	7.910609106856884E-10
2797	7.784280253412354E-10
2798	7.681482758615958E-10
2799	7.598444358307097E-10
2800	7.591383421274835E-10
2801	7.554805817030771E-10
2802	7.460532644520419E-10
2803	7.42071627930633E-10
2804	7.313012760294027E-10
2805	7.23774694290677E-10
2806	7.221241491098899E-10
2807	7.184137381137668E-10
2808	7.135933097169882E-10
2809	7.074290880837071E-10
2810	6.993743026699798E-10
2811	6.946192498982901E-10
2812	6.918268606778668E-10
2813	6.900631931469351E-10
2814	6.8643531221697E-10
2815	6.837075357672236E-10
2816	6.778184780324725E-10
2817	6.720049787347044E-10
2818	6.702171724833252E-10
2819	6.61805775749218E-10
2820	6.564125509566333E-10
2821	6.473333152133401E-10
2822	6.452274438572698E-10
2823	6.420944391321238E-10
2824	6.406303054939102E-10
2825	6.318379536466532E-10
2826	6.284939231086514E-10
2827	6.214080032898619E-10
2828	6.172480191364592E-10
2829	6.116887366378688E-10
2830	6.09068830279006E-10
2831	6.010479161163957E-10
2832	5.983540056675836E-10
2833	5.920794506521459E-10
2834	5.797841437286667E-10
2835	5.716932427483801E-10
2836	5.633937835322148E-10
2837	5.615586345810814E-10
2838	5.532458043062366E-10
2839	5.508987360457298E-10
2840	5.460247966469194E-10
2841	5.453041883791603E-10
2842	5.403537882084727E-10
2843	5.313000868273347E-10
2844	5.284898792365292E-10
2845	5.273824947183181E-10
2846	5.183942640185158E-10
2847	5.093920246076109E-10
2848	5.074138022603134E-10
2849	5.01706776876606E-10
2850	4.937312527291843E-10
2851	4.910324280026273E-10
2852	4.896630814305986E-10
2853	4.881126982433424E-10
2854	4.81394901886424E-10
2855	4.770706262976034E-10
2856	4.738904631680229E-10
2857	4.663338934083694E-10
2858	4.5783765492104974E-10
2859	4.5348090442205053E-10
2860	4.455483471047661E-10
2861	4.4166847874492365E-10
2862	4.39614539844735E-10
2863	4.331946968096384E-10
2864	4.248680329188819E-10
2865	4.219535679674445E-10
2866	4.2056454798028395E-10
2867	4.200041204260321E-10
2868	4.1420556341443265E-10
2869	4.140094579907562E-10
2870	4.0975188886261704E-10
2871	4.074166723907066E-10
2872	4.0569190495208316E-10
2873	4.013914861971015E-10
2874	3.9781273594458435E-10
2875	3.9588008650778777E-10
2876	3.9192646369786746E-10
2877	3.909719558152559E-10
2878	3.8831224325970996E-10
2879	3.8708730559193447E-10
2880	3.796782360583904E-10
2881	3.754544251923477E-10
2882	3.7052252961965287E-10
2883	3.648199955808168E-10
2884	3.630963319953607E-10
2885	3.6194419293942146E-10
2886	3.6012223396516363E-10
2887	3.578963085643318E-10
2888	3.5716389108736484E-10
2889	3.546707116128414E-10
2890	3.501723608871209E-10
2891	3.4592961714149725E-10
2892	3.4512307308714937E-10
2893	3.4331686330370186E-10
2894	3.407936996359436E-10
2895	3.391487919529332E-10
2896	3.347431325591021E-10
2897	3.3320337084807464E-10
2898	3.270649461221202E-10
2899	3.256424172518662E-10
2900	3.209150184624758E-10
2901	3.1977667465335883E-10
2902	3.1363613355128395E-10
2903	3.1066601859712704E-10
2904	3.081558520426303E-10
2905	3.025763543319565E-10
2906	3.013576852326951E-10
2907	3.006810880936921E-10
2908	2.9382472577452083E-10
2909	2.89095585899417E-10
2910	2.8482995590876166E-10
2911	2.8262431699760297E-10
2912	2.813174076879398E-10
2913	2.7950420922815576E-10
2914	2.7892920469132516E-10
2915	2.7724197038358573E-10
2916	2.7576951113317365E-10
2917	2.7383847862777675E-10
2918	2.7160108408268823E-10
2919	2.680718420428978E-10
2920	2.667618337345357E-10
2921	2.642031593419292E-10
2922	2.616780330322223E-10
2923	2.57529113750623E-10
2924	2.546476252695014E-10
2925	2.5158356192604954E-10
2926	2.50566347567763E-10
2927	2.4699956443632144E-10
2928	2.4285116891149347E-10
2929	2.4093711517685677E-10
2930	2.3941178312694116E-10
2931	2.383626977341154E-10
2932	2.3509605632134265E-10
2933	2.342710542831759E-10
2934	2.3353271225219143E-10
2935	2.3141139839323445E-10
2936	2.306490866985628E-10
2937	2.2660401432513567E-10
2938	2.257006393859044E-10
2939	2.2391575562528488E-10
2940	2.225939803313496E-10
2941	2.2105416586066617E-10
2942	2.1920723587395284E-10
2943	2.1852791400834854E-10
2944	2.1760987414352284E-10
2945	2.1308784385304897E-10
2946	2.117159504005768E-10
2947	2.116440373871624E-10
2948	2.101048292678155E-10
2949	2.0844697103354678E-10
2950	2.0734150334526723E-10
2951	2.0443472873833614E-10
2952	2.0275945339494606E-10
2953	2.0052163761061597E-10
2954	1.9805140432989337E-10
2955	1.9566504309648984E-10
2956	1.9433050069285544E-10
2957	1.928842263243496E-10
2958	1.907144693240664E-10
2959	1.905841209510627E-10
2960	1.8859786634068682E-10
2961	1.8761049024487025E-10
2962	1.8638046124821282E-10
2963	1.8533295492478992E-10
2964	1.8447124448632614E-10
2965	1.8356393109968181E-10
2966	1.8319597135047377E-10
2967	1.8258987052374355E-10
2968	1.8056674746034705E-10
2969	1.7920925217603776E-10
2970	1.7734492475017307E-10
2971	1.7688597815629028E-10
2972	1.7140117861644882E-10
2973	1.6972955543583022E-10
2974	1.6843207622472948E-10
2975	1.6734686135776131E-10
2976	1.6571968335291446E-10
2977	1.6305647941166038E-10
2978	1.627063943798044E-10
2979	1.6192474518536793E-10
2980	1.6125499182701968E-10
2981	1.6086492322223464E-10
2982	1.6000464751589744E-10
2983	1.5744130373113526E-10
2984	1.560962379217811E-10
2985	1.5432191360752174E-10
2986	1.5356778796616672E-10
2987	1.5117657842117924E-10
2988	1.4949428002310365E-10
2989	1.4874161629506838E-10
2990	1.4712605768141638E-10
2991	1.4611935583014146E-10
2992	1.454998503183602E-10
2993	1.4491703208173787E-10
2994	1.4293346077332653E-10
2995	1.3961877661952754E-10
2996	1.389636122629933E-10
2997	1.3741549943495028E-10
2998	1.3729638794085094E-10
2999	1.3621135337795794E-10
3000	1.360842891592059E-10
