1	1.8485351475716278E8
2	1.6833274187294015E8
3	1.5249947437063652E8
4	1.3782992264491832E8
5	1.296920793507905E8
6	1.2128341635915828E8
7	1.1362292409780927E8
8	1.0422147601317738E8
9	9.833939211782122E7
10	9.577252950078873E7
11	8.812778762910143E7
12	8.302675546558346E7
13	7.931407150172411E7
14	7.759659465102936E7
15	7.290886990096997E7
16	6.864315079118156E7
17	6.55012102093956E7
18	6.23266469982651E7
19	5.9142148615123525E7
20	5.5483125610219225E7
21	5.475548587073865E7
22	5.281321757514676E7
23	5.062387369006673E7
24	4.484884765214132E7
25	4.360807743380115E7
26	4.2603566234122425E7
27	4.051650597427816E7
28	3.9367704492636584E7
29	3.82161237010764E7
30	3.6957899742898695E7
31	3.460642198754619E7
32	3.3012685759959802E7
33	3.041842255378508E7
34	2.854464542558683E7
35	2.7058307928566463E7
36	2.534006262834486E7
37	2.429122079756355E7
38	2.358967614074476E7
39	2.2980877693939928E7
40	2.2278152538586464E7
41	2.2104376086471472E7
42	2.1830803929639228E7
43	2.0838969883287933E7
44	1.943484558667405E7
45	1.930812632162796E7
46	1.862149409390598E7
47	1.833713648312617E7
48	1.804511894480935E7
49	1.779947219068858E7
50	1.7237210469632898E7
51	1.6720479664562646E7
52	1.6019458457957307E7
53	1.5812068322605627E7
54	1.5289661695994385E7
55	1.4950092977910535E7
56	1.4099318840670424E7
57	1.3762156598447496E7
58	1.326009700994807E7
59	1.287361615195064E7
60	1.2702436021991752E7
61	1.2085079007752337E7
62	1.1598653941713626E7
63	1.1313747767533617E7
64	1.0990244618365757E7
65	1.0688182848207705E7
66	9967901.603128161
67	9277306.153751174
68	8916634.422509896
69	8703924.709769093
70	8344207.938495764
71	8029676.8822575705
72	7930364.866650287
73	7787370.041358229
74	7594074.057292659
75	7163814.42185978
76	6805154.532826915
77	6574499.6055221595
78	6356497.845928583
79	6264941.403606684
80	6141386.268358529
81	6105251.955483873
82	5991605.768277132
83	5847393.170137867
84	5661350.18164811
85	5517221.72868576
86	5450575.380231216
87	5330754.199422452
88	5153809.518540197
89	4887520.251606003
90	4742042.290399144
91	4540917.333595395
92	4460263.611478027
93	4290488.775443243
94	4191343.732395978
95	4054195.709174507
96	3964590.215371714
97	3783687.8670596327
98	3681304.000626795
99	3529729.0478913495
100	3467726.3328298
101	3289657.8335234956
102	3203506.7845539623
103	3192912.8471663487
104	2977623.457501133
105	2910784.004997276
106	2850294.429826289
107	2771357.5775221586
108	2742806.2889558235
109	2573186.2058434724
110	2537189.586007229
111	2481726.0976116434
112	2457820.165352155
113	2398212.635049813
114	2343298.653640327
115	2273491.812830476
116	2222847.711872642
117	2166067.642351845
118	2121470.5184830287
119	2022221.9623195091
120	1934941.1359390977
121	1892986.0167515099
122	1796102.3026614897
123	1705744.119262566
124	1684710.920524105
125	1607229.5459508898
126	1548061.967711301
127	1503781.9420909157
128	1470140.1188145233
129	1426311.773595707
130	1363106.3213545743
131	1329907.7097430048
132	1283328.3851174167
133	1255396.5160865295
134	1222413.2232109006
135	1183346.9873559247
136	1178102.0394740107
137	1172718.196787915
138	1148557.8980821883
139	1101458.816219769
140	1075365.9012163142
141	1055342.931926068
142	1055342.931926068
143	995692.8133619946
144	960527.932126839
145	952137.6344445627
146	925487.0875828812
147	912243.2738872789
148	861130.0341609032
149	830781.4409001863
150	806602.9279952155
151	781703.2146589662
152	766636.2318376217
153	735514.4332504506
154	710851.471571884
155	690624.1391191288
156	681714.5487681391
157	660190.9863922606
158	647398.5277522561
159	634804.365791686
160	629255.6913818043
161	601645.7752503635
162	588553.2507267427
163	575667.5565354947
164	553862.934791827
165	540401.9359662174
166	528331.3014160593
167	516537.38387464505
168	507554.5059706619
169	481185.4339606156
170	477052.02865373465
171	463648.75948377256
172	432881.2007493138
173	421600.6039476145
174	388896.2286439164
175	382899.76318762545
176	373445.94783647
177	360161.8100871804
178	334330.3289198924
179	321236.35713426914
180	313174.3794389351
181	304938.11708830466
182	297779.4995099175
183	295337.0395735092
184	291151.1907131376
185	288648.9455497923
186	278828.47705049237
187	278428.2467784919
188	267995.38437704276
189	264131.8877451704
190	258780.33588944504
191	252222.97111579013
192	249104.24029555134
193	243220.43784932644
194	239048.93712697912
195	231608.95143633572
196	223759.90294791723
197	212082.40097025337
198	208479.6990332232
199	205318.436876829
200	197366.06333384072
201	189737.26006379726
202	186371.48890464363
203	183851.30547687007
204	180931.5620824579
205	175324.8393970578
206	167767.41328818368
207	163933.3716510708
208	162094.29164646167
209	156493.9553034213
210	156139.15245716015
211	153139.33459055165
212	144135.25397046882
213	141986.00948050848
214	131327.76555895488
215	129358.19407692827
216	127295.93908860958
217	126449.7458358452
218	122821.3925895352
219	118591.47475858002
220	117324.97794842697
221	115943.65531885493
222	114498.72922883277
223	111809.98258871191
224	108921.13325141785
225	108759.18497328306
226	107358.77277122889
227	101616.3292229232
228	97233.4321473313
229	96263.39410728206
230	93553.67795049047
231	89999.80525705754
232	84229.52876792583
233	81200.88318002087
234	80509.34939083616
235	79582.37882304021
236	78590.2778552448
237	75929.59707528738
238	75568.3344715299
239	73998.15126826912
240	69551.06188050765
241	68278.91938862733
242	67993.5711605762
243	66802.08770702654
244	64887.82841916379
245	63614.37180283
246	60078.734979927234
247	58467.20976659479
248	56185.5390852772
249	54236.4281503877
250	53377.63763709102
251	51849.318692169494
252	49791.504702799706
253	49647.68798891626
254	48192.49071315514
255	46655.362092215684
256	45211.382203426176
257	43925.936557099776
258	42256.2469622646
259	41472.93137137268
260	40545.766623283555
261	40204.186763649624
262	39713.28675773924
263	39630.07432080589
264	38504.197273382924
265	37596.580275864275
266	36747.59227641489
267	35937.1650717317
268	34949.30995446146
269	34146.67223492645
270	32916.76936797225
271	32803.06387761632
272	32418.795057377738
273	31822.425148805018
274	31190.345263430292
275	30322.644015626833
276	29280.664713332568
277	29239.99725921278
278	28956.49305814399
279	28220.234763158896
280	26430.910852691446
281	26043.551116006853
282	24919.9561565934
283	23870.757181097062
284	22921.048337898883
285	22027.190245465074
286	21524.87619220197
287	20322.84088831668
288	20244.0720224279
289	19607.687043631635
290	19395.6164886839
291	19088.203112152303
292	18697.798068098196
293	18697.798068098196
294	18516.151448553195
295	18476.504153870294
296	17898.485214826396
297	17357.551626441968
298	17264.136101360014
299	16227.387342479338
300	15984.576001701615
301	15975.724730713719
302	15659.141102025444
303	15533.435174351745
304	15260.280230466587
305	14807.83154696815
306	14270.34492174866
307	14114.567048672783
308	13443.158549220188
309	13008.490194085545
310	12921.6622760425
311	12712.204911532854
312	12359.780425438445
313	11959.243711229798
314	11838.051046001612
315	11405.327595817338
316	11090.957787130481
317	10848.8263777291
318	10739.794396813773
319	10375.051091626938
320	9809.671781391828
321	9593.695236537033
322	9442.603598732445
323	9226.110443827009
324	9030.360033905994
325	8926.353323793264
326	8867.428748624148
327	8529.766030785804
328	8268.82265685515
329	8214.307400894168
330	8202.73098910938
331	8013.563940208033
332	7851.709302282854
333	7638.267763859441
334	7478.7982265646215
335	7337.37629316108
336	7259.120305329667
337	7141.12093857354
338	6808.124605316912
339	6641.808938036465
340	6610.327674727339
341	6545.95890516002
342	6400.712017785664
343	6244.806988927222
344	6080.458202128275
345	6018.158103356514
346	5925.02149350975
347	5752.123798032345
348	5671.5699130400435
349	5618.671769905629
350	5521.647797512923
351	5496.427165709154
352	5352.198442120247
353	5270.631134908149
354	5030.787304244119
355	4948.990695080583
356	4809.187712603964
357	4671.602785401195
358	4513.455735972956
359	4338.747016249642
360	4237.9765058348175
361	4215.252294187983
362	4102.910773229163
363	4030.601426247259
364	3989.5382211658284
365	3926.9971299811746
366	3783.3023510572325
367	3769.0276199767636
368	3646.210957235533
369	3566.0613178894346
370	3443.3506227410926
371	3380.4410160361963
372	3316.1045654187833
373	3259.6381063002937
374	3207.505081396266
375	3180.41548537712
376	3108.5175869382106
377	2997.0334902962086
378	2967.627087573063
379	2946.7591153679236
380	2862.3262824586327
381	2814.6008069751824
382	2790.839497095672
383	2727.9653404450296
384	2592.7896265885433
385	2589.946220430259
386	2573.838578234468
387	2539.2023143059996
388	2464.088752723399
389	2421.2703918168854
390	2413.574725871258
391	2393.566261480241
392	2321.8953971591495
393	2284.887036585383
394	2224.126265898473
395	2171.8551706384505
396	2159.996459478469
397	2132.794382719295
398	2087.2681907183605
399	2023.0999567051365
400	1966.8096014404077
401	1886.3480178830757
402	1873.6627618303648
403	1851.4239472109116
404	1841.9468903633503
405	1816.3152169111752
406	1730.000817802225
407	1702.2753525387495
408	1668.3319150663315
409	1641.4605407322304
410	1583.347001270834
411	1553.363384760003
412	1532.7928101127607
413	1520.7974851609383
414	1504.6751382983553
415	1463.9685649692913
416	1448.9127934275618
417	1446.8012365477814
418	1405.682472169887
419	1376.163547091042
420	1357.282588812033
421	1324.4338863258918
422	1296.506271539917
423	1289.445149541131
424	1245.4887649470484
425	1217.205254051852
426	1190.1705866709267
427	1179.2870215233606
428	1167.8784725980388
429	1143.0626134771594
430	1111.3437473427825
431	1086.7210944977253
432	1079.522113316628
433	1061.4309104597753
434	1048.807988399073
435	1042.509895400311
436	1017.7086961503935
437	1001.4541440763172
438	976.5705353194912
439	954.6465532122729
440	936.7252321957765
441	931.9572237648105
442	910.2086706315459
443	900.9024513765414
444	884.2419184106236
445	869.9383524627211
446	863.4052907160661
447	843.1093321873103
448	837.3548757235837
449	821.5872487149791
450	787.8836850592087
451	784.7438337591666
452	776.2530718092316
453	775.9441249137914
454	768.9920896854802
455	760.1154347095704
456	748.9826460685223
457	718.6329488832496
458	711.0582061754941
459	707.5783078018354
460	703.1165151136078
461	677.4067787584779
462	660.8731563197412
463	649.296072238467
464	627.9390351087999
465	621.566268456006
466	607.3226396814753
467	591.6147771520567
468	588.8953257950504
469	581.8562066836672
470	571.6635148988836
471	566.203211139669
472	561.851624432874
473	556.7176637486917
474	551.2746078896786
475	547.5105279047351
476	536.8925589045467
477	524.2686542117566
478	524.2686542117566
479	512.896829613889
480	512.2360280466966
481	499.5911424036784
482	480.19819447221744
483	473.778216365551
484	468.05908127527783
485	461.5381734194379
486	446.3988969397158
487	444.5209033429349
488	441.0977004836115
489	439.8018984410362
490	436.4860041623328
491	429.6098916117945
492	427.14792637714464
493	421.1663487075178
494	418.3951350291416
495	413.82587439935
496	406.6675656964379
497	397.24285127292495
498	392.63932775994493
499	388.53395822836495
500	385.4461822385199
501	380.23143405482796
502	376.1016008096428
503	372.6890820799378
504	371.40368705023496
505	369.9008882848842
506	368.6830619360088
507	359.2654424991454
508	356.22023057602934
509	346.7114271527635
510	344.64996321175437
511	335.91940953823746
512	331.29703363879
513	327.3539511533037
514	325.16511325396266
515	320.415472770687
516	316.7253914484155
517	315.65635409897004
518	314.0279208041056
519	312.1029137739649
520	308.33566183552
521	306.6712791219588
522	305.21168631147833
523	303.21660662998147
524	303.1445269796156
525	299.54585618268453
526	296.62833480975553
527	292.21696970403895
528	287.051792715826
529	285.37023331026137
530	275.20665023664696
531	268.9636334405529
532	264.3195526951155
533	263.11863805393557
534	261.2878045459208
535	254.12306325027106
536	248.67194880981134
537	246.11020974819698
538	244.3216180846441
539	240.91354997632962
540	240.79615965460545
541	238.2029263126287
542	235.6561220784249
543	233.09641974277974
544	227.1910624402991
545	225.54911264169587
546	222.92116201148707
547	219.30214700777222
548	215.67585456151133
549	212.16284399041285
550	207.49397340581993
551	206.42695937480778
552	205.3469321261592
553	202.66174716629197
554	201.53123384408718
555	200.36912791208786
556	195.8242063115126
557	191.47772240618772
558	191.05951324116577
559	186.71531898872234
560	185.74764009009397
561	184.8011020680188
562	181.95294445308798
563	179.95944941208842
564	179.21629513704514
565	177.04896265812653
566	175.14478958171404
567	172.04509592659986
568	169.49999084428066
569	169.26409178448858
570	164.34955970631944
571	162.7087145473266
572	161.69796201872654
573	161.0645711599648
574	158.7215096463885
575	157.05227765727986
576	154.7721701556242
577	150.87307009765448
578	150.40427855166317
579	148.69330418665115
580	147.71009479351736
581	147.36590044807764
582	146.82275640359595
583	144.55791576613464
584	140.74633212204978
585	140.13403331166126
586	139.22293884963673
587	138.30885274160593
588	137.95255777695033
589	137.04603441907582
590	136.82127492755313
591	134.36509637196272
592	134.18532331622131
593	131.27785402269467
594	129.23861280309342
595	127.08033363238219
596	126.43324539148048
597	125.88925021087354
598	124.73668272572097
599	122.94885893753306
600	122.47215266587185
601	122.31828528346611
602	121.0481755828866
603	121.0320867118002
604	119.35892195210036
605	118.82526005225044
606	118.33292462039542
607	117.72279404342054
608	116.93428625461888
609	114.95606188179218
610	114.4385013212462
611	112.78111013222787
612	111.5577076647198
613	111.04778091612249
614	109.5841341692792
615	109.39313719722757
616	108.67699255104802
617	106.84891990622629
618	106.08705456954323
619	105.01411654137883
620	103.34317523267897
621	102.09864031524219
622	101.41615913702005
623	100.14669345267245
624	98.82692522890179
625	98.34498120113064
626	97.79754348630408
627	97.06273135647042
628	96.84636790020154
629	96.02418462692323
630	94.89401438257045
631	94.38712526248095
632	93.18030575135099
633	92.93427214808767
634	91.77134195206294
635	90.86685092746947
636	90.23100504292596
637	88.8551877765669
638	88.02617475627997
639	86.4229015228544
640	85.06817725860992
641	83.9197765737427
642	83.6401987650649
643	83.15126499009148
644	82.78089372975452
645	82.71818407368883
646	82.03287977135442
647	81.18576121207145
648	79.90454398732696
649	79.23010808878446
650	77.7157511059308
651	76.99615088209407
652	76.61607751456795
653	76.43454295541184
654	75.52173192271336
655	75.04749874242185
656	73.85315320513502
657	73.22957475116884
658	73.12891681108917
659	72.39563024895973
660	71.92243798879245
661	70.5836911038586
662	69.90628093657038
663	69.16652418981448
664	68.70691777066376
665	67.78344451361804
666	67.37299491264072
667	66.17461679245496
668	65.85197177282039
669	65.56698811114643
670	65.15768948236581
671	64.76148885451103
672	64.47149033323583
673	64.35636134884602
674	64.24390471337149
675	62.42346845824339
676	61.57461015129629
677	61.37756105837877
678	60.81417238871365
679	60.77254154902857
680	60.39718224260401
681	60.230252404175985
682	59.87882200894673
683	59.30995694235022
684	58.412836949730405
685	57.91224507385225
686	57.70947259034155
687	57.26660988825395
688	57.147128267710805
689	56.79619795781916
690	56.290983699701926
691	55.91553768724412
692	55.61810235410066
693	55.36776409254239
694	55.05603391135839
695	54.969059853317574
696	53.93373261995018
697	53.764091046911965
698	53.562398185511604
699	53.162111155191035
700	53.019580014275746
701	51.6354267739042
702	51.53221983709525
703	50.92345490600772
704	50.63998484422395
705	50.52400821653032
706	50.26453886254507
707	50.08832530794543
708	49.84539027201293
709	49.79018002754565
710	49.656298083080614
711	49.14545537163641
712	48.9795705076069
713	48.24616975192246
714	48.110990998508676
715	47.94978030643873
716	47.71566402628386
717	47.08463680066372
718	46.979497712309474
719	46.79006335332981
720	46.464670096086316
721	46.43191161089098
722	46.34402973880297
723	46.14830759382505
724	45.949410205483076
725	45.72374778168731
726	45.66481244699005
727	45.33219936021026
728	44.756891169763556
729	44.388612108186024
730	44.13561272519233
731	43.632467156785225
732	43.177157474914154
733	42.781063521199435
734	42.519589632706854
735	42.39413882495885
736	42.00368467510295
737	41.2969167174159
738	41.19668611443701
739	41.05799391562511
740	40.965358804750636
741	40.68870882617616
742	40.67633821765587
743	40.41055579176829
744	40.380167515618
745	40.15187760657726
746	40.041592755197065
747	39.58950012409655
748	39.36743203691464
749	39.199056858042795
750	39.025749719626184
751	38.93021618727648
752	38.73297591517305
753	38.678567577683516
754	38.5508889976205
755	38.37041150179781
756	38.168864641537844
757	38.05904793728296
758	38.02022785370405
759	37.96070143896936
760	37.87941578741454
761	37.65156173146734
762	37.497703165340376
763	37.3195336229268
764	37.23728226163121
765	37.17253737900832
766	37.09953821734818
767	37.076762146601475
768	36.99953919999868
769	36.71476648662873
770	36.557103493967844
771	36.40939480970639
772	36.236786440291276
773	36.06741092816113
774	35.900331401970526
775	35.82297023755529
776	35.51146701364402
777	35.47599214186429
778	35.2251279721452
779	35.13676631789105
780	34.69846467085009
781	34.48682483954802
782	34.42751514526554
783	34.36359823093937
784	34.350943742577066
785	34.21777107070749
786	34.07245605867696
787	33.866523727599656
788	33.840427191370765
789	33.779267310133484
790	33.70015275689223
791	33.57547692071258
792	33.52032862141614
793	33.44156997364068
794	33.297594946555435
795	33.16049666013482
796	33.05737958272092
797	32.93666131746633
798	32.910246588569095
799	32.7980629909745
800	32.765653645979754
801	32.508030639818465
802	32.300943210402124
803	32.22060492660107
804	32.1841376770844
805	32.094197702248216
806	32.036760577182974
807	32.02703677026906
808	31.944290593979726
809	31.89131759935955
810	31.834989739101616
811	31.77346432295586
812	31.552408339063327
813	31.396698415953402
814	31.344365126585807
815	31.332879588706707
816	31.279929277954448
817	31.136723281776362
818	31.06779095650563
819	31.023507731982388
820	30.997836329777567
821	30.915833521504556
822	30.893636623696622
823	30.870680422637403
824	30.783397231723335
825	30.701789538464848
826	30.633996154734195
827	30.472795712505395
828	30.280069402678865
829	30.186245788169554
830	30.126088744133135
831	30.081242190209156
832	30.06613414328015
833	30.033145862046222
834	30.030012031131488
835	29.916014821435102
836	29.901474443140735
837	29.88262426460874
838	29.77736744886214
839	29.74694349292794
840	29.711997966564102
841	29.686596957739773
842	29.619175509695527
843	29.585645779139995
844	29.583768667452222
845	29.548056722319323
846	29.533166015623127
847	29.50790530042523
848	29.49507996178163
849	29.482384367333918
850	29.43750604968068
851	29.408235523874172
852	29.364946437725756
853	29.31927181231214
854	29.235141248432917
855	29.17179560892779
856	29.155379875697477
857	29.095969081179135
858	29.04199222823937
859	28.99236947996534
860	28.985424595260334
861	28.950639668755944
862	28.914040052093014
863	28.897749327867
864	28.84875600964863
865	28.811649510614668
866	28.808304285680993
867	28.778538790712027
868	28.750404193535413
869	28.668654519487404
870	28.65854283493967
871	28.621352628579228
872	28.571198883036235
873	28.523671330134682
874	28.48242284924078
875	28.45912564404059
876	28.422669782666276
877	28.39430381282448
878	28.345295561115453
879	28.33573022134823
880	28.279800583454314
881	28.25356564545752
882	28.237462726957585
883	28.22968889707517
884	28.16656167895564
885	28.16500126778022
886	28.156376828859166
887	28.142301262320807
888	28.10133907408332
889	28.086797007648833
890	28.074109125345192
891	28.06910263871358
892	28.02069138616263
893	27.983759304446643
894	27.935238920726967
895	27.923562393680143
896	27.869620359785838
897	27.85265299868213
898	27.83387429933391
899	27.809337178599883
900	27.802192951781297
901	27.80136718266165
902	27.782291355220654
903	27.767062002827313
904	27.733165871095707
905	27.702551982965733
906	27.654479223167392
907	27.633430630431185
908	27.63283426594099
909	27.583080960165265
910	27.56033571773381
911	27.544214265323966
912	27.53908794985062
913	27.532932818145927
914	27.53149882705853
915	27.520202762015643
916	27.50905476839356
917	27.494116217640627
918	27.49102182757594
919	27.48184074012172
920	27.457051111975748
921	27.45231285705049
922	27.431516538481837
923	27.410250874122042
924	27.407838966622254
925	27.385732614482965
926	27.381743540043868
927	27.38076977936764
928	27.364957868397344
929	27.33976026100743
930	27.334579300257303
931	27.243394557152484
932	27.222275786449632
933	27.22071231445816
934	27.19967172769751
935	27.18961125872485
936	27.18539462874666
937	27.16958586175034
938	27.147238563130877
939	27.141423354314586
940	27.134127557918827
941	27.131355323795642
942	27.119266521603922
943	27.09418570798741
944	27.08054661925933
945	27.080049373610354
946	27.068183673047844
947	27.064063678531706
948	27.0440368717301
949	27.04038234768666
950	27.03449074950637
951	27.016076703697543
952	27.008197763424665
953	26.99187104250979
954	26.987555200871686
955	26.966225778241196
956	26.955271619856482
957	26.952005539162847
958	26.948071611055113
959	26.94228052762299
960	26.92317238197306
961	26.916351422344494
962	26.91030368318235
963	26.9072679338553
964	26.879202560008686
965	26.836382776729693
966	26.812399530114565
967	26.8068687341754
968	26.796593353177936
969	26.790734671391572
970	26.78532467532731
971	26.779143702294657
972	26.778359162886392
973	26.771457196668848
974	26.76797229312991
975	26.757181112932184
976	26.73986814277466
977	26.738251358900527
978	26.736275792485333
979	26.722103610848993
980	26.717569087926243
981	26.69343641746806
982	26.691681130627767
983	26.688097003228883
984	26.67546815201234
985	26.671058086624953
986	26.662063674256352
987	26.627949112906443
988	26.62289989340151
989	26.61904106733575
990	26.616605576150953
991	26.6152047437172
992	26.609404697435192
993	26.601593164369334
994	26.59908772038427
995	26.59784261880127
996	26.581643691947445
997	26.576353133572407
998	26.57397152057796
999	26.567353976142442
1000	26.558634541900098
1001	26.557340606966207
1002	26.553940581471277
1003	26.551415717113848
1004	26.546059524496094
1005	26.545230327180015
1006	26.529820616684656
1007	26.521966269865512
1008	26.52050121117231
1009	26.518966882335054
1010	26.508614246014393
1011	26.499689118000504
1012	26.496277550643256
1013	26.492632632646817
1014	26.482170717525
1015	26.47904999349957
1016	26.47634906410447
1017	26.47214108652665
1018	26.472084446988948
1019	26.467614408767545
1020	26.46165840719347
1021	26.4605564168516
1022	26.429670882349644
1023	26.424478881270353
1024	26.420504219907954
1025	26.41693225279425
1026	26.414988800602355
1027	26.398025983622333
1028	26.388194402827803
1029	26.38661994501591
1030	26.385895539707295
1031	26.37184302627916
1032	26.369928107442963
1033	26.36516791454955
1034	26.362551593999875
1035	26.338322369731785
1036	26.29889448344758
1037	26.298247766329855
1038	26.26043701233969
1039	26.26006114340947
1040	26.258988318106823
1041	26.25644345456435
1042	26.252691710702454
1043	26.25110431817466
1044	26.249646260160553
1045	26.249394819464772
1046	26.247032505804963
1047	26.241994396990307
1048	26.229894802777896
1049	26.226882963079
1050	26.22551474890401
1051	26.218657753462775
1052	26.217091668017392
1053	26.21583997966094
1054	26.21352466436009
1055	26.21188584109779
1056	26.211349408785917
1057	26.209087135925525
1058	26.208559548219963
1059	26.20607328082932
1060	26.205370052509878
1061	26.20185375572466
1062	26.201052142639774
1063	26.198176782329018
1064	26.191495580309777
1065	26.191256222944432
1066	26.186631692665742
1067	26.17314781880611
1068	26.155195689641186
1069	26.154436971405083
1070	26.153000500635198
1071	26.15134938116546
1072	26.147258734484648
1073	26.14658252017808
1074	26.14614803624636
1075	26.140404526436708
1076	26.14009540698343
1077	26.139223438903645
1078	26.12753965989921
1079	26.12723816916143
1080	26.125972646982714
1081	26.121433394469594
1082	26.114773389739735
1083	26.106954759885166
1084	26.103358055869208
1085	26.094688889699693
1086	26.0936430513578
1087	26.084147652248635
1088	26.083502812473267
1089	26.083164450569257
1090	26.082933558516803
1091	26.067698848277182
1092	26.052635796880217
1093	26.045209227536393
1094	26.044805381829473
1095	26.04262532626838
1096	26.035684976225713
1097	26.030597880426296
1098	26.021352873999927
1099	26.017358342614507
1100	26.017002198986713
1101	26.016685951693503
1102	26.015109258675103
1103	26.013101552144306
1104	26.008647145772553
1105	25.979528803082662
1106	25.975939677143636
1107	25.963050365730137
1108	25.955081370479544
1109	25.953172118819566
1110	25.95300347478138
1111	25.938629982651992
1112	25.936503849540095
1113	25.931692661588123
1114	25.912170827699878
1115	25.903837920796782
1116	25.903015865540798
1117	25.902552508775397
1118	25.875797248090787
1119	25.87544681325023
1120	25.873006741604375
1121	25.871667103611756
1122	25.868393111882376
1123	25.860818240792334
1124	25.859384698919794
1125	25.858801876761525
1126	25.854514974107097
1127	25.85278223361273
1128	25.852339653112708
1129	25.851486136263347
1130	25.850724504742796
1131	25.84713969781239
1132	25.84709385556998
1133	25.8470894925615
1134	25.843105231256082
1135	25.84011420046993
1136	25.83937718611625
1137	25.836962616851824
1138	25.83509770658745
1139	25.834170465106414
1140	25.83358740194144
1141	25.82531741156015
1142	25.825231000924813
1143	25.82273921059506
1144	25.822558138944437
1145	25.82222517921291
1146	25.822043189452554
1147	25.821451366046144
1148	25.819597853917685
1149	25.81854609260603
1150	25.81841429824276
1151	25.81752063196344
1152	25.817302342210986
1153	25.81644399435659
1154	25.815796560436652
1155	25.813438358481676
1156	25.803355642528874
1157	25.803291325070486
1158	25.801681646838734
1159	25.798163402297128
1160	25.793269713495615
1161	25.790950287744522
1162	25.790545336746636
1163	25.790424408180506
1164	25.78698780063553
1165	25.786925182189712
1166	25.786878429728105
1167	25.785672889291103
1168	25.785527460777633
1169	25.784999495544053
1170	25.784517936783725
1171	25.783741911145697
1172	25.782425459464413
1173	25.76102349946957
1174	25.76095334338369
1175	25.760853126303537
1176	25.753716255273243
1177	25.748938732317026
1178	25.739053308665405
1179	25.738863315676195
1180	25.709432547652664
1181	25.70505162806156
1182	25.687457759031915
1183	25.687372968224597
1184	25.687172855412832
1185	25.685830640771925
1186	25.685655790672367
1187	25.685315317967387
1188	25.6811979257962
1189	25.681102783427605
1190	25.680830114823628
1191	25.6764357033741
1192	25.676329562940644
1193	25.67614788382241
1194	25.67048136698135
1195	25.669523482238848
1196	25.666059781793486
1197	25.66457192517797
1198	25.658577604136774
1199	25.658401345909812
1200	25.655530381096614
1201	25.65442738661097
1202	25.654065795299026
1203	25.653904302862415
1204	25.649599265067348
1205	25.645613436743776
1206	25.637880187412012
1207	25.637142479651263
1208	25.63625475405866
1209	25.635977040682658
1210	25.634285584163862
1211	25.633944859780932
1212	25.63146440535039
1213	25.631213606777727
1214	25.630301595359576
1215	25.630097662284445
1216	25.62944970388697
1217	25.628588414121218
1218	25.628511038465465
1219	25.620517825950724
1220	25.62037694119001
1221	25.620203844282777
1222	25.619532950201027
1223	25.61935685799021
1224	25.619285110099888
1225	25.619245273056823
1226	25.61703891518498
1227	25.61699613467882
1228	25.61519943714727
1229	25.608764654938685
1230	25.608717548452194
1231	25.608659481735
1232	25.60576477405265
1233	25.605208710912883
1234	25.603136276616876
1235	25.59898393944221
1236	25.58920907300888
1237	25.582999614427496
1238	25.582837319695845
1239	25.582336163552785
1240	25.581576152708426
1241	25.58157212309582
1242	25.581536874394104
1243	25.578614239446797
1244	25.578525351771933
1245	25.57574033091884
1246	25.575569095259173
1247	25.575096370619516
1248	25.57485780063213
1249	25.574680746462782
1250	25.566477525822602
1251	25.5660494870805
1252	25.56449639136308
1253	25.564328682376086
1254	25.563701585175966
1255	25.550465889161348
1256	25.550419764331256
1257	25.550260036034345
1258	25.54727014365957
1259	25.545144700208613
1260	25.545040656227496
1261	25.54478266854314
1262	25.5444328854084
1263	25.538836373252746
1264	25.538834444103607
1265	25.52725909213866
1266	25.527249873786356
1267	25.527205329829027
1268	25.52170766372707
1269	25.517100753669773
1270	25.50294213903426
1271	25.502808640837387
1272	25.502715646532305
1273	25.502605721599647
1274	25.502424959093485
1275	25.50213902419642
1276	25.502103250360005
1277	25.502079875630557
1278	25.50165261416404
1279	25.50162471575884
1280	25.491331727523573
1281	25.491327335695033
1282	25.491302943837013
1283	25.488812005895472
1284	25.488749711106777
1285	25.488723016128766
1286	25.488564822851018
1287	25.48510009888336
1288	25.48503924316065
1289	25.482038747492556
1290	25.48079045852895
1291	25.480670597409652
1292	25.48058583961185
1293	25.48053147967848
1294	25.48051914121154
1295	25.48021475919855
1296	25.47967863545943
1297	25.4796331810888
1298	25.47959465354631
1299	25.468195922488903
1300	25.465300786376336
1301	25.463596091905437
1302	25.463559257569326
1303	25.460900681851566
1304	25.460855580011664
1305	25.46068068402859
1306	25.452417940296435
1307	25.45241026720565
1308	25.45238881664368
1309	25.45228933487029
1310	25.45220941567376
1311	25.452192361905336
1312	25.452161263916057
1313	25.451583605271
1314	25.45157973696911
1315	25.448198462766175
1316	25.44355611290695
1317	25.44337367918275
1318	25.44332676073449
1319	25.443299487131743
1320	25.443289877971303
1321	25.443253996242625
1322	25.44321917043329
1323	25.44107634450535
1324	25.440743930399233
1325	25.439098354820697
1326	25.437926429844683
1327	25.436528740679503
1328	25.43642129934541
1329	25.4363647695577
1330	25.431855540727042
1331	25.427346494956982
1332	25.421200327005117
1333	25.408012846440588
1334	25.398280593563996
1335	25.39827415154473
1336	25.390559657925703
1337	25.390206280442907
1338	25.388386582397143
1339	25.382153523906673
1340	25.38214857558761
1341	25.382120847809468
1342	25.37800234331541
1343	25.373366067925183
1344	25.37119663983735
1345	25.371142608408412
1346	25.37113194248282
1347	25.370989451525624
1348	25.362724291931098
1349	25.362021246195628
1350	25.344779776944716
1351	25.344772723849182
1352	25.344673883638254
1353	25.343987441620733
1354	25.343878148994907
1355	25.343875496407033
1356	25.343868315352033
1357	25.3438205010449
1358	25.34380261177112
1359	25.340305330461625
1360	25.340297705695846
1361	25.33810464812258
1362	25.33809397536354
1363	25.337997273909497
1364	25.337989028356592
1365	25.337965434213626
1366	25.337877404849955
1367	25.336212889066925
1368	25.31447647152324
1369	25.31435669941301
1370	25.312869409023616
1371	25.31241969805945
1372	25.3124195797571
1373	25.312410852874695
1374	25.3078253468046
1375	25.30667621692335
1376	25.30469139455699
1377	25.303979763378027
1378	25.30396700795205
1379	25.301798042206595
1380	25.30167176817475
1381	25.300432523762115
1382	25.30040607639126
1383	25.296327437017915
1384	25.293440972897702
1385	25.293431431009424
1386	25.292832912195554
1387	25.292796380258245
1388	25.29270302543731
1389	25.291443651572116
1390	25.27926066714947
1391	25.273021074944428
1392	25.272908639311353
1393	25.272487856956577
1394	25.271231984325954
1395	25.271162766313232
1396	25.271133647686252
1397	25.270715141471946
1398	25.268957641487322
1399	25.266724733519776
1400	25.26667419485168
1401	25.266642654352157
1402	25.260798413495863
1403	25.258794445639587
1404	25.254792090646482
1405	25.25024116107619
1406	25.250158794646513
1407	25.25015367139891
1408	25.249090086508776
1409	25.24194318162899
1410	25.241514542078676
1411	25.241510762818574
1412	25.236381109944624
1413	25.235760735461405
1414	25.234558364730116
1415	25.23078358870598
1416	25.23071526722057
1417	25.230384174068764
1418	25.22835182283941
1419	25.221157773577474
1420	25.210716740672336
1421	25.20538309666871
1422	25.203604992683236
1423	25.20357692324303
1424	25.20068732874981
1425	25.200645535619284
1426	25.198653425654708
1427	25.191995919558295
1428	25.191936703124657
1429	25.19192745826994
1430	25.18749559532033
1431	25.18749105480901
1432	25.187397970143987
1433	25.178984943518163
1434	25.176817749376642
1435	25.17661436545068
1436	25.17660718475741
1437	25.16525263297233
1438	25.163742750628167
1439	25.163712512267022
1440	25.163688608448656
1441	25.161120136604705
1442	25.159671844010493
1443	25.158698834106186
1444	25.15494718967029
1445	25.15487216405789
1446	25.153002278137606
1447	25.147886276579452
1448	25.147882852147657
1449	25.147874816149976
1450	25.147836007534274
1451	25.139860339910694
1452	25.139799573098326
1453	25.13903687788768
1454	25.128946724589593
1455	25.128916359281202
1456	25.12889990331381
1457	25.127133577483228
1458	25.12710123711273
1459	25.127089273026865
1460	25.127084884164123
1461	25.124709204990786
1462	25.124682034960177
1463	25.111828282779353
1464	25.1112730364785
1465	25.11125771001381
1466	25.11125611267532
1467	25.11123595486217
1468	25.111115979477763
1469	25.10802298302712
1470	25.104589952069613
1471	25.10449964038312
1472	25.104316430048822
1473	25.104258564598585
1474	25.104258250320704
1475	25.104255199940646
1476	25.101172160269428
1477	25.101060326839136
1478	25.09353165649263
1479	25.092313539547373
1480	25.091600798083455
1481	25.09158691818216
1482	25.09072390309142
1483	25.090688987206192
1484	25.090687445039276
1485	25.09067649744291
1486	25.08821575768361
1487	25.0828055973526
1488	25.072023944576863
1489	25.068039858210145
1490	25.068034873943734
1491	25.065698912473795
1492	25.065687186799256
1493	25.06088221992683
1494	25.05902815785335
1495	25.055631020375987
1496	25.05418141133885
1497	25.051163778508847
1498	25.051152591852592
1499	25.040154098660263
1500	25.03977375487011
1501	25.035310138818044
1502	25.032432321035465
1503	25.029215792788545
1504	25.01618229825449
1505	25.01222386894042
1506	24.997237759679773
1507	24.995359563008957
1508	24.995043512226232
1509	24.99504177204494
1510	24.990736906463333
1511	24.989915118007808
1512	24.986896382401913
1513	24.986890962018858
1514	24.98681451073134
1515	24.9818707789302
1516	24.98186921755258
1517	24.981864647613747
1518	24.975616339639302
1519	24.975612184386385
1520	24.971178558101485
1521	24.970921906132556
1522	24.965718345487932
1523	24.965716985166612
1524	24.962385859281614
1525	24.95956404731357
1526	24.952781578281567
1527	24.951461358834198
1528	24.949423291711405
1529	24.922034266599887
1530	24.922015403887375
1531	24.91458421832861
1532	24.91456910806696
1533	24.914400678523844
1534	24.914323734189974
1535	24.912429956075975
1536	24.91208424393934
1537	24.912081380952635
1538	24.91024799693287
1539	24.91024749439243
1540	24.907981575278896
1541	24.907951886533212
1542	24.90794028798267
1543	24.904773374435496
1544	24.901093776913136
1545	24.89701956963512
1546	24.89593816151237
1547	24.89593585502528
1548	24.88244404115609
1549	24.88232586663197
1550	24.874059029863822
1551	24.87405849329232
1552	24.873617087354862
1553	24.873611891560063
1554	24.871391390213386
1555	24.870236306169037
1556	24.86302540604553
1557	24.85812686699987
1558	24.853681380659264
1559	24.851794226641356
1560	24.85121828225458
1561	24.85038307794991
1562	24.84113357546715
1563	24.835046615637683
1564	24.83504603755944
1565	24.835045163109633
1566	24.83180396234561
1567	24.83179521555323
1568	24.82678402071668
1569	24.8267807165956
1570	24.824993625695438
1571	24.822158735806447
1572	24.817416922624385
1573	24.81740471940993
1574	24.816630312819292
1575	24.81661771868108
1576	24.813023005855168
1577	24.809531901067267
1578	24.806597675013272
1579	24.806595372870902
1580	24.793507438497297
1581	24.791166796837853
1582	24.790445409757787
1583	24.789664283394977
1584	24.788891707296905
1585	24.78477998089374
1586	24.784779762719673
1587	24.78477694525306
1588	24.784661419032314
1589	24.784111700015142
1590	24.781144768800083
1591	24.778276665361396
1592	24.77119279549576
1593	24.77115688253033
1594	24.771156153212814
1595	24.766955521936293
1596	24.766955216408135
1597	24.754585635257936
1598	24.743690653314943
1599	24.74001890664697
1600	24.736866587727732
1601	24.735063595737156
1602	24.730346149539667
1603	24.727793481089893
1604	24.723925234298882
1605	24.723925040021637
1606	24.723917536859478
1607	24.71414414680311
1608	24.711865598003968
1609	24.710856900222225
1610	24.70929732434824
1611	24.708956062341183
1612	24.693685833676064
1613	24.693523162404336
1614	24.69352313074864
1615	24.687299864824187
1616	24.685069029962147
1617	24.682002533265468
1618	24.678412152837506
1619	24.67482782423246
1620	24.67266666015768
1621	24.663998852859685
1622	24.66131624144026
1623	24.661314059077906
1624	24.652376760203747
1625	24.648382556519156
1626	24.64737941509095
1627	24.6442067190849
1628	24.63317435535655
1629	24.63317039835707
1630	24.633169811364805
1631	24.63168460699158
1632	24.624845835273323
1633	24.6248444317635
1634	24.62356583325536
1635	24.620125011261795
1636	24.618224709248327
1637	24.61362759994556
1638	24.6125425074676
1639	24.612535066454566
1640	24.612146658051806
1641	24.61084629189056
1642	24.606582449958573
1643	24.60653719447784
1644	24.60606035381149
1645	24.600590610813086
1646	24.600590422118273
1647	24.600589225872014
1648	24.598406468931273
1649	24.596666705612556
1650	24.59666660833685
1651	24.596222106362365
1652	24.5894155718678
1653	24.589415014166082
1654	24.58937889666071
1655	24.584017988987366
1656	24.5810930954785
1657	24.579337390185394
1658	24.57933695598917
1659	24.570870430390425
1660	24.569324819321636
1661	24.568723029607934
1662	24.562881314210284
1663	24.562402933625638
1664	24.560339270291344
1665	24.560103986536593
1666	24.55861738203696
1667	24.549717111782112
1668	24.548599506955817
1669	24.547795253124033
1670	24.545482725532644
1671	24.54268108970299
1672	24.540453504636893
1673	24.54006224931222
1674	24.540049376713
1675	24.53919288385189
1676	24.538872477132017
1677	24.532944010327764
1678	24.53294186359419
1679	24.528942574750662
1680	24.5289416770393
1681	24.528571926035433
1682	24.526435347472564
1683	24.526432364554168
1684	24.525032917914007
1685	24.52135063144809
1686	24.515750242948652
1687	24.512942744369987
1688	24.503030825014605
1689	24.500889926135592
1690	24.500830957089573
1691	24.49857382414625
1692	24.494704244646034
1693	24.48615758577737
1694	24.47610032317499
1695	24.471929724472275
1696	24.466352029168394
1697	24.46202308050839
1698	24.459838502609664
1699	24.45199709621185
1700	24.451180867777516
1701	24.44997842823218
1702	24.447588512341635
1703	24.444254431310625
1704	24.44076844623378
1705	24.425759724918475
1706	24.424180817479858
1707	24.424179630623676
1708	24.417559315636034
1709	24.41571060837826
1710	24.415708458856237
1711	24.410832873218876
1712	24.40510274804256
1713	24.397773373409997
1714	24.397462733080953
1715	24.395059858965375
1716	24.38831845648352
1717	24.382807500830342
1718	24.379677297386188
1719	24.37224102381502
1720	24.370315764433776
1721	24.361922153669532
1722	24.36191998890123
1723	24.347512123188917
1724	24.34520737296749
1725	24.343332037665885
1726	24.332676139275588
1727	24.331892332917917
1728	24.33189230634154
1729	24.33188576205771
1730	24.330024485209364
1731	24.330023680418147
1732	24.328955101084507
1733	24.324591698329822
1734	24.32200806807049
1735	24.318112849922155
1736	24.317427798361987
1737	24.31603815276992
1738	24.316033965297226
1739	24.31601482965125
1740	24.309578458561887
1741	24.305602432276423
1742	24.30460654923252
1743	24.30087838307782
1744	24.299819814447247
1745	24.292802439014014
1746	24.289526895122755
1747	24.28942699272505
1748	24.283728138585353
1749	24.282187576924926
1750	24.28097279020793
1751	24.280049563804724
1752	24.27175132900682
1753	24.26909158370879
1754	24.267505038449382
1755	24.260912424084555
1756	24.26091219344359
1757	24.253120077857126
1758	24.253120000545945
1759	24.247436700570518
1760	24.245427548095417
1761	24.243974337017658
1762	24.242609280355122
1763	24.24253844555794
1764	24.235244391732294
1765	24.23092715878197
1766	24.22447133486538
1767	24.222348979824307
1768	24.215178683980824
1769	24.20847875086333
1770	24.20663654152433
1771	24.206010862903693
1772	24.206010804325768
1773	24.20044564458256
1774	24.18959699715929
1775	24.17860416745614
1776	24.17458539797907
1777	24.171713275084652
1778	24.16988014378405
1779	24.169878853037645
1780	24.169876339910314
1781	24.16593133501255
1782	24.165931038712202
1783	24.165929985568308
1784	24.158787833187073
1785	24.15766362278452
1786	24.15766357169409
1787	24.157662263739606
1788	24.15343114946727
1789	24.153426375595007
1790	24.15068417806975
1791	24.149541557441708
1792	24.14486106036723
1793	24.14192339013167
1794	24.14168071263621
1795	24.138465016527157
1796	24.131873415637592
1797	24.131295502573906
1798	24.130223981696357
1799	24.130223577014345
1800	24.125579829202803
1801	24.114388021730335
1802	24.112973760346097
1803	24.111819288284153
1804	24.101262573997754
1805	24.095026456334704
1806	24.09257522404507
1807	24.09101896574165
1808	24.090581919425496
1809	24.08836508522248
1810	24.085778170605398
1811	24.08577752939486
1812	24.074865294901524
1813	24.07365893163171
1814	24.068135274978886
1815	24.063224831056534
1816	24.060607473819438
1817	24.057853440771417
1818	24.057455068971116
1819	24.056312260124614
1820	24.053903908087577
1821	24.04367594585812
1822	24.03967000721484
1823	24.039669906937753
1824	24.0350006297881
1825	24.035000616261513
1826	24.026390078045004
1827	24.019598401121865
1828	24.01959067307795
1829	24.016272291747086
1830	24.015088828156635
1831	24.01508877681748
1832	24.014625026620525
1833	24.0012555343834
1834	23.998494531943827
1835	23.997651716287393
1836	23.995276425399425
1837	23.995276344142102
1838	23.989038015086688
1839	23.984427408064782
1840	23.9756921580387
1841	23.96952455771412
1842	23.96715904060016
1843	23.966554120732248
1844	23.966554072845963
1845	23.966075000702222
1846	23.964573221625415
1847	23.958401580612136
1848	23.95456725299813
1849	23.947038325163717
1850	23.938572224296813
1851	23.931361388947764
1852	23.92505027543854
1853	23.924877792418318
1854	23.92470012849585
1855	23.9240709055289
1856	23.924070875683185
1857	23.92265677259012
1858	23.920609737779014
1859	23.9206002252468
1860	23.91864776667007
1861	23.918006063319908
1862	23.918002874900672
1863	23.91727860573723
1864	23.91401160674802
1865	23.909473083182856
1866	23.904342378715306
1867	23.901892028633632
1868	23.895758133326307
1869	23.88545839199692
1870	23.872715275911148
1871	23.86838775856953
1872	23.868290482124632
1873	23.867479622004385
1874	23.86747770034436
1875	23.859494254164726
1876	23.85656792358835
1877	23.85656780141175
1878	23.853922896209145
1879	23.842876318937332
1880	23.841218113673676
1881	23.838464821364106
1882	23.838455377917057
1883	23.83443284235308
1884	23.820802141869006
1885	23.820801808863315
1886	23.815474612526184
1887	23.815474476393284
1888	23.815021503065932
1889	23.813274460654497
1890	23.810492575846983
1891	23.80751555520932
1892	23.806229076366908
1893	23.805158786042547
1894	23.803907100806235
1895	23.80247327148926
1896	23.80185073590542
1897	23.80184812983712
1898	23.798068109627057
1899	23.797601907953343
1900	23.791421029977528
1901	23.78394853359039
1902	23.77730915481
1903	23.772758849451623
1904	23.77093861605407
1905	23.768416690916926
1906	23.76724643131024
1907	23.762707387866943
1908	23.760614561289078
1909	23.75875271758283
1910	23.750748564636822
1911	23.74447484066279
1912	23.741815291352186
1913	23.734950803636657
1914	23.732728850652936
1915	23.730098159061676
1916	23.726750867193566
1917	23.721840518697512
1918	23.71312607099203
1919	23.711437040975003
1920	23.711421985330542
1921	23.70025833430145
1922	23.69353782473704
1923	23.693471331385595
1924	23.69268767417223
1925	23.673941507834037
1926	23.671566991953004
1927	23.669924543653803
1928	23.669918726980704
1929	23.66951639826541
1930	23.662513241644557
1931	23.662285376480824
1932	23.659184932208408
1933	23.65869889209166
1934	23.65867817336299
1935	23.65587873828404
1936	23.655657568942033
1937	23.646558943699898
1938	23.638943996237874
1939	23.63875682649201
1940	23.63847881610899
1941	23.636354471305932
1942	23.636354358383844
1943	23.633583959163243
1944	23.630102687601227
1945	23.623203488124016
1946	23.621041845559777
1947	23.6199379344758
1948	23.612256908649428
1949	23.602760743636995
1950	23.588809333950497
1951	23.586938010269908
1952	23.577295040719125
1953	23.576086686585693
1954	23.57220913096871
1955	23.572186994654214
1956	23.55472328019471
1957	23.55472294173984
1958	23.54897185525573
1959	23.54669417039181
1960	23.545422774622985
1961	23.542708459515666
1962	23.540672563429982
1963	23.537643516621575
1964	23.536080303652916
1965	23.534051291461374
1966	23.53076612721601
1967	23.525602264620897
1968	23.520543132735405
1969	23.51857776075729
1970	23.517030335831787
1971	23.51196479219805
1972	23.510966767268645
1973	23.510194440205417
1974	23.507401359561836
1975	23.498501795484565
1976	23.498319017409568
1977	23.491591639893844
1978	23.477471202963567
1979	23.477471187884632
1980	23.472206268535196
1981	23.468872027684125
1982	23.46573588144468
1983	23.462219693463055
1984	23.4589939108854
1985	23.455246550497254
1986	23.453111518352014
1987	23.451572299921242
1988	23.44982065653612
1989	23.44573074395831
1990	23.430252140629882
1991	23.42619442193941
1992	23.426194370709123
1993	23.420584144776345
1994	23.41909930483196
1995	23.417795315897088
1996	23.40559975677113
1997	23.388026117534096
1998	23.387319616370313
1999	23.379527361832384
2000	23.37333042791752
2001	23.37112036876932
2002	23.37112012477528
2003	23.371118918580475
2004	23.370637581158807
2005	23.36638784605615
2006	23.363338451780383
2007	23.36089955928313
2008	23.34898457709118
2009	23.348911476867183
2010	23.346501986018186
2011	23.340726152003754
2012	23.336261642638533
2013	23.335098491280245
2014	23.330154293499
2015	23.329910464737377
2016	23.3299103921356
2017	23.324294213772085
2018	23.31756069761917
2019	23.315429584766527
2020	23.315429571743696
2021	23.308484321675085
2022	23.304473453278376
2023	23.300321749048273
2024	23.298404958549177
2025	23.29296099701007
2026	23.29061580613651
2027	23.290607776624242
2028	23.289093035073517
2029	23.281628239312152
2030	23.277056770817236
2031	23.272286789248618
2032	23.271223513192055
2033	23.270462697814246
2034	23.266731698214894
2035	23.259524524051173
2036	23.25846760979213
2037	23.255549358457767
2038	23.252052400419043
2039	23.247723752213
2040	23.24468374924841
2041	23.244377932888135
2042	23.236399444647187
2043	23.23171817950063
2044	23.22677735608727
2045	23.226277024451278
2046	23.22240419651301
2047	23.212969004979005
2048	23.199548239048106
2049	23.19919730263957
2050	23.195259446206936
2051	23.193080030434608
2052	23.193079908729917
2053	23.191981774586303
2054	23.187205871869434
2055	23.17734167725583
2056	23.176420228424295
2057	23.17417962508856
2058	23.16952646598516
2059	23.16408547729609
2060	23.164085371601832
2061	23.158929113778537
2062	23.158569008612414
2063	23.156621289895423
2064	23.15483734175114
2065	23.146112181926064
2066	23.14464375766125
2067	23.13695538397089
2068	23.136309891485144
2069	23.129042162879344
2070	23.12499698618224
2071	23.115667989399682
2072	23.106906435563335
2073	23.10117151715671
2074	23.09596856709203
2075	23.08265979765291
2076	23.078039459272468
2077	23.074813373899566
2078	23.066630320930336
2079	23.06242126336367
2080	23.0527667540949
2081	23.052708143086313
2082	23.04927576276012
2083	23.037833255103028
2084	23.037832790279165
2085	23.03764508050177
2086	23.030223782971245
2087	23.021391932214936
2088	23.01497472179197
2089	23.01265366098021
2090	23.01077766896949
2091	23.00537153138199
2092	23.000245526179548
2093	22.9989371514716
2094	22.99218954293249
2095	22.98547659333331
2096	22.98249029114661
2097	22.973455572201505
2098	22.970504611234276
2099	22.967043374669
2100	22.966838749421413
2101	22.96266803114047
2102	22.9594845044999
2103	22.959484456751753
2104	22.954859227057952
2105	22.954775111313893
2106	22.95059503283251
2107	22.949065030739412
2108	22.947106383747666
2109	22.93127868864169
2110	22.92848494508207
2111	22.919656732896964
2112	22.917363446178864
2113	22.917363285178407
2114	22.9124748127134
2115	22.904518121606706
2116	22.904517517649374
2117	22.901685946787378
2118	22.895177250394728
2119	22.89189579840267
2120	22.890220932841142
2121	22.88221354558774
2122	22.87724086646234
2123	22.87464290894853
2124	22.869340746224303
2125	22.867700531183985
2126	22.86084635074521
2127	22.8500204364804
2128	22.850020433987364
2129	22.848908867608785
2130	22.841017580239836
2131	22.833330263121784
2132	22.83201445159341
2133	22.822238907331492
2134	22.817139937585253
2135	22.81308951791269
2136	22.810729033883483
2137	22.805260160449407
2138	22.79928595633765
2139	22.796987148027902
2140	22.789449263059907
2141	22.77838053533167
2142	22.773496306915767
2143	22.770384097987897
2144	22.762918348895493
2145	22.761016648029003
2146	22.754823097733446
2147	22.754626633792007
2148	22.75442062698515
2149	22.73881536546952
2150	22.72937039141795
2151	22.723356963435826
2152	22.72132253664206
2153	22.717572829551393
2154	22.716868355884984
2155	22.711021401996433
2156	22.70445864790131
2157	22.690749223166996
2158	22.668369724766574
2159	22.666483699467843
2160	22.65736619037712
2161	22.657366181526186
2162	22.653364238808116
2163	22.653217896920296
2164	22.651820350722293
2165	22.645568097895023
2166	22.630270821617156
2167	22.62566175878968
2168	22.62470502415458
2169	22.611673506906694
2170	22.609294824009037
2171	22.609294815443214
2172	22.608925265212594
2173	22.60892516512057
2174	22.605899660749472
2175	22.60356370488393
2176	22.603562318368184
2177	22.591627324860834
2178	22.58480124855826
2179	22.583771786071928
2180	22.581655773010727
2181	22.576097189014735
2182	22.56707216281067
2183	22.562019360534904
2184	22.557248400986847
2185	22.547253260535932
2186	22.53575094875184
2187	22.532186864129578
2188	22.526244260675313
2189	22.525890231388495
2190	22.523596902571022
2191	22.52207252833538
2192	22.518589867436287
2193	22.50884674007647
2194	22.502787382523834
2195	22.494814113354714
2196	22.489494105439398
2197	22.48414532263636
2198	22.48253279595415
2199	22.481314283379643
2200	22.477036032234142
2201	22.47669323213362
2202	22.473102529764137
2203	22.47011534140169
2204	22.46075895525187
2205	22.455905800918064
2206	22.444816859920202
2207	22.44024125972994
2208	22.43880473829172
2209	22.43478672909688
2210	22.434280447484145
2211	22.426089198114028
2212	22.423361302717204
2213	22.411530038636144
2214	22.40696635647498
2215	22.40029186421452
2216	22.394623516578665
2217	22.38501332010821
2218	22.379588600527903
2219	22.378208783188573
2220	22.375818251933886
2221	22.3629499702293
2222	22.359685278346443
2223	22.355406030277717
2224	22.353188379425443
2225	22.351825067951278
2226	22.350601393934024
2227	22.34705895877985
2228	22.344830275311843
2229	22.339407374982695
2230	22.328672249811444
2231	22.321807744940592
2232	22.317440288402125
2233	22.311405144893367
2234	22.304326680188534
2235	22.29713646758961
2236	22.290490422168634
2237	22.287194367848
2238	22.28486519627574
2239	22.26586131144216
2240	22.265858651528827
2241	22.260407531188715
2242	22.25036707681371
2243	22.24950529011486
2244	22.249410559846066
2245	22.234655831281295
2246	22.221771450577503
2247	22.221770420085647
2248	22.221770191148064
2249	22.22177003305919
2250	22.212868781408584
2251	22.212778130529884
2252	22.206666552934745
2253	22.19120762597993
2254	22.185187025003646
2255	22.184132527524543
2256	22.18099591593915
2257	22.168264354213935
2258	22.165095113519552
2259	22.164497675242824
2260	22.164497058160084
2261	22.162945183522176
2262	22.161609465043732
2263	22.16072932589519
2264	22.155516209481604
2265	22.15259262813644
2266	22.134444317267242
2267	22.12825036087071
2268	22.12321742028882
2269	22.120830972162228
2270	22.117689923453533
2271	22.11415979521035
2272	22.099122116630237
2273	22.098132482540354
2274	22.094245838507433
2275	22.08192643292226
2276	22.08192587688134
2277	22.07357060044648
2278	22.072522485976172
2279	22.060646033958285
2280	22.059645639247364
2281	22.058169041671356
2282	22.058127522323694
2283	22.05719728580772
2284	22.044655067999553
2285	22.04023974180831
2286	22.03097455409637
2287	22.030743474663733
2288	22.03035899510986
2289	22.021543193256836
2290	22.007826801513605
2291	21.99539456352291
2292	21.983960216786794
2293	21.978388477913896
2294	21.96722064264396
2295	21.95541238710214
2296	21.952508714010783
2297	21.945583664164086
2298	21.940379760632027
2299	21.939872739674115
2300	21.937124615314783
2301	21.930945814322737
2302	21.92737123230641
2303	21.927370544766156
2304	21.92300135681725
2305	21.915213461706383
2306	21.91113738397029
2307	21.89864648188113
2308	21.897368995523944
2309	21.891918089564122
2310	21.88757749535696
2311	21.87989404388246
2312	21.87804046987765
2313	21.86033862964048
2314	21.851281729756842
2315	21.84533419247824
2316	21.839739595334198
2317	21.839696285266175
2318	21.83495921733012
2319	21.83344209484748
2320	21.831364535482262
2321	21.823379774317242
2322	21.814929240613264
2323	21.81371997145308
2324	21.798934598722713
2325	21.795702988078713
2326	21.79039724190478
2327	21.7846622321707
2328	21.781838903499704
2329	21.781246644957054
2330	21.76911894436456
2331	21.760769827233794
2332	21.753174039080154
2333	21.752804469051476
2334	21.749789665418337
2335	21.747037570893603
2336	21.73859304130232
2337	21.732098368992766
2338	21.719894444551574
2339	21.716459840157732
2340	21.715853034798624
2341	21.7073671888802
2342	21.70540609388081
2343	21.696211632363365
2344	21.693711327340832
2345	21.691945675757147
2346	21.690475143168904
2347	21.684331478353823
2348	21.667060530490794
2349	21.660765872149394
2350	21.646729305259903
2351	21.640667891326792
2352	21.640063853548934
2353	21.640063852845465
2354	21.635251555913438
2355	21.630917505146037
2356	21.624890970314144
2357	21.616864721261315
2358	21.616838655655922
2359	21.61124601917533
2360	21.608157951108694
2361	21.603324785956158
2362	21.599805853816804
2363	21.59359781893911
2364	21.582737961469444
2365	21.57030774247104
2366	21.5634510781872
2367	21.560528460132186
2368	21.55385185687495
2369	21.552138708352235
2370	21.54446977119624
2371	21.536998394755678
2372	21.525106189524056
2373	21.52232891012788
2374	21.5084585462214
2375	21.502610077822627
2376	21.490581893037334
2377	21.490383432147247
2378	21.4816492032954
2379	21.48164821255765
2380	21.47740703089408
2381	21.477407030465585
2382	21.470255148616893
2383	21.467328536809337
2384	21.462519063545532
2385	21.45699725189854
2386	21.456997108306574
2387	21.450966580485307
2388	21.446482394077545
2389	21.43935782907371
2390	21.43017397122681
2391	21.427170776055778
2392	21.422485635768915
2393	21.412245243413384
2394	21.4088690175194
2395	21.40687671292303
2396	21.401515190702828
2397	21.392749726419122
2398	21.385696879947822
2399	21.373513930881483
2400	21.372712918230985
2401	21.36180312533281
2402	21.35350310715918
2403	21.349917245809444
2404	21.340332387109672
2405	21.340129560815573
2406	21.336128686424086
2407	21.33029979596665
2408	21.315144876172347
2409	21.3114035392373
2410	21.304210274783284
2411	21.292859164178513
2412	21.291916825041557
2413	21.279325331311558
2414	21.27451970985147
2415	21.266242884061523
2416	21.265060530280792
2417	21.253994855632833
2418	21.249136386105413
2419	21.241489084841408
2420	21.233377824570045
2421	21.22838589477569
2422	21.21608453854695
2423	21.211449634038747
2424	21.207439526381823
2425	21.19078990697129
2426	21.189421115122286
2427	21.187779686950428
2428	21.18263872261029
2429	21.181932737420585
2430	21.167173533960575
2431	21.167041310370685
2432	21.152755751056215
2433	21.149523410052655
2434	21.144236708720396
2435	21.136295273354822
2436	21.130566029843667
2437	21.125775381263345
2438	21.114425891342798
2439	21.11153153734639
2440	21.1038306944053
2441	21.100762353195307
2442	21.095718307680965
2443	21.091608087601216
2444	21.091060002851933
2445	21.074667759133305
2446	21.068130233246936
2447	21.063759688845487
2448	21.06099666640074
2449	21.058318768538825
2450	21.05497958396168
2451	21.051187614956223
2452	21.048364263792674
2453	21.046333064371662
2454	21.036748080872705
2455	21.02282866125496
2456	21.020125151725686
2457	21.016362618545283
2458	21.00806348332724
2459	21.006832488991094
2460	20.995872656710162
2461	20.990449449897355
2462	20.987937740389913
2463	20.982031666766183
2464	20.980259753604383
2465	20.966719978255785
2466	20.965540375284537
2467	20.945549211654154
2468	20.93629846920135
2469	20.92925347061399
2470	20.92434040809052
2471	20.924320325395502
2472	20.9085997406136
2473	20.901143440817062
2474	20.897265852562455
2475	20.88790445731705
2476	20.880662373371887
2477	20.867617130170057
2478	20.86761523265978
2479	20.86523669434529
2480	20.858054621236743
2481	20.85460182688204
2482	20.842930017135888
2483	20.84150583116718
2484	20.826219835548116
2485	20.824964686075518
2486	20.81564714209282
2487	20.81146759633514
2488	20.797604720962635
2489	20.78295611789351
2490	20.767989360828707
2491	20.767777420640492
2492	20.76629373427187
2493	20.764873417100723
2494	20.75803626842008
2495	20.755158590067694
2496	20.75331905390303
2497	20.74960429771155
2498	20.747710169649896
2499	20.739248992014407
2500	20.731410354163753
2501	20.725128988627098
2502	20.72151069684647
2503	20.704636814849433
2504	20.698988357248094
2505	20.69819503677477
2506	20.69181868973263
2507	20.687925454025365
2508	20.68434682585856
2509	20.66717470285782
2510	20.664101771847946
2511	20.653254232408013
2512	20.6416980553791
2513	20.635057176870255
2514	20.629234908994743
2515	20.624205006453238
2516	20.613251007416046
2517	20.59781577404951
2518	20.59653191759991
2519	20.59104705152863
2520	20.589971083912594
2521	20.587639098802974
2522	20.58541685586739
2523	20.58272067461911
2524	20.581118184144643
2525	20.566432799990377
2526	20.560187425673405
2527	20.557416879921966
2528	20.55612748374692
2529	20.52676760879847
2530	20.520557264450538
2531	20.520556463270665
2532	20.509703192722576
2533	20.50517266373867
2534	20.501485817002074
2535	20.491023228553257
2536	20.483402681118953
2537	20.469627494049544
2538	20.465618148645447
2539	20.463988158521975
2540	20.459938654703926
2541	20.45089851788972
2542	20.4469064353937
2543	20.446448122565723
2544	20.439473728284586
2545	20.432577525492132
2546	20.424352692857877
2547	20.421083542228832
2548	20.421075589043596
2549	20.41101618277639
2550	20.408513190012023
2551	20.40397081893384
2552	20.401321307575415
2553	20.389911451296907
2554	20.371788983198552
2555	20.37061106429927
2556	20.350957271281533
2557	20.347655235742785
2558	20.342687303747994
2559	20.336201602328718
2560	20.331820314306114
2561	20.328008306034768
2562	20.31464877201071
2563	20.29579329223218
2564	20.286719496383743
2565	20.280109485303353
2566	20.27595799276806
2567	20.267801515307614
2568	20.2668513622992
2569	20.25909782838891
2570	20.254520916251668
2571	20.25447586583433
2572	20.240172229099578
2573	20.22869625037009
2574	20.22367337707038
2575	20.219491957504452
2576	20.214200500655615
2577	20.212674311718438
2578	20.210468866131304
2579	20.196227024603203
2580	20.184142618332952
2581	20.169557571789515
2582	20.163105459520015
2583	20.154310512455986
2584	20.149551259189163
2585	20.141431093627748
2586	20.136329880186285
2587	20.13539175889355
2588	20.131215681509016
2589	20.130534367294466
2590	20.123470569696632
2591	20.119600216216288
2592	20.110170351903754
2593	20.08728945110241
2594	20.08011890358593
2595	20.074448110137737
2596	20.07305449994361
2597	20.0594806890584
2598	20.058465221999988
2599	20.055908213065244
2600	20.042643096347003
2601	20.034967511687974
2602	20.03214837003448
2603	20.025914206348798
2604	20.02009085543367
2605	20.013838132637524
2606	19.99616407476993
2607	19.99356674075899
2608	19.987370016455298
2609	19.9830270304407
2610	19.98089230321701
2611	19.98088170206262
2612	19.978004581758135
2613	19.967815107240487
2614	19.959637685614364
2615	19.95706089533368
2616	19.945474131166513
2617	19.935146366739044
2618	19.9239562263264
2619	19.914924258594926
2620	19.907308195957572
2621	19.893314696411107
2622	19.88956545548127
2623	19.881384850506507
2624	19.87298884016314
2625	19.865736631259438
2626	19.86487458246659
2627	19.85712927503075
2628	19.85589000761888
2629	19.847791106732362
2630	19.84475926573319
2631	19.838870755648383
2632	19.826669134275747
2633	19.817454039067538
2634	19.80514175782774
2635	19.80025428680513
2636	19.788573465198
2637	19.780211019549675
2638	19.774848579526722
2639	19.773788953786603
2640	19.766483078640228
2641	19.760169490704264
2642	19.755269048675498
2643	19.7517633462906
2644	19.742638883739403
2645	19.740846749395118
2646	19.740191003709775
2647	19.732725143890654
2648	19.72793040555734
2649	19.71089180290619
2650	19.704416442753917
2651	19.6967956727882
2652	19.686795352912227
2653	19.680854937461017
2654	19.674055388058218
2655	19.656179268816377
2656	19.64413709787683
2657	19.642050891794238
2658	19.63994167862321
2659	19.632618112368302
2660	19.626016802359704
2661	19.616908449504578
2662	19.61292927692156
2663	19.60615408421995
2664	19.596998939933364
2665	19.590805920680378
2666	19.58351394798205
2667	19.572430396369107
2668	19.570061210629586
2669	19.560842242415795
2670	19.548498524403918
2671	19.542682830298485
2672	19.531666274683616
2673	19.52652100305358
2674	19.51557373208812
2675	19.49779831899015
2676	19.485475947786483
2677	19.475341058534994
2678	19.46919953467
2679	19.46319577577367
2680	19.459742789593967
2681	19.45809867084255
2682	19.449362854619444
2683	19.438327013796304
2684	19.4212828528332
2685	19.416818778726565
2686	19.401674212672855
2687	19.392453212012253
2688	19.381393441382095
2689	19.37966105068087
2690	19.37188156089585
2691	19.36923368364861
2692	19.368488033790776
2693	19.367779059236707
2694	19.363049825675542
2695	19.351664413313067
2696	19.343853326433894
2697	19.339509495289484
2698	19.338227055378116
2699	19.32990535236124
2700	19.325648073098844
2701	19.319502279763565
2702	19.3072263600891
2703	19.29764588215407
2704	19.294294356461773
2705	19.28243789792841
2706	19.26564673346592
2707	19.26157741466846
2708	19.252150294406864
2709	19.249467763260274
2710	19.24636318836298
2711	19.241360575467706
2712	19.232457043803006
2713	19.201636540429377
2714	19.18431504976014
2715	19.17844690794665
2716	19.172283709147518
2717	19.164328138587052
2718	19.162891343819137
2719	19.151098952198065
2720	19.146069603437944
2721	19.141398027946057
2722	19.14127787312612
2723	19.133946054789522
2724	19.116287654412243
2725	19.109889930706363
2726	19.10660268247418
2727	19.093888009169817
2728	19.091359743210784
2729	19.087940401696343
2730	19.07488249897353
2731	19.061038071696245
2732	19.05577581803542
2733	19.031148936184568
2734	19.020468430503662
2735	19.01452922366274
2736	19.001729179337577
2737	18.997783192602046
2738	18.993408534821075
2739	18.98584274145241
2740	18.982058537001397
2741	18.9741903652042
2742	18.95810279249286
2743	18.955524847474297
2744	18.952692963059913
2745	18.93771513612232
2746	18.929022018650286
2747	18.927536356737264
2748	18.918479147876578
2749	18.915302545110407
2750	18.910408595376918
2751	18.900334438250844
2752	18.896216504949273
2753	18.8847146703872
2754	18.879703533612652
2755	18.877489403935847
2756	18.87302372724816
2757	18.865689358512817
2758	18.851840201378472
2759	18.84856402839607
2760	18.839933957039598
2761	18.839317551494695
2762	18.834724953644574
2763	18.82455784907562
2764	18.82358244794974
2765	18.814956817537375
2766	18.804698129728344
2767	18.79640799293043
2768	18.793563427104562
2769	18.783931329160826
2770	18.77453931084538
2771	18.750762555054497
2772	18.739040400021207
2773	18.735069543983716
2774	18.718094188218167
2775	18.707905024923157
2776	18.70122657789021
2777	18.694125446674697
2778	18.68472248357843
2779	18.67688299255169
2780	18.668750370042652
2781	18.66122481992694
2782	18.65877712729377
2783	18.6503219872337
2784	18.649529479861986
2785	18.646316168593625
2786	18.64066897099351
2787	18.634517229909196
2788	18.62841413143509
2789	18.616300633376998
2790	18.608737519653396
2791	18.590331172267422
2792	18.57993902873448
2793	18.561410774570906
2794	18.548705134517345
2795	18.54029330028481
2796	18.528046306057114
2797	18.520146880019425
2798	18.517709404848638
2799	18.49484588171153
2800	18.481734092552987
2801	18.478394641890407
2802	18.475939694477358
2803	18.46581514673867
2804	18.462005952640343
2805	18.461267577506373
2806	18.44806442225786
2807	18.447225811132054
2808	18.441736766884734
2809	18.438712411900042
2810	18.429493130112526
2811	18.420206618301528
2812	18.412630912788465
2813	18.402039196490875
2814	18.392234580027186
2815	18.388636972754366
2816	18.380108165895194
2817	18.36672686546451
2818	18.347814819343203
2819	18.34627337456931
2820	18.340711594603096
2821	18.33630739466433
2822	18.328122847049826
2823	18.31521107508471
2824	18.309627688553103
2825	18.304874782083008
2826	18.299522603274244
2827	18.29174308347525
2828	18.28305099263792
2829	18.27272346955649
2830	18.261131971728982
2831	18.25154805556249
2832	18.243240729481133
2833	18.22887077621852
2834	18.21317546598865
2835	18.194253531687764
2836	18.191600985986916
2837	18.18336146058
2838	18.174129218201426
2839	18.167662600421632
2840	18.16485748871062
2841	18.15437650335854
2842	18.143776525666777
2843	18.141650799167433
2844	18.1346202206405
2845	18.114464574136495
2846	18.110508705454112
2847	18.096296671288602
2848	18.09025663102617
2849	18.07807898742205
2850	18.067038460611478
2851	18.06503643486313
2852	18.054802433720372
2853	18.03739332381271
2854	18.03126779679398
2855	18.021874973263902
2856	18.020541874962948
2857	18.01271388880876
2858	18.01271352097433
2859	18.000406454388592
2860	17.981675239557635
2861	17.96620499913632
2862	17.95518211572362
2863	17.948464309112367
2864	17.94367141624428
2865	17.936651149716226
2866	17.92397624509706
2867	17.912184126567762
2868	17.900299234924002
2869	17.888686179707083
2870	17.880548530829554
2871	17.877857384477288
2872	17.871004843474793
2873	17.86814359368797
2874	17.865545704567165
2875	17.860292183460295
2876	17.850216686442376
2877	17.843302040451615
2878	17.835037832754853
2879	17.827253478931244
2880	17.813934722345177
2881	17.79618796582205
2882	17.794344051859632
2883	17.783493099147986
2884	17.779910606186828
2885	17.776138194703165
2886	17.74813315401989
2887	17.732096370976556
2888	17.7205178046209
2889	17.715678947506984
2890	17.7083449347072
2891	17.69900523684889
2892	17.696939666230584
2893	17.68549157884957
2894	17.680234303382456
2895	17.67759516111828
2896	17.673949021437735
2897	17.666593184714994
2898	17.665073114052745
2899	17.658117153583177
2900	17.642633398597926
2901	17.626719827691957
2902	17.618498236807387
2903	17.610016962381692
2904	17.605018586481503
2905	17.5970995202727
2906	17.592064618230026
2907	17.59051296090893
2908	17.57083612453082
2909	17.563116501580463
2910	17.549806513894744
2911	17.54049462041663
2912	17.53562469622545
2913	17.525101401470682
2914	17.52354494252146
2915	17.50949672218345
2916	17.492425699538384
2917	17.48842936039401
2918	17.47333832288339
2919	17.472690340655387
2920	17.46312994678508
2921	17.449232009943337
2922	17.435874208138255
2923	17.41832995767657
2924	17.408355749854326
2925	17.406387850091065
2926	17.397564301429313
2927	17.382621950334148
2928	17.377201667022153
2929	17.364728240028406
2930	17.355124124848615
2931	17.34718825074991
2932	17.34019773846942
2933	17.33462681887488
2934	17.3332155869766
2935	17.325963228801875
2936	17.323744703995434
2937	17.31988170177986
2938	17.31114756266883
2939	17.306789102013884
2940	17.292673786637135
2941	17.288584483936877
2942	17.258474570479052
2943	17.250243552043898
2944	17.23719653884861
2945	17.233973724537414
2946	17.215494938420274
2947	17.209428849223134
2948	17.194479885205837
2949	17.181067170687285
2950	17.1784339977089
2951	17.174588256583963
2952	17.16308954401336
2953	17.157276032209147
2954	17.14599135584035
2955	17.13748921871892
2956	17.13602341988383
2957	17.124225120614405
2958	17.11832294042855
2959	17.11496997668826
2960	17.111616260273944
2961	17.092738896482555
2962	17.082136037402428
2963	17.071879620926463
2964	17.068532445468133
2965	17.06454113968668
2966	17.055251810708125
2967	17.046357281857162
2968	17.039672216075733
2969	17.020927650496958
2970	17.003397593252203
2971	16.989269509170672
2972	16.979800753739195
2973	16.969716155717798
2974	16.962989410052344
2975	16.9591274146431
2976	16.95437776079516
2977	16.951819020939514
2978	16.939987921311012
2979	16.92677317484975
2980	16.92178856602398
2981	16.90870873999337
2982	16.90631115714994
2983	16.90455957947781
2984	16.882990622212123
2985	16.878333005533484
2986	16.87380735476277
2987	16.869879537364216
2988	16.86399866191634
2989	16.858488717525596
2990	16.849540279327364
2991	16.840198637632803
2992	16.829375685837753
2993	16.803638033853186
2994	16.798800472141217
2995	16.79053210909497
2996	16.788167911927214
2997	16.785040242393144
2998	16.774531072661986
2999	16.765057059947093
3000	16.75605762436041
