1	405.1576752457143
2	392.480976306072
3	388.5858783122841
4	378.4679882200152
5	369.51107082145796
6	362.93734239216883
7	357.7070247241127
8	355.7785422667641
9	349.33127825576145
10	344.8648175319089
11	339.3580038861939
12	336.19098360545854
13	333.3645719222815
14	329.3679188851832
15	326.5856527055986
16	322.9424945419215
17	318.58700170719743
18	313.7943999868969
19	308.3340880730984
20	304.3728857664435
21	300.62137963327916
22	295.8907855949071
23	291.1046337662041
24	288.6517531990063
25	286.23836900441313
26	280.9895890389459
27	279.5488365023292
28	278.18952176227464
29	274.7671592546639
30	274.22672494151715
31	272.5257698855942
32	270.951265200509
33	268.89672454213553
34	268.0532184326995
35	265.4639017128719
36	263.79149643770324
37	260.87860053126025
38	259.0248883919156
39	257.67703706401454
40	256.4844807397847
41	255.79688002376346
42	255.15091140233133
43	253.4211723502823
44	251.5926219897065
45	250.03154648670485
46	249.15382081858115
47	248.24682782213569
48	244.78713969029184
49	243.18376973729562
50	242.69539050436163
51	241.93742102908448
52	241.13415016033372
53	239.94543641781294
54	238.49919731623115
55	236.39274029446992
56	235.68903930543868
57	235.13229536572635
58	232.45496721904746
59	230.8257213436215
60	228.47869017220344
61	227.000434947829
62	225.83377949450832
63	225.30096111866905
64	225.03762364584043
65	223.90400241364586
66	222.57773017885964
67	221.92329169479157
68	220.13311174974154
69	218.320901086484
70	218.2543154602867
71	216.5155569851648
72	215.4057517353601
73	215.04062714258282
74	214.58819960097307
75	213.86461376233845
76	212.79254042270946
77	211.4070948713193
78	209.29444201218675
79	208.91490772131783
80	207.36507804214702
81	207.24436573076932
82	206.1256132005068
83	206.1256132005068
84	205.93784029748969
85	204.32989271390616
86	203.02739740082657
87	200.18956968826626
88	199.3166201538845
89	198.03392049540926
90	195.968818817135
91	195.96457625906612
92	194.83144498692835
93	194.54612313674448
94	194.54612313674448
95	193.73367214298307
96	192.46271081229352
97	192.26403697199967
98	191.17247607813826
99	189.95963031088615
100	189.76418445152134
101	189.64336430452056
102	188.61833086981434
103	187.29821200616638
104	187.20038346572184
105	186.31467366037342
106	185.72210272732198
107	184.30781198105356
108	184.10555503236708
109	183.99523267810113
110	183.74581496116662
111	183.33588829562834
112	182.49423348942773
113	181.6955682027839
114	181.3268646089987
115	180.01662115780712
116	178.35937803386167
117	177.57771901876512
118	176.72786687817043
119	176.45490548514604
120	175.32338223226455
121	175.08322162133433
122	174.03082552383972
123	173.81670988771393
124	172.27226200914603
125	170.48269971875155
126	170.01343201726257
127	168.4489039590412
128	168.12859205019933
129	167.3936119109868
130	167.2938623584027
131	167.2459782521895
132	166.79035735917677
133	166.44620617199914
134	166.2292579310425
135	165.97066423859744
136	165.0987685816013
137	164.99247651436391
138	164.80730602765547
139	164.80730602765547
140	164.5603488607724
141	163.88376416984616
142	163.75965349231944
143	163.39421288692898
144	162.55779700684084
145	161.7454675820487
146	161.54653050814608
147	160.76474394174167
148	160.7597112406383
149	160.24404977543557
150	160.0080391360729
151	158.91181571373855
152	157.97176548092435
153	157.41624101605666
154	156.9185060655885
155	156.12182173182663
156	155.98677270357672
157	155.142241740683
158	154.34144395895635
159	153.66301193148277
160	152.69659401320342
161	151.85641868212744
162	151.00902107265122
163	151.00902107265122
164	150.42204171613204
165	150.42204171613204
166	149.53617223015817
167	149.51603977973448
168	148.9557257164598
169	148.6306751013208
170	147.61555151343163
171	147.13458851017757
172	146.75866087315995
173	146.46286381133947
174	146.09944706807303
175	145.33654827657077
176	144.2332914227537
177	144.1267838819769
178	143.03959812599908
179	143.03959812599908
180	142.73816405313102
181	142.47036188247804
182	142.2381197026448
183	141.70097492092756
184	141.33502815427448
185	141.33502815427448
186	140.83814426389623
187	140.1828353687652
188	140.11752275001035
189	139.8657574000623
190	139.70108643224174
191	139.1530787387412
192	137.52815321463092
193	136.57087367587764
194	136.49279787214292
195	136.49279787214292
196	136.06757470128673
197	135.44350915351328
198	134.8386279319701
199	134.54283874441484
200	133.74688554721837
201	133.74688554721837
202	132.96621305448085
203	132.5580804330393
204	132.20730071236787
205	132.1223914239593
206	131.42495418832377
207	131.34758657961115
208	131.2720839728926
209	131.2720839728926
210	130.79328998835012
211	130.79328998835012
212	129.3718846036197
213	129.3718846036197
214	129.08482011441168
215	128.99232504902997
216	128.65337135127348
217	128.02850898439723
218	127.81048829192017
219	127.62368489007267
220	127.29563866338466
221	126.81238014823127
222	125.95753660768787
223	125.73204291573371
224	125.65477621935922
225	125.61605843245574
226	124.98560098929224
227	124.10103095252171
228	123.89615098966709
229	122.9890776653555
230	122.8771878136216
231	122.56555042802107
232	122.15531081661648
233	122.15531081661648
234	122.15531081661648
235	121.96130504935509
236	121.1281053257216
237	121.00188065010894
238	120.89977446584416
239	120.69143568480352
240	120.69143568480352
241	120.69143568480352
242	120.55602358476322
243	120.32158770662963
244	120.32158770662963
245	118.97343751365143
246	118.25408365038939
247	118.0570647358512
248	117.97342730274345
249	117.93242399636627
250	117.93242399636627
251	117.73575348470713
252	117.64715152756554
253	117.64715152756554
254	117.51869612631776
255	117.40074011819712
256	116.8241608760534
257	116.7159147895892
258	116.66080987922102
259	115.84582863224935
260	115.73886586030497
261	115.669723183016
262	115.669723183016
263	115.669723183016
264	115.33753782495371
265	115.26011913841484
266	115.26011913841484
267	115.1869114467079
268	114.78574222030554
269	114.43335495722698
270	114.42639185260558
271	114.42639185260558
272	114.42639185260558
273	114.17723441402683
274	113.43573009633066
275	113.14165907472328
276	113.13316077479384
277	113.13316077479384
278	112.62731559802499
279	112.34599817688785
280	112.15316458806063
281	111.14247842187292
282	111.04945542128232
283	110.90344762649347
284	110.78364825416038
285	110.45019535587502
286	110.34831957500485
287	110.1189765832887
288	109.590366854804
289	109.590366854804
290	108.80039254033143
291	108.80039254033143
292	108.55116817487428
293	108.36166997447829
294	108.1648706630342
295	107.77757452158112
296	107.66319704001245
297	107.55749410756214
298	107.19309146390553
299	107.08234290989077
300	107.08234290989077
301	107.08234290989077
302	106.95328412552178
303	106.95328412552178
304	106.78660313942113
305	106.30102858332982
306	106.00722965041516
307	106.00722965041516
308	105.72212187575789
309	105.53210912602316
310	105.4929115737316
311	104.99441093409155
312	104.99441093409155
313	104.99441093409155
314	104.99189699337578
315	104.90471892828926
316	104.86259575850009
317	104.81519926953891
318	103.8355817599407
319	103.38763800115649
320	103.1678783904757
321	102.80568481610504
322	102.50533301085062
323	102.03879599898815
324	101.93137581283068
325	101.66487486731315
326	101.42411130308902
327	101.29949456767625
328	101.03771105182412
329	100.73661362696177
330	100.61682473862211
331	100.32823415666537
332	99.7886364580397
333	99.660400170595
334	99.62585052585092
335	99.34047708464348
336	99.30517821225973
337	98.87111263879245
338	98.8322396972569
339	98.8322396972569
340	98.73949937911499
341	98.50978466274964
342	98.50978466274964
343	98.43738699423527
344	98.39774855838183
345	98.2747528152406
346	97.9719291507426
347	97.82573102965326
348	97.7171049723327
349	97.67489771791267
350	97.67489771791267
351	97.0171014653088
352	96.88698080405477
353	96.56612504177771
354	95.68048404416461
355	95.59054097369271
356	95.09959237512716
357	94.94571747449767
358	94.44213401131505
359	94.39721698071905
360	94.29519091983938
361	94.29519091983938
362	94.08356400313053
363	94.08356400313053
364	94.05524599841155
365	93.95731471986879
366	93.95037750437717
367	93.9458070925576
368	93.9458070925576
369	93.61071032221207
370	92.45254974967386
371	91.88534897388028
372	91.77681798518894
373	91.75338983728753
374	91.75338983728753
375	91.71322285414105
376	91.71322285414105
377	91.55950836765173
378	91.38949617835243
379	91.22201596870688
380	90.81372900336437
381	90.7798059209392
382	90.69012960555818
383	90.51372600816218
384	89.96568310741145
385	89.90408553072037
386	89.87546161178895
387	89.63626047344958
388	89.54778450704823
389	88.75317290035007
390	88.38619331699996
391	88.20641824621147
392	88.20641824621147
393	88.02612879726603
394	88.02612879726603
395	87.96010217372265
396	87.63335828358362
397	87.56452565744715
398	87.42104578846595
399	87.0249431956545
400	86.77130185153895
401	86.17325886961672
402	86.14232469906246
403	85.99361177472548
404	85.95171447382981
405	85.95171447382981
406	85.90679372191582
407	85.63871689772954
408	85.46830283071776
409	84.91425898784641
410	84.70590646675848
411	84.61124454908538
412	84.58707826816918
413	84.29802411734964
414	84.29802411734964
415	84.29802411734964
416	84.13506685780027
417	83.99725433812154
418	83.99651814911066
419	83.99651814911066
420	83.58325700532315
421	83.5573263987716
422	83.55475458260976
423	83.55475458260976
424	83.55475458260976
425	83.52841661628625
426	83.52841661628625
427	83.14953233436033
428	83.14953233436033
429	82.5131880880691
430	82.5131880880691
431	82.43395656531801
432	82.37894511674148
433	82.11970866647489
434	82.07634585645916
435	82.07634585645916
436	82.07634585645916
437	81.85016235863395
438	81.85016235863395
439	81.85016235863395
440	81.85016235863395
441	81.84532038209483
442	81.4985661073088
443	81.4941236388964
444	81.4941236388964
445	81.4310816206924
446	81.4310816206924
447	81.4310816206924
448	81.37511521866062
449	81.24256458499978
450	81.19940306837188
451	81.12238527605649
452	81.10772099862668
453	81.10068579547314
454	81.0143460619401
455	80.86583270390597
456	80.74093550090899
457	80.74093550090899
458	80.29253047729753
459	80.25512020841481
460	80.25512020841481
461	79.953097759874
462	79.8554780385629
463	79.8554780385629
464	79.8554780385629
465	79.75756494691399
466	79.63003363167199
467	79.63003363167199
468	79.54389561670561
469	79.54389561670561
470	79.54389561670561
471	79.4918910471525
472	79.35017565000022
473	79.21250006665274
474	79.10846733084358
475	78.63416821085808
476	78.22629128364275
477	77.99461660190543
478	77.99461660190543
479	77.99461660190543
480	77.5380524694284
481	77.5380524694284
482	77.21495686663525
483	77.0044509348297
484	76.88844175993712
485	76.66805589430855
486	76.66805589430855
487	76.39932506623488
488	76.39775802381982
489	76.28224731317277
490	76.15597211874892
491	76.14665533801775
492	76.06464656206539
493	76.04251754448292
494	76.04251754448292
495	75.92131183401656
496	75.92131183401656
497	75.92131183401656
498	75.58450594806108
499	75.33260756988899
500	75.29789293822888
501	75.28779723268437
502	75.26582688740224
503	75.20113304526862
504	75.20110848871273
505	75.13971667616097
506	74.80776769848173
507	74.63318873940743
508	74.6099709451426
509	74.6099709451426
510	74.40752527397366
511	73.8386837579349
512	73.59628345068627
513	73.44953926815633
514	73.34314129023792
515	73.14281210609282
516	73.12120593110443
517	72.76239032965711
518	72.68666424924173
519	72.65138744521886
520	72.65138744521886
521	72.65138744521886
522	72.62980921948464
523	72.22736805743885
524	72.12374808015764
525	71.72465245569282
526	71.69751289199121
527	71.34107761465407
528	71.13420854154032
529	70.9574850564472
530	70.9363618641798
531	70.93120087191099
532	70.87880280543818
533	70.70844267228891
534	70.61627597141099
535	70.51892273612488
536	70.45141522701167
537	70.38099679917653
538	70.28404331459495
539	69.89081016268713
540	69.57502750043086
541	69.40176043635388
542	69.40176043635388
543	69.40176043635388
544	69.35603859621489
545	69.27410812050694
546	69.224279890114
547	69.224279890114
548	68.99491136319777
549	68.99491136319777
550	68.96660038095956
551	68.95001220623445
552	68.93827299071746
553	68.9344401347797
554	68.7453879544498
555	68.71436479271708
556	68.5832885648653
557	68.5832885648653
558	68.5322566774736
559	68.41958600554065
560	68.37541639539344
561	68.224441904662
562	68.19239359931782
563	67.89005224744577
564	67.73822062892074
565	67.73822062892074
566	67.56555658660672
567	67.38954976293624
568	66.71456984402364
569	66.71456984402364
570	66.71456984402364
571	66.71169482508343
572	66.71169482508343
573	66.60289997524045
574	66.54641355951736
575	66.54641355951736
576	66.52745885717064
577	66.47576324702244
578	66.47576324702244
579	66.47498085015985
580	66.47498085015985
581	66.36230207920171
582	66.36099950240029
583	66.36099950240029
584	66.17058852337146
585	66.0341780037393
586	66.0341780037393
587	66.0340177053534
588	66.0340177053534
589	65.9455078675243
590	65.91741257063599
591	65.89477260688979
592	65.84136555450408
593	65.84136555450408
594	65.73082300700493
595	65.3275956228623
596	65.3275956228623
597	64.9864062095542
598	64.78096438765512
599	64.51696498729036
600	64.36624724447502
601	64.06597659691444
602	63.91247473435963
603	63.91247473435963
604	63.88796405962919
605	63.82038934488296
606	63.817098183928
607	63.74220834125042
608	63.74220834125042
609	63.740155608721665
610	63.740155608721665
611	63.63917822970406
612	63.63350662882548
613	63.60437222767779
614	63.23763729573757
615	63.23763729573757
616	63.21021206314804
617	63.114530717065314
618	62.79193164994044
619	62.79181468175626
620	62.63708101241871
621	62.45631231029368
622	62.41996728653821
623	62.41939042178422
624	62.417126757899766
625	62.293955459131396
626	62.29381519666683
627	62.1534721765979
628	61.99816910072884
629	61.99602605951011
630	61.91986858304077
631	61.90555905326443
632	61.81868231465538
633	61.79840454077745
634	61.79840454077745
635	61.78068702925221
636	61.43418780886334
637	61.433173249187
638	61.433173249187
639	61.35705529097978
640	61.31024682836768
641	61.16879201114558
642	61.038808628083366
643	61.00200517576601
644	60.908472897570306
645	60.908472897570306
646	60.871326499228665
647	60.69268018978458
648	60.49385508436231
649	60.386967503087725
650	59.968665785843996
651	59.833095434792924
652	59.833095434792924
653	59.397790754014935
654	59.29162480651921
655	59.23534048265848
656	59.22217533165163
657	59.10694991846113
658	59.10588497695506
659	59.10588497695506
660	59.09808015209953
661	59.05459884423796
662	58.97313781551164
663	58.8050899389654
664	58.8040476535022
665	58.80384260165803
666	58.756242032707696
667	58.75215295371071
668	58.30076185941912
669	58.30076185941912
670	58.226797130046045
671	58.22286131478044
672	58.15145352836734
673	57.97416192747914
674	57.71793156827359
675	57.642662475331605
676	57.53715698037978
677	57.53665512461328
678	57.52630658662762
679	57.4351993568854
680	57.10321219827785
681	56.51414931057191
682	56.512494152960876
683	56.5033544084741
684	56.42965457568327
685	56.14697457828537
686	56.123521522979715
687	56.12343683386371
688	56.10950664850328
689	56.101556784713
690	56.00897566000108
691	55.56738954615412
692	55.56738954615412
693	55.56738954615412
694	55.544893880388216
695	55.54345330148055
696	55.54193984453218
697	55.530873239519906
698	55.52521527157945
699	55.39376537633255
700	55.31951562111134
701	55.29817318037137
702	55.206018484881085
703	55.18374395597553
704	55.156561738111314
705	55.140857639157076
706	55.06142795002105
707	54.76556597205788
708	54.56390159987629
709	54.340118576766045
710	54.116773647403285
711	54.06506099779804
712	53.976438574174466
713	53.976438574174466
714	53.9480118718794
715	53.698728849370966
716	53.64235263592085
717	53.51494376331443
718	53.29831547374464
719	53.23686031586338
720	53.15602018435471
721	52.97483673200798
722	52.89353053203733
723	52.85682615808297
724	52.85682615808297
725	52.85681326840402
726	52.798713435737376
727	52.747366317103705
728	52.657084123891046
729	52.6540686162311
730	52.351460286770546
731	52.29166228243811
732	52.29166228243811
733	51.960278147290445
734	51.960277863741226
735	51.84782478314618
736	51.84782478314618
737	51.78650998180084
738	51.67330838283652
739	51.67254455233603
740	51.55195399322987
741	51.55195399322987
742	51.53167613850959
743	51.14595190832688
744	51.1392097068424
745	51.138511217706984
746	51.13604295010121
747	50.99089855669898
748	50.99089855669898
749	50.71968398425732
750	50.70459382524997
751	50.64179481033178
752	50.50489668072573
753	50.3772377744989
754	50.278697235642724
755	50.27867535570601
756	50.27867535570601
757	50.08613261718101
758	49.95577053797588
759	49.93877442378381
760	49.937505255402215
761	49.93642233906873
762	49.93642233906873
763	49.91151102380425
764	49.887203555178615
765	49.68418656865041
766	49.607302599948035
767	49.30982121840655
768	49.30982121840655
769	49.30968452983561
770	49.297267134714644
771	49.297267134714644
772	49.13305369605162
773	49.12373480461977
774	49.11349939592722
775	49.07047433447222
776	49.07047433447222
777	49.07047433447222
778	48.931863287450064
779	48.92489866359043
780	48.9248654238838
781	48.9248654238838
782	48.550461679006084
783	48.499639280469545
784	48.234102665997845
785	48.23406116869505
786	48.17768098443374
787	48.17768098443374
788	48.1768595155478
789	48.075396022321
790	48.03970078884551
791	47.920985500443024
792	47.791054074658206
793	47.707813481061415
794	47.681663519341846
795	47.63084630046918
796	47.447398435107715
797	47.44730405134815
798	47.280257800670434
799	47.27832013635772
800	47.23385259787938
801	47.06321047363235
802	47.03891472874514
803	47.01477357078573
804	46.97243016777203
805	46.90292716687495
806	46.857209629166995
807	46.857209629166995
808	46.781890467509264
809	46.69413939075988
810	46.64018322185127
811	46.40380983347136
812	46.40380983347136
813	46.40380983347136
814	46.17723682456081
815	46.158345361790545
816	46.15755171755471
817	46.008066956950266
818	45.68422055366698
819	45.684210083100304
820	45.67894466659198
821	45.56927504825037
822	45.53076235632344
823	45.53073269559236
824	45.49055800614216
825	45.36714568436831
826	45.367143078588974
827	45.36289139538708
828	45.14519724227914
829	45.10558752370064
830	45.0878294055801
831	45.07000492977938
832	44.83905823583539
833	44.82475958530071
834	44.70032530274995
835	44.70032134046572
836	44.686032539656395
837	44.630936575734204
838	44.623031107975365
839	44.60547130489852
840	44.5915675692252
841	44.554679378568544
842	44.400382127254495
843	44.393955522823354
844	44.37026163009079
845	44.354490801778034
846	44.35447307292971
847	44.35021844855434
848	44.102679696253496
849	44.062381180746996
850	43.98067105742213
851	43.918256187457004
852	43.71783288299682
853	43.688313029853994
854	43.688313029853994
855	43.59870399293946
856	43.59870399293946
857	43.45223986048451
858	43.27389146987882
859	43.27389146987882
860	43.229890197755324
861	43.22061918718792
862	43.17129264468196
863	43.17129264468196
864	42.95881688402847
865	42.776352346772654
866	42.5018949131296
867	42.45153822205078
868	42.425240541673894
869	42.406374531028945
870	42.31077090996679
871	42.31077090996679
872	42.30641575163801
873	42.30637484321622
874	42.306003587722905
875	42.30599117890011
876	42.23261080421251
877	42.22665725481378
878	42.22665725481378
879	42.1488404101865
880	42.114110332457436
881	41.88974756867638
882	41.849677632630076
883	41.84871113909299
884	41.74871044399467
885	41.74862967688566
886	41.59991180938234
887	41.599901353236675
888	41.543188117001456
889	41.45293608165017
890	41.45293608165017
891	41.45108089728008
892	41.40033672563575
893	41.36487272760122
894	41.28123935065466
895	41.261100447133636
896	41.26109919227679
897	41.11277002662817
898	41.11277002662817
899	41.09078966524054
900	41.053470956151166
901	41.023433089735256
902	41.02337703470935
903	41.01203782228904
904	41.010044717008775
905	41.010044717008775
906	41.003894045602195
907	40.82302461959457
908	40.801320180378156
909	40.68789481525043
910	40.68758661830131
911	40.68576884586048
912	40.67800371298179
913	40.67800371298179
914	40.67376463802581
915	40.597470968134374
916	40.59741059331691
917	40.58755139922637
918	40.57517741206716
919	40.57514017079314
920	40.44661044736683
921	40.44171660656375
922	40.22401456332988
923	40.22209103221525
924	40.1095414155549
925	40.01144773612246
926	40.01144773612246
927	39.95643136036186
928	39.95643136036186
929	39.95643136036186
930	39.95643136036186
931	39.95643136036186
932	39.92025249138031
933	39.92020803734521
934	39.90875701178769
935	39.81270562679228
936	39.67570887943801
937	39.62573970776375
938	39.60740979078846
939	39.60739870236146
940	39.55533084541716
941	39.49847965137168
942	39.49659186714255
943	39.43713202038825
944	39.436545747003684
945	39.436545747003684
946	39.41174167537118
947	39.32209089574098
948	39.12718472436481
949	39.090875173235126
950	38.88955212614635
951	38.88854294292944
952	38.88854294292944
953	38.801954143884906
954	38.80177444081192
955	38.80167625737372
956	38.8007626881737
957	38.730061270852275
958	38.730061270852275
959	38.718114699367604
960	38.60834003918989
961	38.5091185949511
962	38.14252922611877
963	38.142523765132296
964	38.131168628254606
965	38.12103915264892
966	38.11406619151932
967	38.07242655367593
968	37.945098409035126
969	37.94493590653916
970	37.78548218025212
971	37.78226598517763
972	37.78174873627204
973	37.78044317386035
974	37.77504906059435
975	37.751253747023135
976	37.751212440960906
977	37.64816709038031
978	37.51584781314454
979	37.457595300297854
980	37.27520154392011
981	37.27520154392011
982	37.27482042766804
983	37.183389181115054
984	37.13426068961458
985	37.134205788170746
986	37.12481859918687
987	37.124163128526966
988	36.9762388119012
989	36.91190901972555
990	36.71261706515151
991	36.611044771541955
992	36.490879572033506
993	36.45033368306773
994	36.239948465395564
995	36.23994778350964
996	36.23994778350964
997	36.14682779208765
998	36.11942182299976
999	36.098630150478165
1000	36.08606057294272
1001	36.073159082705075
1002	35.94503540318097
1003	35.85935960030086
1004	35.83864052727745
1005	35.81120118991333
1006	35.811141981149284
1007	35.75492917528032
1008	35.75492917528032
1009	35.75492917528032
1010	35.74813812540363
1011	35.746579985630746
1012	35.74646401006923
1013	35.67093728330803
1014	35.670934192058674
1015	35.54748533754388
1016	35.54748529721007
1017	35.54745783814448
1018	35.46959647666661
1019	35.401243987862124
1020	35.39932087250529
1021	35.398922173064754
1022	35.398922173064754
1023	35.3910682386329
1024	35.38089001089408
1025	35.38088798545481
1026	35.21553072073831
1027	35.056457251288734
1028	34.90809398429816
1029	34.89600080590752
1030	34.83903120252616
1031	34.75448044630078
1032	34.74782305791039
1033	34.70487767003786
1034	34.633029375769546
1035	34.627421472709315
1036	34.56640648343258
1037	34.564821336133804
1038	34.523516790943255
1039	34.469046635096184
1040	34.419907683547514
1041	34.27369607740722
1042	34.19486174617435
1043	34.17938291854083
1044	34.101761760393494
1045	34.10168720617536
1046	34.10168720617536
1047	34.05544848210078
1048	34.05536003729833
1049	33.953875190746444
1050	33.95361669247298
1051	33.9456817270405
1052	33.94567916621889
1053	33.902016541576565
1054	33.902016541576565
1055	33.86535624485656
1056	33.86487607687338
1057	33.86467668880111
1058	33.81794895413006
1059	33.619794769248855
1060	33.60720344325905
1061	33.48343040238286
1062	33.28924346093238
1063	33.28913599309281
1064	33.28899703047092
1065	33.273408594655805
1066	33.237943339398335
1067	33.185560469844056
1068	33.17265782539227
1069	33.01670627832889
1070	32.86377260690766
1071	32.84882306899943
1072	32.787019342431414
1073	32.71507287473512
1074	32.675025597895214
1075	32.60383760075735
1076	32.599596618774996
1077	32.5959597701488
1078	32.5695348718372
1079	32.56951229644366
1080	32.54891919820558
1081	32.38812244290949
1082	32.38812244290949
1083	32.3793328549074
1084	32.3791698042829
1085	32.3791698042829
1086	32.35858516137805
1087	32.26236958280583
1088	32.26236958280583
1089	32.26063620215415
1090	32.19763545466628
1091	32.05180364813325
1092	32.04910415038839
1093	32.0315144881828
1094	32.0315144881828
1095	31.92156399386044
1096	31.871285025468357
1097	31.85922138613578
1098	31.83745403725072
1099	31.717557509558883
1100	31.71747491032848
1101	31.595091304659487
1102	31.504671571824996
1103	31.244774304747345
1104	31.244773670672128
1105	31.23338267414352
1106	31.233376380598422
1107	31.079533945751685
1108	30.94942589149305
1109	30.948708659877912
1110	30.853096944822028
1111	30.853096944822028
1112	30.853096944822028
1113	30.78730059837001
1114	30.78729969154646
1115	30.738776211253704
1116	30.645723210441695
1117	30.52759870590725
1118	30.490500984699647
1119	30.368596563822745
1120	30.33755310644053
1121	30.333620261475378
1122	30.333617105960595
1123	30.30996276407227
1124	30.217908684790356
1125	30.217368493660263
1126	30.215874744256702
1127	30.010516705316206
1128	29.909581771534242
1129	29.909581771534242
1130	29.89326665677867
1131	29.893007359305656
1132	29.814273691217995
1133	29.781080666412773
1134	29.781080666412773
1135	29.715401932895613
1136	29.715401932895613
1137	29.596944659763622
1138	29.580253773375027
1139	29.57498693689566
1140	29.568204281065388
1141	29.567008528545728
1142	29.50730401745235
1143	29.50730389456375
1144	29.363400926445156
1145	29.326093960352235
1146	29.294309974759514
1147	29.24341392565514
1148	29.24341392565514
1149	29.18025587272721
1150	29.07406679478936
1151	29.02277543525479
1152	28.992820436486472
1153	28.930480709052464
1154	28.876484744392688
1155	28.859822553088332
1156	28.84833910227418
1157	28.806222582546532
1158	28.80548570788857
1159	28.797514245406
1160	28.753832262160707
1161	28.736691212173422
1162	28.66071802790115
1163	28.65786996702658
1164	28.64657300542207
1165	28.605147606686085
1166	28.593653463517963
1167	28.592834402273738
1168	28.465478041797965
1169	28.465472631184948
1170	28.387829871248602
1171	28.32934178237055
1172	28.098823090422513
1173	27.96171434922168
1174	27.884086776125983
1175	27.884086688118064
1176	27.879446670760945
1177	27.875791551982243
1178	27.784244637999336
1179	27.778112083884555
1180	27.678055267900927
1181	27.642500372013796
1182	27.642500372013796
1183	27.549098708151426
1184	27.54909375381476
1185	27.547486324466618
1186	27.4328356774787
1187	27.40470752544987
1188	27.307707846183146
1189	27.299944314669222
1190	27.2411257464954
1191	27.14076005946656
1192	27.055866010239008
1193	27.004817029824387
1194	26.980365022801834
1195	26.979821409210256
1196	26.955340136844438
1197	26.95294985014615
1198	26.9151815629819
1199	26.9151815629819
1200	26.896617998225068
1201	26.89661758163296
1202	26.754886344913746
1203	26.727151536135416
1204	26.727151509620615
1205	26.724338863329262
1206	26.72291216244255
1207	26.675465214911817
1208	26.669682470940874
1209	26.57222527987668
1210	26.57216994277578
1211	26.56568514280685
1212	26.508489617282137
1213	26.480197018272168
1214	26.405882391085495
1215	26.39545369166141
1216	26.338993302369747
1217	26.338983658290843
1218	26.307831732603365
1219	26.156337813868838
1220	26.14922227845114
1221	26.14922227845114
1222	26.135187177693897
1223	26.135187177693897
1224	26.11950150368504
1225	26.118631392393663
1226	26.05869281902506
1227	26.05869281902506
1228	25.955945283610962
1229	25.950882848999363
1230	25.95087515983817
1231	25.936223679160864
1232	25.92328821301924
1233	25.896622635889948
1234	25.81913831474806
1235	25.722312200726087
1236	25.559454220993253
1237	25.559454220993253
1238	25.459086623650876
1239	25.357440002401066
1240	25.354967483779276
1241	25.354958998157315
1242	25.33852656696704
1243	25.294074621347082
1244	25.268832887514048
1245	25.235044318090747
1246	25.088962624228103
1247	25.08096458773181
1248	25.00265608478239
1249	25.002650903824872
1250	24.946612209692873
1251	24.946602122322176
1252	24.946223719213624
1253	24.946223557135685
1254	24.784397606253073
1255	24.695877784380375
1256	24.546926734977532
1257	24.54692649141324
1258	24.519555402665386
1259	24.51947139146416
1260	24.408408940960147
1261	24.395701942884475
1262	24.395701616038068
1263	24.362593017154097
1264	24.362593017154097
1265	24.36236999184789
1266	24.357965680925716
1267	24.335961186385898
1268	24.312713247159664
1269	24.262059097592623
1270	24.18637488044607
1271	24.099345811565474
1272	24.099345811565474
1273	23.934456603173754
1274	23.778297306382687
1275	23.75152468450546
1276	23.735167116501422
1277	23.70643284662669
1278	23.699970944210676
1279	23.52865437328704
1280	23.507145093489612
1281	23.507145093489612
1282	23.507144715200592
1283	23.48669824703747
1284	23.46509502605053
1285	23.460464345508218
1286	23.448268062656606
1287	23.40424949451869
1288	23.3393115208233
1289	23.33916839099967
1290	23.338803260183827
1291	23.33793526513697
1292	23.30893373887056
1293	23.30882848209163
1294	23.30882848209163
1295	23.255439888076864
1296	23.25144717023126
1297	23.1853027367221
1298	23.185300249938223
1299	23.16870168911531
1300	23.09349305937094
1301	23.092809709362985
1302	23.071157385523705
1303	23.07115671362191
1304	23.015674316531577
1305	23.015672802484083
1306	22.975686805335986
1307	22.975582507497908
1308	22.963469839022356
1309	22.947740008152923
1310	22.92886641176045
1311	22.82579443512048
1312	22.82579443512048
1313	22.825783582894932
1314	22.7925480801108
1315	22.76518055978489
1316	22.7396110616463
1317	22.732529242991713
1318	22.646052050001586
1319	22.61369497909948
1320	22.60598123178899
1321	22.562634833240455
1322	22.55920346813887
1323	22.55920346813887
1324	22.52358952998098
1325	22.522556236857966
1326	22.44773185821638
1327	22.431386613820983
1328	22.410809399690088
1329	22.387170192292736
1330	22.249824846732672
1331	22.249525772865812
1332	22.151749818843918
1333	22.07924300811976
1334	22.079163924471388
1335	22.042322561772387
1336	22.00700079098554
1337	22.00683120374623
1338	22.00162887035571
1339	21.99032742505022
1340	21.965360363516062
1341	21.92263402663949
1342	21.922632549582325
1343	21.902878193674685
1344	21.902641959420347
1345	21.88798870158185
1346	21.86454956868512
1347	21.82191582395247
1348	21.80040133268907
1349	21.795590985020688
1350	21.795590985020688
1351	21.795584452367287
1352	21.795562893669185
1353	21.775762978374548
1354	21.671701970093796
1355	21.59313672217871
1356	21.59313564469839
1357	21.58133966490792
1358	21.581334807703
1359	21.581162259467565
1360	21.50974407379189
1361	21.38227884104325
1362	21.382278175309104
1363	21.2974141211697
1364	21.29631169106909
1365	21.2654815772487
1366	21.265469241849935
1367	21.264057481692557
1368	21.22808105578778
1369	21.228067588250774
1370	21.225165638893245
1371	21.16510276948128
1372	21.08665898351109
1373	21.086647819867046
1374	21.073311365835675
1375	21.073283063727626
1376	20.98853055520519
1377	20.93574477112708
1378	20.93553724688298
1379	20.916048094086307
1380	20.912024892950548
1381	20.889128710857356
1382	20.860319958593546
1383	20.8525238603043
1384	20.851556465726926
1385	20.83588425643214
1386	20.83588425643214
1387	20.775964084108516
1388	20.76308391025799
1389	20.76308313616487
1390	20.76308313616487
1391	20.714303280838127
1392	20.71399809113353
1393	20.705995836763183
1394	20.689377020344562
1395	20.68932639627528
1396	20.664499877989627
1397	20.663918838592373
1398	20.46293182568104
1399	20.442531941980544
1400	20.43616517105789
1401	20.392659203926563
1402	20.335002318977715
1403	20.280338412864896
1404	20.26876452171383
1405	20.268698706402766
1406	20.145346657932908
1407	20.104172098500783
1408	20.103996549506917
1409	20.09167693787458
1410	20.085887474539867
1411	20.077098009384756
1412	20.077046122702754
1413	20.068610593489595
1414	20.068570267261627
1415	19.983350318982037
1416	19.93834244783012
1417	19.89489881934566
1418	19.867696111111695
1419	19.84736341329496
1420	19.766910275348426
1421	19.75916931532826
1422	19.699089207235037
1423	19.69362634433381
1424	19.631593933391066
1425	19.617583473247013
1426	19.608102142204622
1427	19.553133730994702
1428	19.48244457287486
1429	19.480102423702697
1430	19.43152850917727
1431	19.431521579421595
1432	19.422837554802758
1433	19.39498966389565
1434	19.39281274724218
1435	19.375914396812348
1436	19.375914396812348
1437	19.33861702910546
1438	19.334307013215934
1439	19.27843955605122
1440	19.27594543023218
1441	19.27594539804669
1442	19.27594539804669
1443	19.099037151702813
1444	19.041946417333108
1445	19.028076115683504
1446	18.86803210948984
1447	18.758082968647567
1448	18.72550019875874
1449	18.724534001652753
1450	18.724424762240645
1451	18.724391862558438
1452	18.70995503114485
1453	18.702679134407994
1454	18.701440449309086
1455	18.69204826135712
1456	18.69188292821508
1457	18.69184475840119
1458	18.660270628303504
1459	18.660262834050126
1460	18.657693769028352
1461	18.56102688790728
1462	18.55438879118809
1463	18.548539000570575
1464	18.521624074654717
1465	18.49866790799049
1466	18.484458093137494
1467	18.457635903152365
1468	18.440251651186667
1469	18.39984173746826
1470	18.39450132824224
1471	18.357495976989632
1472	18.327887669077658
1473	18.251017724875112
1474	18.204836590930977
1475	18.200091790393746
1476	18.1662677361822
1477	18.14593640957775
1478	18.062809061764824
1479	18.05507496963656
1480	17.986524365751464
1481	17.986520274610818
1482	17.976463348008355
1483	17.937092150417545
1484	17.923182097539684
1485	17.92288934041871
1486	17.863500253368745
1487	17.81797039602461
1488	17.716562213805062
1489	17.716317692558206
1490	17.659673411188457
1491	17.609099215088122
1492	17.58353149766157
1493	17.564051679518677
1494	17.551074304334975
1495	17.534693293304873
1496	17.519105164788986
1497	17.424184507663252
1498	17.42165457314052
1499	17.414046450427193
1500	17.33569182476799
1501	17.250303608201758
1502	17.250163653840097
1503	17.208134004511127
1504	17.19888792146594
1505	17.164066710935554
1506	17.164066710935554
1507	17.137101859636907
1508	17.076600982854618
1509	17.07249527716393
1510	17.024962066703942
1511	17.024647976162917
1512	17.021965696637462
1513	16.968168097771393
1514	16.96808684462115
1515	16.858797804470466
1516	16.774042640857303
1517	16.690891876790182
1518	16.658075748801544
1519	16.639413267666992
1520	16.611229142593565
1521	16.527860114812018
1522	16.50819961246792
1523	16.46317198420147
1524	16.448754942688545
1525	16.443357821956216
1526	16.425595678447728
1527	16.389392494171283
1528	16.328310427578508
1529	16.328307668567543
1530	16.283324958816383
1531	16.282811610711864
1532	16.248658077110715
1533	16.19140365531045
1534	16.191276110377718
1535	16.117958762659637
1536	16.105688953603963
1537	16.09244328530607
1538	16.09174488189574
1539	16.08766012582357
1540	16.03942255590559
1541	16.03858733975238
1542	15.974304048848934
1543	15.878406343846452
1544	15.87755538182019
1545	15.873291528882357
1546	15.782929123989058
1547	15.735292678072472
1548	15.723982428525893
1549	15.710445890895368
1550	15.682714918994936
1551	15.648320690105804
1552	15.64683395015928
1553	15.646794295442005
1554	15.642642343344416
1555	15.642632052484323
1556	15.606815795615013
1557	15.584943640849035
1558	15.584940745515746
1559	15.569484024905174
1560	15.568971821670987
1561	15.544218508295122
1562	15.508840195219735
1563	15.464062825658129
1564	15.463896766760074
1565	15.462971127492738
1566	15.423829047078735
1567	15.39984768295538
1568	15.364163431974692
1569	15.33203011638285
1570	15.332015758362013
1571	15.332013768733134
1572	15.318768336431804
1573	15.303924838843734
1574	15.302872445117737
1575	15.302757860152841
1576	15.261019727196283
1577	15.15763117187531
1578	15.134103404332278
1579	15.133901336220953
1580	15.13383567360605
1581	15.071389281734637
1582	15.071378663963413
1583	15.022913696992383
1584	14.939343871688283
1585	14.939065467942614
1586	14.851735981119052
1587	14.776754665406692
1588	14.68733575913336
1589	14.643435921001327
1590	14.578306698875783
1591	14.560921989464584
1592	14.56056598695765
1593	14.543342489569847
1594	14.466412858559746
1595	14.403702083857592
1596	14.376525482825421
1597	14.376441071650115
1598	14.369026718333084
1599	14.369026718333084
1600	14.300786629919672
1601	14.277535213741954
1602	14.26336649016237
1603	14.255209278241319
1604	14.255205766872637
1605	14.208749728957079
1606	14.123612867251143
1607	14.123519540950392
1608	14.07623212306551
1609	14.075481886852762
1610	14.034777929350236
1611	13.91417835791368
1612	13.909537794722926
1613	13.839574349646231
1614	13.839573882102309
1615	13.83095576836887
1616	13.788325312221952
1617	13.787995591158802
1618	13.787574656428802
1619	13.75064081704966
1620	13.750612200638443
1621	13.69396882795493
1622	13.68954136260723
1623	13.6580716264614
1624	13.651236540242722
1625	13.493240741213695
1626	13.489094568600134
1627	13.488492286648686
1628	13.487267155585403
1629	13.48696001347389
1630	13.486660989430005
1631	13.467386214274168
1632	13.466366621805028
1633	13.435363980491797
1634	13.377863857849755
1635	13.318344602159975
1636	13.288181605373868
1637	13.27954190270526
1638	13.234384627730398
1639	13.228785300743997
1640	13.177885805388618
1641	13.170029503517073
1642	13.135261240756684
1643	13.132683147327754
1644	13.13260922127682
1645	13.132608060109225
1646	13.132120936053218
1647	13.128069801116906
1648	13.101421835853177
1649	13.097643260196246
1650	13.03410749407457
1651	13.033802184831513
1652	13.006361907974947
1653	13.006335975487895
1654	12.977747767456208
1655	12.977739017427341
1656	12.884569484831397
1657	12.88456765354826
1658	12.880962523654677
1659	12.876503015175972
1660	12.876232489516314
1661	12.870567392548633
1662	12.870566546480887
1663	12.870565840220518
1664	12.829282666480104
1665	12.82874532165149
1666	12.804152259476755
1667	12.764914026698127
1668	12.695502140554698
1669	12.695153953034241
1670	12.693479513768455
1671	12.68540672516922
1672	12.685390921460916
1673	12.626805102444711
1674	12.537114341218842
1675	12.536749284056617
1676	12.53674524955587
1677	12.536744291382728
1678	12.536743564007343
1679	12.500417541651467
1680	12.482445329165207
1681	12.453718808693107
1682	12.45371879543304
1683	12.45316105052769
1684	12.440470189827417
1685	12.413334650743444
1686	12.382512047231168
1687	12.370257536649765
1688	12.37014373734405
1689	12.36942706047638
1690	12.368697900999855
1691	12.34113953164379
1692	12.335023735133406
1693	12.323535081033349
1694	12.289969685932085
1695	12.280558337386845
1696	12.212914240717312
1697	12.212606805284745
1698	12.207257166921208
1699	12.20333868654019
1700	12.203334137701908
1701	12.189368093221635
1702	12.14208138879116
1703	12.072899419247952
1704	12.072789579943505
1705	12.03848733882983
1706	12.038484072360454
1707	12.000027250615847
1708	11.961964309960972
1709	11.959001483303988
1710	11.929195386462768
1711	11.917736711632784
1712	11.917736282454229
1713	11.909795408982353
1714	11.881620148352088
1715	11.88152402553018
1716	11.839400025540806
1717	11.835432552447092
1718	11.826700413025575
1719	11.802269682301688
1720	11.802163460436267
1721	11.797858838756914
1722	11.70713743482106
1723	11.697309199204236
1724	11.670372423618584
1725	11.595341503759963
1726	11.595288658145224
1727	11.560778814249792
1728	11.53555488755907
1729	11.509214049043516
1730	11.488819126078386
1731	11.454786191957977
1732	11.417649894040263
1733	11.4171656113793
1734	11.355423261964539
1735	11.331406797788905
1736	11.301798975321303
1737	11.301642691876916
1738	11.139143981257503
1739	11.119008970970558
1740	11.104517993527987
1741	11.00432290225215
1742	11.000741795411793
1743	11.000741353602184
1744	10.984155192433075
1745	10.984125637190878
1746	10.956553247625784
1747	10.942791111990967
1748	10.937034675969214
1749	10.909152663100281
1750	10.908722678727953
1751	10.908710719823613
1752	10.856314958847886
1753	10.848589245468307
1754	10.821447758248006
1755	10.820172302922998
1756	10.814408584177452
1757	10.780104331462912
1758	10.771677798537176
1759	10.749272487604298
1760	10.731505005244776
1761	10.618694596767316
1762	10.614960517603054
1763	10.608718134100515
1764	10.540202414035763
1765	10.529694065270649
1766	10.526886086353306
1767	10.526015361393478
1768	10.526006117033587
1769	10.52565476944183
1770	10.440812778175216
1771	10.440785980591262
1772	10.439463226635098
1773	10.436880041003342
1774	10.361467795159099
1775	10.347735270741497
1776	10.330727485986891
1777	10.310026383818222
1778	10.27442210079193
1779	10.274421365534405
1780	10.274216065366033
1781	10.273894019898332
1782	10.242349437135257
1783	10.202027973294179
1784	10.190226405645465
1785	10.190224737771477
1786	10.147263255114437
1787	10.147259681839753
1788	10.147259067331138
1789	10.146633523147347
1790	10.143916864094667
1791	10.124835267172612
1792	10.094594077202403
1793	10.092023819562124
1794	10.091910538552368
1795	10.091909050787693
1796	10.077690000347877
1797	10.075854568158844
1798	10.07585209917599
1799	10.069608740547674
1800	10.031097543380868
1801	10.029843395444582
1802	10.029789598172124
1803	10.029770116235715
1804	9.966435136533807
1805	9.941087520734126
1806	9.94103283985068
1807	9.902454587082024
1808	9.902266573618054
1809	9.898221854456834
1810	9.860380777447062
1811	9.82722268219252
1812	9.8066145006996
1813	9.803570736494372
1814	9.741486274337086
1815	9.741325960659465
1816	9.741217191202255
1817	9.733071108138436
1818	9.732952412948304
1819	9.732847104915171
1820	9.732427200435934
1821	9.722653882302502
1822	9.69534782680787
1823	9.693124558005415
1824	9.642697191535005
1825	9.615340798875204
1826	9.573963413335301
1827	9.549622363925218
1828	9.544105884671264
1829	9.543056609285427
1830	9.533919858874208
1831	9.533140898847462
1832	9.521636097581048
1833	9.515483406968931
1834	9.503531142717096
1835	9.503157497127006
1836	9.458141844688809
1837	9.432122851301374
1838	9.431885390470258
1839	9.406995123659593
1840	9.326724303371892
1841	9.32672412265783
1842	9.325194356391558
1843	9.295368826458304
1844	9.26085627465381
1845	9.260130250988551
1846	9.245827491904594
1847	9.245822271197067
1848	9.183723639438151
1849	9.161610910412373
1850	9.161600141881928
1851	9.151016976674697
1852	9.108906709643385
1853	9.099598439675695
1854	9.096661895404527
1855	9.096531433340004
1856	9.077280270330293
1857	8.978342595301902
1858	8.978252687101676
1859	8.968891628603734
1860	8.966589598983367
1861	8.965032170302297
1862	8.916136122733985
1863	8.858735220464219
1864	8.858735220464219
1865	8.83925487835278
1866	8.838148207118051
1867	8.815080667751351
1868	8.815071334846222
1869	8.77593784747683
1870	8.760192332116011
1871	8.75683149637875
1872	8.74973965274648
1873	8.738164947737253
1874	8.737951111959369
1875	8.71339484205163
1876	8.682912715779288
1877	8.68152796133424
1878	8.678489775353087
1879	8.629888679015105
1880	8.628538628933562
1881	8.624467975469958
1882	8.616799779985735
1883	8.582232539852802
1884	8.582146021714125
1885	8.576852057711342
1886	8.554479952700635
1887	8.54019886204049
1888	8.514942080156562
1889	8.479117314721293
1890	8.439087611566183
1891	8.423049953189244
1892	8.39297994510148
1893	8.360827612699378
1894	8.333249103834826
1895	8.331081446788472
1896	8.31556108982991
1897	8.245899792213097
1898	8.21701755464458
1899	8.20538532200226
1900	8.115934654172568
1901	8.098270145137793
1902	8.069775138989124
1903	8.056264107309241
1904	8.034231445135312
1905	8.029491352036107
1906	7.980610331352557
1907	7.9805457822926265
1908	7.944989886253079
1909	7.922720552310468
1910	7.920116629205987
1911	7.911818096246422
1912	7.811325304017249
1913	7.778199643407689
1914	7.760074131110306
1915	7.759095959233084
1916	7.744075740592815
1917	7.731408352159507
1918	7.730519689994114
1919	7.729508883927172
1920	7.712087458456802
1921	7.707750213323044
1922	7.642167344861479
1923	7.622328346656403
1924	7.614501833894649
1925	7.610732582090855
1926	7.5625375588363735
1927	7.552782291520217
1928	7.5332145032178754
1929	7.491268524614938
1930	7.467761179385838
1931	7.444122747995178
1932	7.410060942817327
1933	7.399734574686193
1934	7.391683253189801
1935	7.391637942943197
1936	7.390827116516932
1937	7.3905781192459825
1938	7.366115324145321
1939	7.342985270206753
1940	7.3280850361656125
1941	7.291059270482181
1942	7.2897394739064065
1943	7.28159418460745
1944	7.264042357179303
1945	7.230474004011108
1946	7.214011470027746
1947	7.209184026100569
1948	7.208245683565098
1949	7.179229463701879
1950	7.1792260728896515
1951	7.175990801360785
1952	7.174992630667754
1953	7.1413569473353515
1954	7.1253482785743945
1955	7.124009268148871
1956	7.099287250877174
1957	7.069799317775235
1958	7.017284980744902
1959	7.0172846837089695
1960	7.01709836573174
1961	7.0040555311631465
1962	6.997313307760194
1963	6.980724087016299
1964	6.965322590254551
1965	6.925204797030305
1966	6.920426669467978
1967	6.920192419504908
1968	6.892701322412277
1969	6.85164322952589
1970	6.850028136868349
1971	6.793082775679642
1972	6.792870410303303
1973	6.792824693605495
1974	6.781345261386695
1975	6.741918021500396
1976	6.741917929868044
1977	6.711766334776326
1978	6.709119993714792
1979	6.686901262588721
1980	6.686866271902579
1981	6.669463587831666
1982	6.661879414743022
1983	6.624215901740102
1984	6.6240498687597205
1985	6.6173005718732805
1986	6.5838982723677795
1987	6.576703261884656
1988	6.56375479118571
1989	6.563719726060381
1990	6.551050960685939
1991	6.551016490990146
1992	6.538627508868435
1993	6.538190680798647
1994	6.535922143548662
1995	6.530466336202566
1996	6.509353821031263
1997	6.505731323795321
1998	6.440822717175345
1999	6.429155957533144
2000	6.4240325225100054
2001	6.284976811732483
2002	6.269696712824668
2003	6.18899731284421
2004	6.186434478720372
2005	6.186312649861153
2006	6.167355974396986
2007	6.167355633964813
2008	6.1589439234952765
2009	6.134641562409689
2010	6.126924642068512
2011	6.119333410060946
2012	6.1170797393504825
2013	6.080182723438946
2014	6.048374593402321
2015	6.046814997491451
2016	6.043549156540837
2017	6.022552732597889
2018	6.020216053381731
2019	6.016820893590731
2020	5.977568556493987
2021	5.840665252401
2022	5.802427711863954
2023	5.801928201147731
2024	5.790381510105435
2025	5.790120274916424
2026	5.790109393071999
2027	5.721141006693598
2028	5.689498599670276
2029	5.681548016278257
2030	5.676076526070128
2031	5.666914142221478
2032	5.646167082421965
2033	5.645974871382127
2034	5.609809742306244
2035	5.6098047065926515
2036	5.608816942028368
2037	5.6064734390607605
2038	5.558557195966511
2039	5.538119967816855
2040	5.488938186977548
2041	5.4769980936422735
2042	5.449733642432236
2043	5.449511809859598
2044	5.446650247977361
2045	5.433365761175053
2046	5.43336141498361
2047	5.421020596949177
2048	5.421005054728899
2049	5.415528136672192
2050	5.36832080850063
2051	5.365863112719355
2052	5.338736007498714
2053	5.291798484343241
2054	5.287107068349495
2055	5.27176146128557
2056	5.268354933731321
2057	5.257856485437109
2058	5.256024241282236
2059	5.15282772302279
2060	5.151127778481972
2061	5.145752308843787
2062	5.145397433087896
2063	5.145358823614535
2064	5.112311587196552
2065	5.111553968792895
2066	5.1115282574233865
2067	5.105399552132922
2068	5.094072568057217
2069	5.090659082679057
2070	5.04082869966658
2071	5.0232431227512535
2072	4.991293835578114
2073	4.9880249220787105
2074	4.9869354812316065
2075	4.978479377326787
2076	4.9376992459962
2077	4.879987096904562
2078	4.879984708182388
2079	4.871343733752772
2080	4.871336137801943
2081	4.870621029018182
2082	4.854310118097919
2083	4.831191415968449
2084	4.831134795714909
2085	4.823372795851356
2086	4.799750492676394
2087	4.7920759129425265
2088	4.783244920371356
2089	4.766599484035548
2090	4.764804449739057
2091	4.760847976959011
2092	4.727286581377241
2093	4.721417200652178
2094	4.707248493007531
2095	4.658996575883317
2096	4.627837787384141
2097	4.626913876131875
2098	4.625096193690175
2099	4.624908129157581
2100	4.619874160730212
2101	4.616597626254317
2102	4.590157723046436
2103	4.585769515344521
2104	4.585673958031493
2105	4.551028027018072
2106	4.5463929912050505
2107	4.544920950986199
2108	4.528693959051361
2109	4.4968489930695705
2110	4.496411734457273
2111	4.476592012896858
2112	4.42635749158077
2113	4.40995618314989
2114	4.364341115386589
2115	4.363867021577229
2116	4.326270357757592
2117	4.309780232801106
2118	4.282612578950292
2119	4.281553446642165
2120	4.27189630429738
2121	4.2598770274729025
2122	4.2598770274729025
2123	4.220338260056577
2124	4.219544829514662
2125	4.214485035367367
2126	4.204572750292345
2127	4.180393456441416
2128	4.172779671623844
2129	4.164074573062496
2130	4.147661105618779
2131	4.140842408414646
2132	4.130773239494756
2133	4.1152386678862385
2134	4.115202826508269
2135	4.110624107919378
2136	4.099284358344957
2137	4.0626629268947045
2138	4.059669633693563
2139	4.059266889878931
2140	4.058193290495909
2141	4.052924325828297
2142	3.9683191509924645
2143	3.9682324977767656
2144	3.9628770006424983
2145	3.9619625065757638
2146	3.9452572748363313
2147	3.9452565023907913
2148	3.9041536562647314
2149	3.9035298212593825
2150	3.902599958248011
2151	3.9010639715563773
2152	3.8689958497187664
2153	3.8685345377427187
2154	3.8681310458939255
2155	3.864088183913984
2156	3.845647353281916
2157	3.8444010780010376
2158	3.8057581723794596
2159	3.757417275963912
2160	3.7410463944646466
2161	3.6983304698996458
2162	3.6948560411206257
2163	3.6817142614444447
2164	3.6674770000331116
2165	3.6352278273669003
2166	3.618481942767872
2167	3.610069243661051
2168	3.6061249961257404
2169	3.5951561874922544
2170	3.590592633315746
2171	3.5889872061622317
2172	3.5755740554343345
2173	3.5751242496317746
2174	3.5661499490025994
2175	3.5491474281663327
2176	3.543375154816437
2177	3.532135821664302
2178	3.4864699699312434
2179	3.451392026424363
2180	3.4513896294546242
2181	3.4509415080095205
2182	3.446594480741568
2183	3.445178012651725
2184	3.4379757971552425
2185	3.4338865420220746
2186	3.433082342497827
2187	3.4130949013946097
2188	3.413053111031034
2189	3.411152144682472
2190	3.410858360637676
2191	3.4092626551054153
2192	3.4092619033668776
2193	3.4011550795598224
2194	3.392512538520854
2195	3.3730539829374395
2196	3.3414185150274207
2197	3.3388308578150783
2198	3.3152136035735804
2199	3.310332046959714
2200	3.3080182224540997
2201	3.306428800598753
2202	3.2788586204263015
2203	3.276757449363321
2204	3.2659424976617952
2205	3.2656631148240347
2206	3.2536819156736576
2207	3.2501801851365513
2208	3.234839274395428
2209	3.2204357375564894
2210	3.207064215873524
2211	3.197420541726396
2212	3.182331804869515
2213	3.1822919709032376
2214	3.133391601661544
2215	3.118853961379624
2216	3.1158851879969776
2217	3.0594536186020784
2218	3.0588488014731223
2219	3.0513228695613703
2220	3.051314746939859
2221	3.020850436105659
2222	3.013643607045958
2223	3.0123880480339755
2224	3.0073056174887185
2225	3.007287413332112
2226	3.0069066184916338
2227	3.0024102159561425
2228	2.9974868577956637
2229	2.97809990098844
2230	2.91326307419767
2231	2.866760750994033
2232	2.851402536176535
2233	2.8030903249969064
2234	2.786647140241014
2235	2.7376145134624377
2236	2.6994605593226
2237	2.6959256567166507
2238	2.6954087104333495
2239	2.6843958392533636
2240	2.644972729932081
2241	2.6331140605549903
2242	2.611316552724337
2243	2.610516256329481
2244	2.5936571317638917
2245	2.591258398777666
2246	2.59033086651503
2247	2.5867365107504403
2248	2.5842694717425934
2249	2.576538729686983
2250	2.5675496835407596
2251	2.5537948293958417
2252	2.536482742717492
2253	2.523793672176039
2254	2.4911914734557334
2255	2.4902595982873446
2256	2.4866129674027415
2257	2.469782790522129
2258	2.468480278492599
2259	2.4681486477965175
2260	2.455816669177176
2261	2.4514214347985774
2262	2.4356760349640942
2263	2.4348041963041074
2264	2.4323588035604122
2265	2.422043369065405
2266	2.4220419714921335
2267	2.3840239310200526
2268	2.3794623390562464
2269	2.379303669761252
2270	2.3735766369474858
2271	2.3597151671346714
2272	2.3577521906544177
2273	2.3557228372491834
2274	2.3424287095255454
2275	2.33617150496439
2276	2.3291107112180844
2277	2.3280838679228477
2278	2.306150636291406
2279	2.303855600744012
2280	2.264462999067226
2281	2.2638028845422764
2282	2.2192677588415446
2283	2.1950096921116105
2284	2.186025251756075
2285	2.170103014714043
2286	2.136570408974878
2287	2.123963868937752
2288	2.0540132403589717
2289	2.0436019363578755
2290	2.0326551303581475
2291	1.9970643174778455
2292	1.9837185526904055
2293	1.9779862338269723
2294	1.9752028582399417
2295	1.9607251839269417
2296	1.957296848376731
2297	1.9561349981836904
2298	1.946331070323688
2299	1.9381695743254648
2300	1.9321713633934006
2301	1.9291683827494088
2302	1.9277831182606922
2303	1.9075007282224106
2304	1.906589384780439
2305	1.9021807353445075
2306	1.8921268520454697
2307	1.8851844802777662
2308	1.8844835377331406
2309	1.8843031655155618
2310	1.8838779412836066
2311	1.8340227305493035
2312	1.8262567473454112
2313	1.8239519246908207
2314	1.8090750462137217
2315	1.8090533712235743
2316	1.808332326938476
2317	1.7863063473731315
2318	1.7581484949233839
2319	1.7400095585963768
2320	1.7366242199182138
2321	1.7089031079783836
2322	1.708891266106661
2323	1.7009042467498503
2324	1.6883428856257239
2325	1.6788824240880418
2326	1.6740894875174985
2327	1.6549717802884902
2328	1.650219117464477
2329	1.6150173776683183
2330	1.612707046193606
2331	1.6056805305828445
2332	1.5928640418984252
2333	1.5854519509275797
2334	1.5836166627177455
2335	1.5582908785642802
2336	1.5526404339110786
2337	1.5409844173154608
2338	1.5406554754986823
2339	1.4933540553729918
2340	1.4931871798275926
2341	1.4757767822957695
2342	1.4554606234515872
2343	1.4157718391177065
2344	1.409864183506961
2345	1.4089332251010285
2346	1.4040594014905112
2347	1.364212688322333
2348	1.3614275688535808
2349	1.3403683617842825
2350	1.332437606839259
2351	1.3198183957715333
2352	1.3186438409691263
2353	1.313029883726713
2354	1.304458270407713
2355	1.2735202793277873
2356	1.2652410956542681
2357	1.2602257881321954
2358	1.2601520648155484
2359	1.2561180747844112
2360	1.2510911635713104
2361	1.2364430456963071
2362	1.233865373088214
2363	1.2251783688159255
2364	1.2232674322295003
2365	1.2074140334378138
2366	1.207301752228983
2367	1.1954259709384683
2368	1.1826363202567771
2369	1.1444450291150285
2370	1.143919602807699
2371	1.1294914021417164
2372	1.1288298049107195
2373	1.11102436161388
2374	1.10582621013641
2375	1.0716110517919655
2376	1.058754957027181
2377	1.057178884008653
2378	1.0547307625915363
2379	1.0527195027201044
2380	1.05035217737263
2381	1.0502486092804055
2382	1.0333819955949652
2383	1.0333632601253178
2384	1.0316186309562352
2385	1.0316034772350393
2386	1.0282638103784778
2387	1.0165161934085747
2388	1.0082614908330843
2389	0.9448048632782236
2390	0.9440961644293
2391	0.9399416333016715
2392	0.9353832777514292
2393	0.9196212149571921
2394	0.91903829754305
2395	0.8917159761371548
2396	0.8800696195255125
2397	0.8783920866707071
2398	0.8627115515250466
2399	0.8541889672854502
2400	0.8516062833952236
2401	0.838573170414806
2402	0.8289203737369415
2403	0.8283157254890784
2404	0.8281324158485801
2405	0.8229623730903028
2406	0.8217306042638532
2407	0.8101602613532047
2408	0.8042712673366504
2409	0.8006824349812649
2410	0.7843173921159282
2411	0.7827906160333706
2412	0.7757937106693386
2413	0.7757509418660533
2414	0.767780104564422
2415	0.7672087589517784
2416	0.7573102165811408
2417	0.7473601643358807
2418	0.7443580341317585
2419	0.7386269764916629
2420	0.7375898823785917
2421	0.7349388662649825
2422	0.7334318610386937
2423	0.73328133577449
2424	0.7260914559191335
2425	0.7227289800005735
2426	0.713682724231718
2427	0.7128257650755074
2428	0.694758167545151
2429	0.6896408295011819
2430	0.685295922063739
2431	0.6684880516840255
2432	0.6566686138280464
2433	0.6511025411530973
2434	0.6425724987552621
2435	0.6371868443101513
2436	0.6323696235486592
2437	0.6290482779361872
2438	0.6030229500679675
2439	0.5940700140526645
2440	0.5872932981318186
2441	0.586915997700535
2442	0.5868533243926637
2443	0.5740866765280297
2444	0.5730740809590067
2445	0.5682073107306322
2446	0.5474620462960613
2447	0.5327384801480135
2448	0.5298834662910931
2449	0.5254706128660493
2450	0.5198765213337839
2451	0.5192107500104388
2452	0.5188881783794599
2453	0.5187359847289706
2454	0.5157033093834752
2455	0.5116312356308771
2456	0.5058267644396481
2457	0.5052877470811283
2458	0.49579884086553927
2459	0.4923296237111915
2460	0.4886304249325087
2461	0.48853652622441074
2462	0.4878033290772285
2463	0.4851568409467704
2464	0.473329723731475
2465	0.47007514458257565
2466	0.4685619924057519
2467	0.46808256908134954
2468	0.4604205764558514
2469	0.4587220972436875
2470	0.45636890134933095
2471	0.454374382847069
2472	0.4446859606325233
2473	0.44318386186377323
2474	0.4405484067908251
2475	0.42913857005861716
2476	0.42818447347376043
2477	0.41273763865977925
2478	0.40970731395783844
2479	0.4086494596526455
2480	0.4076380301183801
2481	0.4073692215237993
2482	0.4071728426507249
2483	0.3998437352274705
2484	0.39803832881217144
2485	0.39675095494381746
2486	0.393773596664335
2487	0.3916058502156769
2488	0.3915263446065014
2489	0.38786703523380606
2490	0.37441655240925353
2491	0.35683510791579265
2492	0.3550217923735529
2493	0.3526197183321826
2494	0.3519859465590498
2495	0.343251013067597
2496	0.34285028999240397
2497	0.34219432888184204
2498	0.34111669103444814
2499	0.33859135828878667
2500	0.3241367024434592
2501	0.3237105262788986
2502	0.3200330697970104
2503	0.3121354109110088
2504	0.3116455047894433
2505	0.31070770769926326
2506	0.30881615671561724
2507	0.3042653678092627
2508	0.30229232547878393
2509	0.26283177549916686
2510	0.26188126859668504
2511	0.2598539823614118
2512	0.2538992752310223
2513	0.24752625256655686
2514	0.24743627546204655
2515	0.2471618173301908
2516	0.24620259863581156
2517	0.24587629402930744
2518	0.24527032138425414
2519	0.24087556003968272
2520	0.24079620376790895
2521	0.2376936429559369
2522	0.23761060773545334
2523	0.2339401516918412
2524	0.22941746906440189
2525	0.2234147518293069
2526	0.2224978854720507
2527	0.22083263250850554
2528	0.2206919697450805
2529	0.21783563410571774
2530	0.21709007673535766
2531	0.21449907425122644
2532	0.21346557114559642
2533	0.20915438977959191
2534	0.2008704115270304
2535	0.19911201011843277
2536	0.19585704855564512
2537	0.1915412988901424
2538	0.19030803626896303
2539	0.1886595511347183
2540	0.18863209710459639
2541	0.1868434978352986
2542	0.18235981985700628
2543	0.1816034953322943
2544	0.17771368963790787
2545	0.17215194417902716
2546	0.171636389139529
2547	0.17015086288478198
2548	0.1698181980666026
2549	0.16550333749058535
2550	0.15874207814793895
2551	0.1576817379311309
2552	0.15751729170016796
2553	0.1571899031634832
2554	0.15332570264917772
2555	0.15109187366314475
2556	0.15014650267334056
2557	0.14945598339418828
2558	0.14767280994739634
2559	0.14754021326729577
2560	0.1467257136972717
2561	0.14321313878751088
2562	0.14120470775763133
2563	0.14033129033072947
2564	0.133412138108269
2565	0.13230312515622955
2566	0.1311941361834677
2567	0.12827720105762144
2568	0.12636131582946633
2569	0.12352333830770253
2570	0.12095759647305074
2571	0.12072793435094702
2572	0.11962417819601144
2573	0.11929526206091635
2574	0.11896297164889778
2575	0.11687017082391928
2576	0.11638382304753149
2577	0.11616892536818976
2578	0.11448897443859991
2579	0.1142973174676951
2580	0.1137319017675401
2581	0.11365877093880078
2582	0.11087626239267714
2583	0.1083359350832857
2584	0.10785514323953845
2585	0.10442265829548786
2586	0.10437614984440978
2587	0.10299159569874068
2588	0.102253829192626
2589	0.10085464034137519
2590	0.10045104059371131
2591	0.09975670078368797
2592	0.09928437925426076
2593	0.09764401884606316
2594	0.09576600409197808
2595	0.09450957710692087
2596	0.09365447803634895
2597	0.08962777478504803
2598	0.08902790875465426
2599	0.08742322431303459
2600	0.08734234449407066
2601	0.08723248202157136
2602	0.08719838363471985
2603	0.08699759147013708
2604	0.0867900701720752
2605	0.08460669480985547
2606	0.0841284512035014
2607	0.08326288026902547
2608	0.08295723040351503
2609	0.07837143536356586
2610	0.07816023802863305
2611	0.07814266280285101
2612	0.07706394897575564
2613	0.0726659634135638
2614	0.07098320462080009
2615	0.06960671706362488
2616	0.06665905096374451
2617	0.06597746630266338
2618	0.06584315932413354
2619	0.06577506491597619
2620	0.06568855202984783
2621	0.06535627376649598
2622	0.06534623506272605
2623	0.0635400343262134
2624	0.062149038171475074
2625	0.06142835186675726
2626	0.05946794421779451
2627	0.0592700134961803
2628	0.05886239556450571
2629	0.058806106145354003
2630	0.05780916737466887
2631	0.0573639113310044
2632	0.05706209834933477
2633	0.056972653596326535
2634	0.05461442239805419
2635	0.054612894064254056
2636	0.052972966875713644
2637	0.05264107171515834
2638	0.051216329112864285
2639	0.050911306542680695
2640	0.050781079592578555
2641	0.050494870752103675
2642	0.04956110494208606
2643	0.04912115502601176
2644	0.04910936707497147
2645	0.048986900851911486
2646	0.04895078791192642
2647	0.04889674786243698
2648	0.04861643762128895
2649	0.047280708403342926
2650	0.04552500216501188
2651	0.04545675199847773
2652	0.04503036107792209
2653	0.044487303824705886
2654	0.04421670702611138
2655	0.0441285315826559
2656	0.041393607616367296
2657	0.03956353215162665
2658	0.03946600964037442
2659	0.03880214164791056
2660	0.0378432858970017
2661	0.037811924405203715
2662	0.03760585697433895
2663	0.03720030477633382
2664	0.036021745356966346
2665	0.035351360599254276
2666	0.035199047537190074
2667	0.032353627621381935
2668	0.031704077195744
2669	0.031646651252422824
2670	0.03140757201176948
2671	0.031357319448293154
2672	0.031355894317519825
2673	0.031058128439408368
2674	0.030793522677175153
2675	0.02989861484053981
2676	0.029838781214480647
2677	0.029299931603210302
2678	0.028407017354187342
2679	0.028103198588384202
2680	0.027906134009106093
2681	0.027396917541433415
2682	0.02598167743466829
2683	0.025900095694600663
2684	0.02533209619889263
2685	0.024779676590053097
2686	0.024671298104909253
2687	0.024453403187125685
2688	0.024316364401508455
2689	0.02424559206030755
2690	0.02393883065562002
2691	0.023811604876658937
2692	0.023810284104490678
2693	0.023397374909901104
2694	0.023390295738462245
2695	0.023055465328350344
2696	0.022841711810111735
2697	0.022754667894309043
2698	0.02268888026889986
2699	0.022676429435844744
2700	0.021466089615401175
2701	0.02132122607781438
2702	0.021020961954745114
2703	0.020618756030042464
2704	0.020578266438531577
2705	0.01934478910386511
2706	0.01721774328448274
2707	0.017183835123029685
2708	0.017008528933577634
2709	0.016749246826442032
2710	0.01665645823990142
2711	0.016030903886959654
2712	0.015661711658316632
2713	0.015612451592435229
2714	0.01528488930941935
2715	0.015283943016459568
2716	0.01524487996944508
2717	0.014682906285948209
2718	0.01456482664608411
2719	0.014353727009389772
2720	0.014284688671165035
2721	0.014019280765325525
2722	0.01399069071185218
2723	0.013896729780813407
2724	0.01368568474732316
2725	0.013670168894054532
2726	0.013650552591810812
2727	0.013539118467521405
2728	0.013310027581198014
2729	0.013296342077896857
2730	0.013040276618450027
2731	0.01296428136842221
2732	0.01258197219214292
2733	0.012470958112510347
2734	0.01241889108326415
2735	0.012243327536781597
2736	0.012100212632504952
2737	0.0118477651373644
2738	0.011795187794656551
2739	0.011706336599221838
2740	0.011700930567879197
2741	0.011494663628874116
2742	0.011448366593905667
2743	0.011424999400135505
2744	0.01126084806164016
2745	0.011090091194364268
2746	0.010907485397130757
2747	0.010872323695971412
2748	0.010287465432119624
2749	0.010253814530088334
2750	0.010171271580529329
2751	0.010147094322281091
2752	0.010112328898605465
2753	0.009758945443441884
2754	0.009125525847189545
2755	0.0089714773813314
2756	0.008813911257166929
2757	0.00855628811325661
2758	0.008492802774832893
2759	0.008320498995217977
2760	0.008139278599376827
2761	0.008081138964852208
2762	0.008025267031269578
2763	0.008005552740909099
2764	0.007866193745439768
2765	0.007800997727345364
2766	0.007739399072016677
2767	0.007601990664001275
2768	0.007361848104354547
2769	0.007269076378416806
2770	0.006949274054369603
2771	0.006917631078572898
2772	0.00684966620089534
2773	0.006399990521184288
2774	0.006384996876156753
2775	0.0063417589997465384
2776	0.006259026318291797
2777	0.00599414748857446
2778	0.0059437758864888815
2779	0.005889783033475974
2780	0.0057607620957916454
2781	0.005744800529472135
2782	0.0057386442590107245
2783	0.005686148869486493
2784	0.005663020479370454
2785	0.005576064077922874
2786	0.0055652559802290115
2787	0.005553140504153239
2788	0.005409377811599055
2789	0.005366426351694583
2790	0.0053264353794041
2791	0.005141129374426257
2792	0.005138644864563465
2793	0.004894337171757949
2794	0.00485480120657081
2795	0.0048205435294409685
2796	0.004654650134784669
2797	0.004531969156038803
2798	0.0044839400844916
2799	0.004451820905620056
2800	0.0042531314247176155
2801	0.003992125100258074
2802	0.0037895810174711996
2803	0.003681357414844477
2804	0.003674674978379618
2805	0.003663316320888358
2806	0.003654533914038597
2807	0.0036513219856102452
2808	0.003628748176594243
2809	0.003616101122175171
2810	0.003543033271778443
2811	0.0035414356057115034
2812	0.0031769285356056426
2813	0.0028649552364840977
2814	0.002846527645063368
2815	0.00276787595603416
2816	0.0027670621082868624
2817	0.002645029246970291
2818	0.002631592691889928
2819	0.002607821719755184
2820	0.002582888671694169
2821	0.002570426854347119
2822	0.0025396990184024895
2823	0.0025244485031025833
2824	0.0024682071810617026
2825	0.002434883837871382
2826	0.002332777519588506
2827	0.00229275635243719
2828	0.0022875299444599763
2829	0.0021640501859900257
2830	0.002144028523303317
2831	0.002133903083602521
2832	0.0020922547663111855
2833	0.0020583004481334656
2834	0.0020441614950916787
2835	0.0020166507428326006
2836	0.002004256651869163
2837	0.001855743243610597
2838	0.0018307240869064026
2839	0.0018008333796968165
2840	0.0017717946116119875
2841	0.0017568363739673743
2842	0.0017285845293590304
2843	0.0017273776929015365
2844	0.0017031081560724341
2845	0.00169529990842013
2846	0.001676213082107303
2847	0.0016448402741252959
2848	0.0016338404017908795
2849	0.0016145255238121455
2850	0.00160560541831772
2851	0.0015826755559336548
2852	0.0015821622872180068
2853	0.0015767673846870168
2854	0.0015660733407724928
2855	0.0015455141597120914
2856	0.0015287341897697241
2857	0.0015275368013673684
2858	0.0015186195406037347
2859	0.0015020220124748462
2860	0.001492312858890917
2861	0.0014818509474521827
2862	0.001445447785739636
2863	0.0013897393277203444
2864	0.0013563471948513594
2865	0.0013524720439203719
2866	0.0013424914673748252
2867	0.0013393211102142053
2868	0.0013378263679294732
2869	0.0013199251094629717
2870	0.0013153304683401737
2871	0.001195486631814724
2872	0.0011889260137291893
2873	0.0011792588571179151
2874	0.0011526926364073375
2875	0.0011339261550274908
2876	0.0011285766567034727
2877	0.001123346851713632
2878	0.0011167930600571197
2879	0.0011097703658795885
2880	0.0011058829752190746
2881	0.0010940677087415197
2882	0.001077927772794555
2883	0.0010518643412596044
2884	0.0010343922494803575
2885	0.0010246484174631476
2886	0.0010084112004237866
2887	9.730377347243764E-4
2888	9.583992048538548E-4
2889	8.911935638047671E-4
2890	8.792302645704926E-4
2891	8.621428876842548E-4
2892	8.62140025748263E-4
2893	8.590666018992129E-4
2894	8.548266678747752E-4
2895	8.49849353416765E-4
2896	8.439519527778216E-4
2897	8.424001398626757E-4
2898	8.345536284243948E-4
2899	7.827365532849129E-4
2900	7.65227144651052E-4
2901	7.582685924892493E-4
2902	7.56913928398717E-4
2903	7.523755791760678E-4
2904	7.514483771667339E-4
2905	7.506795431403054E-4
2906	7.476807453060156E-4
2907	7.165987338974962E-4
2908	7.039299020921893E-4
2909	7.017173428925716E-4
2910	6.811615023928871E-4
2911	6.752379165806251E-4
2912	6.737258936822718E-4
2913	6.582125290110004E-4
2914	6.568516301339144E-4
2915	6.464299305974327E-4
2916	6.387383494658394E-4
2917	6.076988210615752E-4
2918	6.048957925924489E-4
2919	6.030637484018442E-4
2920	5.85615689447927E-4
2921	5.852721027977736E-4
2922	5.847704291567742E-4
2923	5.597813582475907E-4
2924	5.577174489153218E-4
2925	5.46795258624222E-4
2926	5.388278068845527E-4
2927	5.37237362514927E-4
2928	5.266406982053458E-4
2929	5.251606976706569E-4
2930	5.21539312461113E-4
2931	5.211779563891147E-4
2932	4.8345983790998304E-4
2933	4.800163962449607E-4
2934	4.764069515484692E-4
2935	4.61961392049659E-4
2936	4.594242333602949E-4
2937	4.495991022682944E-4
2938	4.238526349871208E-4
2939	4.10427794525899E-4
2940	4.04279381934695E-4
2941	4.0166974281934386E-4
2942	3.91986055865523E-4
2943	3.788135846366577E-4
2944	3.6200916145698867E-4
2945	3.5422397263301284E-4
2946	3.5063356342366345E-4
2947	3.486192889087173E-4
2948	3.34537859002045E-4
2949	3.284579583179218E-4
2950	3.276115532652094E-4
2951	3.192439360731214E-4
2952	2.9712263348920703E-4
2953	2.960069207669373E-4
2954	2.9291752971900565E-4
2955	2.9023930124605357E-4
2956	2.8803412328037105E-4
2957	2.804351489844592E-4
2958	2.727425551306932E-4
2959	2.7217251380822204E-4
2960	2.5133129260090925E-4
2961	2.507566138661469E-4
2962	2.4727309002331075E-4
2963	2.3725846556187E-4
2964	2.315690214536185E-4
2965	2.3070564305065487E-4
2966	2.2801990195879066E-4
2967	2.2571688846883357E-4
2968	2.1521402347666197E-4
2969	2.1417158816152692E-4
2970	2.1388344432112424E-4
2971	2.1339832820424693E-4
2972	2.092414423145191E-4
2973	2.0276495647006954E-4
2974	1.9333162754016088E-4
2975	1.9213687544888575E-4
2976	1.8633526505607752E-4
2977	1.8346155371933292E-4
2978	1.8204819838517258E-4
2979	1.8150995824489275E-4
2980	1.8094288078405186E-4
2981	1.8045636828117512E-4
2982	1.774668997792735E-4
2983	1.7695145964561712E-4
2984	1.6838918348890768E-4
2985	1.6673134650708004E-4
2986	1.622953460164093E-4
2987	1.5673913585517358E-4
2988	1.566182518904687E-4
2989	1.5441054278261628E-4
2990	1.517372555768522E-4
2991	1.5036422355141355E-4
2992	1.46234994442788E-4
2993	1.4409105712858878E-4
2994	1.4366951221589375E-4
2995	1.3968714991416202E-4
2996	1.393870818178063E-4
2997	1.338486112631543E-4
2998	1.3320609114823392E-4
2999	1.313738075906438E-4
3000	1.2859713659310045E-4
