1	52190.834626236596
2	48909.573701792135
3	45590.5986701407
4	43695.0968686108
5	42327.79202094978
6	40820.620519655844
7	39457.29116082799
8	37679.797508518895
9	36735.65408487313
10	36405.54921249546
11	35592.635801449884
12	34859.051833521844
13	34059.591915290934
14	33212.56173242421
15	33097.112992921335
16	32454.969174219186
17	32080.967788631573
18	31511.806323880304
19	30404.80159614427
20	30083.844619045547
21	29576.78052432701
22	29213.06460865539
23	29213.06460865539
24	28868.51715560907
25	28707.207284949152
26	28360.455346042865
27	28127.186166066935
28	27839.49835989071
29	27601.670088927563
30	27336.816577499634
31	27021.034452139826
32	26778.772068493377
33	26538.815335899268
34	26456.21122900026
35	26456.21122900026
36	26103.25995812129
37	26103.25995812129
38	26103.25995812129
39	25693.619435365345
40	25455.165012434456
41	25225.035569385764
42	25068.89760520403
43	24964.67240564472
44	24964.67240564472
45	24956.850962305274
46	24928.792855163963
47	24871.767438999617
48	24807.130284546976
49	24085.899176457522
50	24058.37445152143
51	23409.274634521054
52	23323.20937546139
53	23297.899718085206
54	22951.493961695818
55	22832.67310745006
56	22724.830827160382
57	22712.57733878977
58	22625.3309034108
59	22366.83300035774
60	22077.670156986864
61	22077.670156986864
62	22058.313848837588
63	21721.073999562082
64	21463.75171638212
65	21291.739885005714
66	21225.502876241146
67	21188.413074180604
68	21188.413074180604
69	20769.030546718393
70	20635.865948235398
71	20527.86416372812
72	20527.86416372812
73	20469.133435969667
74	20210.058777477687
75	20067.927594658184
76	19991.818071335794
77	19936.86034542574
78	19741.67862932062
79	19611.033795578955
80	19599.209819589185
81	19511.668523010456
82	19375.76006562631
83	19236.68424448054
84	19170.757047455103
85	19135.788045175654
86	19135.788045175654
87	18999.540926310983
88	18990.98556708477
89	18990.98556708477
90	18606.348245816556
91	18583.083623100072
92	18545.316133490778
93	18479.042003993807
94	18479.042003993807
95	18478.517705543996
96	18408.845540692484
97	18194.47599007004
98	18071.84474906146
99	17830.383382511987
100	17824.435239926537
101	17790.878592807083
102	17463.117663491485
103	17373.836472269857
104	17313.380224074812
105	17201.275517080645
106	17201.275517080645
107	17201.275517080645
108	17141.07906878283
109	17134.158644421845
110	16956.214265983923
111	16853.70766788027
112	16853.70766788027
113	16853.70766788027
114	16853.70766788027
115	16783.24533804335
116	16590.34161142554
117	16584.995295276676
118	16567.119697516027
119	16534.630334477515
120	16424.89261734154
121	16351.293684365006
122	16351.293684365006
123	16197.45340870036
124	16167.141876029045
125	16132.921007677474
126	16124.496620031256
127	16040.422255455738
128	15935.131176519712
129	15790.00323570267
130	15731.713883696346
131	15731.713883696346
132	15583.999623206157
133	15583.451959418171
134	15583.451959418171
135	15583.451959418171
136	15467.845057742896
137	15467.845057742896
138	15467.845057742896
139	15467.845057742896
140	15445.941427800602
141	15371.041296135914
142	15371.041296135914
143	15371.041296135914
144	15321.843337597884
145	15321.843337597884
146	15321.843337597884
147	15321.843337597884
148	15226.700830286352
149	15135.67171439192
150	15122.841335333744
151	15122.841335333744
152	15055.299976782633
153	14991.487262542925
154	14828.662163028781
155	14631.670647807341
156	14288.808068294256
157	14288.808068294256
158	14279.107581976668
159	14245.574233924295
160	14245.574233924295
161	14143.109186534411
162	14108.733974434077
163	14108.733974434077
164	13964.674542458133
165	13921.442478236162
166	13921.442478236162
167	13898.48901007689
168	13834.28620345644
169	13676.590858287114
170	13598.438243982002
171	13498.981201463062
172	13498.981201463062
173	13498.981201463062
174	13498.981201463062
175	13412.112074641012
176	13412.112074641012
177	13397.667267981375
178	13313.996039747948
179	13286.14185019968
180	13286.14185019968
181	13218.612447537485
182	13123.726487885402
183	13123.726487885402
184	13123.726487885402
185	13122.534948376913
186	13110.160824160039
187	13080.09185214181
188	13027.261257670449
189	13027.261257670449
190	13010.912823338198
191	12858.40334529383
192	12744.726250645193
193	12621.738294034418
194	12498.996110026561
195	12452.689127521064
196	12452.689127521064
197	12452.689127521064
198	12373.030555986734
199	12366.598392168287
200	12015.094888943653
201	11846.238274747833
202	11806.44363978733
203	11764.294154239244
204	11764.294154239244
205	11734.515840280432
206	11690.213644216741
207	11628.436718924604
208	11568.501299554197
209	11535.46160343778
210	11535.46160343778
211	11535.46160343778
212	11535.46160343778
213	11535.46160343778
214	11525.155104899113
215	11525.155104899113
216	11495.507794651216
217	11495.507794651216
218	11472.472818594319
219	11429.036102508086
220	11416.58992752861
221	11416.58992752861
222	11416.58992752861
223	11396.494061547573
224	11213.06543918015
225	11179.126480268756
226	11102.353308895767
227	11084.404869951193
228	10885.549229541008
229	10885.549229541008
230	10864.367955384361
231	10735.540376478702
232	10618.836935607666
233	10546.341614751362
234	10484.037741486422
235	10484.037741486422
236	10484.037741486422
237	10412.650611798968
238	10266.368374916026
239	10266.368374916026
240	10196.859413600872
241	10136.343865580102
242	10119.69995599566
243	10064.682295755754
244	10014.976921580967
245	9979.28710402883
246	9936.948100646556
247	9925.37041431024
248	9816.201593983107
249	9813.905251053084
250	9800.704784782132
251	9800.704784782132
252	9735.300154263621
253	9733.235708001052
254	9733.235708001052
255	9733.235708001052
256	9733.235708001052
257	9718.71151696107
258	9655.81304619224
259	9650.55384432738
260	9647.853917975026
261	9623.874874300003
262	9617.544158702467
263	9548.571349997092
264	9548.571349997092
265	9432.523499821515
266	9432.523499821515
267	9432.523499821515
268	9426.12926047875
269	9426.12926047875
270	9279.17844788061
271	9279.17844788061
272	9213.822999327609
273	9189.330313150078
274	9189.330313150078
275	9189.330313150078
276	9152.808393034422
277	8990.903635477962
278	8990.903635477962
279	8989.12432943231
280	8936.776795881227
281	8821.352135297268
282	8736.454684849774
283	8736.454684849774
284	8714.771459151661
285	8587.040092098934
286	8579.930310465756
287	8570.078919951502
288	8553.239031697154
289	8553.239031697154
290	8553.239031697154
291	8519.233447312385
292	8491.632886626057
293	8332.365792885586
294	8332.365792885586
295	8332.365792885586
296	8332.365792885586
297	8332.365792885586
298	8332.365792885586
299	8332.365792885586
300	8332.365792885586
301	8297.432842445161
302	8283.593453813128
303	8258.008436577462
304	8258.008436577462
305	8178.102741799856
306	8178.102741799856
307	8156.006668025188
308	8097.51828184079
309	8097.51828184079
310	8070.3483474799095
311	8070.3483474799095
312	8003.147258234253
313	8003.147258234253
314	8003.147258234253
315	7962.084310369537
316	7962.084310369537
317	7962.084310369537
318	7919.977748832129
319	7919.977748832129
320	7919.977748832129
321	7889.063693291475
322	7847.774014788424
323	7843.535473899937
324	7843.075179219051
325	7821.293216395837
326	7821.293216395837
327	7821.293216395837
328	7808.428587067741
329	7732.037829364511
330	7732.037829364511
331	7725.095564841462
332	7620.35194163348
333	7620.35194163348
334	7620.35194163348
335	7587.534023267647
336	7563.475102733744
337	7563.475102733744
338	7516.974024287973
339	7444.158043672379
340	7444.158043672379
341	7370.026131153313
342	7370.026131153313
343	7291.867898110639
344	7291.867898110639
345	7291.867898110639
346	7224.496400588669
347	7204.317266392375
348	7204.317266392375
349	7179.032579401496
350	7137.718248770952
351	6996.752959451303
352	6996.752959451303
353	6965.050173375887
354	6933.54292155027
355	6907.47801089373
356	6907.47801089373
357	6907.47801089373
358	6907.47801089373
359	6907.47801089373
360	6907.47801089373
361	6796.5668136165505
362	6787.587106184576
363	6787.587106184576
364	6719.227841451468
365	6719.227841451468
366	6719.227841451468
367	6594.451122577718
368	6594.451122577718
369	6554.235476149739
370	6501.606781845971
371	6501.606781845971
372	6450.694618717235
373	6450.694618717235
374	6410.082272320888
375	6410.082272320888
376	6395.698147408024
377	6382.580540959671
378	6324.667092289163
379	6274.502359674688
380	6264.912490596041
381	6251.868768163063
382	6239.931889327468
383	6216.28325002737
384	6216.28325002737
385	6216.28325002737
386	6216.28325002737
387	6163.74013074156
388	6163.74013074156
389	6163.74013074156
390	6162.256338650102
391	6162.256338650102
392	6162.256338650102
393	6136.213970225713
394	6125.4916340836735
395	6104.478975899603
396	6091.981388460971
397	6091.981388460971
398	6091.304673351784
399	6049.663049446101
400	6049.663049446101
401	5990.298497755589
402	5990.298497755589
403	5969.642667291135
404	5960.616821198524
405	5794.626766132206
406	5782.9586654402465
407	5781.812289002634
408	5763.4978476932965
409	5758.846847618441
410	5758.846847618441
411	5719.204657598607
412	5691.112527699719
413	5601.02778572499
414	5594.601484818153
415	5534.0739315240635
416	5534.0739315240635
417	5511.820800562929
418	5511.820800562929
419	5491.403764566479
420	5491.403764566479
421	5453.552715868033
422	5425.752833529191
423	5425.752833529191
424	5422.618321795421
425	5422.618321795421
426	5364.848868916294
427	5307.686411322435
428	5294.075250582433
429	5274.996466176891
430	5252.18647164577
431	5232.743913255846
432	5217.327653885895
433	5204.661197435354
434	5201.6962688052145
435	5188.861461586243
436	5188.861461586243
437	5186.401424423975
438	5186.401424423975
439	5174.176612738191
440	5164.6400461109415
441	5164.6400461109415
442	5151.215807435385
443	5151.215807435385
444	5147.786450608717
445	5131.400484531748
446	5121.307302454374
447	5097.8361099638105
448	5085.219623386537
449	5085.219623386537
450	5081.281782391612
451	5010.755094553439
452	5010.755094553439
453	5010.755094553439
454	4947.241982277289
455	4947.241982277289
456	4907.748318479161
457	4907.748318479161
458	4907.748318479161
459	4865.812061336198
460	4853.569587887743
461	4853.569587887743
462	4825.024903279507
463	4807.1732680077985
464	4748.205522882995
465	4744.028296925757
466	4703.852106166541
467	4700.869378730938
468	4672.726792742021
469	4662.490166822337
470	4648.365054246097
471	4643.868768447963
472	4635.12551575428
473	4614.428063569493
474	4605.953668528839
475	4605.953668528839
476	4559.980624828992
477	4522.67972480783
478	4497.268490479816
479	4497.268490479816
480	4497.268490479816
481	4467.024584095357
482	4395.092350237736
483	4395.092350237736
484	4395.092350237736
485	4348.701373612244
486	4348.701373612244
487	4341.12885605866
488	4320.023699302981
489	4320.023699302981
490	4280.047591616154
491	4280.047591616154
492	4276.261547933268
493	4271.170620302301
494	4231.448676243334
495	4231.448676243334
496	4231.448676243334
497	4231.448676243334
498	4231.448676243334
499	4173.059872738666
500	4146.956407255222
501	4139.059265437309
502	4136.870493726333
503	4136.870493726333
504	4100.7639063672195
505	4097.439947035197
506	4056.8491903635518
507	4056.8491903635518
508	4021.312108310417
509	4019.886426336362
510	4019.886426336362
511	4019.886426336362
512	4019.886426336362
513	4019.886426336362
514	3994.396634777154
515	3955.3938559573508
516	3929.153827760534
517	3906.953622286246
518	3906.953622286246
519	3904.092268480695
520	3904.092268480695
521	3904.092268480695
522	3903.4029912212927
523	3864.210985789512
524	3850.129262769674
525	3850.129262769674
526	3850.129262769674
527	3827.185291493777
528	3827.185291493777
529	3825.4527007859383
530	3825.4527007859383
531	3825.4527007859383
532	3763.6756407176817
533	3763.6756407176817
534	3731.876650305097
535	3706.152854034381
536	3702.929810836246
537	3702.5414130961767
538	3682.1989474262614
539	3639.9865396212513
540	3617.729298296872
541	3594.3675085442073
542	3594.3675085442073
543	3594.3675085442073
544	3589.690866209911
545	3589.6161741338005
546	3589.6161741338005
547	3584.5397083306893
548	3575.0887173831934
549	3549.059450489664
550	3510.701529578434
551	3492.3905357222607
552	3492.259340372164
553	3481.8357057946587
554	3462.225380902819
555	3462.225380902819
556	3444.4306194087826
557	3444.4306194087826
558	3436.7370223203134
559	3436.7370223203134
560	3436.7370223203134
561	3436.7370223203134
562	3416.840399736436
563	3414.0069607548357
564	3413.47601820516
565	3413.47601820516
566	3406.330971359284
567	3406.330971359284
568	3406.330971359284
569	3406.330971359284
570	3402.979880452483
571	3379.7732931480086
572	3321.469111911126
573	3321.469111911126
574	3315.5705969719556
575	3306.729108308395
576	3306.729108308395
577	3303.6137512650316
578	3277.0217707423153
579	3277.0217707423153
580	3277.0217707423153
581	3277.0217707423153
582	3252.9121711752405
583	3250.5307917608607
584	3239.1902643739163
585	3222.730462832781
586	3219.8768996524436
587	3216.6991746547797
588	3214.39390217115
589	3214.39390217115
590	3203.467085201216
591	3202.567153851002
592	3155.7900075960115
593	3155.7900075960115
594	3155.7900075960115
595	3137.429475839595
596	3137.429475839595
597	3128.287984865705
598	3128.287984865705
599	3125.2059605956724
600	3095.09341455413
601	3056.4490486332784
602	3025.2673191110243
603	3025.2673191110243
604	2994.0230176859486
605	2924.0829730625333
606	2904.126036567488
607	2898.720014499103
608	2898.720014499103
609	2889.5070700738293
610	2889.5070700738293
611	2862.0522404133853
612	2856.4744948743473
613	2850.4208879684006
614	2850.4208879684006
615	2850.4208879684006
616	2849.0565889286027
617	2839.7295335087338
618	2802.1393454701597
619	2802.1393454701597
620	2783.9445011250386
621	2770.6140363106647
622	2739.9204281472075
623	2733.9405469168405
624	2733.9405469168405
625	2721.715635297726
626	2718.0082685181287
627	2702.398194382258
628	2677.2281643496217
629	2677.2281643496217
630	2676.085519587062
631	2659.7908522811485
632	2617.1077984981725
633	2584.6958177316046
634	2584.6958177316046
635	2571.18139196844
636	2570.1022961183457
637	2547.881191789551
638	2547.881191789551
639	2547.881191789551
640	2542.624317966156
641	2529.1277926308835
642	2524.1923840726913
643	2494.7503796971982
644	2487.8076823403885
645	2487.8076823403885
646	2487.8076823403885
647	2487.8076823403885
648	2487.8076823403885
649	2487.8076823403885
650	2487.8076823403885
651	2487.8076823403885
652	2487.8076823403885
653	2485.1423589310853
654	2485.1423589310853
655	2481.4405786228663
656	2451.5124957463827
657	2447.5407820725795
658	2447.5407820725795
659	2447.5407820725795
660	2447.5407820725795
661	2447.5407820725795
662	2405.2993736933768
663	2404.0827305818066
664	2403.7389748680484
665	2362.8659197487927
666	2353.165175532935
667	2327.773762701251
668	2327.773762701251
669	2305.044646123219
670	2305.044646123219
671	2305.044646123219
672	2304.0393514817147
673	2304.0393514817147
674	2270.6321424734047
675	2266.0975330315705
676	2251.026789027053
677	2251.026789027053
678	2249.5228775732785
679	2249.5228775732785
680	2240.8670560176743
681	2229.9506181618426
682	2218.4594368540215
683	2213.143372153068
684	2213.143372153068
685	2204.0581571481457
686	2204.0581571481457
687	2204.0581571481457
688	2196.3389447316085
689	2196.3389447316085
690	2181.406885588709
691	2179.078365114542
692	2164.268457956011
693	2155.7204011485496
694	2139.4715626044494
695	2115.449995926932
696	2099.300873449787
697	2099.300873449787
698	2090.8215004702365
699	2082.649793101765
700	2071.513528030314
701	2071.513528030314
702	2070.9641699940316
703	2065.4261579531008
704	2035.1199065952546
705	2034.0530110916402
706	2021.08538648539
707	2010.0481386894612
708	2000.8679239479272
709	2000.8679239479272
710	1987.271757297682
711	1982.3987094957552
712	1969.0736353727762
713	1969.0736353727762
714	1963.3262215532482
715	1946.0334477507859
716	1946.0334477507859
717	1918.9571516680635
718	1909.2519607746947
719	1904.3665853254834
720	1903.7096252498056
721	1903.7096252498056
722	1893.3768798002636
723	1893.3768798002636
724	1893.3768798002636
725	1890.678520624454
726	1879.0625123365637
727	1878.6987941354573
728	1878.230395097988
729	1870.0308001512271
730	1862.3997451297496
731	1862.3997451297496
732	1846.1289683284604
733	1842.6874701107329
734	1842.6874701107329
735	1842.6874701107329
736	1842.6874701107329
737	1831.6713220292975
738	1826.5055435041977
739	1826.5055435041977
740	1818.2478086440242
741	1814.2119466400954
742	1806.8267421329815
743	1781.5590325960459
744	1781.4703587670815
745	1781.4703587670815
746	1781.4703587670815
747	1774.9668076974326
748	1774.9668076974326
749	1771.469099337589
750	1771.469099337589
751	1763.1522178118723
752	1763.1522178118723
753	1762.8624000033612
754	1762.8624000033612
755	1751.0789678580934
756	1740.42407311043
757	1732.4341051231856
758	1719.6099033230862
759	1719.6099033230862
760	1719.6099033230862
761	1718.2195226435324
762	1713.016120090199
763	1713.016120090199
764	1713.016120090199
765	1706.511650739232
766	1706.0628014293932
767	1681.8999483498726
768	1681.8999483498726
769	1679.7032075506547
770	1647.871842108922
771	1647.871842108922
772	1647.871842108922
773	1643.558973485434
774	1634.0172245973654
775	1618.9010912153385
776	1611.2594124645445
777	1611.2594124645445
778	1611.2594124645445
779	1600.7328949358057
780	1600.7328949358057
781	1595.6471218253341
782	1565.408643002963
783	1564.536922605941
784	1564.536922605941
785	1550.8830534580231
786	1543.0220401016302
787	1513.2342893559055
788	1513.2342893559055
789	1513.2342893559055
790	1505.366673223508
791	1502.3456762624305
792	1502.3456762624305
793	1502.3456762624305
794	1502.3456762624305
795	1497.4334112650197
796	1486.7287052197064
797	1485.6640110647643
798	1475.6916430623207
799	1475.6916430623207
800	1475.6916430623207
801	1475.6916430623207
802	1473.2830197879682
803	1469.8279676336774
804	1454.3692173282807
805	1454.3692173282807
806	1449.11820399968
807	1435.041938668625
808	1426.2771743932476
809	1426.2771743932476
810	1423.5233363759114
811	1420.8919931282958
812	1420.4147080879977
813	1420.4147080879977
814	1419.1954888729779
815	1412.8481005950193
816	1407.5686282056663
817	1394.6274375561088
818	1394.6274375561088
819	1376.406433077236
820	1376.406433077236
821	1371.373413602582
822	1371.373413602582
823	1371.373413602582
824	1371.373413602582
825	1364.3852939290903
826	1364.3852939290903
827	1364.3852939290903
828	1362.8315328784652
829	1361.417268500976
830	1360.4493113096958
831	1360.4493113096958
832	1344.557264651203
833	1335.10115701325
834	1335.10115701325
835	1335.10115701325
836	1335.10115701325
837	1328.3270278062676
838	1328.3270278062676
839	1328.3000479240109
840	1310.038429044526
841	1310.038429044526
842	1309.0635015863054
843	1293.245867161531
844	1293.245867161531
845	1289.6009572008836
846	1279.069126162736
847	1279.069126162736
848	1279.069126162736
849	1279.069126162736
850	1278.081488719251
851	1278.081488719251
852	1265.3789726818552
853	1265.3578417307592
854	1249.6081395140423
855	1249.6081395140423
856	1218.0470828913262
857	1218.0470828913262
858	1207.079632670588
859	1201.5745341274746
860	1194.8144325964126
861	1188.3427485513082
862	1187.8988201026227
863	1184.8350993432716
864	1184.8350993432716
865	1184.8350993432716
866	1184.8350993432716
867	1180.0806322770063
868	1180.0806322770063
869	1174.2067576363581
870	1174.2067576363581
871	1167.8005579636124
872	1166.2391489850177
873	1160.1305426600165
874	1157.9027662435296
875	1157.5317799687014
876	1155.5655036401017
877	1151.202437539342
878	1145.1794512148049
879	1139.8745826398108
880	1133.9576840663422
881	1133.9576840663422
882	1121.9428330207834
883	1113.694319848234
884	1112.0413305294164
885	1105.9662590012083
886	1105.9662590012083
887	1105.9662590012083
888	1105.9662590012083
889	1104.6240481804994
890	1102.38225948343
891	1101.8369431104932
892	1100.9732638955797
893	1100.9732638955797
894	1099.8419951327642
895	1080.486563824995
896	1080.486563824995
897	1080.486563824995
898	1058.3278221476417
899	1050.4374561772756
900	1048.5645058814232
901	1046.9818191888637
902	1046.9818191888637
903	1014.9510700836414
904	996.2243090591181
905	995.2550916069953
906	993.9165709609227
907	993.9165709609227
908	993.9165709609227
909	988.0158453492276
910	984.3512619086171
911	983.4483123223202
912	979.5637055033772
913	979.5637055033772
914	972.9437503371514
915	965.5049247657882
916	965.5049247657882
917	964.0401166943939
918	962.3998934013148
919	962.3998934013148
920	958.340677708239
921	956.3500812584334
922	955.9380185624137
923	955.9380185624137
924	949.4010556905712
925	949.3464026701705
926	945.493854627942
927	933.3407913278701
928	933.3407913278701
929	932.4189783866319
930	930.7835052558571
931	930.7835052558571
932	928.2633397031526
933	914.9806727442426
934	914.9806727442426
935	913.0788312627949
936	912.9408007833973
937	912.9408007833973
938	900.7657903475889
939	900.7657903475889
940	898.889281650158
941	898.889281650158
942	898.889281650158
943	898.889281650158
944	898.889281650158
945	898.0716321662893
946	895.2935937869895
947	895.2099673938275
948	895.2099673938275
949	895.2099673938275
950	895.2099673938275
951	890.2709693530704
952	890.2709693530704
953	888.7403988951703
954	888.7403988951703
955	887.6912947031643
956	887.6912947031643
957	883.2198718447077
958	883.2198718447077
959	881.6247166391058
960	869.5014309523897
961	869.5014309523897
962	869.2160756554551
963	860.2685771226188
964	857.6247498473554
965	854.7897416974262
966	848.7135342073196
967	848.7135342073196
968	848.7135342073196
969	843.007342947129
970	834.0405540873109
971	834.0405540873109
972	834.0405540873109
973	821.6627013088904
974	820.2292731764832
975	810.763259613092
976	810.763259613092
977	801.5554582123893
978	801.5554582123893
979	801.5554582123893
980	795.505065978711
981	787.1866734123103
982	787.1866734123103
983	787.1866734123103
984	784.3508364904652
985	782.5490046994779
986	782.5490046994779
987	780.1543533282254
988	779.4024737770762
989	779.2808957908289
990	778.1706502292733
991	778.1706502292733
992	778.1706502292733
993	776.1314545199283
994	774.8851089851003
995	774.8851089851003
996	770.2340207245848
997	768.0086786558812
998	768.0086786558812
999	767.5145090933772
1000	763.075557678975
1001	763.075557678975
1002	761.9746331517016
1003	750.0322228629545
1004	750.0322228629545
1005	739.9731787966999
1006	739.9731787966999
1007	726.6911040804079
1008	714.4360087985738
1009	697.8185204110495
1010	694.9327700488498
1011	694.9327700488498
1012	694.9288836271623
1013	694.9288836271623
1014	693.8350924744854
1015	692.3250829103802
1016	685.0590333808384
1017	685.0590333808384
1018	680.0008530936835
1019	677.2861049743664
1020	677.2861049743664
1021	677.2861049743664
1022	673.7506220197024
1023	664.961140612022
1024	664.961140612022
1025	664.961140612022
1026	661.9453329215454
1027	661.9453329215454
1028	661.9453329215454
1029	661.9453329215454
1030	658.6564948206963
1031	658.6564948206963
1032	652.7662040715076
1033	652.7662040715076
1034	641.5784347617196
1035	641.5784347617196
1036	641.5784347617196
1037	641.5784347617196
1038	641.5784347617196
1039	636.063803951641
1040	633.1002550090075
1041	633.1002550090075
1042	632.7793701577998
1043	630.6685875475373
1044	628.2226445873495
1045	620.9444305383441
1046	616.3439975643888
1047	611.8997752383785
1048	608.7020156905747
1049	607.8898490268728
1050	607.8898490268728
1051	607.8898490268728
1052	606.7194695809204
1053	606.2104163014495
1054	606.2104163014495
1055	601.1589382285525
1056	601.1589382285525
1057	601.0986961733935
1058	601.0986961733935
1059	601.0986961733935
1060	595.517451193275
1061	593.4944964378338
1062	593.4944964378338
1063	593.4944964378338
1064	593.4944964378338
1065	593.4944964378338
1066	593.4944964378338
1067	593.0283712696528
1068	591.9804922615334
1069	591.9804922615334
1070	588.9702202171612
1071	587.6156805462691
1072	587.6156805462691
1073	578.4868469930711
1074	578.4868469930711
1075	578.4868469930711
1076	577.2400151456386
1077	575.3653341634296
1078	575.3653341634296
1079	575.3653341634296
1080	573.2194921990227
1081	573.2194921990227
1082	569.4818199741568
1083	566.8853122588421
1084	566.8121403642596
1085	566.8121403642596
1086	562.6402377883262
1087	555.8799825984509
1088	555.2951511383287
1089	553.1360489310209
1090	552.6032600391701
1091	552.6032600391701
1092	550.843889944266
1093	550.6421941280827
1094	547.3013232704141
1095	547.2843283781912
1096	544.2406371242085
1097	543.964085499017
1098	543.964085499017
1099	541.988061782586
1100	537.7796751699924
1101	537.7796751699924
1102	537.7796751699924
1103	533.5690925174179
1104	530.4811360240441
1105	528.1279716031903
1106	528.1279716031903
1107	527.6810137072466
1108	525.2721186554165
1109	525.2721186554165
1110	524.4083631856712
1111	519.9331168162573
1112	519.4278639639189
1113	519.4278639639189
1114	519.4278639639189
1115	513.0806408177833
1116	513.0806408177833
1117	512.4464530912843
1118	511.3769966830325
1119	511.3769966830325
1120	505.18766508808915
1121	501.60492700074127
1122	499.4845705361384
1123	498.4279760339421
1124	495.35313629190875
1125	491.0106565680683
1126	485.6305025659637
1127	481.6509824225242
1128	481.6509824225242
1129	475.5233934666219
1130	475.5233934666219
1131	471.20448650728355
1132	470.45557054815254
1133	470.45557054815254
1134	470.45557054815254
1135	463.782814991062
1136	463.782814991062
1137	463.6174772041411
1138	457.5368928973871
1139	451.6121252522925
1140	451.6121252522925
1141	451.6121252522925
1142	451.6121252522925
1143	451.6121252522925
1144	446.83112975140756
1145	446.83112975140756
1146	443.1968735381608
1147	443.1968735381608
1148	440.48792949749816
1149	438.89374153749105
1150	438.89374153749105
1151	438.50077152358955
1152	438.50077152358955
1153	438.50077152358955
1154	433.0464275311787
1155	430.0149516921751
1156	428.8013663990435
1157	425.75312183696303
1158	425.75312183696303
1159	422.1185087373031
1160	422.1185087373031
1161	416.24223985939625
1162	413.4406459989122
1163	412.2996618724492
1164	412.2996618724492
1165	407.28804939605493
1166	404.56200624664683
1167	403.48951858774745
1168	400.14765074651314
1169	399.2387860330485
1170	399.13230551577124
1171	398.2134803949753
1172	398.2134803949753
1173	396.3636873177355
1174	396.3636873177355
1175	396.3636873177355
1176	391.8092034386031
1177	391.17070483676963
1178	390.9774198005949
1179	390.9774198005949
1180	390.9774198005949
1181	389.8725108954835
1182	389.8725108954835
1183	388.646139152604
1184	388.646139152604
1185	387.9007009233911
1186	387.9007009233911
1187	381.83263614096654
1188	381.5811071309189
1189	381.5811071309189
1190	380.9426690376121
1191	380.49792655670194
1192	380.49792655670194
1193	380.49792655670194
1194	378.39906661188286
1195	375.7687194210506
1196	375.7687194210506
1197	375.7687194210506
1198	374.67145344027165
1199	374.67145344027165
1200	374.67145344027165
1201	374.67145344027165
1202	374.67145344027165
1203	373.3346280685937
1204	372.945487121726
1205	372.945487121726
1206	372.945487121726
1207	372.945487121726
1208	368.72550397790695
1209	365.64306181999706
1210	365.59220811198713
1211	365.09283406731964
1212	365.09283406731964
1213	365.06071837871076
1214	362.3304993392355
1215	357.40686697892477
1216	357.40686697892477
1217	354.76273770755796
1218	352.93346365589446
1219	352.93346365589446
1220	352.93346365589446
1221	352.93346365589446
1222	352.8508594702932
1223	351.9101189667472
1224	349.45791702124006
1225	349.45791702124006
1226	349.45538195731086
1227	346.82325427118184
1228	345.1409671171532
1229	344.934547038493
1230	343.2894662931119
1231	340.76863705220273
1232	338.1379534928539
1233	336.22418936791945
1234	336.22418936791945
1235	336.22418936791945
1236	334.3318385225921
1237	328.410963983425
1238	327.4980185856867
1239	327.4980185856867
1240	323.6386212113649
1241	323.2517558854199
1242	323.2517558854199
1243	322.980953608765
1244	322.980953608765
1245	322.7923615091568
1246	321.81191514828237
1247	321.7062332112802
1248	319.8590531341189
1249	319.8494728404639
1250	318.77596046943484
1251	318.77596046943484
1252	318.77596046943484
1253	318.39628720417875
1254	318.39628720417875
1255	317.7368367141925
1256	316.45457347923275
1257	315.8526685849634
1258	314.1186486722164
1259	314.1186486722164
1260	312.4557983184029
1261	311.01998316862864
1262	310.5967031403117
1263	310.5967031403117
1264	310.5967031403117
1265	310.5967031403117
1266	309.5387463247042
1267	309.5387463247042
1268	309.3519050700461
1269	306.9838450568993
1270	305.5476955356234
1271	304.5042909797989
1272	300.57369702166665
1273	300.2783542753598
1274	296.90061517490926
1275	293.6645754374484
1276	292.5332270698608
1277	290.6326359315607
1278	290.48007203447827
1279	288.31166074994155
1280	288.31166074994155
1281	284.3710000110265
1282	283.40360945046905
1283	281.4596684002863
1284	281.4596684002863
1285	280.3624895202666
1286	280.3624895202666
1287	276.59360137065204
1288	275.57055055473455
1289	275.57055055473455
1290	273.70062329613273
1291	273.70062329613273
1292	273.44344547236943
1293	273.44344547236943
1294	272.544646882134
1295	272.544646882134
1296	271.01470581685396
1297	267.9765444701752
1298	266.2927172467818
1299	266.2927172467818
1300	263.71127914738344
1301	263.71127914738344
1302	261.877694599103
1303	258.36212836012425
1304	257.78162086941865
1305	256.6528360917176
1306	253.4642643130034
1307	251.0275588962234
1308	251.0275588962234
1309	251.0275588962234
1310	250.44183632534384
1311	250.44183632534384
1312	249.25985687463248
1313	248.47277072238057
1314	247.64179040993486
1315	247.64179040993486
1316	247.64179040993486
1317	247.2413430358323
1318	244.3084989230455
1319	244.3084989230455
1320	244.22282707592606
1321	244.22282707592606
1322	243.31994045540833
1323	243.31994045540833
1324	242.21828655812686
1325	242.21828655812686
1326	242.21828655812686
1327	240.64497466761887
1328	240.64497466761887
1329	236.96112709989862
1330	236.96112709989862
1331	236.59593759808328
1332	236.59593759808328
1333	236.59593759808328
1334	234.7722363284015
1335	234.7722363284015
1336	234.7722363284015
1337	234.38297987918003
1338	233.79070208163773
1339	233.48779111712443
1340	233.48779111712443
1341	232.66238291595172
1342	232.66238291595172
1343	232.66238291595172
1344	232.66238291595172
1345	232.66238291595172
1346	232.35158404827934
1347	230.7286539811352
1348	230.7286539811352
1349	230.7286539811352
1350	230.4634687038156
1351	230.4634687038156
1352	230.4634687038156
1353	229.17203049895053
1354	229.17203049895053
1355	228.38198806696946
1356	227.71451018671925
1357	226.46314826114673
1358	225.892193108281
1359	224.6812175914106
1360	222.40677257227134
1361	221.89186216761627
1362	219.93761556240358
1363	217.58594286287544
1364	216.26875960071544
1365	216.26296798235626
1366	214.80650646309542
1367	214.80650646309542
1368	212.6187170845478
1369	212.22547909969106
1370	209.88640261426067
1371	209.88640261426067
1372	209.88640261426067
1373	209.88640261426067
1374	208.9630572649892
1375	208.52058838856271
1376	207.80749879032504
1377	207.80749879032504
1378	206.93593641315334
1379	206.18236953104304
1380	205.91302217586434
1381	205.38763847457724
1382	204.77071231590227
1383	203.67445416507888
1384	203.67445416507888
1385	201.17036060417686
1386	200.69615965172943
1387	200.24812721043446
1388	200.24812721043446
1389	200.1424576567313
1390	199.59670093863159
1391	199.59670093863159
1392	199.36333011325468
1393	197.55872836641205
1394	197.55872836641205
1395	196.31775800350857
1396	195.32449645651283
1397	195.32449645651283
1398	195.32449645651283
1399	195.25669063812168
1400	195.25669063812168
1401	195.25669063812168
1402	195.25669063812168
1403	194.39401538350992
1404	193.4429042626013
1405	192.99089504954375
1406	192.64441148096967
1407	190.9167389538589
1408	189.53622465418078
1409	189.30549872916242
1410	188.31676117528343
1411	188.31676117528343
1412	188.31676117528343
1413	187.90979822434528
1414	186.61950383474124
1415	186.08398456027905
1416	184.0769083388799
1417	184.0769083388799
1418	181.77572792448788
1419	180.3373903361732
1420	180.3373903361732
1421	179.07971822747902
1422	178.85826441839194
1423	178.54157244731388
1424	178.0294058636696
1425	176.82039727870853
1426	176.82039727870853
1427	174.80585205043135
1428	173.2816071579074
1429	172.21034255043475
1430	169.99229470363952
1431	168.32312978370416
1432	168.32312978370416
1433	167.649999263017
1434	166.04783559588313
1435	164.68787964399826
1436	163.62329292414296
1437	163.62329292414296
1438	163.62329292414296
1439	163.0899066088614
1440	162.18323290350784
1441	162.18323290350784
1442	160.09149777916392
1443	160.09149777916392
1444	158.6257486983642
1445	158.5610216820555
1446	157.6900803583242
1447	157.6900803583242
1448	157.6900803583242
1449	156.09870212615073
1450	154.5692148204061
1451	154.37949166554463
1452	154.12452834414728
1453	154.12452834414728
1454	154.12452834414728
1455	154.02558814029786
1456	152.1888598422797
1457	152.1888598422797
1458	150.9536864123325
1459	150.9536864123325
1460	150.7109503232736
1461	149.92779422992086
1462	148.95382418544435
1463	147.83851870575836
1464	147.83851870575836
1465	146.99405647601867
1466	146.33147049361753
1467	145.99006054706027
1468	145.99006054706027
1469	143.61709714103785
1470	143.61709714103785
1471	143.08910888614938
1472	142.3505370760476
1473	142.3505370760476
1474	142.3505370760476
1475	142.11562551429927
1476	142.11562551429927
1477	140.44920643140594
1478	140.44920643140594
1479	140.44920643140594
1480	140.44920643140594
1481	140.44920643140594
1482	140.44920643140594
1483	140.44920643140594
1484	139.7889816765422
1485	139.7889816765422
1486	139.46504063017903
1487	138.56267950878012
1488	137.80428508943405
1489	137.80428508943405
1490	137.80428508943405
1491	137.43741028272035
1492	136.60840202303825
1493	135.15019192482674
1494	135.15019192482674
1495	135.15019192482674
1496	134.70362036681178
1497	134.37144625717443
1498	131.97091504439732
1499	131.97091504439732
1500	131.97091504439732
1501	131.67894400692933
1502	131.2733249269409
1503	131.2733249269409
1504	130.95799484466306
1505	129.9723745867377
1506	129.949015988804
1507	128.0492025758278
1508	127.04338428849466
1509	126.11525409628727
1510	126.11525409628727
1511	126.00725665515856
1512	125.1965531849778
1513	125.00237025383518
1514	124.09261320670157
1515	124.09261320670157
1516	124.09261320670157
1517	123.55520963190429
1518	123.55520963190429
1519	123.55520963190429
1520	123.55520963190429
1521	123.55520963190429
1522	123.35435869308867
1523	123.35435869308867
1524	122.59920091772916
1525	122.59920091772916
1526	121.50995329710778
1527	121.50995329710778
1528	121.05852946687587
1529	120.99796565252043
1530	120.6017402788045
1531	120.48373479524385
1532	119.67798062267201
1533	119.67798062267201
1534	119.67798062267201
1535	118.85388809273925
1536	117.62141048011436
1537	117.21274707300334
1538	117.21274707300334
1539	117.10049494236063
1540	116.96106373376877
1541	116.12746533633522
1542	116.12746533633522
1543	115.62890231689585
1544	115.62890231689585
1545	115.62890231689585
1546	115.62890231689585
1547	115.49068872321918
1548	115.2377317790989
1549	115.2377317790989
1550	114.63702143627938
1551	114.63702143627938
1552	114.03839953173106
1553	112.45606429508511
1554	111.57370528295961
1555	111.38763411323384
1556	110.8383331942307
1557	110.24840163678599
1558	110.24840163678599
1559	108.65264689157583
1560	108.28740143007084
1561	108.28740143007084
1562	107.86513062674108
1563	107.56758698577009
1564	107.56758698577009
1565	107.42262557091212
1566	107.42262557091212
1567	106.3303526460535
1568	105.95114665776462
1569	105.95114665776462
1570	105.70021286546536
1571	105.45815705461305
1572	105.45815705461305
1573	105.45815705461305
1574	105.45815705461305
1575	103.49682263782414
1576	103.49682263782414
1577	103.20902060187947
1578	102.96450200370337
1579	102.37880589477956
1580	102.14890285267461
1581	102.14890285267461
1582	101.97501744320475
1583	101.72930298462789
1584	101.6170019460077
1585	100.888898686781
1586	100.888898686781
1587	100.10452649892613
1588	99.51847732689345
1589	99.3662448665477
1590	99.3662448665477
1591	98.85492360882387
1592	98.79563581478581
1593	98.79563581478581
1594	98.04454841939445
1595	98.04454841939445
1596	97.68358327142741
1597	96.08375184853894
1598	95.8059659270221
1599	95.49355181016662
1600	94.67355364647219
1601	94.67355364647219
1602	94.43725645127452
1603	94.38487499954172
1604	94.38487499954172
1605	93.04432767362705
1606	92.72902045947662
1607	92.72902045947662
1608	92.56252610621446
1609	92.47764460684344
1610	92.44650407180204
1611	92.3726361244491
1612	91.97728112310185
1613	91.97728112310185
1614	91.41730580904066
1615	90.64273285534725
1616	90.13336604460122
1617	90.12018736962273
1618	89.90599573210329
1619	89.90599573210329
1620	88.54968433926994
1621	88.24688174114796
1622	88.18406269298048
1623	88.07397939385031
1624	87.75814585628956
1625	87.75814585628956
1626	87.72841642826576
1627	87.32906938951662
1628	87.21230371624966
1629	87.04662781628218
1630	86.92184348831645
1631	86.73964018758276
1632	86.55692574943205
1633	86.08112434853031
1634	85.81844302413462
1635	85.31303661672989
1636	84.85737965213323
1637	84.85737965213323
1638	84.85737965213323
1639	84.85737965213323
1640	84.13648962844535
1641	83.8726470295392
1642	83.85530044913395
1643	83.85530044913395
1644	83.62370138039141
1645	83.62370138039141
1646	83.62370138039141
1647	83.4645741242214
1648	83.01717947330386
1649	82.8307682195109
1650	82.18404131181926
1651	81.46438229054208
1652	81.12463668575054
1653	81.12463668575054
1654	80.87312317763657
1655	80.87312317763657
1656	80.1560533514852
1657	80.1560533514852
1658	80.12680014795389
1659	80.12680014795389
1660	79.77781144080926
1661	79.77781144080926
1662	79.34284752006124
1663	79.06806392626365
1664	78.27408994250204
1665	77.75719335456178
1666	77.75719335456178
1667	77.69459769253896
1668	77.69459769253896
1669	77.32096001976684
1670	77.00406834161957
1671	76.46333931975339
1672	75.90002496012612
1673	75.90002496012612
1674	75.30609806437829
1675	75.22414679294366
1676	74.53179408088353
1677	74.50186947261186
1678	74.50186947261186
1679	74.09827387503401
1680	74.05670835143579
1681	73.24911506400174
1682	73.14738881454569
1683	73.0942001300965
1684	72.81971024726076
1685	72.81971024726076
1686	72.81971024726076
1687	72.10253520887153
1688	71.92673733700843
1689	71.89386839002469
1690	71.89386839002469
1691	71.86130092473779
1692	71.8594649293458
1693	71.75449862454369
1694	71.28632615928842
1695	71.28632615928842
1696	71.05011334366525
1697	70.97832189314276
1698	70.17875712045165
1699	69.93207722265768
1700	69.93207722265768
1701	69.31904798706
1702	69.31904798706
1703	69.16717730588194
1704	69.16717730588194
1705	69.16717730588194
1706	68.7064598728807
1707	68.63763464709432
1708	68.63763464709432
1709	68.27264824559148
1710	67.82466460866205
1711	67.82466460866205
1712	67.24048834155846
1713	65.91494104762445
1714	65.91494104762445
1715	65.91494104762445
1716	65.7296633655435
1717	65.38533512854757
1718	65.33699792130852
1719	65.07336558563354
1720	65.07336558563354
1721	64.59701802655967
1722	64.59701802655967
1723	63.93832052025307
1724	63.87646451256642
1725	63.620774484281554
1726	63.28849150507351
1727	62.54876344212262
1728	62.52384231562347
1729	62.52384231562347
1730	62.193701773196
1731	62.13547245346884
1732	61.9429603011706
1733	61.79935931372106
1734	61.4822886729237
1735	61.4822886729237
1736	61.12412235528181
1737	60.7663965215473
1738	60.36279489013908
1739	60.36279489013908
1740	60.36279489013908
1741	60.359979180104254
1742	60.21464104506902
1743	60.15109972542271
1744	59.45316996427034
1745	59.42848461808543
1746	58.51775663758367
1747	58.51775663758367
1748	57.9617372673348
1749	57.90357193438661
1750	57.59673259469994
1751	57.537370345414125
1752	57.3029562617386
1753	57.3029562617386
1754	57.16343501510907
1755	57.07463986569674
1756	57.048844040561654
1757	56.91744849731258
1758	56.91744849731258
1759	56.57239235326672
1760	56.37685559491748
1761	56.16924350982409
1762	56.11392463116752
1763	55.6381706029091
1764	54.7919466131731
1765	54.7919466131731
1766	54.76230126599364
1767	54.232056306133096
1768	54.232056306133096
1769	54.232056306133096
1770	53.89437239783014
1771	53.89437239783014
1772	52.699565428818154
1773	52.699565428818154
1774	52.699565428818154
1775	52.699565428818154
1776	52.60285808014648
1777	52.58346818512338
1778	52.308360650806925
1779	52.308360650806925
1780	52.08173130175087
1781	51.70145318782495
1782	51.70145318782495
1783	51.70145318782495
1784	51.325774175402266
1785	51.21003659619007
1786	51.009389986401075
1787	51.009389986401075
1788	51.009389986401075
1789	50.9656590947398
1790	50.9656590947398
1791	50.811777032696384
1792	50.811777032696384
1793	50.811777032696384
1794	50.621212875095495
1795	50.15605664339727
1796	49.22212478762393
1797	49.101463354174975
1798	48.97908134854592
1799	48.97908134854592
1800	48.96384571897263
1801	48.95185554346376
1802	48.33852613838791
1803	48.0462938638338
1804	48.00660772793481
1805	47.74498449769613
1806	47.74498449769613
1807	47.668537735644904
1808	47.668537735644904
1809	47.47188962072046
1810	47.340101807574484
1811	47.1825248876294
1812	47.153952021930714
1813	46.6288794040623
1814	46.58688842425179
1815	46.01950851333575
1816	46.012433641672004
1817	45.91829348686197
1818	45.91829348686197
1819	45.91829348686197
1820	45.39708155965487
1821	45.37312860960003
1822	45.235475624911196
1823	45.19188857702526
1824	44.775025920292926
1825	43.86960970491413
1826	43.86960970491413
1827	43.77097841964298
1828	43.7260078554706
1829	43.7260078554706
1830	43.7260078554706
1831	43.7260078554706
1832	43.7260078554706
1833	43.58698623621955
1834	43.58698623621955
1835	43.58698623621955
1836	43.310937567183274
1837	43.269491949049446
1838	43.269491949049446
1839	43.17302923345901
1840	43.054833030025286
1841	42.539910641985756
1842	42.539910641985756
1843	42.38069328765809
1844	42.38069328765809
1845	42.38069328765809
1846	42.38069328765809
1847	42.02324273494042
1848	41.88933567095008
1849	41.80408024914444
1850	41.54736746837308
1851	41.52220739200705
1852	40.98344122172993
1853	40.98344122172993
1854	40.62543188512168
1855	40.34314133890408
1856	40.34314133890408
1857	40.34314133890408
1858	40.34314133890408
1859	40.34314133890408
1860	40.14082811759827
1861	40.10280348808773
1862	40.080387139101944
1863	40.080387139101944
1864	39.94937907588757
1865	39.79686377981473
1866	39.07218777046656
1867	39.01753389459812
1868	37.777566735887596
1869	37.60140969334616
1870	37.57943918217437
1871	37.57943918217437
1872	37.48713701898732
1873	37.36261707872979
1874	37.234643872583014
1875	36.87074492258533
1876	36.87074492258533
1877	36.87074492258533
1878	36.574119047041556
1879	36.387562736866485
1880	36.35044994567684
1881	36.35044994567684
1882	36.286242000147084
1883	36.286242000147084
1884	36.286242000147084
1885	36.286242000147084
1886	36.22611974529845
1887	35.50274968885557
1888	35.50274968885557
1889	35.18713685136873
1890	35.165446077165356
1891	35.165446077165356
1892	34.971092814304164
1893	34.434337424266225
1894	34.383553264044856
1895	34.1857617555795
1896	34.140574665370394
1897	34.140574665370394
1898	34.140574665370394
1899	34.124676189647865
1900	34.124676189647865
1901	33.99296901009908
1902	33.99296901009908
1903	33.885484330273584
1904	33.885484330273584
1905	33.885484330273584
1906	33.885484330273584
1907	33.32438486772393
1908	33.32438486772393
1909	33.32438486772393
1910	33.21631656715217
1911	33.09745568812889
1912	33.09745568812889
1913	33.09745568812889
1914	33.05296970209295
1915	32.77925242025352
1916	32.77925242025352
1917	32.77925242025352
1918	32.63079273972462
1919	32.131399303708
1920	32.131399303708
1921	32.131399303708
1922	32.076094223570884
1923	32.02867044916623
1924	31.887363014738657
1925	31.743032602667842
1926	31.742917006527435
1927	31.677758810095995
1928	31.552069716401316
1929	31.53328510461357
1930	31.503714937707105
1931	31.46869744729231
1932	31.46869744729231
1933	31.367336707874024
1934	31.304932153928895
1935	31.24278732224841
1936	31.151143180069564
1937	31.151143180069564
1938	30.89389132663644
1939	30.863796208874525
1940	30.56774462279495
1941	30.56774462279495
1942	30.56774462279495
1943	30.56774462279495
1944	30.46993012698046
1945	30.309300539498217
1946	30.221762301664246
1947	30.221762301664246
1948	30.221762301664246
1949	30.209366433348933
1950	30.169629931384982
1951	29.928116623941175
1952	29.92056908261453
1953	29.879747172141972
1954	29.611015173613236
1955	29.611015173613236
1956	29.58356808289663
1957	29.58356808289663
1958	29.244930820557943
1959	29.235352372845433
1960	29.235352372845433
1961	29.235352372845433
1962	29.235352372845433
1963	29.10385423441186
1964	28.992842627977854
1965	28.961444246699315
1966	28.81334902251309
1967	28.661455619082933
1968	28.340221687297444
1969	28.340221687297444
1970	28.233458984028175
1971	28.233458984028175
1972	28.233458984028175
1973	28.155393750954076
1974	28.106209865348344
1975	28.106209865348344
1976	27.87078463717955
1977	27.726737342608608
1978	27.60940320705614
1979	27.36396385621592
1980	27.271273727524797
1981	27.102573722183624
1982	26.890578669667857
1983	26.687032195125337
1984	26.498366845812217
1985	26.45172014472462
1986	26.410441265079317
1987	26.410441265079317
1988	26.320647341481536
1989	26.320647341481536
1990	26.314115415335696
1991	26.314115415335696
1992	25.972146741917634
1993	25.850839992222237
1994	25.850839992222237
1995	25.78709123757171
1996	25.670442766965134
1997	25.5210763667161
1998	25.193143988064307
1999	24.818789112970727
2000	24.818789112970727
2001	24.818789112970727
2002	24.723962962055474
2003	24.723962962055474
2004	24.723962962055474
2005	24.588517523239528
2006	24.588517523239528
2007	24.488519419929812
2008	24.477617950653386
2009	24.293138653573
2010	24.108465068448773
2011	24.108465068448773
2012	23.910820515544867
2013	23.810370428285125
2014	23.810370428285125
2015	23.810370428285125
2016	23.508921185201935
2017	23.428934417247135
2018	23.428934417247135
2019	23.428934417247135
2020	23.337315853738065
2021	23.128786487294803
2022	22.994094811647944
2023	22.925558692656335
2024	22.776220491212136
2025	22.776220491212136
2026	22.776220491212136
2027	22.776220491212136
2028	22.648582977008935
2029	22.428446738555813
2030	22.310292370117605
2031	22.303923291489067
2032	22.254560296421868
2033	22.254297889000576
2034	22.141164087064904
2035	22.131342889832798
2036	22.092163391279424
2037	22.092163391279424
2038	22.06362049790092
2039	22.01733343246256
2040	22.01733343246256
2041	22.011866727087586
2042	21.98298811935014
2043	21.939667920501158
2044	21.939667920501158
2045	21.72464337354509
2046	21.612133100372407
2047	21.436062001273505
2048	21.436062001273505
2049	21.35075155225267
2050	21.134012911553842
2051	21.134012911553842
2052	21.134012911553842
2053	20.801271919168475
2054	20.631653714788744
2055	20.44212904303033
2056	20.44212904303033
2057	20.43211824216794
2058	20.43211824216794
2059	20.226500082208627
2060	20.10994062284336
2061	20.10994062284336
2062	20.08696785566504
2063	19.966261369205448
2064	19.864107491543816
2065	19.864107491543816
2066	19.84314068557593
2067	19.84314068557593
2068	19.74796786993344
2069	19.644592741196465
2070	19.644592741196465
2071	19.60502679591716
2072	19.470980195117654
2073	19.46137355875587
2074	19.38809563442062
2075	19.282004550073193
2076	19.282004550073193
2077	19.282004550073193
2078	19.27330753424013
2079	19.27330753424013
2080	19.27330753424013
2081	19.247818977771608
2082	19.247818977771608
2083	19.247818977771608
2084	19.247818977771608
2085	19.190836935736307
2086	19.000786691151653
2087	18.845021810995604
2088	18.845021810995604
2089	18.845021810995604
2090	18.6214214148977
2091	18.427073881224675
2092	18.15170342173006
2093	18.09326076420813
2094	18.037026740122528
2095	17.888580357879373
2096	17.77700035245713
2097	17.77700035245713
2098	17.68014492535102
2099	17.68014492535102
2100	17.290519953376034
2101	17.254230657342823
2102	17.189166106110708
2103	17.158450090550136
2104	17.09611799713841
2105	17.018700595512616
2106	16.958909053162337
2107	16.809621023435536
2108	16.809621023435536
2109	16.809621023435536
2110	16.55639348188607
2111	16.55639348188607
2112	16.549437888083336
2113	16.54134000851226
2114	16.40352928037406
2115	16.34715241056151
2116	16.30642598655735
2117	16.21683972100909
2118	16.07007004226605
2119	16.07007004226605
2120	16.01950698461111
2121	16.01950698461111
2122	16.01950698461111
2123	16.01950698461111
2124	16.016320173758462
2125	16.005211301371393
2126	15.997795271683305
2127	15.84492422785985
2128	15.84492422785985
2129	15.84492422785985
2130	15.84492422785985
2131	15.704694389446209
2132	15.534257379852873
2133	15.478416594800029
2134	15.478416594800029
2135	15.478416594800029
2136	15.350528565832187
2137	15.310160098144992
2138	15.310160098144992
2139	15.310160098144992
2140	15.260194397242426
2141	15.260194397242426
2142	15.260194397242426
2143	15.260194397242426
2144	15.078274526005492
2145	15.078274526005492
2146	15.078274526005492
2147	15.00713787488613
2148	14.816250670659555
2149	14.816250670659555
2150	14.816250670659555
2151	14.793405241851998
2152	14.710998617006974
2153	14.684700726713437
2154	14.600878225103113
2155	14.600878225103113
2156	14.600878225103113
2157	14.600878225103113
2158	14.548317792599894
2159	14.534977106040397
2160	14.534977106040397
2161	14.534977106040397
2162	14.493699535298571
2163	14.484705940043439
2164	14.474678465775613
2165	14.44297233150232
2166	14.44297233150232
2167	14.304785318407061
2168	14.220041733180514
2169	14.220041733180514
2170	14.099702941926145
2171	14.08341107463506
2172	14.050040988242014
2173	14.050040988242014
2174	14.050040988242014
2175	14.026924138766978
2176	13.89310778171269
2177	13.89310778171269
2178	13.708181819069864
2179	13.708181819069864
2180	13.708181819069864
2181	13.692880284769858
2182	13.69034013532524
2183	13.534184265843058
2184	13.460021594440747
2185	13.357817658660135
2186	13.347995790348044
2187	13.347995790348044
2188	13.281194317837365
2189	13.281194317837365
2190	13.281194317837365
2191	13.182571887586484
2192	13.13138522038653
2193	13.0233963307302
2194	13.0233963307302
2195	13.0233963307302
2196	12.948309607499844
2197	12.903848702734477
2198	12.80337245574106
2199	12.63385092324223
2200	12.611698542775095
2201	12.531710463078891
2202	12.480923266865775
2203	12.428153610447504
2204	12.428153610447504
2205	12.428153610447504
2206	12.283220332682419
2207	12.283220332682419
2208	12.192588489356512
2209	12.192588489356512
2210	12.141849783976214
2211	12.141849783976214
2212	12.139312904756808
2213	12.114098550619069
2214	12.114098550619069
2215	12.114098550619069
2216	11.985738325651665
2217	11.908004698345497
2218	11.680564368627447
2219	11.677942838917284
2220	11.629455105591596
2221	11.493138174726267
2222	11.493138174726267
2223	11.493138174726267
2224	11.318644290484
2225	11.318644290484
2226	11.305528379060856
2227	11.305528379060856
2228	11.210501473199198
2229	11.210501473199198
2230	11.19407188892405
2231	11.053024532841793
2232	11.053024532841793
2233	11.053024532841793
2234	10.84828288941463
2235	10.84828288941463
2236	10.838739460700465
2237	10.80113026308427
2238	10.795740381945082
2239	10.795740381945082
2240	10.768146361667982
2241	10.71584733677499
2242	10.698450004498321
2243	10.665779801204872
2244	10.553672831833582
2245	10.553672831833582
2246	10.537754346496147
2247	10.537754346496147
2248	10.528636400334884
2249	10.528636400334884
2250	10.521931114833832
2251	10.497676946174698
2252	10.486484804333788
2253	10.482022981950731
2254	10.199204407627738
2255	10.199204407627738
2256	10.18281112413015
2257	10.093445273604578
2258	10.02347470043875
2259	10.02347470043875
2260	9.948395074862987
2261	9.948395074862987
2262	9.927889318042352
2263	9.759400454370875
2264	9.744640405850069
2265	9.744640405850069
2266	9.744640405850069
2267	9.657585824927674
2268	9.627902775037187
2269	9.604906510509043
2270	9.604906510509043
2271	9.545352327769109
2272	9.520928821934719
2273	9.505315725972908
2274	9.358412863324293
2275	9.345391360708495
2276	9.345391360708495
2277	9.345391360708495
2278	9.29996199131821
2279	9.29996199131821
2280	9.280521858314735
2281	9.280521858314735
2282	9.242291651781962
2283	9.242291651781962
2284	9.242291651781962
2285	9.225940664143048
2286	9.217466254303453
2287	9.204630574859452
2288	9.204630574859452
2289	9.11510801035726
2290	8.97523397383831
2291	8.876754346031762
2292	8.852154453091712
2293	8.83087992970711
2294	8.79381297668368
2295	8.785138613427582
2296	8.74258106286678
2297	8.74258106286678
2298	8.712615842264382
2299	8.704290051186357
2300	8.704290051186357
2301	8.695451811416177
2302	8.692439903651206
2303	8.69024770153631
2304	8.69024770153631
2305	8.553369422473322
2306	8.515025810182003
2307	8.502537489909626
2308	8.48526854472246
2309	8.479758722686187
2310	8.411686007543446
2311	8.411686007543446
2312	8.356570271745369
2313	8.353280737083002
2314	8.353280737083002
2315	8.353280737083002
2316	8.30324380120989
2317	8.283198291897294
2318	8.283198291897294
2319	8.27756462555032
2320	8.27756462555032
2321	8.27756462555032
2322	8.239305406058314
2323	8.21255139138624
2324	8.179412015604637
2325	8.145299745329341
2326	8.129400100424942
2327	8.056712906529581
2328	8.056712906529581
2329	7.950674519489364
2330	7.950674519489364
2331	7.906683485497693
2332	7.821013193038299
2333	7.801719629527696
2334	7.801719629527696
2335	7.7953525506734715
2336	7.779971595742923
2337	7.779971595742923
2338	7.779971595742923
2339	7.7743564881842495
2340	7.7743564881842495
2341	7.730823000227329
2342	7.707390005669426
2343	7.678645957069534
2344	7.672629518690822
2345	7.63761512414674
2346	7.5375721273040215
2347	7.5375721273040215
2348	7.5375721273040215
2349	7.5375721273040215
2350	7.5375721273040215
2351	7.515043336709669
2352	7.515043336709669
2353	7.515043336709669
2354	7.4693756729784315
2355	7.445963179257577
2356	7.4267507875191425
2357	7.376334411626946
2358	7.376334411626946
2359	7.354013508395766
2360	7.354013508395766
2361	7.329037338643195
2362	7.329037338643195
2363	7.2756960680170835
2364	7.2756960680170835
2365	7.196033657614153
2366	7.152256872667599
2367	7.096578320146288
2368	7.092394027523722
2369	7.069427243753749
2370	7.0485756185009905
2371	7.0485756185009905
2372	7.019332415960812
2373	7.011617640374567
2374	6.947161570247543
2375	6.947161570247543
2376	6.947161570247543
2377	6.947161570247543
2378	6.873021624717373
2379	6.786650007172953
2380	6.734425175525003
2381	6.734425175525003
2382	6.734425175525003
2383	6.734425175525003
2384	6.641635039111301
2385	6.633031520495492
2386	6.625603826982515
2387	6.602073587157779
2388	6.557076118605867
2389	6.551954281603554
2390	6.500807309591935
2391	6.487765628491749
2392	6.434036783566684
2393	6.358162599749236
2394	6.358162599749236
2395	6.358162599749236
2396	6.339702520723048
2397	6.339702520723048
2398	6.339702520723048
2399	6.276124296157551
2400	6.254547883269202
2401	6.254136341434664
2402	6.254136341434664
2403	6.2502833713823005
2404	6.142308473524761
2405	6.142308473524761
2406	6.064676770951634
2407	6.045404127330626
2408	6.045404127330626
2409	6.045404127330626
2410	6.045404127330626
2411	6.022456708439848
2412	5.997396979231996
2413	5.997396979231996
2414	5.9794395103707085
2415	5.9794395103707085
2416	5.9794395103707085
2417	5.9794395103707085
2418	5.978425313844952
2419	5.978109220107855
2420	5.978109220107855
2421	5.9730759526994115
2422	5.919121311621287
2423	5.919121311621287
2424	5.919121311621287
2425	5.919121311621287
2426	5.919121311621287
2427	5.808241868074307
2428	5.808241868074307
2429	5.780115795299342
2430	5.772701247853623
2431	5.74303659407182
2432	5.69988464282785
2433	5.69988464282785
2434	5.6783660147634585
2435	5.6783660147634585
2436	5.674929332688147
2437	5.674929332688147
2438	5.674929332688147
2439	5.647869522626221
2440	5.647869522626221
2441	5.647869522626221
2442	5.647869522626221
2443	5.614887917104892
2444	5.61149714495058
2445	5.61149714495058
2446	5.571741965468515
2447	5.5039793118571625
2448	5.5039793118571625
2449	5.5039793118571625
2450	5.498722432005537
2451	5.440266851151077
2452	5.4130419034946815
2453	5.4130419034946815
2454	5.4130419034946815
2455	5.368580799487568
2456	5.368580799487568
2457	5.244589758988068
2458	5.183984626602907
2459	5.070015515655004
2460	4.999416610381531
2461	4.984498651099172
2462	4.984498651099172
2463	4.984498651099172
2464	4.984498651099172
2465	4.945854077320002
2466	4.937501439147821
2467	4.910639703841116
2468	4.910639703841116
2469	4.910639703841116
2470	4.898151181900698
2471	4.888128470495055
2472	4.888128470495055
2473	4.8710486884771065
2474	4.8710486884771065
2475	4.866743823232923
2476	4.866743823232923
2477	4.866743823232923
2478	4.866743823232923
2479	4.866743823232923
2480	4.866743823232923
2481	4.842718926572379
2482	4.826693739362215
2483	4.826693739362215
2484	4.807505651785652
2485	4.804673444418347
2486	4.80467308520194
2487	4.792298188333967
2488	4.781138713553562
2489	4.781138713553562
2490	4.761069394233591
2491	4.662453528472704
2492	4.6319196582162805
2493	4.6319196582162805
2494	4.627053651364292
2495	4.601140951225928
2496	4.600258194681234
2497	4.5743506753202166
2498	4.559576104146332
2499	4.499212765108043
2500	4.455577483333764
2501	4.455577483333764
2502	4.455577483333764
2503	4.430756972119839
2504	4.397088850830968
2505	4.393496101078424
2506	4.392638501586949
2507	4.392638501586949
2508	4.392638501586949
2509	4.370294456743119
2510	4.3618567318164825
2511	4.3618567318164825
2512	4.339536106492623
2513	4.339536106492623
2514	4.315224441442643
2515	4.315224441442643
2516	4.3072788638463155
2517	4.299908810329843
2518	4.293515904548032
2519	4.293515904548032
2520	4.293515904548032
2521	4.248567866864875
2522	4.248567866864875
2523	4.241134108835108
2524	4.17768600966541
2525	4.17768600966541
2526	4.1747549676271545
2527	4.1747549676271545
2528	4.1747549676271545
2529	4.152588942152608
2530	4.111902691296488
2531	4.111902691296488
2532	4.111902691296488
2533	4.085825524533252
2534	4.045378217719769
2535	4.045378217719769
2536	4.038672084171727
2537	4.018706743106863
2538	3.9967027653590885
2539	3.9967027653590885
2540	3.9967027653590885
2541	3.9967027653590885
2542	3.975144181916944
2543	3.975144181916944
2544	3.975144181916944
2545	3.9732471785490615
2546	3.9651385881354817
2547	3.957534754817801
2548	3.930284956322531
2549	3.900080350836259
2550	3.900080350836259
2551	3.8754859455600745
2552	3.8754859455600745
2553	3.8754859455600745
2554	3.8754859455600745
2555	3.8689694495773588
2556	3.8689694495773588
2557	3.8545110090268526
2558	3.8545110090268526
2559	3.830440937207816
2560	3.8130920705602858
2561	3.803168692090758
2562	3.7847028777282703
2563	3.765500403884155
2564	3.7198860390638275
2565	3.7190222628949985
2566	3.688608159944784
2567	3.6806628493315263
2568	3.638740660879719
2569	3.6293971244952643
2570	3.6293971244952643
2571	3.5939941340019033
2572	3.55676996389511
2573	3.55676996389511
2574	3.520729051522954
2575	3.5166546164869454
2576	3.5166546164869454
2577	3.4715955069063855
2578	3.4715955069063855
2579	3.4680270530509305
2580	3.416679689204502
2581	3.4116059936841348
2582	3.411180934012031
2583	3.411180934012031
2584	3.411180934012031
2585	3.3804207433530573
2586	3.3711821968402544
2587	3.3555739059129253
2588	3.3555739059129253
2589	3.35520995161549
2590	3.35520995161549
2591	3.35520995161549
2592	3.35520995161549
2593	3.3436459617347145
2594	3.3163788579611846
2595	3.303692215490169
2596	3.2810470701420633
2597	3.247276023420782
2598	3.24067807815063
2599	3.24067807815063
2600	3.24067807815063
2601	3.2157980342456702
2602	3.2157980342456702
2603	3.2095684890211063
2604	3.2070103692414547
2605	3.195813422511608
2606	3.167996978347364
2607	3.1564536389335003
2608	3.1564536389335003
2609	3.146493560358673
2610	3.135560042406976
2611	3.098850643187528
2612	3.0714628580351744
2613	3.0714628580351744
2614	3.0572992690422773
2615	3.0497963133246824
2616	3.0491829812584483
2617	3.0377867135648016
2618	3.024564232028398
2619	3.0058727931131504
2620	2.9951937193078395
2621	2.9887797481339664
2622	2.9569498794706237
2623	2.956800963062967
2624	2.955533766458856
2625	2.955533766458856
2626	2.9489731806726076
2627	2.9489731806726076
2628	2.9409214030111923
2629	2.9409214030111923
2630	2.9409214030111923
2631	2.9409214030111923
2632	2.9337779171102074
2633	2.9337779171102074
2634	2.9269908528675814
2635	2.9134279746774907
2636	2.910278584768234
2637	2.910278584768234
2638	2.89808555960307
2639	2.89808555960307
2640	2.892293490861945
2641	2.882703441729767
2642	2.882703441729767
2643	2.882703441729767
2644	2.8193052571164037
2645	2.794834647769659
2646	2.794834647769659
2647	2.7801249824703675
2648	2.7719230589872152
2649	2.7683064860512787
2650	2.7535628104046435
2651	2.7535628104046435
2652	2.7278502222785606
2653	2.7278502222785606
2654	2.702564003729911
2655	2.6744422580500427
2656	2.6622929577747856
2657	2.6622929577747856
2658	2.657952917117776
2659	2.620631082558675
2660	2.593496215940375
2661	2.5898423414837293
2662	2.5898423414837293
2663	2.5898423414837293
2664	2.588319944522118
2665	2.5707419711755395
2666	2.5707419711755395
2667	2.5707419711755395
2668	2.5707419711755395
2669	2.5454832919596653
2670	2.5451588003250833
2671	2.5451588003250833
2672	2.540058280219164
2673	2.532140705981109
2674	2.528435482340346
2675	2.528435482340346
2676	2.5195536134051375
2677	2.5195536134051375
2678	2.5163072849998374
2679	2.5163072849998374
2680	2.495481043055115
2681	2.478975001397427
2682	2.4635255990111635
2683	2.452436152845325
2684	2.4460928560048045
2685	2.4460928560048045
2686	2.4460928560048045
2687	2.417914108524906
2688	2.4120435341905675
2689	2.4089541715799743
2690	2.392222689243465
2691	2.392222689243465
2692	2.3757934079195637
2693	2.3757934079195637
2694	2.368004914944514
2695	2.368004914944514
2696	2.3646471762378445
2697	2.3595222696093026
2698	2.358809090415753
2699	2.358809090415753
2700	2.358809090415753
2701	2.3585274544056043
2702	2.3511122242459206
2703	2.3076050830905412
2704	2.3021934614439754
2705	2.2885127435096155
2706	2.2885127435096155
2707	2.28121344397729
2708	2.28121344397729
2709	2.2279786291592654
2710	2.215374804321031
2711	2.2121515190255296
2712	2.207020022844477
2713	2.2026489737112267
2714	2.2026489737112267
2715	2.1893787150590476
2716	2.1893787150590476
2717	2.165964531395835
2718	2.165964531395835
2719	2.142836566219429
2720	2.1114869499838735
2721	2.105371164600173
2722	2.1042259539186565
2723	2.0985474858523423
2724	2.091264549669513
2725	2.0857968541640184
2726	2.0857968541640184
2727	2.0857968541640184
2728	2.0857968541640184
2729	2.0832633360763326
2730	2.076296911302566
2731	2.076296911302566
2732	2.076296911302566
2733	2.040166362971795
2734	2.040166362971795
2735	2.018859572425819
2736	2.0184199951218083
2737	2.0184199951218083
2738	2.0162376252854353
2739	2.0162376252854353
2740	2.0092343441420244
2741	1.991139039828661
2742	1.952048289116381
2743	1.9387863587662786
2744	1.9288815893637206
2745	1.9237040550894309
2746	1.9153156790516868
2747	1.9110030228735932
2748	1.9110030228735932
2749	1.9110030228735932
2750	1.904821858444142
2751	1.8949901657157602
2752	1.8899888267233356
2753	1.884850911350263
2754	1.884850911350263
2755	1.884850911350263
2756	1.8707091285594495
2757	1.8464720638220231
2758	1.8267672001075435
2759	1.8267672001075435
2760	1.8154251039123528
2761	1.8154251039123528
2762	1.8107112555849652
2763	1.8102340524495006
2764	1.8102340524495006
2765	1.8102340524495006
2766	1.798046083395397
2767	1.798046083395397
2768	1.7951333610651754
2769	1.7949836004163775
2770	1.7949836004163775
2771	1.7949836004163775
2772	1.7937178390618025
2773	1.7848183473738473
2774	1.7848183473738473
2775	1.7762316155648523
2776	1.7613222617997288
2777	1.7583470914331045
2778	1.7373085143784504
2779	1.734810631471403
2780	1.7311817988512919
2781	1.7311817988512919
2782	1.7147465538690967
2783	1.7147465538690967
2784	1.68990493904902
2785	1.6678924047101693
2786	1.6442983627040277
2787	1.6369922697363615
2788	1.6253239208988433
2789	1.6253239208988433
2790	1.6170092840056187
2791	1.604418086160872
2792	1.604418086160872
2793	1.6021876202329406
2794	1.6021876202329406
2795	1.6021876202329406
2796	1.601993549372798
2797	1.5957744779830725
2798	1.5879854491379064
2799	1.5879854491379064
2800	1.5879854491379064
2801	1.5875552870728333
2802	1.5528773066008341
2803	1.5528773066008341
2804	1.5528773066008341
2805	1.5528773066008341
2806	1.5528773066008341
2807	1.537368191880376
2808	1.5366793465323274
2809	1.5361438203981013
2810	1.5311617744386132
2811	1.5311617744386132
2812	1.5181545109692012
2813	1.5181545109692012
2814	1.5103908795490184
2815	1.5103908795490184
2816	1.5103908795490184
2817	1.4932853125850267
2818	1.4924248253440386
2819	1.4760450669953602
2820	1.4760450669953602
2821	1.4760450669953602
2822	1.453862717980723
2823	1.4515457617617065
2824	1.4420911862256651
2825	1.4402200486841856
2826	1.4367788849655134
2827	1.4367788849655134
2828	1.4281127218939709
2829	1.4281127218939709
2830	1.4273334502072752
2831	1.4273334502072752
2832	1.4215054167549597
2833	1.4189163306908803
2834	1.418772480407661
2835	1.4152002282602285
2836	1.4111913120539976
2837	1.408196736760875
2838	1.3973223712226106
2839	1.3948779715387765
2840	1.3938752817626445
2841	1.3878988202879794
2842	1.3855566302755062
2843	1.3709545337198648
2844	1.3648054029935828
2845	1.358483858094588
2846	1.358483858094588
2847	1.345348008118515
2848	1.3349748036610711
2849	1.3349748036610711
2850	1.3349748036610711
2851	1.3349748036610711
2852	1.3343792182067835
2853	1.3219459332053782
2854	1.3204001228709177
2855	1.3017823835233633
2856	1.2871318671625391
2857	1.2871318671625391
2858	1.2871318671625391
2859	1.2828421945797415
2860	1.2820917283928475
2861	1.2662428880237222
2862	1.2584073025195177
2863	1.2584073025195177
2864	1.251378330699546
2865	1.2453005053683663
2866	1.2444930952228312
2867	1.2389334589248115
2868	1.2320853166349877
2869	1.2265369994101476
2870	1.2247074533750035
2871	1.2216474460837454
2872	1.2213520206191668
2873	1.2105100080459086
2874	1.2095531768535037
2875	1.2095531768535037
2876	1.2085737157343295
2877	1.2085737157343295
2878	1.2085737157343295
2879	1.2064675884951583
2880	1.2039652465388386
2881	1.20121408316847
2882	1.186062011473678
2883	1.184767281392703
2884	1.1751390981287388
2885	1.168169744551058
2886	1.168169744551058
2887	1.168169744551058
2888	1.1644892148223247
2889	1.1644892148223247
2890	1.1644892148223247
2891	1.1585581714804682
2892	1.1507006386431906
2893	1.1496554512351742
2894	1.147433309690608
2895	1.147433309690608
2896	1.147433309690608
2897	1.147433309690608
2898	1.1454588953035814
2899	1.1454588953035814
2900	1.139939352567756
2901	1.1390218909795544
2902	1.137478727958432
2903	1.137478727958432
2904	1.1293522540435066
2905	1.124200813976659
2906	1.124200813976659
2907	1.1215246859508774
2908	1.1215246859508774
2909	1.1158398439853023
2910	1.1128723444822468
2911	1.108397623076838
2912	1.108397623076838
2913	1.0995571018746157
2914	1.0935166458547394
2915	1.08787062242455
2916	1.08787062242455
2917	1.0850996005083828
2918	1.0850996005083828
2919	1.0819625188984814
2920	1.0670197267851564
2921	1.0670197267851564
2922	1.0485286976101211
2923	1.0388789130078355
2924	1.034841748024576
2925	1.034841748024576
2926	1.0264019804614957
2927	1.0234912143603194
2928	1.0218413264890935
2929	1.019725876404969
2930	1.019725876404969
2931	1.006763801568854
2932	1.006763801568854
2933	1.006763801568854
2934	1.003708389415057
2935	1.001663528731627
2936	1.001663528731627
2937	1.0013569578972004
2938	0.9992704680751722
2939	0.9965086908757553
2940	0.9965086908757553
2941	0.9965086908757553
2942	0.9918479807771108
2943	0.989136579409432
2944	0.9852971554821912
2945	0.9852971554821912
2946	0.9806498743469559
2947	0.9797941002376909
2948	0.9795753249274833
2949	0.963727725578821
2950	0.963727725578821
2951	0.9559215039684806
2952	0.9559215039684806
2953	0.9559215039684806
2954	0.9543781239931369
2955	0.9538043169116956
2956	0.9538043169116956
2957	0.9538043169116956
2958	0.9538043169116956
2959	0.9538043169116956
2960	0.9538043169116956
2961	0.9516502805118997
2962	0.9470732968075926
2963	0.9465670627753352
2964	0.9462352858659833
2965	0.9430923729534754
2966	0.9430923729534754
2967	0.9371519470851737
2968	0.9248010714140051
2969	0.9163425652654811
2970	0.9163425652654811
2971	0.9163425652654811
2972	0.9163425652654811
2973	0.9163425652654811
2974	0.9083903162312293
2975	0.9025868467362737
2976	0.8941230896115063
2977	0.8854652082162204
2978	0.8682508347128347
2979	0.8682508347128347
2980	0.8574427209867116
2981	0.8574427209867116
2982	0.8574427209867116
2983	0.8530029044549778
2984	0.8530029044549778
2985	0.8530029044549778
2986	0.8458419986022278
2987	0.8454765860100035
2988	0.8447995506797498
2989	0.8410741520777231
2990	0.8339808836489228
2991	0.8339808836489228
2992	0.8339808836489228
2993	0.8314133886801057
2994	0.8303425336456984
2995	0.8303425336456984
2996	0.8289786760104909
2997	0.826311300368824
2998	0.826311300368824
2999	0.8253321798636429
3000	0.8190708338502957
