1	20.203111819918995
2	20.019004103651742
3	19.919747516472377
4	19.74422781525886
5	19.620561941657254
6	19.5335763795958
7	19.468700522556393
8	19.459200668457992
9	19.397706354655572
10	19.308026421008346
11	19.21537516094414
12	19.20146819072987
13	19.1398497935939
14	19.119492013477334
15	18.983223113165437
16	18.851551613242822
17	18.791609985110895
18	18.69925044511568
19	18.623742464985682
20	18.548265773084825
21	18.543854416891897
22	18.525999676121483
23	18.458277453487252
24	18.45499433636701
25	18.424501423468676
26	18.25665872453917
27	18.253263976612025
28	18.164556865787844
29	18.01801546759077
30	17.99961300699668
31	17.99961300699668
32	17.933887394565186
33	17.933887394565186
34	17.85483447950717
35	17.841184939945254
36	17.801472119726576
37	17.76679942425126
38	17.748756648768886
39	17.7374449379596
40	17.631223921436415
41	17.631223921436415
42	17.597198071695157
43	17.48091860456905
44	17.394333583029457
45	17.383423770186607
46	17.383423770186607
47	17.335557233637214
48	17.31649372504336
49	17.253649603165897
50	17.252772614750754
51	17.250220742301998
52	17.189684697819924
53	17.146067904925754
54	17.13937774412518
55	17.12013939029288
56	17.111802722585754
57	17.111802722585754
58	17.103554284607444
59	17.066455404153274
60	16.98728478979599
61	16.975086464684225
62	16.949640450276906
63	16.949640450276906
64	16.89982349651909
65	16.895075824888643
66	16.808464173037212
67	16.790013950664164
68	16.669233018319726
69	16.667143294989057
70	16.624605831834526
71	16.540215210950677
72	16.490394778110225
73	16.490394778110225
74	16.46643912706534
75	16.456196761337033
76	16.432151419992284
77	16.376542311249253
78	16.346381424653746
79	16.335286278198144
80	16.29916751987394
81	16.29916751987394
82	16.224743069270495
83	16.212108830088063
84	16.212108830088063
85	16.15446697359355
86	16.15446697359355
87	16.146193414696373
88	16.140708977368046
89	16.127346649671562
90	16.105795043932847
91	16.10081169930934
92	16.061421814204415
93	16.02324542896888
94	16.02324542896888
95	16.020011265049305
96	15.979289158554046
97	15.843772058341347
98	15.813151964044437
99	15.739067410014972
100	15.668066772882785
101	15.665590941472649
102	15.6370359355147
103	15.608924064110868
104	15.6026260413976
105	15.55112916445457
106	15.489489642818826
107	15.414521851624015
108	15.36932943987105
109	15.36932943987105
110	15.356666724154822
111	15.336114187212313
112	15.319484448178601
113	15.317274368972965
114	15.308267942490152
115	15.282857416129307
116	15.189380886581018
117	15.073834083569759
118	14.97654766953459
119	14.974216481699843
120	14.923769673759896
121	14.919629174603191
122	14.821167744697272
123	14.812164566498065
124	14.749968279292256
125	14.733593375725338
126	14.712751311965683
127	14.58389271772898
128	14.58389271772898
129	14.53257508560242
130	14.53257508560242
131	14.48006285987282
132	14.430980640798015
133	14.430980640798015
134	14.415951075139146
135	14.351528027765925
136	14.298721317938464
137	14.175223234838503
138	14.175223234838503
139	14.08794467033456
140	14.08794467033456
141	14.07985023047931
142	14.07985023047931
143	14.033013967836862
144	14.029020185780384
145	14.008988829137405
146	13.990378008182331
147	13.97721302298217
148	13.906496037196776
149	13.884532439721607
150	13.877349089225369
151	13.877349089225369
152	13.864236824583532
153	13.822100026877981
154	13.779887399029986
155	13.735093856327696
156	13.71990358083463
157	13.692257551549089
158	13.692257551549089
159	13.656195879433442
160	13.515908051842972
161	13.478064433404437
162	13.450978298641946
163	13.368833696081959
164	13.347853935015172
165	13.307537719122125
166	13.249221750497291
167	13.236474165628229
168	13.208526426548117
169	13.12682017169421
170	13.115110096286205
171	13.111513498824491
172	13.10301082981928
173	13.044566682888997
174	13.038140937099445
175	12.968859869755374
176	12.922585532791391
177	12.864129787744229
178	12.829354063125317
179	12.788554784156812
180	12.75366676828879
181	12.747617300358993
182	12.682954729760233
183	12.68052769320388
184	12.68052769320388
185	12.628852468019026
186	12.600333133705266
187	12.585695804735101
188	12.565139735376006
189	12.565139735376006
190	12.499355358561075
191	12.499355358561075
192	12.493139456204363
193	12.457430680980602
194	12.413496260333705
195	12.376945876698569
196	12.376945876698569
197	12.376383600366971
198	12.35329562882024
199	12.31467128625365
200	12.205308956980854
201	12.16993688116266
202	12.053103788338202
203	12.053103788338202
204	11.986965022014708
205	11.986965022014708
206	11.964561528331917
207	11.96372489308022
208	11.891486041956568
209	11.818266647083993
210	11.779710201486576
211	11.773806242379523
212	11.769129427333063
213	11.736176668182884
214	11.722338866205066
215	11.722338866205066
216	11.675311578001802
217	11.65584458893172
218	11.65584458893172
219	11.646193214645255
220	11.60667457733708
221	11.557111807079131
222	11.538791378924477
223	11.506139857454327
224	11.45529004847909
225	11.409007460631035
226	11.392444801160712
227	11.3696658037428
228	11.312788237056145
229	11.27263570411044
230	11.27263570411044
231	11.228342776265178
232	11.228342776265178
233	11.224678002528114
234	11.189026957827288
235	11.089451144865741
236	11.058775108388064
237	11.034561227383458
238	11.024847949233791
239	10.997928401768013
240	10.945519536671153
241	10.911685674936779
242	10.857126127608637
243	10.823379610141481
244	10.774395823715556
245	10.758968726276821
246	10.745146243552025
247	10.646574224094849
248	10.63178085226658
249	10.614130006425338
250	10.574051352573552
251	10.483243102884723
252	10.483243102884723
253	10.468766887524234
254	10.459905331026638
255	10.45266012312809
256	10.45203707643625
257	10.382955053949093
258	10.350912794727796
259	10.350912794727796
260	10.27654410442145
261	10.185823703256359
262	10.163303544856825
263	10.119655123307574
264	10.105497756937496
265	10.098075170363218
266	10.07992934637768
267	10.07251711832032
268	10.061214424344495
269	10.013593417534414
270	9.915185920244546
271	9.846075718527311
272	9.83777461691904
273	9.80025434208189
274	9.777550992974152
275	9.751566089576784
276	9.736075577206863
277	9.728390036848568
278	9.696216491806814
279	9.696216491806814
280	9.693216813846107
281	9.693216813846107
282	9.693216813846107
283	9.693216813846107
284	9.679881386698431
285	9.678196316251945
286	9.56382786072111
287	9.550249576532792
288	9.525918634810175
289	9.472534914126479
290	9.457605729098113
291	9.422237538513716
292	9.399657957333659
293	9.399657957333659
294	9.399657957333659
295	9.32218172215302
296	9.308742857455883
297	9.304927923961534
298	9.29646551212941
299	9.260536332931672
300	9.158058796926232
301	9.13874124299939
302	9.13874124299939
303	9.133032311300315
304	9.060280089099505
305	9.006104251215111
306	9.000417043419105
307	8.956444907807391
308	8.928660913116257
309	8.884718899434647
310	8.869252394646294
311	8.839955856568114
312	8.831556751155281
313	8.831556751155281
314	8.82657841839307
315	8.805479782828268
316	8.745789258067463
317	8.65892353196264
318	8.636388327944918
319	8.636388327944918
320	8.592590689462133
321	8.592590689462133
322	8.592590689462133
323	8.53938290914527
324	8.508004112713
325	8.488457330905856
326	8.455398785665269
327	8.455398785665269
328	8.43513290892326
329	8.369838414639984
330	8.334100489313007
331	8.306867962598476
332	8.247857073370533
333	8.228342874372727
334	8.228342874372727
335	8.22809959014128
336	8.192511300290002
337	8.160652633076749
338	8.118973711781194
339	8.050119311088443
340	8.007361959732924
341	7.943218607551361
342	7.914085440911074
343	7.901684666007891
344	7.901392773769588
345	7.876342013936693
346	7.876342013936693
347	7.875393627800989
348	7.865152409146408
349	7.863203053133022
350	7.806054821031853
351	7.739468947190068
352	7.739468947190068
353	7.737270609075542
354	7.724785183585648
355	7.694766305454232
356	7.690425621859389
357	7.690229856064436
358	7.651753748576758
359	7.651753748576758
360	7.651753748576758
361	7.611402109128196
362	7.611350167981974
363	7.611350167981974
364	7.54421035489079
365	7.524216800751745
366	7.519478904004251
367	7.509986002490595
368	7.462333385890159
369	7.433767495972074
370	7.4323851320548275
371	7.3947685880732275
372	7.352111635679905
373	7.352111635679905
374	7.304235567528314
375	7.289648486319364
376	7.282064939543892
377	7.27983915160741
378	7.242495730225227
379	7.211928947075677
380	7.211928947075677
381	7.126489204046008
382	7.124517465110833
383	7.124517465110833
384	7.063917937162116
385	7.05313395856353
386	7.005994916967883
387	6.9722648834983465
388	6.968592029622536
389	6.968592029622536
390	6.93999388803903
391	6.934031851384901
392	6.931944563889581
393	6.931944563889581
394	6.923110654745748
395	6.923110654745748
396	6.874804620713381
397	6.868323511083004
398	6.865979171858973
399	6.853152969521722
400	6.841584934830895
401	6.826720981844526
402	6.802932417105165
403	6.795545468134419
404	6.73458803465511
405	6.73458803465511
406	6.719608030611555
407	6.673810407037433
408	6.662384141196179
409	6.658267689967673
410	6.612968144153601
411	6.612968144153601
412	6.609105124292825
413	6.600993480896624
414	6.59038897650758
415	6.581474443537719
416	6.566078203780333
417	6.545724295628907
418	6.5343316407726215
419	6.509739407137315
420	6.4874707821382085
421	6.474303680724555
422	6.471802222909577
423	6.442076071934365
424	6.369902344433089
425	6.348285891318029
426	6.336046148892792
427	6.287060749327635
428	6.287060749327635
429	6.267043232741242
430	6.258212780402203
431	6.255544402626012
432	6.2522636116129515
433	6.2303737182197185
434	6.2303737182197185
435	6.215345985502091
436	6.180328048469095
437	6.140889849656959
438	6.108721344473379
439	6.086707237079087
440	6.063694531904034
441	6.041798472040392
442	5.989532098393457
443	5.977569492594738
444	5.949623762760497
445	5.942491991822929
446	5.925897901397445
447	5.826093980468968
448	5.821619685968986
449	5.806000695807011
450	5.790300562947949
451	5.769057033598098
452	5.759480967754575
453	5.735985762575241
454	5.717423768100754
455	5.715430648007206
456	5.658774432220558
457	5.631554596687426
458	5.617841725205723
459	5.589156464139593
460	5.589156464139593
461	5.575448054607286
462	5.573056651269381
463	5.569992797969111
464	5.563107123615951
465	5.557698277857168
466	5.544572034211656
467	5.539313665475422
468	5.539313665475422
469	5.539313665475422
470	5.506503360832825
471	5.506503360832825
472	5.496365688487629
473	5.479717289814515
474	5.470762192654171
475	5.466312136506149
476	5.448447090411634
477	5.43456991095068
478	5.431543707286792
479	5.428854818516113
480	5.393717479690362
481	5.38294653205863
482	5.349422209532635
483	5.320703480509193
484	5.313323726921885
485	5.313323726921885
486	5.313323726921885
487	5.3072183166348585
488	5.291349068159608
489	5.26470155279784
490	5.26261768572761
491	5.259034832814141
492	5.2094105552901055
493	5.2094105552901055
494	5.202801188664398
495	5.202150559814963
496	5.196170413903892
497	5.185262049431098
498	5.182758785635069
499	5.170206799032396
500	5.168313957899003
501	5.157681158299113
502	5.157681158299113
503	5.132226978186791
504	5.101556888481734
505	5.092989741186498
506	5.079281865333333
507	5.070590380495451
508	5.06266440349335
509	5.049318539631957
510	5.022446953547111
511	5.0210986514151825
512	5.005490852562912
513	4.995906712152098
514	4.978444610310529
515	4.977313226520473
516	4.965329810434965
517	4.96338831535744
518	4.944055804584981
519	4.931877806223017
520	4.891653915867721
521	4.878562207551444
522	4.87246453178571
523	4.84640970361909
524	4.84640970361909
525	4.806247346281566
526	4.8045140592973805
527	4.792710173676287
528	4.792710173676287
529	4.792710173676287
530	4.783915198695742
531	4.743475925923205
532	4.689072289195743
533	4.688924717129057
534	4.668448847722082
535	4.663721516261078
536	4.619623009807819
537	4.619623009807819
538	4.6091141094934835
539	4.600646204719548
540	4.58652685898195
541	4.581407357645919
542	4.578781769292729
543	4.5545410042841
544	4.544511157465901
545	4.535743741159654
546	4.524610829040442
547	4.522423127738878
548	4.515290966500017
549	4.478656327189757
550	4.477975100083029
551	4.477975100083029
552	4.477975100083029
553	4.477975100083029
554	4.46667084828345
555	4.463240003135903
556	4.463240003135903
557	4.463240003135903
558	4.454471251645757
559	4.417064098305313
560	4.38944415976193
561	4.374281980216098
562	4.369360284590836
563	4.358409682275164
564	4.3356840787538085
565	4.322331001945034
566	4.322072158737098
567	4.30810046867448
568	4.290623281870973
569	4.290623281870973
570	4.283342325795183
571	4.282608697458926
572	4.260754030579509
573	4.260754030579509
574	4.240124862877052
575	4.210659787477026
576	4.192123977224325
577	4.180037397524187
578	4.165396936768222
579	4.157309025326018
580	4.157309025326018
581	4.129212681439439
582	4.129212681439439
583	4.105949979328071
584	4.096144827923465
585	4.08545773028211
586	4.062827497261485
587	4.0627088152984765
588	4.0244639318559
589	4.014777342091702
590	4.011387951685132
591	3.9967390074808673
592	3.9967390074808673
593	3.9967390074808673
594	3.9757755600002325
595	3.957408102270987
596	3.949672345116173
597	3.9438723476244077
598	3.9264000757366087
599	3.909267838195171
600	3.909267838195171
601	3.909267838195171
602	3.890461605472842
603	3.886843966963399
604	3.8641474462494
605	3.853617338486782
606	3.843228390377507
607	3.8417585899588778
608	3.8417585899588778
609	3.827832615908398
610	3.827832615908398
611	3.8268966615114715
612	3.8268966615114715
613	3.826418670260804
614	3.8250458919045065
615	3.8202443128798995
616	3.8131187540832374
617	3.7692591772914077
618	3.7691871255350096
619	3.7633596746823845
620	3.748458447969239
621	3.7372644421456256
622	3.717818121877152
623	3.717818121877152
624	3.717818121877152
625	3.702906332759356
626	3.690237845017558
627	3.690237845017558
628	3.6743936439422438
629	3.6547338002511256
630	3.6514042256352806
631	3.6423383615250375
632	3.631695192697943
633	3.6286857612494865
634	3.6218222480042153
635	3.601675527986997
636	3.601675527986997
637	3.5983711235565528
638	3.5983711235565528
639	3.5934446456165756
640	3.59079658404299
641	3.5824894265462195
642	3.5813193979632745
643	3.57573622178993
644	3.5658199711817797
645	3.5612620878857184
646	3.541276316542796
647	3.524032732946438
648	3.5226977118977234
649	3.5226977118977234
650	3.5162008574514982
651	3.5162008574514982
652	3.509855951516096
653	3.4996011061916974
654	3.4920031373563787
655	3.487972722332374
656	3.487972722332374
657	3.4766805347500034
658	3.464555872566761
659	3.456658797564629
660	3.441915994237111
661	3.441915994237111
662	3.4416284842696094
663	3.433797392666179
664	3.4207070934357855
665	3.420289989026844
666	3.4166188311181953
667	3.3994469200474726
668	3.382913544440419
669	3.381154453252139
670	3.37612984933009
671	3.374155013167582
672	3.3731915507499006
673	3.3731915507499006
674	3.366459571758609
675	3.366459571758609
676	3.366459571758609
677	3.366459571758609
678	3.3484556873184963
679	3.3372119608313686
680	3.314085620368042
681	3.3069920686943277
682	3.3069920686943277
683	3.303307337812596
684	3.2903896341149688
685	3.2863054487163756
686	3.2863054487163756
687	3.279164119177424
688	3.270675383981044
689	3.2664154618091503
690	3.266019137836351
691	3.256537880634959
692	3.2534415216927237
693	3.250875748092011
694	3.240756574827354
695	3.2242534321001073
696	3.221590608068133
697	3.1985636334598433
698	3.1985636334598433
699	3.1956829257985424
700	3.192059871335111
701	3.184237322903369
702	3.178739192006693
703	3.158173950170292
704	3.149755028647778
705	3.14272872580837
706	3.1289741231401558
707	3.1230403291038855
708	3.118143719935595
709	3.101667186388527
710	3.088743977527032
711	3.085418316721972
712	3.085418316721972
713	3.055942982850634
714	3.0545839516852706
715	3.0539113923234273
716	3.0511432156843865
717	3.049125861205665
718	3.041075554855047
719	3.0406261638937604
720	3.0406261638937604
721	3.0325993486378464
722	3.027178199895506
723	3.027178199895506
724	3.0250888512589293
725	3.024331395657982
726	3.022574821097413
727	3.0196446432078856
728	3.0116273100243593
729	3.0048423201754972
730	3.001360213654493
731	2.9948993221536946
732	2.978632100800637
733	2.953073705806504
734	2.9427801538441267
735	2.9259656427196705
736	2.919000921887697
737	2.90846256892983
738	2.8983981887751566
739	2.897935924576276
740	2.8914570917674784
741	2.8802068717917364
742	2.8802068717917364
743	2.8802068717917364
744	2.8802068717917364
745	2.8802068717917364
746	2.8745805953149537
747	2.8745805953149537
748	2.8712054303167913
749	2.86703922531064
750	2.8640286337118517
751	2.8470039789670825
752	2.83272679344883
753	2.8275954006372084
754	2.815631964747432
755	2.815631964747432
756	2.8121195321160513
757	2.8002781264002703
758	2.8002781264002703
759	2.7999114231146773
760	2.7999114231146773
761	2.7962417902341996
762	2.7937258057058196
763	2.791671938710382
764	2.7885027591073976
765	2.77958854035337
766	2.7777138024164123
767	2.7777138024164123
768	2.7636279577587306
769	2.7516870249274197
770	2.7368837118234124
771	2.7368837118234124
772	2.735919795429524
773	2.7219876232827143
774	2.7111830172806544
775	2.710153355334472
776	2.688836828058112
777	2.676214588174022
778	2.6718674912231113
779	2.6718674912231113
780	2.661650548783484
781	2.6610416540910777
782	2.6610416540910777
783	2.6610416540910777
784	2.6610416540910777
785	2.6568940620413044
786	2.6502432048092195
787	2.6402292669700484
788	2.6352488861313854
789	2.633912771068796
790	2.5991397331579735
791	2.5987286346960277
792	2.595364657206557
793	2.582063374858298
794	2.5728871546699774
795	2.564299943482731
796	2.564299943482731
797	2.564299943482731
798	2.5594063480184617
799	2.5506610886350303
800	2.549835498912309
801	2.547174608285986
802	2.5255180276828644
803	2.4949026868343784
804	2.4949026868343784
805	2.4902655501944437
806	2.4832415164017947
807	2.478772570441111
808	2.4784861293827616
809	2.4780654027505493
810	2.4780654027505493
811	2.4587525697483312
812	2.4516523714470595
813	2.451335067146258
814	2.4299222636836815
815	2.4290249452773964
816	2.4266473862674593
817	2.4266473862674593
818	2.4233253555226835
819	2.4158888006848116
820	2.40299272572361
821	2.40299272572361
822	2.394404878983093
823	2.390960461273831
824	2.382666673257256
825	2.3803452262206672
826	2.3744749077689904
827	2.3744749077689904
828	2.360291483811239
829	2.3580914317837056
830	2.3524608274375827
831	2.3463851574675316
832	2.3463851574675316
833	2.342882953558333
834	2.341857292309602
835	2.3357828681283967
836	2.3295631084927693
837	2.327628781451749
838	2.3169550332986493
839	2.3169550332986493
840	2.3095063658601958
841	2.302568663888113
842	2.3015646546011976
843	2.2910437765045093
844	2.280460268376141
845	2.264030529049004
846	2.250716863375659
847	2.2436068767912962
848	2.2358428963420973
849	2.235841309869024
850	2.22929481169305
851	2.22929481169305
852	2.22929481169305
853	2.22929481169305
854	2.2205866667691785
855	2.2181264279708612
856	2.1831837138190267
857	2.1831837138190267
858	2.173309098834582
859	2.167681328763402
860	2.1598982301463696
861	2.1528280960132755
862	2.1359970774451704
863	2.1291739294275263
864	2.1238765478000943
865	2.1226496105581307
866	2.1143901148856425
867	2.1044563831258287
868	2.0863538298726256
869	2.077533773542462
870	2.0765016851614932
871	2.07508139746013
872	2.073267682124262
873	2.0616787558941128
874	2.056679710335227
875	2.0457117767134756
876	2.0324262644002236
877	2.028857342972685
878	2.0252906956643595
879	2.0252906956643595
880	2.02463554501284
881	2.0234650773604472
882	2.015694930990093
883	2.004789140266274
884	2.004789140266274
885	1.9998120753415225
886	1.9814581056919465
887	1.9689673902642821
888	1.9511906004428943
889	1.9511906004428943
890	1.949975997098324
891	1.941612871757725
892	1.9384552778531443
893	1.9384552778531443
894	1.9354209043582027
895	1.9354209043582027
896	1.9306241626476681
897	1.9306241626476681
898	1.927967546900335
899	1.9176925061094283
900	1.8982984248616053
901	1.8813193590408717
902	1.8796129369835668
903	1.8720885257829456
904	1.8720885257829456
905	1.8528040061769837
906	1.8468326749558472
907	1.833964189494648
908	1.8299388910424705
909	1.8202481001232826
910	1.8151155141992994
911	1.8151155141992994
912	1.815028590721617
913	1.8031476639288568
914	1.7932748409563144
915	1.7926504094844782
916	1.784877236946562
917	1.784877236946562
918	1.7796553140967164
919	1.7674251139294226
920	1.7447189214614987
921	1.743803729127303
922	1.735980751039559
923	1.716929725819923
924	1.7144380624681004
925	1.704403261414292
926	1.7029474440715253
927	1.7029474440715253
928	1.6969542518522138
929	1.6917994690307903
930	1.6917994690307903
931	1.6880643259529438
932	1.6849725546322483
933	1.6757751600380097
934	1.6757751600380097
935	1.6715110710443435
936	1.6617613238458353
937	1.6456334867710356
938	1.6326661072220772
939	1.6224085963616177
940	1.616291107924495
941	1.609093259684659
942	1.609093259684659
943	1.595660272292449
944	1.5819218846069654
945	1.5739865018998827
946	1.5739865018998827
947	1.5739865018998827
948	1.5739865018998827
949	1.5477224559797942
950	1.540563036371562
951	1.5391394797728084
952	1.529286862392705
953	1.5240082593436883
954	1.5240082593436883
955	1.5183144932351473
956	1.5131017228237105
957	1.5101676884472726
958	1.4947514274682907
959	1.4947514274682907
960	1.4778089151939746
961	1.4728484732575617
962	1.4700844879044672
963	1.4665147203065987
964	1.4643738358474403
965	1.456839621391764
966	1.4539751386111057
967	1.4276127988161593
968	1.4276127988161593
969	1.410474940211909
970	1.4077918908783786
971	1.3997506026628825
972	1.3939010863846275
973	1.3906932106672514
974	1.3906932106672514
975	1.389330291049074
976	1.3817452503479268
977	1.3603594572620599
978	1.3531144366002934
979	1.3528042167315593
980	1.3348979526236795
981	1.3325349947389762
982	1.3313464824069747
983	1.3202067207388537
984	1.3074512086756245
985	1.29628851731103
986	1.29305553658853
987	1.2927895015302155
988	1.2927895015302155
989	1.2839578022317832
990	1.2592859373515586
991	1.2542218480903493
992	1.2542218480903493
993	1.2487281835319421
994	1.2487281835319421
995	1.2487281835319421
996	1.2487281835319421
997	1.2408504485179237
998	1.234614759876488
999	1.214163253052298
1000	1.2016040276060642
1001	1.2007911148055732
1002	1.2007911148055732
1003	1.1836255275935905
1004	1.1625200072521655
1005	1.1506144896809898
1006	1.142217961706868
1007	1.142217961706868
1008	1.142217961706868
1009	1.13823605472738
1010	1.134935527947533
1011	1.127107852637863
1012	1.1238146480400266
1013	1.1238146480400266
1014	1.1182088891267663
1015	1.1058819244626923
1016	1.0972671147982258
1017	1.0904409047922754
1018	1.0851972316948504
1019	1.0851972316948504
1020	1.0715480799133412
1021	1.0709901594996099
1022	1.0701978070631288
1023	1.0614875329679299
1024	1.0540676291370181
1025	1.0538815974493831
1026	1.0442285119892893
1027	1.0416922645347122
1028	1.0279402391577672
1029	1.027374177711607
1030	1.0212851633511097
1031	1.0159062572314177
1032	1.0106719047934127
1033	1.0085151902505125
1034	1.0077249650068307
1035	1.0016521856783267
1036	1.0014066989186179
1037	0.9869352025418758
1038	0.9865693315914058
1039	0.9865693315914058
1040	0.981073488647871
1041	0.9793590120389406
1042	0.9791581064978065
1043	0.9676621051524048
1044	0.9653987776096373
1045	0.9625557567813796
1046	0.9447034211562566
1047	0.9389916474675929
1048	0.9343471212218838
1049	0.9342094708040298
1050	0.9266901801853467
1051	0.9238266333613476
1052	0.9060046540294946
1053	0.8998993936404565
1054	0.8998993936404565
1055	0.8894657628043564
1056	0.8789304000365283
1057	0.8759659990849077
1058	0.8706773019124674
1059	0.8706773019124674
1060	0.8645265852290672
1061	0.8507761742309815
1062	0.8443237382555917
1063	0.8411874765561237
1064	0.8334473785251111
1065	0.8334473785251111
1066	0.8316940621562309
1067	0.8316940621562309
1068	0.8249186787509224
1069	0.8190611272193311
1070	0.8158750375771897
1071	0.8072104039279379
1072	0.8072104039279379
1073	0.795390164775371
1074	0.7936800114311461
1075	0.7909476881014113
1076	0.7901650011955658
1077	0.7865338023955764
1078	0.7865338023955764
1079	0.7811881420282625
1080	0.7779644680872004
1081	0.7544729687675242
1082	0.7544729687675242
1083	0.7537718078249358
1084	0.751877039398752
1085	0.7511095567833125
1086	0.7489049200224814
1087	0.7481171406509751
1088	0.7433987649408081
1089	0.7423849987618526
1090	0.7379495222192017
1091	0.7306831092879916
1092	0.7242130938463168
1093	0.7241584663457206
1094	0.7145647857002493
1095	0.706617452702777
1096	0.6997969967263146
1097	0.6996667499607693
1098	0.6949544107388701
1099	0.6883378595566472
1100	0.6854054143936451
1101	0.6847059717843315
1102	0.6808908909454732
1103	0.6798315271450022
1104	0.6664776032049986
1105	0.6632464971281454
1106	0.6579732671893418
1107	0.6579732671893418
1108	0.6577614893458537
1109	0.6490506361663062
1110	0.6393171840898796
1111	0.6319324360051982
1112	0.6280218354164819
1113	0.6279376960647044
1114	0.6126671034083915
1115	0.6101675516007188
1116	0.6072689588733167
1117	0.6007331551114159
1118	0.5971237931693167
1119	0.5927725331915377
1120	0.5854897752611253
1121	0.5828254419811686
1122	0.5816666189649329
1123	0.5771964556051511
1124	0.576820025207794
1125	0.576052162032701
1126	0.5579123320502061
1127	0.5503683917547482
1128	0.5465214231814483
1129	0.5445350668016637
1130	0.5419405035982959
1131	0.538606496883962
1132	0.5346592859064334
1133	0.5320718246184811
1134	0.5257806062885025
1135	0.5257806062885025
1136	0.5178672991890595
1137	0.5175543464971142
1138	0.5170650444376145
1139	0.5143938496764626
1140	0.5137678022517559
1141	0.5130775301357196
1142	0.5094169087797883
1143	0.5093471668560907
1144	0.5031653295656653
1145	0.49159705472934695
1146	0.48940801723133537
1147	0.48940801723133537
1148	0.48108619259106994
1149	0.47939399635254526
1150	0.47779119253304825
1151	0.4777217557962754
1152	0.4683811473475485
1153	0.4632362107903049
1154	0.45766026698750384
1155	0.4561692699451428
1156	0.45603269411271197
1157	0.4548097086580586
1158	0.45434216600599536
1159	0.45103853552746836
1160	0.4497100441728246
1161	0.4497100441728246
1162	0.44121432875950106
1163	0.4405053361404256
1164	0.4405053361404256
1165	0.4405053361404256
1166	0.44023697176560345
1167	0.432775689258702
1168	0.4325793107459085
1169	0.4282789216851092
1170	0.4278790708380757
1171	0.42131411927881707
1172	0.42109935710492535
1173	0.41484715610483575
1174	0.41484715610483575
1175	0.41484715610483575
1176	0.41068778103502857
1177	0.4078066239259168
1178	0.4001536204970588
1179	0.39678982942067553
1180	0.3947571635313798
1181	0.3864662360365842
1182	0.38474459816275386
1183	0.38474459816275386
1184	0.3816167178574867
1185	0.3795822260671308
1186	0.3794589333613592
1187	0.3794589333613592
1188	0.3727728457818102
1189	0.3727728457818102
1190	0.3689401441321783
1191	0.36883670520032136
1192	0.3679711473149147
1193	0.3672857457162514
1194	0.3646926542548573
1195	0.36440766846535344
1196	0.3630056471138126
1197	0.36148727187360324
1198	0.3596377151184242
1199	0.35566265264266106
1200	0.3556052111742623
1201	0.3548584134045804
1202	0.35129306645256375
1203	0.3487604502261352
1204	0.3487604502261352
1205	0.34566536875575143
1206	0.3453843465692327
1207	0.34264601151416685
1208	0.3388910538362487
1209	0.3373310391365859
1210	0.3320927925282259
1211	0.3320927925282259
1212	0.3301994054865659
1213	0.3301994054865659
1214	0.3291931064792769
1215	0.3260938129578633
1216	0.32299071412576164
1217	0.32006976482861305
1218	0.319328825244335
1219	0.3136499946046199
1220	0.31240445639028197
1221	0.3026828490274189
1222	0.30152465447656396
1223	0.2960453686946226
1224	0.2944442835919787
1225	0.29343783693457287
1226	0.2931357089573609
1227	0.2908051069912085
1228	0.2861137583322852
1229	0.2861137583322852
1230	0.2846347029481784
1231	0.28309118189060706
1232	0.28171413638935344
1233	0.28081159730662875
1234	0.27839081620482975
1235	0.27837909886311324
1236	0.27631316118227583
1237	0.276293120665413
1238	0.2731998732993463
1239	0.26973790973086126
1240	0.2685694836878049
1241	0.26831306377000225
1242	0.26831306377000225
1243	0.2669736700658236
1244	0.26383291450801954
1245	0.26327935285894927
1246	0.2599697372050275
1247	0.2599697372050275
1248	0.2545932658322562
1249	0.25352007587257847
1250	0.252851004149053
1251	0.24862331703290355
1252	0.24862331703290355
1253	0.24823713098292288
1254	0.24817985969020342
1255	0.24582690921677675
1256	0.24582690921677675
1257	0.24395329783528966
1258	0.24382218808898373
1259	0.24196922677780222
1260	0.24044113270983286
1261	0.23917949140451764
1262	0.23800827665689284
1263	0.23400267344504677
1264	0.23375557050261556
1265	0.23096730856536965
1266	0.22816978543069039
1267	0.22816978543069039
1268	0.226811545015508
1269	0.22667508292185037
1270	0.2250092805984626
1271	0.22243793529661596
1272	0.22177348166838165
1273	0.2201366244414413
1274	0.2201366244414413
1275	0.2196820976367547
1276	0.2159848544019985
1277	0.2159848544019985
1278	0.2158734886688672
1279	0.2146006008028026
1280	0.21304437508321966
1281	0.2123539087648347
1282	0.2120903788061551
1283	0.2111786524655632
1284	0.2111786524655632
1285	0.2111786524655632
1286	0.20999403658199392
1287	0.20999403658199392
1288	0.20916495355158507
1289	0.2090585579880774
1290	0.20737177663972475
1291	0.2059967670679064
1292	0.20497798739769896
1293	0.20129873345377824
1294	0.19951543399219157
1295	0.19885507948015313
1296	0.1984632791055396
1297	0.19760315008557536
1298	0.19754026293854382
1299	0.19722359840468182
1300	0.19625442532960005
1301	0.19483539323954518
1302	0.19483539323954518
1303	0.19324676292755855
1304	0.19265778859092036
1305	0.1915069142242827
1306	0.19061829470528574
1307	0.18929238679988078
1308	0.18918238212229913
1309	0.1827328135970859
1310	0.18029946239915967
1311	0.18026421569561332
1312	0.17924255728170144
1313	0.17924255728170144
1314	0.1777287385657567
1315	0.1777287385657567
1316	0.17740919533401953
1317	0.17652802728614106
1318	0.17619210164250643
1319	0.17327998598577174
1320	0.172914077193514
1321	0.17212097354984965
1322	0.17140335867087753
1323	0.169935060729674
1324	0.16977343395787112
1325	0.16944726551520664
1326	0.168685648245453
1327	0.1661858055595771
1328	0.1661858055595771
1329	0.1653482129524196
1330	0.16510777538576374
1331	0.16309702767635922
1332	0.16176372108315681
1333	0.15892742197214701
1334	0.15617435036311617
1335	0.15530280488540543
1336	0.154366543059888
1337	0.15278460702832977
1338	0.1499228134315328
1339	0.1491022796270242
1340	0.1482302874324409
1341	0.14726058060686195
1342	0.14673876644919595
1343	0.14657267162414608
1344	0.14540596476304093
1345	0.14456327564193353
1346	0.14407169091351968
1347	0.14233674879297412
1348	0.14163214574166413
1349	0.14045830742357968
1350	0.13981631033354816
1351	0.13973123804345047
1352	0.1381765995146559
1353	0.13755529416613357
1354	0.1372994788629359
1355	0.13658200582549834
1356	0.1363731040499761
1357	0.13591300878649568
1358	0.1335696405863263
1359	0.1335696405863263
1360	0.1335696405863263
1361	0.1335696405863263
1362	0.1333509535121681
1363	0.1317872422172083
1364	0.13169777290724313
1365	0.13110716408465964
1366	0.12903291767246067
1367	0.1270534927335236
1368	0.1270534927335236
1369	0.1270534927335236
1370	0.1270534927335236
1371	0.12599499296374997
1372	0.12400881259244358
1373	0.12041403447157
1374	0.11935247042789057
1375	0.11830953712027782
1376	0.1180892689615228
1377	0.11748509132012103
1378	0.11438613830294621
1379	0.11406189930439163
1380	0.11332998395134466
1381	0.11159469853393165
1382	0.11139212502589185
1383	0.11096715595913725
1384	0.11082499897601782
1385	0.11067156297568922
1386	0.11062926795264838
1387	0.11062926795264838
1388	0.11062926795264838
1389	0.11024584907620603
1390	0.108820413956559
1391	0.10714750888795424
1392	0.10645511262265658
1393	0.1061442983470969
1394	0.10530021425803619
1395	0.10456772474325206
1396	0.10419596996451626
1397	0.10419596996451626
1398	0.10411988158521004
1399	0.10411988158521004
1400	0.10411988158521004
1401	0.1033050047272148
1402	0.10139418328282171
1403	0.10010565730859478
1404	0.10010565730859478
1405	0.09931267196713896
1406	0.09870431005026328
1407	0.09870431005026328
1408	0.09812833262609676
1409	0.0977552357460163
1410	0.0977552357460163
1411	0.0977552357460163
1412	0.09755252758270065
1413	0.09700714752966617
1414	0.09671572217011652
1415	0.09651829567930349
1416	0.09615860087736681
1417	0.09609015012250947
1418	0.09504834205699118
1419	0.09498869252373329
1420	0.09498869252373329
1421	0.09498869252373329
1422	0.09447033273086385
1423	0.09447033273086385
1424	0.09373328795252407
1425	0.09373328795252407
1426	0.09323373468206772
1427	0.09265692307433916
1428	0.09160246670900382
1429	0.09142542270508729
1430	0.09142542270508729
1431	0.09089883888052906
1432	0.09076599484325157
1433	0.09018095635468244
1434	0.08912453442549427
1435	0.08830376926423572
1436	0.08799129968173895
1437	0.08682707970443018
1438	0.08554242673722863
1439	0.08345985956272176
1440	0.08294528974924728
1441	0.08292514410854143
1442	0.08292514410854143
1443	0.08163377148690865
1444	0.07944224125934113
1445	0.07944224125934113
1446	0.07875035272045515
1447	0.07854042048597068
1448	0.07850131461527766
1449	0.0781719173622986
1450	0.07801113045209088
1451	0.07755544958776908
1452	0.07749880978863652
1453	0.07701885341939686
1454	0.07661153707760913
1455	0.07661153707760913
1456	0.07605603555022732
1457	0.07468212207370728
1458	0.07450653065587026
1459	0.07394434035972468
1460	0.07378425786405372
1461	0.07181607405040807
1462	0.07169512176196766
1463	0.07169172567866851
1464	0.07146004374092772
1465	0.07118256262990869
1466	0.07118256262990869
1467	0.07115006967824357
1468	0.07115006967824357
1469	0.07115006967824357
1470	0.07032857462243394
1471	0.06998946902252424
1472	0.06983533497142433
1473	0.06983533497142433
1474	0.06959845953454064
1475	0.06940066150100425
1476	0.06914046034567223
1477	0.06914046034567223
1478	0.06820057562995065
1479	0.06793271537618309
1480	0.06681587976353898
1481	0.06665475119327527
1482	0.06631019321032676
1483	0.06580756721015814
1484	0.06562825857899286
1485	0.06562825857899286
1486	0.06557627764833839
1487	0.06505849637555826
1488	0.06505849637555826
1489	0.0649989251053476
1490	0.06464121577590953
1491	0.0634358371575737
1492	0.06292949325884528
1493	0.0626982772522185
1494	0.06209770243240138
1495	0.06208791723142134
1496	0.061691083657277296
1497	0.06164374801742622
1498	0.060867531362764016
1499	0.060571333067302495
1500	0.05940290596105185
1501	0.05922195134271139
1502	0.059158599422152104
1503	0.05860939411313805
1504	0.058377081283777076
1505	0.05831209971964049
1506	0.05831209971964049
1507	0.0575417053017279
1508	0.0575417053017279
1509	0.05686245745409583
1510	0.05661171727652882
1511	0.05653603302742451
1512	0.05653468994316831
1513	0.05601812113039507
1514	0.055358169162454465
1515	0.054393544154252134
1516	0.054393544154252134
1517	0.05411775996474993
1518	0.05372832191117268
1519	0.0533141144537038
1520	0.05315634237766505
1521	0.05315634237766505
1522	0.05286609284749817
1523	0.0527813363208583
1524	0.05242878655966132
1525	0.05194824514565252
1526	0.051709428265385986
1527	0.05164397083863858
1528	0.05141957759827583
1529	0.05134372195381293
1530	0.051137257877494915
1531	0.0510221191803392
1532	0.05078178990975788
1533	0.05078178990975788
1534	0.0504045099406859
1535	0.05020929007479629
1536	0.04991302722158529
1537	0.04966722702974022
1538	0.049299987197025975
1539	0.049178998469774124
1540	0.04797488634306998
1541	0.04789249432581307
1542	0.04773022339331338
1543	0.04756699617625684
1544	0.047205796325434306
1545	0.04720264255039123
1546	0.04705610919833309
1547	0.04703446051478363
1548	0.04673031322820333
1549	0.046511730639499614
1550	0.04620371277697067
1551	0.0459749145506728
1552	0.04550169340579583
1553	0.04550169340579583
1554	0.04547679115922927
1555	0.045429465803010625
1556	0.0451262086574812
1557	0.0449183144526704
1558	0.044817803503481544
1559	0.044455890874462244
1560	0.04389668835688084
1561	0.043800251467891106
1562	0.04320826323464913
1563	0.04294608151299366
1564	0.04226766871858034
1565	0.04210852974811248
1566	0.042103785535823564
1567	0.042009065620875884
1568	0.04199057369058332
1569	0.04164785478608642
1570	0.04164110175542269
1571	0.04137859931834002
1572	0.04133342737476271
1573	0.041227495636791026
1574	0.040904504089703024
1575	0.040702346553156674
1576	0.040178204365710325
1577	0.040001308499444325
1578	0.039555309332431884
1579	0.039110185474861316
1580	0.039110185474861316
1581	0.03900202332973217
1582	0.03892504493348925
1583	0.03860120597511439
1584	0.03845567777689872
1585	0.03845567777689872
1586	0.03844860662395115
1587	0.0378670518530685
1588	0.0378670518530685
1589	0.03778568496855224
1590	0.03763034083617471
1591	0.03745469128229049
1592	0.03700743259716051
1593	0.03676652508164695
1594	0.036597232966943206
1595	0.03643189609385245
1596	0.036294156201568215
1597	0.036294156201568215
1598	0.03542356666090981
1599	0.03527237343784906
1600	0.03501981165117541
1601	0.03472429416915791
1602	0.03461703872292429
1603	0.034467268622599995
1604	0.03438767130529401
1605	0.034023425835565835
1606	0.034023425835565835
1607	0.033817709293669264
1608	0.03372635191779164
1609	0.03363634814382121
1610	0.03341687087460897
1611	0.03298777807894379
1612	0.03255091473160923
1613	0.03255091473160923
1614	0.03213198693302895
1615	0.03209742837235815
1616	0.03204208832502878
1617	0.03199696496076318
1618	0.031977498890662155
1619	0.03189699143214245
1620	0.03183075981906696
1621	0.03183075981906696
1622	0.03169344578658242
1623	0.03150227924372304
1624	0.03134211351255987
1625	0.031283940544575936
1626	0.031283940544575936
1627	0.031079285643376618
1628	0.03107330151215857
1629	0.030761807113606418
1630	0.030761807113606418
1631	0.030604926875452628
1632	0.030505469998684347
1633	0.030476397710658264
1634	0.030476397710658264
1635	0.03044837841087705
1636	0.030436525373954946
1637	0.029918291480607775
1638	0.029918291480607775
1639	0.029877025710306853
1640	0.02938423966541442
1641	0.029302138670254597
1642	0.028999910076793225
1643	0.028551868619102045
1644	0.028551868619102045
1645	0.02838215621655597
1646	0.02826131350782122
1647	0.028130896774871388
1648	0.02803514187538214
1649	0.027942781938638077
1650	0.027772695350501753
1651	0.027464228549681707
1652	0.027453341081371097
1653	0.027337127054205813
1654	0.02727440783598801
1655	0.027222192695787555
1656	0.027062991191476697
1657	0.027062991191476697
1658	0.026673196955001515
1659	0.026673105013974633
1660	0.02649133891850619
1661	0.026433330502761945
1662	0.026433330502761945
1663	0.02630636083139466
1664	0.02615277121676375
1665	0.02615277121676375
1666	0.026123689335249355
1667	0.02597234523238751
1668	0.02594205883473532
1669	0.02586464252506267
1670	0.025790677326216115
1671	0.025687006370478677
1672	0.025684971687532344
1673	0.025578633317343336
1674	0.02539483426211229
1675	0.02531887248722547
1676	0.025091405831178044
1677	0.02498918883186715
1678	0.024985131707879273
1679	0.024667985662733087
1680	0.024057411497471617
1681	0.02391595255446927
1682	0.023389780808958913
1683	0.02322701569946609
1684	0.02322701569946609
1685	0.022983816294477766
1686	0.022953310360024393
1687	0.022849727042200355
1688	0.022849727042200355
1689	0.022823274372659075
1690	0.022823274372659075
1691	0.022595226519915426
1692	0.022562233300332787
1693	0.022562233300332787
1694	0.02226285260528925
1695	0.022187510657231464
1696	0.02215990702418115
1697	0.022139829667982357
1698	0.022102327943604266
1699	0.021963413461636914
1700	0.02165306328564466
1701	0.02163329599164164
1702	0.021464702774246634
1703	0.02124784405952645
1704	0.021122515153373288
1705	0.02106881115923267
1706	0.020933414120585397
1707	0.020688658390816735
1708	0.02068844400878591
1709	0.020620402335197685
1710	0.02022422285625997
1711	0.020054170732993003
1712	0.019807173401070906
1713	0.019694897422368948
1714	0.019691254961637334
1715	0.0194476113930213
1716	0.019370986199045693
1717	0.019233007023370254
1718	0.019045857207337934
1719	0.019004584957414247
1720	0.018942287479222455
1721	0.018756564054742922
1722	0.01865462377372286
1723	0.01848769810545964
1724	0.018273601053035163
1725	0.018242846003548124
1726	0.018237032714039328
1727	0.01820096154331011
1728	0.01817688102134539
1729	0.018048059733687054
1730	0.017909556561641407
1731	0.017909556561641407
1732	0.017815152179466973
1733	0.017765267405744793
1734	0.017736869883192903
1735	0.017552881850476106
1736	0.017552881850476106
1737	0.017328351399782792
1738	0.017150821812987823
1739	0.017150821812987823
1740	0.017150821812987823
1741	0.016990780630112657
1742	0.01696813353266622
1743	0.016898681067889706
1744	0.01689795333860108
1745	0.016856792533889445
1746	0.016725880809561833
1747	0.01653304523537651
1748	0.01653304523537651
1749	0.016496540600612133
1750	0.016454275490468687
1751	0.016397991391610342
1752	0.01638863027581019
1753	0.016293455177625867
1754	0.0162745305759383
1755	0.016237476729279828
1756	0.015935602197549265
1757	0.015935602197549265
1758	0.015935602197549265
1759	0.015807167928805623
1760	0.015807167928805623
1761	0.015719172482292116
1762	0.015719172482292116
1763	0.01554199567600832
1764	0.015521540653974212
1765	0.015485453728558193
1766	0.015391644287607273
1767	0.015145256241301742
1768	0.01503749230253577
1769	0.01503749230253577
1770	0.014981838644617529
1771	0.014891936576062973
1772	0.014737568745075287
1773	0.014569205392578836
1774	0.014465124148513642
1775	0.01436530336047032
1776	0.014320907835267693
1777	0.014320907835267693
1778	0.014265575059783202
1779	0.014222696397214178
1780	0.01419540822408883
1781	0.014166919061368185
1782	0.014154073482082167
1783	0.014154073482082167
1784	0.013979736099986883
1785	0.013926790086095143
1786	0.013771287840350598
1787	0.013734521270718
1788	0.013734521270718
1789	0.013726205202457199
1790	0.013711161930491251
1791	0.013598768814678497
1792	0.013598768814678497
1793	0.013598768814678497
1794	0.013592086119037904
1795	0.013581193179273487
1796	0.013456186278359036
1797	0.013448912447930865
1798	0.013382580869639771
1799	0.013275572850048049
1800	0.01317110142678688
1801	0.013140202427376213
1802	0.013068938900684746
1803	0.013068938900684746
1804	0.012990054796795143
1805	0.012918787586671568
1806	0.01291188938305862
1807	0.012846352158289864
1808	0.012846352158289864
1809	0.012757833503253924
1810	0.012736827965861952
1811	0.012721097725206547
1812	0.012721097725206547
1813	0.012721097725206547
1814	0.012682068557610145
1815	0.01267143420003262
1816	0.012620973300776436
1817	0.012538882304173497
1818	0.012538882304173497
1819	0.012488947557712956
1820	0.012452427432284896
1821	0.012452427432284896
1822	0.012393337897847297
1823	0.012322336757222127
1824	0.01218218547083021
1825	0.012150118831384275
1826	0.012134585346647924
1827	0.012044265918650007
1828	0.012016258456041337
1829	0.01194159780675846
1830	0.01186544932083781
1831	0.011714294170054243
1832	0.011668348226859464
1833	0.01162608820293108
1834	0.011486886603009783
1835	0.011473660630471698
1836	0.011424205521136314
1837	0.011416485171696985
1838	0.011310034918879068
1839	0.011262715077303505
1840	0.011262715077303505
1841	0.011176730930918873
1842	0.011153432832180213
1843	0.01113630888549683
1844	0.01106337833298688
1845	0.010911675488620856
1846	0.010883879449955784
1847	0.010765120530562762
1848	0.010765120530562762
1849	0.010647825249210966
1850	0.010486879267826972
1851	0.010391396230216395
1852	0.010362193236019805
1853	0.010263722889714532
1854	0.010205473898765494
1855	0.010116529847492206
1856	0.010091010235107086
1857	0.009990502451055002
1858	0.009894417487276848
1859	0.009839878865150068
1860	0.009824696043604409
1861	0.009784422623215239
1862	0.009659809253718964
1863	0.009659809253718964
1864	0.009592355877503511
1865	0.009529861614908786
1866	0.009529861614908786
1867	0.009521276282228748
1868	0.009380193078073843
1869	0.009380193078073843
1870	0.009375755941685516
1871	0.009375755941685516
1872	0.009375755941685516
1873	0.009344350784170856
1874	0.00923535670213882
1875	0.00919065271340959
1876	0.009042183315501587
1877	0.00894466007879453
1878	0.008879656553727333
1879	0.00887874815740443
1880	0.008870955148296833
1881	0.008825869482451025
1882	0.008825869482451025
1883	0.008738971040110944
1884	0.008644934128391757
1885	0.008637580209743442
1886	0.008605785789939417
1887	0.008594983520348118
1888	0.00851985546279268
1889	0.00841352677179481
1890	0.00841352677179481
1891	0.00827657338315122
1892	0.008270314952914947
1893	0.008150158347083044
1894	0.008150158347083044
1895	0.008150158347083044
1896	0.00814807140539407
1897	0.008114353129127465
1898	0.008107716191867897
1899	0.008063699187583585
1900	0.008015287879673583
1901	0.008006662428532815
1902	0.007963763261658338
1903	0.007957283651083428
1904	0.00792473993054618
1905	0.007889530112520967
1906	0.007886794599886187
1907	0.007846581599373525
1908	0.007810221789478758
1909	0.007804791051406657
1910	0.007765118973603524
1911	0.007739857537061301
1912	0.007701672507140097
1913	0.007654050402862674
1914	0.007616329810326613
1915	0.007531250969748123
1916	0.0075292962230300905
1917	0.0075292962230300905
1918	0.007499400705651352
1919	0.007499400705651352
1920	0.007499400705651352
1921	0.007499400705651352
1922	0.007430219290960327
1923	0.007385619211867311
1924	0.007341193406848934
1925	0.00732583498781354
1926	0.007296547031478529
1927	0.007296547031478529
1928	0.0072483070066838625
1929	0.007197164706222944
1930	0.007182544170516506
1931	0.007114980249184525
1932	0.00708751208530017
1933	0.00708751208530017
1934	0.00708751208530017
1935	0.00705255464007933
1936	0.007006276267632306
1937	0.0069603089703291175
1938	0.006930014253090603
1939	0.006902427951336036
1940	0.006864181116785269
1941	0.006804644717750789
1942	0.006786586822718821
1943	0.006777392438035168
1944	0.0066578616467436015
1945	0.006620939441974579
1946	0.006558053240633862
1947	0.006527752554315776
1948	0.006504811075011189
1949	0.00649258930527082
1950	0.006488207336146908
1951	0.006488207336146908
1952	0.00644986678823883
1953	0.006425925518211262
1954	0.0064019288752512615
1955	0.006311188542245194
1956	0.006305404162587388
1957	0.006226851665837992
1958	0.006221259557831231
1959	0.0062032164672964464
1960	0.0062032164672964464
1961	0.006177111469393963
1962	0.006132725994655619
1963	0.006069059424595569
1964	0.006057700688973444
1965	0.006040688206126384
1966	0.005937989592626014
1967	0.00588722181746227
1968	0.005882318836727851
1969	0.005810297927276734
1970	0.005795453037158034
1971	0.005788813201697677
1972	0.005754219971411552
1973	0.005685620013148067
1974	0.00564920752401313
1975	0.005607277194153651
1976	0.005579329322312857
1977	0.005547591465683007
1978	0.005495387097649828
1979	0.005443289542347518
1980	0.005419359946448636
1981	0.005417954120608896
1982	0.005411601280395543
1983	0.00540616707620704
1984	0.005298665199664606
1985	0.005295852998794212
1986	0.005293091071113161
1987	0.005288169948135243
1988	0.005246745848236589
1989	0.005188094877295265
1990	0.005173658663818367
1991	0.005151040035923978
1992	0.005142155343799922
1993	0.005114082996974379
1994	0.005098155987166179
1995	0.005096124382579456
1996	0.005088535059715316
1997	0.005088535059715316
1998	0.005025760801033948
1999	0.004981815721299624
2000	0.0049670562450549426
2001	0.004950082717259926
2002	0.004917184791787192
2003	0.004853378886867876
2004	0.004835560201533529
2005	0.00480115668721964
2006	0.00480115668721964
2007	0.00480115668721964
2008	0.004799445713071974
2009	0.004770303066772137
2010	0.004754522581917176
2011	0.0047044894574966335
2012	0.0047044894574966335
2013	0.004679839489089677
2014	0.004669620347103483
2015	0.004634682057187896
2016	0.004627853995123102
2017	0.004627037522227765
2018	0.004579514065837476
2019	0.004565114229679275
2020	0.004561442116405908
2021	0.004559740307328604
2022	0.004553420583326062
2023	0.004529585103493113
2024	0.004529585103493113
2025	0.004497094651511772
2026	0.00446075586997828
2027	0.004443073049682026
2028	0.00443859144950259
2029	0.004427655576528592
2030	0.0043182117089576085
2031	0.004300309337765018
2032	0.004295548406080929
2033	0.004290687177679419
2034	0.004288456825642199
2035	0.004286905303790048
2036	0.004274264612158607
2037	0.004261602388039254
2038	0.004246855134487237
2039	0.004220428327951561
2040	0.004131490343035645
2041	0.004122589497469509
2042	0.0040991857065891145
2043	0.0040726734728585194
2044	0.0040726734728585194
2045	0.0040234907230764765
2046	0.004012885189589088
2047	0.003976005382591759
2048	0.003943436671999449
2049	0.003909180717080662
2050	0.003909180717080662
2051	0.0038888912050951243
2052	0.0038789158011725
2053	0.0038763041737529314
2054	0.0038570890774898875
2055	0.003854607195698841
2056	0.0038530313782637825
2057	0.003828386984266263
2058	0.003815095413851773
2059	0.003795509434395535
2060	0.003790210598319366
2061	0.0037850104261557918
2062	0.003778650749938676
2063	0.003760170148297674
2064	0.0037376881089323357
2065	0.003727938828437131
2066	0.0037189157843189177
2067	0.003707340882164297
2068	0.003634292527081673
2069	0.003628094543422922
2070	0.0036092089065890972
2071	0.0036092089065890972
2072	0.003603083705604456
2073	0.003583653561176181
2074	0.003578591451744817
2075	0.00357154090676793
2076	0.0035344698154876103
2077	0.0035323389249044546
2078	0.0035323389249044546
2079	0.003445391143839623
2080	0.003429312455426932
2081	0.003426176165189047
2082	0.0034099972165173575
2083	0.003395065990470621
2084	0.0033651493706032378
2085	0.0033461505310541815
2086	0.0033336459614357198
2087	0.003295717333789453
2088	0.0032727569978461863
2089	0.0032025404512104378
2090	0.0031628164649695795
2091	0.0031500641911829477
2092	0.0031500641911829477
2093	0.00313198236771474
2094	0.0031116496027653244
2095	0.003080054235173879
2096	0.0030611054409064014
2097	0.003046540657122036
2098	0.003031675803923613
2099	0.0030266856450694196
2100	0.002992850575580371
2101	0.002992850575580371
2102	0.0029802884641694227
2103	0.0029761688781552386
2104	0.0029511164259519457
2105	0.002913706813423733
2106	0.0028970979058020596
2107	0.002887045651900255
2108	0.0028773893995552116
2109	0.002876820542241602
2110	0.002876820542241602
2111	0.0028684660997767195
2112	0.0028684660997767195
2113	0.002863463563700434
2114	0.002853242700421266
2115	0.002826361156065686
2116	0.0028244898102072055
2117	0.0028174640568834936
2118	0.0028152553560256105
2119	0.0027717727558270806
2120	0.0027717727558270806
2121	0.0027717727558270806
2122	0.0027616549172424657
2123	0.002757584700907826
2124	0.002752010087193065
2125	0.0027457277380948794
2126	0.002744449016870091
2127	0.002727331641302033
2128	0.00270917994572466
2129	0.0027087911073674733
2130	0.0027048673750756256
2131	0.0026801436867091096
2132	0.0026590227783401294
2133	0.00263125096236599
2134	0.0026268323126470428
2135	0.0026249215211047467
2136	0.0026160573222212178
2137	0.0026097590795524836
2138	0.0025877066941952798
2139	0.00258199765648266
2140	0.002573509924971014
2141	0.002573509924971014
2142	0.002573509924971014
2143	0.0025717608976881874
2144	0.00256459221567266
2145	0.0025501435079123467
2146	0.002522998610983477
2147	0.002510306795105392
2148	0.002507553649904744
2149	0.0024853999223474867
2150	0.0024822165243432613
2151	0.0024723316360205122
2152	0.0024505746078545758
2153	0.0024264653175607442
2154	0.002413894789639522
2155	0.002397171325369829
2156	0.0023786491564184034
2157	0.0023786491564184034
2158	0.0023704270720827183
2159	0.0023670034302678703
2160	0.0023647802338090606
2161	0.002361312876690125
2162	0.0023484964489613644
2163	0.0023442309059069485
2164	0.0023280617950089955
2165	0.002282879198410696
2166	0.002274599614743256
2167	0.00226589020945811
2168	0.0022477799954866797
2169	0.002247310704877344
2170	0.0022329603651160507
2171	0.0022145829665537243
2172	0.0022118475284657714
2173	0.0022118475284657714
2174	0.0022118475284657714
2175	0.0022118475284657714
2176	0.0022022468982388394
2177	0.0021972921478657704
2178	0.0021813230873735695
2179	0.0021291653477620485
2180	0.0021189624271301887
2181	0.0021072084588158605
2182	0.00209256747689901
2183	0.00207949097276184
2184	0.002051173301449527
2185	0.0020454571280872063
2186	0.0020400999908206725
2187	0.0020384019041475615
2188	0.0020384019041475615
2189	0.0020311064279482298
2190	0.002022920241267645
2191	0.0020013493287688237
2192	0.0019997407676069835
2193	0.001991310131395204
2194	0.0019872022913377603
2195	0.0019872022913377603
2196	0.0019851606579668335
2197	0.001970185790329726
2198	0.001959633007957932
2199	0.0019433826469579844
2200	0.001924779768407318
2201	0.0019180403134069657
2202	0.0019129363345556706
2203	0.0018984591055837719
2204	0.001885969610399337
2205	0.001885969610399337
2206	0.001874650367385744
2207	0.0018640530428182403
2208	0.0018638828200447635
2209	0.001830284765360061
2210	0.001828618479647748
2211	0.0018232866288864298
2212	0.0018055392500976985
2213	0.0018043495306201566
2214	0.0017997195268722936
2215	0.0017940095969611214
2216	0.0017830093903794086
2217	0.0017702505519188764
2218	0.001767345406397869
2219	0.0017663552324798993
2220	0.0017620171723605378
2221	0.0017586695941244734
2222	0.0017422680823538114
2223	0.00173709936858204
2224	0.0017334684320090036
2225	0.0017302648457744318
2226	0.0017217389560375254
2227	0.0017073553942865694
2228	0.0016983341135082893
2229	0.001690750511690542
2230	0.001690750511690542
2231	0.0016780895830006118
2232	0.0016777578022932893
2233	0.0016729443910795006
2234	0.0016636617820969886
2235	0.0016506423136265565
2236	0.0016303311702033992
2237	0.0016267190143191299
2238	0.0016267190143191299
2239	0.0016267190143191299
2240	0.00162602206185977
2241	0.0016227849903575435
2242	0.0016167055035684718
2243	0.0016160048213516318
2244	0.0016122270083903285
2245	0.0016058924614785455
2246	0.0016049711467550705
2247	0.001599036939412309
2248	0.0015937417024728914
2249	0.0015864514724585573
2250	0.0015760603562122277
2251	0.0015667929118832488
2252	0.0015567385097942754
2253	0.0015567385097942754
2254	0.0015411676483731837
2255	0.0015335362020658216
2256	0.0015284424438604264
2257	0.0015151848374610625
2258	0.0015017206743855797
2259	0.0014954531509843308
2260	0.0014954531509843308
2261	0.0014867661057228255
2262	0.00147800318928318
2263	0.0014649511681660659
2264	0.0014457360019473656
2265	0.001445154497239513
2266	0.0014365153702319057
2267	0.0014264202078089205
2268	0.0014207551149688117
2269	0.0014056502347198278
2270	0.0013997795160749801
2271	0.0013888741373155433
2272	0.0013888741373155433
2273	0.0013838241927614033
2274	0.0013838241927614033
2275	0.0013773112622568048
2276	0.0013766091517277998
2277	0.0013741721094297017
2278	0.0013728968419173704
2279	0.0013653467769604965
2280	0.0013596253258063426
2281	0.0013441949821019427
2282	0.001341092701095518
2283	0.001341092701095518
2284	0.0013381729950971237
2285	0.001330641951913088
2286	0.0013268444252325354
2287	0.001311537347669726
2288	0.001310620054998631
2289	0.001310620054998631
2290	0.001304375705294299
2291	0.0012828569112319776
2292	0.001268188677975335
2293	0.0012557997828308428
2294	0.001249138437564401
2295	0.0012456118916888137
2296	0.0012439605318969112
2297	0.0012292524874376377
2298	0.0012232215923231315
2299	0.001222100947958508
2300	0.0012106293116824615
2301	0.0012015555449959396
2302	0.0011937725642778396
2303	0.0011879296325626083
2304	0.0011755444913855643
2305	0.0011693471670387071
2306	0.0011693471670387071
2307	0.0011644877158913344
2308	0.0011629887402868336
2309	0.001162606328482211
2310	0.0011617828469421868
2311	0.0011617828469421868
2312	0.0011596834860541528
2313	0.0011479216918766078
2314	0.0011421441053133623
2315	0.0011293520743788754
2316	0.0011276166412517755
2317	0.0011123438316174314
2318	0.001109600542556984
2319	0.001102515373194013
2320	0.0010985104491575194
2321	0.0010985104491575194
2322	0.0010985104491575194
2323	0.0010832207932377417
2324	0.0010806430390529382
2325	0.0010805187062821334
2326	0.0010754285486410885
2327	0.0010667214281168864
2328	0.0010470700254630039
2329	0.0010298276194463736
2330	0.0010289558360349282
2331	0.0010261192802355564
2332	0.0010250156952380666
2333	0.001021488551866856
2334	0.001019401151542206
2335	0.001019401151542206
2336	0.0010086993130017595
2337	9.983473805443251E-4
2338	9.91043743985968E-4
2339	9.836396470504086E-4
2340	9.827565367798682E-4
2341	9.827565367798682E-4
2342	9.803915904128917E-4
2343	9.803915904128917E-4
2344	9.779810537396294E-4
2345	9.528408009535324E-4
2346	9.479014251880061E-4
2347	9.412719898980922E-4
2348	9.404639807714628E-4
2349	9.38927344616373E-4
2350	9.361142898315874E-4
2351	9.331125900431836E-4
2352	9.310921932732381E-4
2353	9.310921932732381E-4
2354	9.310921932732381E-4
2355	9.222610152801458E-4
2356	9.184160929395742E-4
2357	9.179918498336252E-4
2358	9.131042998734943E-4
2359	9.042600625133624E-4
2360	8.959711493307468E-4
2361	8.885877952892862E-4
2362	8.857692226836337E-4
2363	8.831082619807695E-4
2364	8.805418957513152E-4
2365	8.758648834191677E-4
2366	8.758648834191677E-4
2367	8.702305424830748E-4
2368	8.60801564900715E-4
2369	8.555158639230065E-4
2370	8.536052117813793E-4
2371	8.416374005568568E-4
2372	8.369104179400881E-4
2373	8.344744155807327E-4
2374	8.254706673429683E-4
2375	8.233445347717528E-4
2376	8.191017508865824E-4
2377	8.185579043757644E-4
2378	8.155313691300552E-4
2379	8.132529164873799E-4
2380	8.117833124228647E-4
2381	8.117833124228647E-4
2382	7.864930559497847E-4
2383	7.812229440034162E-4
2384	7.812229440034162E-4
2385	7.812229440034162E-4
2386	7.749776171938727E-4
2387	7.730387608938294E-4
2388	7.716586339502563E-4
2389	7.67727874796235E-4
2390	7.67727874796235E-4
2391	7.67727874796235E-4
2392	7.604922084903561E-4
2393	7.603700275423305E-4
2394	7.591921952731617E-4
2395	7.564352941536789E-4
2396	7.550944132010962E-4
2397	7.531569218987677E-4
2398	7.480595072808367E-4
2399	7.440781164472258E-4
2400	7.412000936561173E-4
2401	7.412000936561173E-4
2402	7.364291289600959E-4
2403	7.344974981261447E-4
2404	7.297479933062512E-4
2405	7.223546328362751E-4
2406	7.203098157327226E-4
2407	7.193074043643518E-4
2408	7.193074043643518E-4
2409	7.139494476041305E-4
2410	7.081693220299871E-4
2411	7.053632048103904E-4
2412	7.049568919055282E-4
2413	7.016203604230201E-4
2414	7.016023910861868E-4
2415	6.985215598950786E-4
2416	6.983213313317489E-4
2417	6.899557844495697E-4
2418	6.895470934492387E-4
2419	6.807667895412983E-4
2420	6.762562459519413E-4
2421	6.744892367533062E-4
2422	6.725106434831633E-4
2423	6.694226224871554E-4
2424	6.686711675997437E-4
2425	6.638747175494508E-4
2426	6.620796262184036E-4
2427	6.611743760384019E-4
2428	6.607136258944675E-4
2429	6.607136258944675E-4
2430	6.540234642818573E-4
2431	6.504372168046225E-4
2432	6.495007501259605E-4
2433	6.482342681385885E-4
2434	6.482342681385885E-4
2435	6.475021371290228E-4
2436	6.39535124439868E-4
2437	6.354234882719763E-4
2438	6.320527994949939E-4
2439	6.286397963823909E-4
2440	6.261343940299647E-4
2441	6.16578581652257E-4
2442	6.147721423668113E-4
2443	6.106442594416173E-4
2444	6.070583408592197E-4
2445	6.027871523801724E-4
2446	6.013627342982571E-4
2447	5.998956351617994E-4
2448	5.953984868184806E-4
2449	5.946614293561877E-4
2450	5.933782001750802E-4
2451	5.859138351762698E-4
2452	5.793139108596949E-4
2453	5.7920722245924E-4
2454	5.756350049220001E-4
2455	5.73149034081973E-4
2456	5.685106715022611E-4
2457	5.625957988069234E-4
2458	5.598975635606666E-4
2459	5.598975635606666E-4
2460	5.581118345267496E-4
2461	5.579870845747514E-4
2462	5.564716657971462E-4
2463	5.533688661075509E-4
2464	5.484599163225745E-4
2465	5.425659207053179E-4
2466	5.422189539096381E-4
2467	5.395487272899106E-4
2468	5.390218953131113E-4
2469	5.382019133924073E-4
2470	5.371133348251492E-4
2471	5.351725044439999E-4
2472	5.351488315308887E-4
2473	5.333134887821167E-4
2474	5.333134887821167E-4
2475	5.328140108764441E-4
2476	5.27822442415952E-4
2477	5.249147331665149E-4
2478	5.24635882435683E-4
2479	5.229776272688429E-4
2480	5.204703198982882E-4
2481	5.192157539831932E-4
2482	5.185857361566034E-4
2483	5.113531050247329E-4
2484	5.113531050247329E-4
2485	5.105454474304772E-4
2486	5.105454474304772E-4
2487	5.105454474304772E-4
2488	5.093240765992787E-4
2489	5.08136571672176E-4
2490	5.056316327686439E-4
2491	5.039782703636734E-4
2492	4.984990910880486E-4
2493	4.958483156638197E-4
2494	4.958483156638197E-4
2495	4.925958558933926E-4
2496	4.919935967684512E-4
2497	4.900018568284222E-4
2498	4.865718166018181E-4
2499	4.83289918644747E-4
2500	4.7892780911486336E-4
2501	4.786211961811837E-4
2502	4.786211961811837E-4
2503	4.722192287933247E-4
2504	4.71570404144798E-4
2505	4.71570404144798E-4
2506	4.66886510082265E-4
2507	4.6215710816008835E-4
2508	4.620552948134756E-4
2509	4.591767236684715E-4
2510	4.568492506831667E-4
2511	4.5600898139198286E-4
2512	4.544099044175631E-4
2513	4.5000299488373585E-4
2514	4.411832011006034E-4
2515	4.3888304553070984E-4
2516	4.385250371672515E-4
2517	4.375778590977042E-4
2518	4.374863565330086E-4
2519	4.3326043383903705E-4
2520	4.301881791590449E-4
2521	4.282764999424593E-4
2522	4.282764999424593E-4
2523	4.242819595728697E-4
2524	4.2165352648935913E-4
2525	4.2012566840989864E-4
2526	4.1940714311753763E-4
2527	4.158580049299291E-4
2528	4.1541616364305277E-4
2529	4.149724526406532E-4
2530	4.1240021563272814E-4
2531	4.072938150651536E-4
2532	4.064416922759939E-4
2533	4.064416922759939E-4
2534	4.0051105983870033E-4
2535	4.0051105983870033E-4
2536	3.961215648298063E-4
2537	3.9542157191793474E-4
2538	3.9208862764702107E-4
2539	3.895635915227717E-4
2540	3.895635915227717E-4
2541	3.880362372158608E-4
2542	3.868984089901476E-4
2543	3.8555480079454084E-4
2544	3.852921347813935E-4
2545	3.842964530319589E-4
2546	3.8258189748671494E-4
2547	3.8103417381600834E-4
2548	3.8103417381600834E-4
2549	3.777978553571574E-4
2550	3.7253938061552935E-4
2551	3.6890317084905535E-4
2552	3.676013314978318E-4
2553	3.638847671248335E-4
2554	3.629682380098309E-4
2555	3.6084227095563765E-4
2556	3.5944815615739735E-4
2557	3.5733871864384404E-4
2558	3.555117401109401E-4
2559	3.5539213698413026E-4
2560	3.495022281206831E-4
2561	3.494847177880622E-4
2562	3.487221057436744E-4
2563	3.481493440272191E-4
2564	3.4570650324221573E-4
2565	3.4555962371453456E-4
2566	3.4545781653152476E-4
2567	3.4463887850693097E-4
2568	3.43365084351858E-4
2569	3.43365084351858E-4
2570	3.427038031930785E-4
2571	3.41290601592655E-4
2572	3.389928930668103E-4
2573	3.3885474877850543E-4
2574	3.377198844574695E-4
2575	3.3522157133628977E-4
2576	3.3522157133628977E-4
2577	3.34453476130836E-4
2578	3.3233015068079297E-4
2579	3.3233015068079297E-4
2580	3.301200105469526E-4
2581	3.2900618950716757E-4
2582	3.28894703663322E-4
2583	3.2820035660323653E-4
2584	3.267871658741169E-4
2585	3.267871658741169E-4
2586	3.250552691276868E-4
2587	3.1836314453584553E-4
2588	3.158651543256674E-4
2589	3.123254667145581E-4
2590	3.1190632155603617E-4
2591	3.101766345789218E-4
2592	3.086973141456599E-4
2593	3.080893646047578E-4
2594	3.055936469208061E-4
2595	3.0558775449032185E-4
2596	3.053008399803936E-4
2597	3.0393014803869653E-4
2598	3.028638154551011E-4
2599	3.010423611853182E-4
2600	3.0084507078583417E-4
2601	3.001079486887844E-4
2602	2.984495751226686E-4
2603	2.9168864202076724E-4
2604	2.8929567343244735E-4
2605	2.882025759700646E-4
2606	2.87201176919627E-4
2607	2.867933431429215E-4
2608	2.857536523685589E-4
2609	2.8563178201178964E-4
2610	2.8563178201178964E-4
2611	2.827431968346339E-4
2612	2.814403908590594E-4
2613	2.795885733907433E-4
2614	2.7910744946568755E-4
2615	2.788516731580574E-4
2616	2.779492949885961E-4
2617	2.708349843930276E-4
2618	2.6715595419988245E-4
2619	2.670257943937493E-4
2620	2.6627538174131733E-4
2621	2.6603766119146497E-4
2622	2.656626652766114E-4
2623	2.6479153186575267E-4
2624	2.6479153186575267E-4
2625	2.6433979469861295E-4
2626	2.629359706799228E-4
2627	2.6095666782686896E-4
2628	2.594556761998194E-4
2629	2.5869399996792574E-4
2630	2.5817507519656504E-4
2631	2.556569100752822E-4
2632	2.549297419665623E-4
2633	2.529394612722946E-4
2634	2.524674516960997E-4
2635	2.5213157166854573E-4
2636	2.5213157166854573E-4
2637	2.513069264555116E-4
2638	2.5092128117008746E-4
2639	2.486530583331555E-4
2640	2.4839530487925644E-4
2641	2.4811748403961905E-4
2642	2.4693500537151063E-4
2643	2.463115660857736E-4
2644	2.459308360130012E-4
2645	2.4549008561658425E-4
2646	2.447397939959887E-4
2647	2.428959575918969E-4
2648	2.4273969686937255E-4
2649	2.4194911646846506E-4
2650	2.3879695398626072E-4
2651	2.3714378147490222E-4
2652	2.3619066358557817E-4
2653	2.345428960942956E-4
2654	2.345428960942956E-4
2655	2.3113930295316128E-4
2656	2.3102839671074922E-4
2657	2.2805680744193425E-4
2658	2.2704433818718784E-4
2659	2.2367615777350026E-4
2660	2.2164620275993602E-4
2661	2.2118029253528348E-4
2662	2.194072264017836E-4
2663	2.185839977208263E-4
2664	2.170767111585962E-4
2665	2.1532409842963673E-4
2666	2.145640227307825E-4
2667	2.1371452266452095E-4
2668	2.1371452266452095E-4
2669	2.1371452266452095E-4
2670	2.1256360112878643E-4
2671	2.1132714663917677E-4
2672	2.1074475649311233E-4
2673	2.0949987726845976E-4
2674	2.0940963718413624E-4
2675	2.083509616203294E-4
2676	2.071323976611398E-4
2677	2.0613945055965034E-4
2678	2.050210271489957E-4
2679	2.025147124415779E-4
2680	2.0243544085483123E-4
2681	2.006213019208225E-4
2682	2.0000660964602328E-4
2683	1.9575078447452062E-4
2684	1.9538363278828185E-4
2685	1.9518732842446578E-4
2686	1.9495537941169872E-4
2687	1.9420927186463525E-4
2688	1.9404002122482092E-4
2689	1.9404002122482092E-4
2690	1.9364540951688863E-4
2691	1.9187404081527266E-4
2692	1.8870813326126167E-4
2693	1.860208313664143E-4
2694	1.8577018613692432E-4
2695	1.8396255538807675E-4
2696	1.8391732075201023E-4
2697	1.8391732075201023E-4
2698	1.8345741203763902E-4
2699	1.8201684128126653E-4
2700	1.8201684128126653E-4
2701	1.8156181226034463E-4
2702	1.8141886610788897E-4
2703	1.8141886610788897E-4
2704	1.8102933502790465E-4
2705	1.79536348134679E-4
2706	1.7930603164512487E-4
2707	1.7830391305079612E-4
2708	1.7668195469378034E-4
2709	1.7668195469378034E-4
2710	1.761740050636895E-4
2711	1.7532118344189366E-4
2712	1.736054393917108E-4
2713	1.7280491894201925E-4
2714	1.676530465165804E-4
2715	1.676530465165804E-4
2716	1.672660272210358E-4
2717	1.657888616522681E-4
2718	1.655593707397133E-4
2719	1.6515953917949726E-4
2720	1.6447420749144588E-4
2721	1.6279632911890828E-4
2722	1.6187566689416973E-4
2723	1.616413772078514E-4
2724	1.5921598659807875E-4
2725	1.5921598659807875E-4
2726	1.5869303521537741E-4
2727	1.5839535683008775E-4
2728	1.579263257425782E-4
2729	1.5687723476848586E-4
2730	1.5615769873855712E-4
2731	1.560594481810007E-4
2732	1.5509232525857304E-4
2733	1.545364409362963E-4
2734	1.545364409362963E-4
2735	1.5420786232889228E-4
2736	1.5327160627913726E-4
2737	1.5175033727314138E-4
2738	1.5158887230800981E-4
2739	1.5147314551618626E-4
2740	1.5091317091746602E-4
2741	1.4985341856889415E-4
2742	1.488397959813111E-4
2743	1.4818227675078194E-4
2744	1.4816785670446938E-4
2745	1.4816785670446938E-4
2746	1.4778636284088856E-4
2747	1.4587890707220552E-4
2748	1.4555441876646925E-4
2749	1.452337269247946E-4
2750	1.4449114021918656E-4
2751	1.441776582059795E-4
2752	1.4288157856106782E-4
2753	1.4246462246735684E-4
2754	1.4138176612587354E-4
2755	1.4079684315086992E-4
2756	1.4056398212654032E-4
2757	1.405280110435984E-4
2758	1.3987370208008444E-4
2759	1.392963338416505E-4
2760	1.391452908110047E-4
2761	1.3908749501062207E-4
2762	1.3861815730829009E-4
2763	1.384473705341745E-4
2764	1.381184880957361E-4
2765	1.3720260283429654E-4
2766	1.3669063936001536E-4
2767	1.3550437486324894E-4
2768	1.3505297434367828E-4
2769	1.3436478014231903E-4
2770	1.3347661762480218E-4
2771	1.313171861421066E-4
2772	1.2952437024186617E-4
2773	1.2947975620945703E-4
2774	1.2895661342738525E-4
2775	1.275509150587754E-4
2776	1.2608887963804586E-4
2777	1.2492814123617654E-4
2778	1.2471410138343114E-4
2779	1.2413574773211994E-4
2780	1.2389596141343756E-4
2781	1.2371234304042744E-4
2782	1.2308762026250382E-4
2783	1.2103949236577093E-4
2784	1.2052322971275823E-4
2785	1.1947959354090543E-4
2786	1.1914317112600159E-4
2787	1.1769821610293126E-4
2788	1.1746902049999026E-4
2789	1.1739338887683341E-4
2790	1.1692025600646971E-4
2791	1.1643432792694716E-4
2792	1.1495003343352887E-4
2793	1.1399765554829245E-4
2794	1.1393508006844281E-4
2795	1.1359454918625407E-4
2796	1.1359454918625407E-4
2797	1.1269630181015936E-4
2798	1.118377303201079E-4
2799	1.11495647630111E-4
2800	1.1131690719290432E-4
2801	1.1096992299828302E-4
2802	1.1096992299828302E-4
2803	1.1096992299828302E-4
2804	1.1084896564298083E-4
2805	1.1022027021588462E-4
2806	1.0969475460997913E-4
2807	1.090089470548783E-4
2808	1.0889748279246566E-4
2809	1.0812116758905551E-4
2810	1.0773973138104391E-4
2811	1.0762017347731856E-4
2812	1.0717748661936237E-4
2813	1.059565314003604E-4
2814	1.059565314003604E-4
2815	1.0342167066411297E-4
2816	1.0309653808890929E-4
2817	1.0309653808890929E-4
2818	1.0246927701288064E-4
2819	1.0232448512607444E-4
2820	1.0232448512607444E-4
2821	1.0207810620667482E-4
2822	1.0207036863928802E-4
2823	1.001788823898823E-4
2824	9.97460898601273E-5
2825	9.960436125675543E-5
2826	9.932080270932767E-5
2827	9.896642738131216E-5
2828	9.896642738131216E-5
2829	9.896642738131216E-5
2830	9.769547035978951E-5
2831	9.769547035978951E-5
2832	9.73451259793201E-5
2833	9.725410345398088E-5
2834	9.674432204886211E-5
2835	9.673264657878988E-5
2836	9.650893337343665E-5
2837	9.650893337343665E-5
2838	9.643279288254666E-5
2839	9.598154559862238E-5
2840	9.586367809785537E-5
2841	9.549513586432449E-5
2842	9.44079220108011E-5
2843	9.342033759501452E-5
2844	9.333464240741662E-5
2845	9.295952718225327E-5
2846	9.16183923303689E-5
2847	9.082889093775156E-5
2848	9.061239039687881E-5
2849	8.931992956376552E-5
2850	8.816876954123031E-5
2851	8.814475822077247E-5
2852	8.799789701265936E-5
2853	8.776302599828867E-5
2854	8.693920627604139E-5
2855	8.68354578153152E-5
2856	8.610527077275165E-5
2857	8.58769572338917E-5
2858	8.577777327589686E-5
2859	8.553337555463613E-5
2860	8.457447130085782E-5
2861	8.457447130085782E-5
2862	8.415664833956171E-5
2863	8.411211358512934E-5
2864	8.363451681470124E-5
2865	8.363451681470124E-5
2866	8.249174644191134E-5
2867	8.239251367567016E-5
2868	8.219160810923517E-5
2869	8.212872823595655E-5
2870	8.209277586267069E-5
2871	8.20866093135623E-5
2872	8.19624270277745E-5
2873	7.987960622507136E-5
2874	7.986904379603625E-5
2875	7.927653693563149E-5
2876	7.916957531586277E-5
2877	7.90621679581882E-5
2878	7.897881171053574E-5
2879	7.886925282625985E-5
2880	7.849565678054541E-5
2881	7.801107530669427E-5
2882	7.765351397468479E-5
2883	7.745086087090532E-5
2884	7.6885034039235E-5
2885	7.622603149544105E-5
2886	7.622603149544105E-5
2887	7.561622550650663E-5
2888	7.487885414135439E-5
2889	7.486452645482089E-5
2890	7.483866106901733E-5
2891	7.452573665599853E-5
2892	7.435459854751395E-5
2893	7.406256292966281E-5
2894	7.35987225328157E-5
2895	7.324035227809963E-5
2896	7.313816067737733E-5
2897	7.186345665918617E-5
2898	7.141169688849777E-5
2899	7.116478456514012E-5
2900	7.023268089421109E-5
2901	7.023268089421109E-5
2902	6.943552845391683E-5
2903	6.919333419199702E-5
2904	6.844668818345075E-5
2905	6.836919812108396E-5
2906	6.778417009281056E-5
2907	6.681958748536351E-5
2908	6.674005937824153E-5
2909	6.617534284242647E-5
2910	6.617534284242647E-5
2911	6.611440201860219E-5
2912	6.602713158523343E-5
2913	6.596737036360286E-5
2914	6.594663954541483E-5
2915	6.50874493327495E-5
2916	6.5052693168699E-5
2917	6.499786553755271E-5
2918	6.402114883205337E-5
2919	6.402114883205337E-5
2920	6.336688274043804E-5
2921	6.33276417848272E-5
2922	6.331139392831512E-5
2923	6.313307352868354E-5
2924	6.313194682213326E-5
2925	6.313194682213326E-5
2926	6.28849107498238E-5
2927	6.268936724914316E-5
2928	6.25463798232732E-5
2929	6.241455340492882E-5
2930	6.166319151062657E-5
2931	6.107308978349953E-5
2932	6.085425188233629E-5
2933	6.0657306853754515E-5
2934	6.022558634575977E-5
2935	5.971124716757833E-5
2936	5.931901616434606E-5
2937	5.917627546165131E-5
2938	5.8715587447573844E-5
2939	5.854808966777962E-5
2940	5.8322144320488436E-5
2941	5.8322144320488436E-5
2942	5.8322144320488436E-5
2943	5.797165211349764E-5
2944	5.738874151880088E-5
2945	5.7277391284523324E-5
2946	5.723630582226136E-5
2947	5.676789411757828E-5
2948	5.623568187731465E-5
2949	5.60503986939113E-5
2950	5.592307723102745E-5
2951	5.5643200810558587E-5
2952	5.4816320245946554E-5
2953	5.345347201274701E-5
2954	5.345347201274701E-5
2955	5.3167696218370256E-5
2956	5.3093399025261334E-5
2957	5.3048311015727974E-5
2958	5.295649869691369E-5
2959	5.277195679479855E-5
2960	5.2757915347563984E-5
2961	5.24567708182803E-5
2962	5.200481600136087E-5
2963	5.1815922646477236E-5
2964	5.1777446530435846E-5
2965	5.1777446530435846E-5
2966	5.1626742788328055E-5
2967	5.13918105917277E-5
2968	5.1353674195523764E-5
2969	5.081123223880842E-5
2970	5.071659278093795E-5
2971	5.0289903905535266E-5
2972	5.023213024791436E-5
2973	5.0170980772623607E-5
2974	4.994563079074865E-5
2975	4.986653644462417E-5
2976	4.986653644462417E-5
2977	4.962140638105813E-5
2978	4.920367324740364E-5
2979	4.920367324740364E-5
2980	4.9029087190977096E-5
2981	4.9029087190977096E-5
2982	4.9029087190977096E-5
2983	4.9029087190977096E-5
2984	4.895988426693402E-5
2985	4.8917869173426E-5
2986	4.8872511058532335E-5
2987	4.8834590491579157E-5
2988	4.8527706306315346E-5
2989	4.8430627601299864E-5
2990	4.827505905978431E-5
2991	4.81094252377486E-5
2992	4.802197217133042E-5
2993	4.8002126093364224E-5
2994	4.796198292812785E-5
2995	4.758485198393577E-5
2996	4.755538431770271E-5
2997	4.70520355870659E-5
2998	4.656952329572898E-5
2999	4.5987487050277075E-5
3000	4.579971645393144E-5
