1	6.724127550629113E8
2	5.689475076161462E8
3	4.8614335676854426E8
4	4.493029051165365E8
5	4.058840647449722E8
6	3.8677165694325083E8
7	3.618162104008149E8
8	3.5068822785767347E8
9	3.372995492454634E8
10	3.207247884920839E8
11	3.016797696778632E8
12	2.803234285284537E8
13	2.7045381560433286E8
14	2.5846505177095312E8
15	2.5041631173642814E8
16	2.460970336721522E8
17	2.4225851785386243E8
18	2.3706390134832832E8
19	2.2914644044123778E8
20	2.2405639111333898E8
21	2.1804929223667E8
22	2.1348897020415822E8
23	2.0644719723112872E8
24	2.0197470894964057E8
25	1.9234714488768902E8
26	1.8688290051175824E8
27	1.8688290051175824E8
28	1.8515710705328274E8
29	1.8515710705328274E8
30	1.8515710705328274E8
31	1.84760560817334E8
32	1.8014849054761383E8
33	1.7316816470775494E8
34	1.6544550793019924E8
35	1.6384082894751036E8
36	1.6135383770041895E8
37	1.5796783118181294E8
38	1.5492197685324445E8
39	1.517632004378224E8
40	1.47988522518786E8
41	1.4595138161324105E8
42	1.4415402550916252E8
43	1.4067378076221082E8
44	1.4067378076221082E8
45	1.3955150336364794E8
46	1.3514534107707536E8
47	1.3288051688863356E8
48	1.31332100832936E8
49	1.306429059303595E8
50	1.2927031962506214E8
51	1.2837720968377894E8
52	1.2785174209906112E8
53	1.256828995853827E8
54	1.245843071159198E8
55	1.2122152343266289E8
56	1.2122152343266289E8
57	1.2122152343266289E8
58	1.1918194002743414E8
59	1.0970922990259185E8
60	1.0970922990259185E8
61	1.0929677767641155E8
62	1.0881168536001605E8
63	1.0881168536001605E8
64	1.076569684796345E8
65	1.0657739111291556E8
66	1.0657739111291556E8
67	1.0494100850307915E8
68	1.0204108728831129E8
69	1.0020638277882972E8
70	1.0014245347326763E8
71	9.996789522461128E7
72	9.932074529915275E7
73	9.791749193362096E7
74	9.699358321407618E7
75	9.681656605264576E7
76	9.409284782070006E7
77	9.343706681488739E7
78	9.321524629178938E7
79	9.321524629178938E7
80	9.321524629178938E7
81	9.300108618201296E7
82	9.300108618201296E7
83	9.141388798162726E7
84	9.018791062738462E7
85	8.79915585578337E7
86	8.632256833300877E7
87	8.632256833300877E7
88	8.583683115617938E7
89	8.56313412503665E7
90	8.554113572421494E7
91	8.508893722212647E7
92	8.404616441704144E7
93	8.22780342504999E7
94	8.22780342504999E7
95	8.132689332515652E7
96	8.132689332515652E7
97	8.132689332515652E7
98	7.965493847772166E7
99	7.965493847772166E7
100	7.96300555534326E7
101	7.885206778433628E7
102	7.885206778433628E7
103	7.759474408200222E7
104	7.759474408200222E7
105	7.759474408200222E7
106	7.744099302204585E7
107	7.648690556180361E7
108	7.642952474266121E7
109	7.603076014891702E7
110	7.479567660415053E7
111	7.479567660415053E7
112	7.479567660415053E7
113	7.415516719899735E7
114	7.415516719899735E7
115	7.358925741374564E7
116	7.335213100137132E7
117	7.27446994909278E7
118	7.27446994909278E7
119	7.264906030027004E7
120	7.264906030027004E7
121	7.128927310889591E7
122	7.118192827711813E7
123	7.023338687649903E7
124	6.920635853735836E7
125	6.920635853735836E7
126	6.920635853735836E7
127	6.920635853735836E7
128	6.887738518214113E7
129	6.887738518214113E7
130	6.863065515522084E7
131	6.826736499182609E7
132	6.774053879442081E7
133	6.6414479382918194E7
134	6.589494312957077E7
135	6.589494312957077E7
136	6.5298244867074125E7
137	6.5298244867074125E7
138	6.5298244867074125E7
139	6.50185703793424E7
140	6.4025879033253126E7
141	6.304559455643523E7
142	6.271674049445153E7
143	6.271674049445153E7
144	6.20964880839275E7
145	6.20964880839275E7
146	6.202278465982652E7
147	6.053940009506995E7
148	6.015319354973356E7
149	6.015319354973356E7
150	6.000199810099753E7
151	5.7324323243370265E7
152	5.727432796539651E7
153	5.727432796539651E7
154	5.689905898694796E7
155	5.654482336090282E7
156	5.55776543732799E7
157	5.39813580401191E7
158	5.39813580401191E7
159	5.39813580401191E7
160	5.39813580401191E7
161	5.329458975993648E7
162	5.329458975993648E7
163	5.2429917300298825E7
164	5.2429917300298825E7
165	5.137728686823987E7
166	5.13455393961013E7
167	5.13455393961013E7
168	4.993783046591575E7
169	4.9871561953440875E7
170	4.9871561953440875E7
171	4.9871561953440875E7
172	4.883105548002307E7
173	4.883105548002307E7
174	4.8369190254908696E7
175	4.8353624281493954E7
176	4.82032834370978E7
177	4.774800614384346E7
178	4.734134781853934E7
179	4.486761264450383E7
180	4.486761264450383E7
181	4.465688596232796E7
182	4.465688596232796E7
183	4.465688596232796E7
184	4.465688596232796E7
185	4.465688596232796E7
186	4.465688596232796E7
187	4.465688596232796E7
188	4.433367393330188E7
189	4.401784811304391E7
190	4.401784811304391E7
191	4.356552182377566E7
192	4.3383834750795536E7
193	4.3383834750795536E7
194	4.315412638844841E7
195	4.315412638844841E7
196	4.279183431992316E7
197	4.279183431992316E7
198	4.223380301251702E7
199	4.179840287872089E7
200	4.142074828644104E7
201	4.128267869406916E7
202	3.963813027702507E7
203	3.958096363678098E7
204	3.9369484365121685E7
205	3.9369484365121685E7
206	3.9369484365121685E7
207	3.932523392965993E7
208	3.932523392965993E7
209	3.932523392965993E7
210	3.932523392965993E7
211	3.932523392965993E7
212	3.866301126099555E7
213	3.866301126099555E7
214	3.866301126099555E7
215	3.825363955803552E7
216	3.825363955803552E7
217	3.781249620638788E7
218	3.774637894517119E7
219	3.723314120827803E7
220	3.69885346337129E7
221	3.636123379422189E7
222	3.620060696109506E7
223	3.56843743432578E7
224	3.4416024237890795E7
225	3.4416024237890795E7
226	3.426209419976367E7
227	3.426209419976367E7
228	3.363644094122135E7
229	3.363644094122135E7
230	3.3611936443007424E7
231	3.350121008191656E7
232	3.350121008191656E7
233	3.350121008191656E7
234	3.3019824944565985E7
235	3.3019824944565985E7
236	3.3019824944565985E7
237	3.269648267536217E7
238	3.269648267536217E7
239	3.269648267536217E7
240	3.255548685777991E7
241	3.1989626856151454E7
242	3.1989626856151454E7
243	3.1989626856151454E7
244	3.1989626856151454E7
245	3.1989626856151454E7
246	3.1956751937022794E7
247	3.162825394313165E7
248	3.162825394313165E7
249	3.162825394313165E7
250	3.162825394313165E7
251	3.117899700342642E7
252	3.117899700342642E7
253	3.117899700342642E7
254	3.0846401383730486E7
255	3.0033598050821953E7
256	3.0033598050821953E7
257	3.0033598050821953E7
258	3.0033598050821953E7
259	2.986440808449196E7
260	2.986440808449196E7
261	2.9450330879661646E7
262	2.9450330879661646E7
263	2.9153169916843E7
264	2.9058022317298688E7
265	2.8957001607434932E7
266	2.8923597608343467E7
267	2.8923597608343467E7
268	2.8923597608343467E7
269	2.8923597608343467E7
270	2.8422242792649344E7
271	2.8173105202938017E7
272	2.8057023769593015E7
273	2.8049587961523615E7
274	2.8049587961523615E7
275	2.8049587961523615E7
276	2.8018133574091937E7
277	2.7723406877555612E7
278	2.76722345602092E7
279	2.761721049938323E7
280	2.7228096853879377E7
281	2.679663293532048E7
282	2.6212792976890188E7
283	2.560339129300836E7
284	2.560339129300836E7
285	2.5548676101075374E7
286	2.5548676101075374E7
287	2.5548676101075374E7
288	2.5130665507473506E7
289	2.5001515888705567E7
290	2.5001515888705567E7
291	2.5001515888705567E7
292	2.4925708034424465E7
293	2.4925708034424465E7
294	2.484150064779669E7
295	2.460011161104892E7
296	2.460011161104892E7
297	2.4556225424867213E7
298	2.451951067256164E7
299	2.451951067256164E7
300	2.378653181926353E7
301	2.378653181926353E7
302	2.378653181926353E7
303	2.3672669677703537E7
304	2.3672669677703537E7
305	2.3659350567700263E7
306	2.3659350567700263E7
307	2.3659350567700263E7
308	2.3650555163326256E7
309	2.3650555163326256E7
310	2.2596241470916823E7
311	2.2596241470916823E7
312	2.135876409974587E7
313	2.135876409974587E7
314	2.135876409974587E7
315	2.1353868984955024E7
316	2.11815069323168E7
317	2.11815069323168E7
318	2.0853376519835684E7
319	2.0853376519835684E7
320	2.0853376519835684E7
321	2.078784613855687E7
322	2.078784613855687E7
323	2.047427316763896E7
324	2.047427316763896E7
325	2.047427316763896E7
326	2.0017492152342394E7
327	1.959108701704519E7
328	1.959108701704519E7
329	1.9221992020363927E7
330	1.833445877813605E7
331	1.8169598471723173E7
332	1.7971027329182275E7
333	1.7971027329182275E7
334	1.7971027329182275E7
335	1.7971027329182275E7
336	1.7971027329182275E7
337	1.743342426309956E7
338	1.743342426309956E7
339	1.728110534781387E7
340	1.7024155890348103E7
341	1.7024155890348103E7
342	1.7024155890348103E7
343	1.6887302303801488E7
344	1.6118926553598857E7
345	1.5975107559663204E7
346	1.5975107559663204E7
347	1.5951887401245352E7
348	1.5731501300303493E7
349	1.5705586433278779E7
350	1.5342932719553322E7
351	1.5325219956037717E7
352	1.5325219956037717E7
353	1.5325219956037717E7
354	1.5304083820878085E7
355	1.5304083820878085E7
356	1.5304083820878085E7
357	1.5304083820878085E7
358	1.5304083820878085E7
359	1.5238025534626039E7
360	1.4783569541576147E7
361	1.451964164713945E7
362	1.4388554003567506E7
363	1.4388554003567506E7
364	1.3996696960128862E7
365	1.3935564112233581E7
366	1.3694908078930838E7
367	1.3679021008330205E7
368	1.327367910288108E7
369	1.3244668420262542E7
370	1.3244668420262542E7
371	1.3244668420262542E7
372	1.3167032836375985E7
373	1.312200431564083E7
374	1.3020195831570512E7
375	1.300485962346806E7
376	1.300485962346806E7
377	1.2993787826053683E7
378	1.2987652553012937E7
379	1.2987652553012937E7
380	1.2987652553012937E7
381	1.2987652553012937E7
382	1.2979894540919824E7
383	1.2747426696344336E7
384	1.2685782701190313E7
385	1.2685782701190313E7
386	1.2673058231654E7
387	1.2673058231654E7
388	1.2673058231654E7
389	1.2673058231654E7
390	1.2422534976028018E7
391	1.2422534976028018E7
392	1.2422534976028018E7
393	1.2422534976028018E7
394	1.2418604476644458E7
395	1.2418604476644458E7
396	1.2418604476644458E7
397	1.2284697102691133E7
398	1.2273691590732604E7
399	1.1842948746433007E7
400	1.1842948746433007E7
401	1.1529154205954697E7
402	1.1468445465580322E7
403	1.1468445465580322E7
404	1.1468445465580322E7
405	1.1322497000646839E7
406	1.1322497000646839E7
407	1.1236740048670648E7
408	1.1236740048670648E7
409	1.1228190483466424E7
410	1.1228190483466424E7
411	1.1228190483466424E7
412	1.1228190483466424E7
413	1.1089011426154535E7
414	1.1086721697788006E7
415	1.1086721697788006E7
416	1.1086721697788006E7
417	1.1086721697788006E7
418	1.1086721697788006E7
419	1.0957274361759959E7
420	1.0957274361759959E7
421	1.0957274361759959E7
422	1.0953823825853914E7
423	1.0936196531545406E7
424	1.0936196531545406E7
425	1.0936196531545406E7
426	1.0771931047607673E7
427	1.0771931047607673E7
428	1.0771931047607673E7
429	1.0771931047607673E7
430	1.0620187874394454E7
431	1.0423071391331183E7
432	1.0423071391331183E7
433	1.0196926466048159E7
434	1.005659924043568E7
435	1.005659924043568E7
436	9903582.866592426
437	9686371.439453725
438	9686371.439453725
439	9665051.423458407
440	9483495.410861345
441	9476761.087546723
442	9476761.087546723
443	9476761.087546723
444	9476761.087546723
445	9476761.087546723
446	9476761.087546723
447	9476761.087546723
448	9363585.149442265
449	9285499.23485146
450	9285499.23485146
451	9285499.23485146
452	9270474.55883325
453	8928888.214770002
454	8928888.214770002
455	8928888.214770002
456	8850208.413701674
457	8850208.413701674
458	8850208.413701674
459	8850208.413701674
460	8765256.594899276
461	8765256.594899276
462	8765256.594899276
463	8765256.594899276
464	8765256.594899276
465	8765256.594899276
466	8765256.594899276
467	8765256.594899276
468	8575935.186700711
469	8575935.186700711
470	8575935.186700711
471	8575935.186700711
472	8185009.9983172845
473	8162231.367386558
474	8115944.821317912
475	8007520.766789313
476	8007520.766789313
477	8007520.766789313
478	8007520.766789313
479	8007520.766789313
480	8007520.766789313
481	8007520.766789313
482	8007520.766789313
483	7990094.468578818
484	7990094.468578818
485	7918581.759997609
486	7858752.3080613855
487	7836407.5706521785
488	7803080.649980829
489	7774139.519764493
490	7774139.519764493
491	7623220.892202796
492	7623220.892202796
493	7594235.208677889
494	7538172.138891967
495	7538172.138891967
496	7538172.138891967
497	7455865.171065122
498	7447227.4243371105
499	7397210.014428867
500	7397210.014428867
501	7397210.014428867
502	7397210.014428867
503	7276068.322099032
504	7276068.322099032
505	7239861.686346556
506	7239861.686346556
507	7205215.162532364
508	7009927.083375347
509	6958968.19531832
510	6958968.19531832
511	6933984.139061649
512	6933984.139061649
513	6933984.139061649
514	6825166.545810757
515	6728521.878559903
516	6728521.878559903
517	6630280.201531048
518	6619429.728566813
519	6359418.6063853
520	6265216.638106805
521	6265216.638106805
522	6205199.719925706
523	6203954.563418309
524	6115258.038334777
525	6115258.038334777
526	6102271.655070838
527	6102271.655070838
528	6102271.655070838
529	6102271.655070838
530	6044411.244501299
531	5739141.613946025
532	5607426.178062823
533	5607426.178062823
534	5500596.864782974
535	5477368.18040959
536	5477368.18040959
537	5477368.18040959
538	5397468.082507996
539	5397468.082507996
540	5306397.835048606
541	5306397.835048606
542	5306397.835048606
543	5278565.972289241
544	5278565.972289241
545	5278565.972289241
546	5278565.972289241
547	5278565.972289241
548	5278565.972289241
549	5278565.972289241
550	5278565.972289241
551	5209199.590582331
552	5090913.140590893
553	5090913.140590893
554	5087280.769162213
555	4968530.811844076
556	4968530.811844076
557	4890230.896514937
558	4890230.896514937
559	4890230.896514937
560	4890230.896514937
561	4890230.896514937
562	4890230.896514937
563	4890230.896514937
564	4890230.896514937
565	4890230.896514937
566	4890230.896514937
567	4744140.331209345
568	4585797.996454632
569	4476282.539180488
570	4452628.654814126
571	4422982.889314734
572	4422982.889314734
573	4271362.950048391
574	4158635.833059066
575	4158635.833059066
576	4085320.1302077975
577	4085320.1302077975
578	4041443.622598401
579	4041443.622598401
580	4041443.622598401
581	4027229.227075879
582	3930111.6780502643
583	3930111.6780502643
584	3930111.6780502643
585	3930111.6780502643
586	3930111.6780502643
587	3930111.6780502643
588	3930111.6780502643
589	3930111.6780502643
590	3923530.9515349693
591	3894685.3504761374
592	3894685.3504761374
593	3894685.3504761374
594	3894685.3504761374
595	3862912.0372760273
596	3694720.2770859096
597	3694720.2770859096
598	3694720.2770859096
599	3694720.2770859096
600	3675208.6999802785
601	3675208.6999802785
602	3493134.7245554784
603	3493134.7245554784
604	3438946.383552614
605	3438946.383552614
606	3405558.9741418804
607	3405558.9741418804
608	3405558.9741418804
609	3405558.9741418804
610	3353043.274952656
611	3333731.990305046
612	3255702.140377625
613	3205984.8805823517
614	3182133.96296774
615	3145633.8233793536
616	3134603.1213694094
617	3128264.3009773833
618	3118436.8475535745
619	3039654.1055097166
620	3039654.1055097166
621	3039654.1055097166
622	3005081.7230065716
623	2964693.4153157407
624	2964693.4153157407
625	2964693.4153157407
626	2964693.4153157407
627	2964693.4153157407
628	2964693.4153157407
629	2929326.2660394483
630	2929326.2660394483
631	2929326.2660394483
632	2929326.2660394483
633	2929326.2660394483
634	2929326.2660394483
635	2929326.2660394483
636	2907820.195757605
637	2900739.6903940137
638	2873467.533007319
639	2873467.533007319
640	2873467.533007319
641	2839077.320826904
642	2818789.1001431225
643	2818789.1001431225
644	2818789.1001431225
645	2790837.6310799913
646	2790837.6310799913
647	2790837.6310799913
648	2790837.6310799913
649	2758709.1961337933
650	2758709.1961337933
651	2758709.1961337933
652	2758709.1961337933
653	2729826.6122201104
654	2673115.652976931
655	2673115.652976931
656	2644650.8133947053
657	2644650.8133947053
658	2634588.584400793
659	2518915.638695209
660	2518915.638695209
661	2518915.638695209
662	2518915.638695209
663	2518915.638695209
664	2488969.3161181724
665	2476967.7385760206
666	2476967.7385760206
667	2409752.0142895114
668	2402674.903730738
669	2402674.903730738
670	2402674.903730738
671	2376471.210098733
672	2353633.791124581
673	2353633.791124581
674	2343684.0849580634
675	2321162.7686003987
676	2271272.6778406072
677	2271272.6778406072
678	2245943.436907179
679	2188574.265248336
680	2188574.265248336
681	2052957.6671633734
682	2029874.3365192947
683	1925426.0331027703
684	1925426.0331027703
685	1925426.0331027703
686	1925426.0331027703
687	1925426.0331027703
688	1910082.690988972
689	1906318.0538917005
690	1906318.0538917005
691	1857433.9702626981
692	1857433.9702626981
693	1857433.9702626981
694	1834235.989649955
695	1779093.2314841182
696	1779093.2314841182
697	1777123.5795235613
698	1771930.0549119771
699	1769105.671915098
700	1769105.671915098
701	1737205.2662860581
702	1710329.987942544
703	1665509.059043696
704	1665509.059043696
705	1665509.059043696
706	1620207.8290625045
707	1608147.4199435285
708	1547250.03228861
709	1547250.03228861
710	1547250.03228861
711	1547250.03228861
712	1547250.03228861
713	1547250.03228861
714	1511500.4297666918
715	1506235.600765702
716	1506235.600765702
717	1501584.383875425
718	1501584.383875425
719	1501584.383875425
720	1501584.383875425
721	1485781.270999314
722	1485781.270999314
723	1485781.270999314
724	1465240.7950978726
725	1465240.7950978726
726	1456253.3016111383
727	1456253.3016111383
728	1456253.3016111383
729	1456253.3016111383
730	1456253.3016111383
731	1456253.3016111383
732	1447810.7069598017
733	1447810.7069598017
734	1446342.7727394102
735	1432449.430011515
736	1432449.430011515
737	1429925.7533087195
738	1402486.9523795568
739	1400781.0783803863
740	1397189.2516447583
741	1397189.2516447583
742	1394584.0284141998
743	1394584.0284141998
744	1375439.5462192053
745	1375439.5462192053
746	1375439.5462192053
747	1375439.5462192053
748	1375439.5462192053
749	1346800.527294565
750	1346800.527294565
751	1342131.7744506784
752	1342131.7744506784
753	1341692.7848542952
754	1341692.7848542952
755	1324700.7104671362
756	1324700.7104671362
757	1324700.7104671362
758	1324700.7104671362
759	1324700.7104671362
760	1324700.7104671362
761	1324700.7104671362
762	1324700.7104671362
763	1324700.7104671362
764	1290350.9026403048
765	1285865.8981216715
766	1285865.8981216715
767	1272366.19407378
768	1272366.19407378
769	1272366.19407378
770	1272366.19407378
771	1272366.19407378
772	1270730.5104736236
773	1260458.710676789
774	1255516.567323599
775	1232073.6021842526
776	1224091.8976297602
777	1224091.8976297602
778	1211091.7276291745
779	1211091.7276291745
780	1183874.2313005738
781	1183874.2313005738
782	1174953.7981020103
783	1174953.7981020103
784	1174953.7981020103
785	1174953.7981020103
786	1158095.6123597412
787	1158095.6123597412
788	1154498.1031141132
789	1138966.7291160754
790	1109352.690897938
791	1109352.690897938
792	1103542.833524591
793	1103542.833524591
794	1103542.833524591
795	1103542.833524591
796	1103542.833524591
797	1093885.690295229
798	1093885.690295229
799	1093885.690295229
800	1093885.690295229
801	1089740.821659293
802	1061437.9642054155
803	1056777.4344347054
804	1050740.851941905
805	1043543.2262483533
806	1043543.2262483533
807	1043543.2262483533
808	1043543.2262483533
809	1040169.5939107317
810	1038354.1055911669
811	1038354.1055911669
812	1036941.4504157526
813	1036941.4504157526
814	1036941.4504157526
815	1036941.4504157526
816	1036941.4504157526
817	1031686.1946361635
818	1024898.3987526946
819	1013530.5972469354
820	1013530.5972469354
821	1013530.5972469354
822	995499.3114978541
823	995499.3114978541
824	974787.8237330045
825	974787.8237330045
826	964407.0854919738
827	964407.0854919738
828	964407.0854919738
829	963427.1463189151
830	951763.5949035854
831	951763.5949035854
832	948739.1693809776
833	948739.1693809776
834	948739.1693809776
835	908959.300446177
836	908959.300446177
837	903768.9956792705
838	896242.7031823801
839	896242.7031823801
840	886120.6081802855
841	886120.6081802855
842	873045.8193669855
843	873045.8193669855
844	863598.3558841725
845	849308.4524139556
846	834837.3668925393
847	834837.3668925393
848	834837.3668925393
849	834837.3668925393
850	834837.3668925393
851	830675.7459671993
852	827906.4542323657
853	798009.0333895364
854	798009.0333895364
855	798009.0333895364
856	798009.0333895364
857	798009.0333895364
858	774878.2237463327
859	774878.2237463327
860	774878.2237463327
861	762888.1961800565
862	762888.1961800565
863	756940.812036546
864	749100.4022720972
865	741615.5864897129
866	741615.5864897129
867	741615.5864897129
868	741615.5864897129
869	741615.5864897129
870	740513.7430055778
871	729027.600080863
872	664391.7350053389
873	664391.7350053389
874	658010.5166915178
875	658010.5166915178
876	653403.1377090255
877	653403.1377090255
878	648944.0973353456
879	648488.527128689
880	640508.3858174387
881	640508.3858174387
882	633067.5496108235
883	628188.5200541464
884	627693.5092640738
885	622216.3958882414
886	619793.2960416633
887	619793.2960416633
888	619793.2960416633
889	615659.7683616003
890	610689.7347354533
891	600833.4463073428
892	600833.4463073428
893	593345.1741622108
894	593345.1741622108
895	593345.1741622108
896	591996.9204834906
897	591996.9204834906
898	580532.1335038658
899	580532.1335038658
900	580532.1335038658
901	580532.1335038658
902	580532.1335038658
903	567683.2518446407
904	567683.2518446407
905	564992.4862367712
906	559391.8005232697
907	559391.8005232697
908	559335.9621431155
909	531745.1722244717
910	529118.2806838814
911	524014.62604904734
912	495989.36498119426
913	495989.36498119426
914	494129.85304478864
915	494129.85304478864
916	494129.85304478864
917	489466.4377797985
918	484157.9638473487
919	483623.9583480145
920	479305.33482581086
921	478055.5573599747
922	476153.2229526552
923	476153.2229526552
924	476153.2229526552
925	471217.64980954333
926	468031.9232143087
927	468031.9232143087
928	468031.9232143087
929	468031.9232143087
930	461869.95058050036
931	460188.8421976165
932	455851.4567812438
933	455851.4567812438
934	451050.6893342309
935	441676.81038244837
936	441676.81038244837
937	440608.2716808016
938	438419.37282687135
939	434866.17462041863
940	434866.17462041863
941	434866.17462041863
942	434866.17462041863
943	426395.3201240014
944	426395.3201240014
945	426395.3201240014
946	418219.0081382469
947	418219.0081382469
948	410793.31220869353
949	405118.7076775474
950	404580.27317350666
951	382701.45700647763
952	382701.45700647763
953	382701.45700647763
954	382701.45700647763
955	382701.45700647763
956	382701.45700647763
957	382701.45700647763
958	382701.45700647763
959	382701.45700647763
960	379399.96297052
961	375172.8218647315
962	358669.7383316223
963	358669.7383316223
964	358294.0799525547
965	354409.7457765617
966	354409.7457765617
967	350954.4934907128
968	350954.4934907128
969	350954.4934907128
970	350954.4934907128
971	350954.4934907128
972	344380.3118764684
973	344380.3118764684
974	344380.3118764684
975	344380.3118764684
976	344380.3118764684
977	344380.3118764684
978	344380.3118764684
979	344380.3118764684
980	344380.3118764684
981	344380.3118764684
982	344380.3118764684
983	344380.3118764684
984	343561.9871882528
985	343561.9871882528
986	339571.72578771395
987	332623.15346066194
988	332623.15346066194
989	331178.6883678467
990	331178.6883678467
991	327672.9140078919
992	327672.9140078919
993	321539.48604404024
994	318737.5648373963
995	318737.5648373963
996	318290.98666519456
997	318290.98666519456
998	307444.49365159345
999	307444.49365159345
1000	307444.49365159345
1001	307444.49365159345
1002	307444.49365159345
1003	302954.6922173625
1004	302954.6922173625
1005	292824.25872019265
1006	292824.25872019265
1007	289792.7162117762
1008	286936.80708138336
1009	285098.07087795413
1010	285098.07087795413
1011	285098.07087795413
1012	285098.07087795413
1013	285098.07087795413
1014	285098.07087795413
1015	285098.07087795413
1016	283482.29528901615
1017	283482.29528901615
1018	281451.98906966986
1019	265598.30610561295
1020	265501.02564311627
1021	264266.34411230095
1022	264266.34411230095
1023	263425.6723599094
1024	263425.6723599094
1025	260239.8750428103
1026	258970.79478259978
1027	258970.79478259978
1028	258441.29909618554
1029	258441.29909618554
1030	258441.29909618554
1031	258441.29909618554
1032	256663.35636304214
1033	256663.35636304214
1034	256583.97088477277
1035	250786.31583216222
1036	250786.31583216222
1037	250786.31583216222
1038	242222.69792894722
1039	242222.69792894722
1040	242222.69792894722
1041	234694.79159633152
1042	234694.79159633152
1043	234694.79159633152
1044	232406.10335031498
1045	232406.10335031498
1046	232406.10335031498
1047	232406.10335031498
1048	213214.41718074706
1049	211696.78763103727
1050	211696.78763103727
1051	209088.4038841411
1052	209088.4038841411
1053	209088.4038841411
1054	209088.4038841411
1055	209088.4038841411
1056	209088.4038841411
1057	209088.4038841411
1058	209088.4038841411
1059	206398.5206617179
1060	206398.5206617179
1061	206398.5206617179
1062	198749.67575591462
1063	198749.67575591462
1064	198749.67575591462
1065	187597.1248751027
1066	187597.1248751027
1067	187597.1248751027
1068	187597.1248751027
1069	186631.72052635302
1070	184105.6104240122
1071	184105.6104240122
1072	184105.6104240122
1073	182943.0064467401
1074	182943.0064467401
1075	182738.3503333504
1076	182397.39693377062
1077	181816.46726363947
1078	181816.46726363947
1079	181816.46726363947
1080	180484.8660267776
1081	180256.83008611438
1082	180256.83008611438
1083	180256.83008611438
1084	180256.83008611438
1085	179821.71682738513
1086	178711.82371927623
1087	178711.82371927623
1088	175616.43719632205
1089	175616.43719632205
1090	175616.43719632205
1091	174672.0181926736
1092	174128.99535564054
1093	174095.04576903203
1094	173376.52866631298
1095	171658.2246426694
1096	171658.2246426694
1097	171658.2246426694
1098	171658.2246426694
1099	171658.2246426694
1100	170786.57817852226
1101	170786.57817852226
1102	170786.57817852226
1103	170786.57817852226
1104	146717.50823006293
1105	146717.50823006293
1106	146290.77434417905
1107	142736.6439406863
1108	141587.89994848587
1109	141587.89994848587
1110	137418.0170995559
1111	134037.91800479984
1112	133101.21767034137
1113	130545.49317209651
1114	130545.49317209651
1115	130545.49317209651
1116	130545.49317209651
1117	128521.53582567653
1118	128521.53582567653
1119	125043.51172845734
1120	124085.36803671361
1121	123967.56388511645
1122	122739.1076211206
1123	122739.1076211206
1124	122739.1076211206
1125	118271.28069119612
1126	115519.72602696226
1127	115519.72602696226
1128	114897.33649468981
1129	114897.33649468981
1130	111993.21785180128
1131	108482.76564233526
1132	108482.76564233526
1133	107702.045929959
1134	107702.045929959
1135	104299.55527850143
1136	103440.38469529287
1137	103078.13620219576
1138	103037.01172351929
1139	103037.01172351929
1140	103037.01172351929
1141	103037.01172351929
1142	97362.33350096409
1143	97362.33350096409
1144	95256.52672174382
1145	95256.52672174382
1146	94708.33503909373
1147	94708.33503909373
1148	94708.33503909373
1149	93134.6427716974
1150	93134.6427716974
1151	92781.03708660525
1152	92395.92927086986
1153	90109.64534400344
1154	90109.64534400344
1155	90109.64534400344
1156	90109.64534400344
1157	90109.64534400344
1158	89792.50601954148
1159	89792.50601954148
1160	89792.50601954148
1161	89600.5271494561
1162	89367.520358848
1163	88833.17189073331
1164	88833.17189073331
1165	88833.17189073331
1166	88833.17189073331
1167	88833.17189073331
1168	88833.17189073331
1169	88266.9369546589
1170	85873.86687993696
1171	82676.12967878913
1172	82676.12967878913
1173	82514.52833735045
1174	82514.52833735045
1175	82514.52833735045
1176	82514.52833735045
1177	82384.11469989232
1178	81230.00083689521
1179	81230.00083689521
1180	81075.0463491113
1181	79252.49919986381
1182	79252.49919986381
1183	79088.98615913304
1184	78613.73442373872
1185	75242.21603818139
1186	75242.21603818139
1187	70917.07277272739
1188	70917.07277272739
1189	70516.40803332005
1190	70516.40803332005
1191	70081.003770028
1192	70081.003770028
1193	68975.38330250404
1194	68975.38330250404
1195	66022.87169177472
1196	66022.87169177472
1197	66022.87169177472
1198	66022.87169177472
1199	64516.74337082396
1200	64335.8343389542
1201	64335.8343389542
1202	63268.472804752426
1203	63268.472804752426
1204	63268.472804752426
1205	63268.472804752426
1206	63268.472804752426
1207	61465.16095278788
1208	61465.16095278788
1209	61296.860891984295
1210	61296.860891984295
1211	61296.860891984295
1212	60894.42867876844
1213	60894.42867876844
1214	60894.42867876844
1215	55702.39325013971
1216	55702.39325013971
1217	55702.39325013971
1218	54587.57956085768
1219	54587.57956085768
1220	54420.4803572736
1221	53049.63139805191
1222	53049.63139805191
1223	53049.63139805191
1224	52332.7913051017
1225	50799.92733749674
1226	50799.92733749674
1227	50799.92733749674
1228	50799.92733749674
1229	50756.07400911736
1230	50756.07400911736
1231	50588.37323958026
1232	49087.54132312394
1233	49087.54132312394
1234	49087.54132312394
1235	49087.54132312394
1236	48709.625027161295
1237	48709.625027161295
1238	48709.625027161295
1239	48709.625027161295
1240	48709.625027161295
1241	48709.625027161295
1242	48709.625027161295
1243	47740.583134385226
1244	47740.583134385226
1245	47740.583134385226
1246	46793.99266911612
1247	46048.16077058551
1248	46048.16077058551
1249	46048.16077058551
1250	46048.16077058551
1251	46048.16077058551
1252	46048.16077058551
1253	46048.16077058551
1254	41150.63025705505
1255	41150.63025705505
1256	40556.58073998796
1257	40556.58073998796
1258	39592.699866259114
1259	39592.699866259114
1260	39592.699866259114
1261	39592.699866259114
1262	39539.81785986645
1263	39539.81785986645
1264	39539.81785986645
1265	39477.08305928496
1266	39477.08305928496
1267	39238.22296675071
1268	37202.797574705284
1269	37202.797574705284
1270	37202.797574705284
1271	36437.943805676405
1272	36305.6880796802
1273	36305.6880796802
1274	36237.77043636464
1275	36237.77043636464
1276	36237.77043636464
1277	36237.77043636464
1278	35843.80020498184
1279	35843.80020498184
1280	35843.80020498184
1281	35756.86446090752
1282	35637.06984742514
1283	35637.06984742514
1284	35637.06984742514
1285	35058.82996752202
1286	35058.82996752202
1287	35058.82996752202
1288	33891.21720208815
1289	33891.21720208815
1290	33581.18619672319
1291	33581.18619672319
1292	33581.18619672319
1293	31452.751182638734
1294	31452.751182638734
1295	31218.310428172634
1296	30691.98160372931
1297	30691.98160372931
1298	30691.98160372931
1299	30691.98160372931
1300	30691.98160372931
1301	30691.98160372931
1302	30691.98160372931
1303	30691.98160372931
1304	30691.98160372931
1305	30226.79085954848
1306	30226.79085954848
1307	30014.345557828517
1308	29953.978757380817
1309	29559.555614503723
1310	29222.703085289137
1311	28649.232525047806
1312	26488.423862743875
1313	26488.423862743875
1314	26488.423862743875
1315	26488.423862743875
1316	25226.27129729581
1317	25226.27129729581
1318	25226.27129729581
1319	25072.58669876324
1320	25072.58669876324
1321	25072.58669876324
1322	25072.58669876324
1323	25072.58669876324
1324	25072.58669876324
1325	25072.58669876324
1326	24629.474622470283
1327	24629.474622470283
1328	24629.474622470283
1329	24629.474622470283
1330	24629.474622470283
1331	24629.474622470283
1332	24629.474622470283
1333	24548.953369788615
1334	24124.200399245878
1335	24124.200399245878
1336	23890.05035979381
1337	23890.05035979381
1338	23713.984933971038
1339	23713.984933971038
1340	23713.984933971038
1341	23713.984933971038
1342	23713.984933971038
1343	23713.984933971038
1344	23713.984933971038
1345	23713.984933971038
1346	23636.448087836117
1347	22453.603670858312
1348	22453.603670858312
1349	21632.994556021215
1350	21632.994556021215
1351	21632.994556021215
1352	21632.994556021215
1353	21632.994556021215
1354	21632.994556021215
1355	21495.170545155357
1356	21495.170545155357
1357	21495.170545155357
1358	21195.186380558785
1359	21195.186380558785
1360	21015.528839506806
1361	21015.528839506806
1362	19636.409324366283
1363	18140.0108018292
1364	18140.0108018292
1365	18140.0108018292
1366	17995.22134766966
1367	17995.22134766966
1368	17995.22134766966
1369	17906.510630538873
1370	17906.510630538873
1371	17906.510630538873
1372	17906.510630538873
1373	17790.30448340132
1374	17648.15773525569
1375	17496.508077256283
1376	17496.508077256283
1377	17496.508077256283
1378	17496.508077256283
1379	17431.404298861242
1380	17431.404298861242
1381	17412.819278116058
1382	17412.819278116058
1383	17412.819278116058
1384	16757.694476854358
1385	16757.694476854358
1386	16757.694476854358
1387	16757.694476854358
1388	16757.694476854358
1389	16757.694476854358
1390	15648.236371921284
1391	15648.236371921284
1392	15648.236371921284
1393	15648.236371921284
1394	15511.264297552885
1395	14557.829995488251
1396	14557.829995488251
1397	14557.829995488251
1398	14557.829995488251
1399	14541.955971087325
1400	14541.955971087325
1401	14159.363333716461
1402	14088.391144734784
1403	14070.344221193638
1404	13371.606551099638
1405	13371.606551099638
1406	13371.606551099638
1407	13371.606551099638
1408	13230.749323613998
1409	13100.424049674326
1410	12974.901976017087
1411	12974.901976017087
1412	12974.901976017087
1413	12862.658203834839
1414	12629.770387873163
1415	12629.770387873163
1416	12601.565398573728
1417	12601.565398573728
1418	12601.565398573728
1419	12591.468574400795
1420	12478.89340469026
1421	12355.667195992603
1422	12355.667195992603
1423	12355.667195992603
1424	12355.667195992603
1425	12355.667195992603
1426	12355.667195992603
1427	12355.667195992603
1428	11859.822419026827
1429	11045.256751261504
1430	10704.100487440253
1431	10704.100487440253
1432	10641.849508241014
1433	10596.965353232627
1434	10501.27828139115
1435	10501.27828139115
1436	9851.602172220542
1437	9851.602172220542
1438	9827.711468199552
1439	9827.711468199552
1440	9661.223158497904
1441	9661.223158497904
1442	9661.223158497904
1443	9573.719455254517
1444	9573.719455254517
1445	9424.931789584663
1446	9424.931789584663
1447	9424.931789584663
1448	9424.931789584663
1449	9292.624303324767
1450	9292.624303324767
1451	9292.624303324767
1452	9277.053045063196
1453	9277.053045063196
1454	9277.053045063196
1455	9277.053045063196
1456	9201.702095871015
1457	9201.702095871015
1458	9201.702095871015
1459	9062.871300773268
1460	9050.906688102532
1461	9050.906688102532
1462	9050.906688102532
1463	9050.906688102532
1464	9050.906688102532
1465	9050.906688102532
1466	9050.906688102532
1467	9050.906688102532
1468	9050.906688102532
1469	7492.143591515211
1470	7492.143591515211
1471	7492.143591515211
1472	7492.143591515211
1473	7492.143591515211
1474	7492.143591515211
1475	7492.143591515211
1476	6519.500513736054
1477	6519.500513736054
1478	6519.500513736054
1479	6469.377036772915
1480	6469.377036772915
1481	6469.377036772915
1482	6469.377036772915
1483	6469.377036772915
1484	6469.377036772915
1485	6469.377036772915
1486	6168.690415627842
1487	5573.989253410363
1488	5455.7635973683755
1489	5352.397818072553
1490	5352.397818072553
1491	5352.181789342261
1492	3915.3991508895774
1493	3915.3991508895774
1494	3915.3991508895774
1495	3838.3080792224237
1496	3838.3080792224237
1497	3532.960480820633
1498	3532.960480820633
1499	3478.75468867078
1500	3394.1961175395077
1501	3394.1961175395077
1502	3390.6089769250916
1503	3390.6089769250916
1504	3390.6089769250916
1505	3390.6089769250916
1506	3390.6089769250916
1507	3362.795860730162
1508	3321.0112747212743
1509	3321.0112747212743
1510	3321.0112747212743
1511	3321.0112747212743
1512	3321.0112747212743
1513	3321.0112747212743
1514	3321.0112747212743
1515	3321.0112747212743
1516	3321.0112747212743
1517	3321.0112747212743
1518	3321.0112747212743
1519	3321.0112747212743
1520	3321.0112747212743
1521	3321.0112747212743
1522	3321.0112747212743
1523	3321.0112747212743
1524	3321.0112747212743
1525	3321.0112747212743
1526	3321.0112747212743
1527	3307.3718134702835
1528	3307.3718134702835
1529	3307.3718134702835
1530	3307.3718134702835
1531	3291.5520549246985
1532	3284.3266933637033
1533	3168.4778154924056
1534	3168.4778154924056
1535	3168.4778154924056
1536	3133.891103156451
1537	3133.891103156451
1538	3133.891103156451
1539	3130.0645422611938
1540	3125.701321157691
1541	3038.6586856153135
1542	3038.6586856153135
1543	3038.6586856153135
1544	3038.6586856153135
1545	3018.062703077202
1546	3007.6754439967394
1547	3007.6754439967394
1548	2952.3240533486774
1549	2942.588845898655
1550	2942.588845898655
1551	2936.871895227395
1552	2936.871895227395
1553	2936.871895227395
1554	2936.871895227395
1555	2894.140935718622
1556	2868.466539861683
1557	2669.047078457062
1558	2640.8955911047537
1559	2503.5195075906495
1560	2503.5195075906495
1561	2503.5195075906495
1562	2503.5195075906495
1563	2463.776245574372
1564	2463.776245574372
1565	2429.418865185485
1566	2404.1533682990216
1567	2383.8911310905796
1568	2383.8911310905796
1569	2383.8911310905796
1570	2277.2204183116905
1571	2277.2204183116905
1572	2277.2204183116905
1573	2277.2204183116905
1574	2275.9295399026323
1575	2275.9295399026323
1576	2275.9295399026323
1577	2275.9295399026323
1578	2275.9295399026323
1579	2275.9295399026323
1580	2270.9865728311347
1581	2263.7399925612117
1582	2263.7399925612117
1583	2263.7399925612117
1584	2234.861305559416
1585	2234.861305559416
1586	2224.986352780058
1587	2224.986352780058
1588	2224.986352780058
1589	2224.986352780058
1590	2224.986352780058
1591	2005.0538532966661
1592	1998.1492971778296
1593	1998.1492971778296
1594	1998.1492971778296
1595	1998.1492971778296
1596	1993.5573416557174
1597	1690.206687767367
1598	1690.206687767367
1599	1690.206687767367
1600	1686.0687881922881
1601	1686.0687881922881
1602	1686.0687881922881
1603	1685.2648391803627
1604	1680.87147657733
1605	1657.057860424264
1606	1657.057860424264
1607	1657.057860424264
1608	1657.057860424264
1609	1657.057860424264
1610	1647.9246513259316
1611	1647.9246513259316
1612	1628.8354989337806
1613	1628.8354989337806
1614	1628.8354989337806
1615	1628.8354989337806
1616	1590.9823233110185
1617	1590.9823233110185
1618	1584.9036622349201
1619	1584.9036622349201
1620	1584.9036622349201
1621	1584.9036622349201
1622	1209.576229514765
1623	1209.576229514765
1624	1194.1081895549935
1625	1194.1081895549935
1626	1178.2186382454395
1627	1174.393754232943
1628	1174.393754232943
1629	1174.393754232943
1630	1160.7653539427888
1631	1160.7653539427888
1632	1160.7653539427888
1633	1106.981780298559
1634	1106.981780298559
1635	1106.981780298559
1636	1106.981780298559
1637	1106.279945051772
1638	1106.279945051772
1639	1103.8867088102772
1640	1103.8867088102772
1641	1103.8867088102772
1642	1103.8867088102772
1643	1072.8919856496982
1644	1051.4643055166657
1645	1051.4643055166657
1646	1050.9701734523132
1647	1050.9701734523132
1648	1050.9701734523132
1649	1050.9701734523132
1650	1050.9701734523132
1651	1050.9701734523132
1652	1050.9701734523132
1653	1050.9701734523132
1654	1050.9701734523132
1655	1050.9701734523132
1656	1050.9701734523132
1657	1050.9701734523132
1658	1050.9701734523132
1659	1050.9701734523132
1660	1050.9701734523132
1661	1050.9701734523132
1662	1050.9701734523132
1663	1050.9701734523132
1664	1050.9701734523132
1665	1050.9701734523132
1666	1050.9701734523132
1667	1050.9701734523132
1668	1050.9701734523132
1669	1050.9701734523132
1670	1045.028328877096
1671	1045.028328877096
1672	1045.028328877096
1673	1006.8100352058935
1674	1006.8100352058935
1675	1006.8100352058935
1676	1006.8100352058935
1677	1006.8100352058935
1678	996.5722152676436
1679	996.5722152676436
1680	996.5722152676436
1681	995.9951633859569
1682	995.9951633859569
1683	995.9951633859569
1684	467.06452717054714
1685	467.06452717054714
1686	467.06452717054714
1687	459.2542317539359
1688	448.3872085384768
1689	448.3872085384768
1690	422.4864685878067
1691	422.4864685878067
1692	422.4864685878067
1693	422.4864685878067
1694	422.4864685878067
1695	421.79903707513216
1696	421.79903707513216
1697	421.79903707513216
1698	421.79903707513216
1699	421.79903707513216
1700	421.79903707513216
1701	421.79903707513216
1702	394.9109153016056
1703	394.9109153016056
1704	394.9109153016056
1705	394.9109153016056
1706	394.9109153016056
1707	394.9109153016056
1708	394.8592181856695
1709	394.65758633153825
1710	394.65758633153825
1711	394.65758633153825
1712	394.65758633153825
1713	394.65758633153825
1714	394.65758633153825
1715	394.65758633153825
1716	394.65758633153825
1717	394.65758633153825
1718	394.65758633153825
1719	388.02356885241176
1720	388.02356885241176
1721	388.02356885241176
1722	388.02356885241176
1723	388.02356885241176
1724	388.02356885241176
1725	388.02356885241176
1726	388.02356885241176
1727	347.9868238671252
1728	347.9868238671252
1729	347.9868238671252
1730	347.9868238671252
1731	347.9868238671252
1732	347.9868238671252
1733	336.695878490768
1734	334.4772821147932
1735	333.44472656143154
1736	333.44472656143154
1737	333.44472656143154
1738	333.44472656143154
1739	333.44472656143154
1740	313.4330825422795
1741	313.4330825422795
1742	313.4330825422795
1743	313.4330825422795
1744	313.4330825422795
1745	313.4330825422795
1746	313.4330825422795
1747	313.4330825422795
1748	313.4330825422795
1749	313.4330825422795
1750	313.4330825422795
1751	313.4330825422795
1752	312.4968980125802
1753	312.4968980125802
1754	312.4968980125802
1755	218.61183539325387
1756	218.61183539325387
1757	218.61183539325387
1758	218.61183539325387
1759	218.61183539325387
1760	218.61183539325387
1761	218.61183539325387
1762	217.3824096658552
1763	217.37260661471814
1764	217.37260661471814
1765	217.37260661471814
1766	217.37260661471814
1767	217.37260661471814
1768	217.37260661471814
1769	217.37260661471814
1770	217.37260661471814
1771	217.37260661471814
1772	217.37260661471814
1773	217.37260661471814
1774	217.37260661471814
1775	217.37260661471814
1776	213.9921729915799
1777	212.96390802556323
1778	212.96390802556323
1779	209.7589649422084
1780	209.7589649422084
1781	207.22574627414485
1782	205.62694554311295
1783	205.62678864769413
1784	205.62678864769413
1785	205.62678864769413
1786	204.46739849937006
1787	204.46739849937006
1788	204.46739849937006
1789	204.46739849937006
1790	204.46739849937006
1791	204.46739849937006
1792	204.46739849937006
1793	204.4582547640965
1794	204.4582547640965
1795	204.4582547640965
1796	204.4582547640965
1797	204.4582547640965
1798	204.4582547640965
1799	204.4582547640965
1800	204.4582547640965
1801	185.50475402914117
1802	185.50475402914117
1803	184.31788001367678
1804	184.22737207792383
1805	183.8805749844595
1806	183.8805749844595
1807	183.7410642821099
1808	183.7410642821099
1809	183.6148130887355
1810	169.8447045580146
1811	169.8447045580146
1812	169.8447045580146
1813	169.8447045580146
1814	169.8447045580146
1815	169.8447045580146
1816	169.40491285763963
1817	169.27010204713778
1818	167.44215137462936
1819	155.7247830372667
1820	155.7247830372667
1821	155.7247830372667
1822	155.7247830372667
1823	155.7247830372667
1824	155.7247830372667
1825	155.7247830372667
1826	151.96783465953303
1827	151.96783465953303
1828	151.96783465953303
1829	151.96783465953303
1830	151.96783465953303
1831	151.96783465953303
1832	141.20981037427958
1833	141.20981037427958
1834	141.20981037427958
1835	141.20981037427958
1836	141.20981037427958
1837	141.20981037427958
1838	141.20981037427958
1839	141.20981037427958
1840	132.42175250372125
1841	132.42175250372125
1842	132.42175250372125
1843	132.42175250372125
1844	132.42175250372125
1845	132.42175250372125
1846	132.42175250372125
1847	132.42175250372125
1848	132.42175250372125
1849	132.42175250372125
1850	132.42175250372125
1851	124.44294918649089
1852	124.44294918649089
1853	124.44294918649089
1854	124.44294918649089
1855	124.44294918649089
1856	124.44294918649089
1857	124.44294918649089
1858	124.09739198169554
1859	124.09739198169554
1860	124.09739198169554
1861	122.02273373113327
1862	122.02273373113327
1863	122.02273373113327
1864	121.81751741773677
1865	117.81034667203069
1866	117.81034667203069
1867	117.81034667203069
1868	117.81034667203069
1869	117.81034667203069
1870	117.81034667203069
1871	117.81034667203069
1872	117.81034667203069
1873	117.30319917139029
1874	117.30319917139029
1875	117.30319917139029
1876	117.30319917139029
1877	117.30319917139029
1878	117.30319917139029
1879	117.30319917139029
1880	117.30319917139029
1881	117.30319917139029
1882	117.30319917139029
1883	117.30319917139029
1884	117.30319917139029
1885	117.30319917139029
1886	117.12365371890965
1887	117.12365371890965
1888	117.12365371890965
1889	117.12365371890965
1890	117.12365371890965
1891	116.94895479063317
1892	116.94895479063317
1893	87.95670391670642
1894	87.95670391670642
1895	87.95670391670642
1896	87.95670391670642
1897	87.95670391670642
1898	87.95670391670642
1899	87.95670391670642
1900	87.95670391670642
1901	87.91370790138458
1902	87.91370790138458
1903	87.91370790138458
1904	87.91370790138458
1905	87.91370790138458
1906	87.56494989951436
1907	87.56494989951436
1908	87.56494989951436
1909	87.56494989951436
1910	87.56494989951436
1911	87.56494989951436
1912	87.56494989951436
1913	87.56494989951436
1914	87.44560073336403
1915	87.44560073336403
1916	87.44560073336403
1917	87.08681718684487
1918	86.35427263412171
1919	85.86445179173167
1920	85.86445179173167
1921	82.63667960284222
1922	82.63667960284222
1923	82.63667960284222
1924	82.50193487280288
1925	82.50193487280288
1926	82.50193487280288
1927	82.50193487280288
1928	82.50193487280288
1929	82.50193487280288
1930	82.25790560982779
1931	82.25790560982779
1932	82.25790560982779
1933	82.25790560982779
1934	82.24373880871684
1935	82.24373880871684
1936	82.24373880871684
1937	82.22470670813654
1938	82.22470670813654
1939	81.0620173779051
1940	81.0620173779051
1941	81.0620173779051
1942	80.92528225659971
1943	80.92528225659971
1944	56.74640329640218
1945	56.44840350511888
1946	56.44840350511888
1947	56.44840350511888
1948	55.94753268083166
1949	55.87240585077406
1950	55.87240585077406
1951	55.87240585077406
1952	55.39233709638973
1953	55.39233709638973
1954	55.376908763026236
1955	53.72213244383737
1956	53.72213244383737
1957	53.72213244383737
1958	53.70710319623739
1959	53.70710319623739
1960	53.70710319623739
1961	53.70710319623739
1962	53.70710319623739
1963	53.70710319623739
1964	53.70710319623739
1965	53.70710319623739
1966	52.6328434342282
1967	52.39612936134821
1968	52.0158250627293
1969	52.0158250627293
1970	52.0158250627293
1971	51.70819027482691
1972	50.96638484093707
1973	50.96638484093707
1974	50.96638484093707
1975	50.96638484093707
1976	50.96638484093707
1977	50.96638484093707
1978	47.697066453277806
1979	47.697066453277806
1980	45.23394837475469
1981	44.40621100315864
1982	37.9375258700549
1983	37.9375258700549
1984	37.9375258700549
1985	37.9375258700549
1986	37.9375258700549
1987	37.9375258700549
1988	37.9375258700549
1989	37.9375258700549
1990	37.9375258700549
1991	37.9375258700549
1992	37.9375258700549
1993	37.9375258700549
1994	37.9375258700549
1995	37.9375258700549
1996	37.57457002186609
1997	36.70547912778799
1998	36.70547912778799
1999	36.70547912778799
2000	36.70547912778799
2001	36.68826673861065
2002	36.68826673861065
2003	36.12408782932549
2004	36.12408782932549
2005	36.12408782932549
2006	36.12408782932549
2007	36.05052697907856
2008	36.05052697907856
2009	36.05052697907856
2010	36.05052697907856
2011	36.05052697907856
2012	36.05052697907856
2013	36.05052697907856
2014	35.9719204470185
2015	35.9719204470185
2016	35.9719204470185
2017	35.79513629875411
2018	35.754381111877926
2019	35.754381111877926
2020	35.754381111877926
2021	35.754381111877926
2022	35.70968767250691
2023	35.461547662957166
2024	35.461547662957166
2025	35.14452807305397
2026	35.14452807305397
2027	35.14452807305397
2028	35.14452807305397
2029	35.082637580206374
2030	35.082637580206374
2031	35.082637580206374
2032	32.22255559138035
2033	32.09378736108686
2034	31.846826521064145
2035	31.846826521064145
2036	31.846826521064145
2037	31.846826521064145
2038	31.846826521064145
2039	31.846826521064145
2040	31.846826521064145
2041	31.846826521064145
2042	31.846826521064145
2043	31.80080738465584
2044	31.80080738465584
2045	31.80080738465584
2046	31.80080738465584
2047	31.80080738465584
2048	31.80080738465584
2049	31.639604873001797
2050	31.639604873001797
2051	31.639604873001797
2052	31.507851090747053
2053	31.029024435159652
2054	30.76715127240909
2055	30.76715127240909
2056	30.76715127240909
2057	30.76715127240909
2058	30.492162574013356
2059	30.492162574013356
2060	30.492162574013356
2061	30.492162574013356
2062	30.320263140346572
2063	30.320263140346572
2064	30.320263140346572
2065	30.320263140346572
2066	30.320263140346572
2067	30.320263140346572
2068	30.320263140346572
2069	28.008078143183987
2070	28.008078143183987
2071	28.008078143183987
2072	28.008078143183987
2073	27.70044001236506
2074	27.70044001236506
2075	27.70044001236506
2076	27.70044001236506
2077	27.70044001236506
2078	27.700387528225615
2079	27.700387528225615
2080	27.700387528225615
2081	27.700387528225615
2082	27.700387528225615
2083	27.700387528225615
2084	27.700387528225615
2085	27.531369895202754
2086	27.531369895202754
2087	27.531369895202754
2088	27.531369895202754
2089	27.531369895202754
2090	27.465243854844633
2091	27.465243854844633
2092	27.465243854844633
2093	27.418355493712834
2094	27.418355493712834
2095	27.418355493712834
2096	27.249274502232577
2097	27.249274502232577
2098	27.249274502232577
2099	27.249274502232577
2100	27.249274502232577
2101	27.249274502232577
2102	27.249274502232577
2103	27.194158576232663
2104	27.194158576232663
2105	27.194158576232663
2106	27.194158576232663
2107	27.194158576232663
2108	27.194158576232663
2109	27.194158576232663
2110	26.889215701286886
2111	26.889215701286886
2112	26.61302245791421
2113	26.61302245791421
2114	26.61302245791421
2115	26.61302245791421
2116	26.55366184436167
2117	26.55366184436167
2118	26.55366184436167
2119	26.55366184436167
2120	26.55366184436167
2121	26.412255632797347
2122	26.412255632797347
2123	26.412255632797347
2124	26.412255632797347
2125	26.412255632797347
2126	26.412255632797347
2127	26.412255632797347
2128	26.412255632797347
2129	26.20977111583812
2130	26.20977111583812
2131	26.20977111583812
2132	26.20977111583812
2133	26.20977111583812
2134	26.20977111583812
2135	26.20977111583812
2136	26.20977111583812
2137	26.20977111583812
2138	26.119542133529688
2139	26.119542133529688
2140	26.119542133529688
2141	26.119542133529688
2142	26.119542133529688
2143	26.119542133529688
2144	26.119542133529688
2145	25.957478100546535
2146	25.957478100546535
2147	25.957478100546535
2148	25.957478100546535
2149	25.957478100546535
2150	25.844376066596507
2151	25.844376066596507
2152	25.844376066596507
2153	25.844376066596507
2154	25.844376066596507
2155	25.844376066596507
2156	25.84402783920265
2157	25.84402783920265
2158	25.84402783920265
2159	25.84402783920265
2160	25.84402783920265
2161	25.84402783920265
2162	25.84402783920265
2163	25.84402783920265
2164	25.817105467581175
2165	25.817105467581175
2166	25.817105467581175
2167	25.817105467581175
2168	25.132692442714056
2169	25.132692442714056
2170	25.079249394194928
2171	25.079249394194928
2172	24.857953732144754
2173	24.808618019856
2174	24.808618019856
2175	24.808618019856
2176	24.687439714199154
2177	24.687439714199154
2178	24.687439714199154
2179	24.687439714199154
2180	24.687439714199154
2181	24.687439714199154
2182	24.687439714199154
2183	24.687439714199154
2184	24.687439714199154
2185	24.57176420321939
2186	24.57176420321939
2187	24.57176420321939
2188	24.57176420321939
2189	24.57176420321939
2190	24.57176420321939
2191	24.57176420321939
2192	24.500413896815143
2193	24.500413896815143
2194	24.500413896815143
2195	24.500413896815143
2196	24.46426393650515
2197	24.29164680823475
2198	24.285174664445034
2199	24.285174664445034
2200	24.285174664445034
2201	24.285174664445034
2202	24.254674993571754
2203	24.254674993571754
2204	24.254674993571754
2205	24.254674993571754
2206	24.239265373479142
2207	24.239265373479142
2208	24.22126094019139
2209	24.21867748458441
2210	24.21867748458441
2211	24.086356631823456
2212	24.086356631823456
2213	24.086356631823456
2214	24.086356631823456
2215	24.082389040162873
2216	24.082389040162873
2217	24.04598625910101
2218	24.04598625910101
2219	23.91260057505923
2220	23.907840342416513
2221	23.821222809124933
2222	23.821222809124933
2223	23.610177067396148
2224	23.610177067396148
2225	23.610177067396148
2226	23.393226978909574
2227	23.393226978909574
2228	23.393226978909574
2229	23.393226978909574
2230	23.342098208646586
2231	23.33805229390564
2232	23.2931759025173
2233	23.2931759025173
2234	23.2931759025173
2235	23.2931759025173
2236	23.2931759025173
2237	23.2931759025173
2238	23.2931759025173
2239	23.2931759025173
2240	23.2931759025173
2241	23.2931759025173
2242	23.2931759025173
2243	23.2931759025173
2244	23.234440508261102
2245	23.234440508261102
2246	23.234440508261102
2247	23.05461867151427
2248	22.94601542594355
2249	22.94601542594355
2250	22.622921739540306
2251	22.547513314817984
2252	22.547513314817984
2253	22.547513314817984
2254	22.547513314817984
2255	22.547513314817984
2256	22.547513314817984
2257	22.547513314817984
2258	22.547513314817984
2259	22.547513314817984
2260	22.49048348540691
2261	22.49048348540691
2262	22.49048348540691
2263	22.4030033675627
2264	22.4030033675627
2265	22.365803493714775
2266	22.365803493714775
2267	22.365803493714775
2268	22.365803493714775
2269	22.36524124664389
2270	22.36524124664389
2271	22.18602325162884
2272	22.18602325162884
2273	22.18602325162884
2274	22.181470612657826
2275	22.087001961059027
2276	22.087001961059027
2277	22.087001961059027
2278	21.88499256552107
2279	21.435515097532832
2280	21.435515097532832
2281	21.435515097532832
2282	21.26989836880428
2283	21.26989836880428
2284	21.26989836880428
2285	21.233970741859434
2286	21.233970741859434
2287	21.233970741859434
2288	21.233970741859434
2289	21.233970741859434
2290	21.233970741859434
2291	21.233970741859434
2292	21.233970741859434
2293	21.233970741859434
2294	21.20707372695929
2295	21.20707372695929
2296	21.20707372695929
2297	20.826110775817067
2298	20.826110775817067
2299	20.811311529387748
2300	20.811311529387748
2301	20.648424754121468
2302	20.607768772514703
2303	20.607768772514703
2304	20.607768772514703
2305	20.391828640056552
2306	20.08534468544211
2307	20.08534468544211
2308	20.023505702829684
2309	19.705732154987782
2310	19.57084047453516
2311	19.57084047453516
2312	19.57084047453516
2313	19.57084047453516
2314	19.57084047453516
2315	19.57084047453516
2316	19.57084047453516
2317	19.57084047453516
2318	19.57084047453516
2319	19.463114464142443
2320	19.463114464142443
2321	19.463114464142443
2322	19.463114464142443
2323	19.455416410871255
2324	19.455416410871255
2325	19.455416410871255
2326	19.290199602777527
2327	19.155898503477335
2328	19.155898503477335
2329	19.12332365982888
2330	19.029416278254498
2331	19.029416278254498
2332	19.029416278254498
2333	19.029416278254498
2334	19.029416278254498
2335	19.029416278254498
2336	19.029416278254498
2337	19.029416278254498
2338	18.959069168069277
2339	18.959069168069277
2340	18.959069168069277
2341	18.959069168069277
2342	18.959069168069277
2343	18.88960010201072
2344	18.88960010201072
2345	18.878467942899004
2346	18.878467942899004
2347	18.878467942899004
2348	18.738213324535867
2349	18.738213324535867
2350	18.703339610810612
2351	18.59827416409621
2352	18.56694777437377
2353	18.56694777437377
2354	18.56694777437377
2355	18.56694777437377
2356	18.56694777437377
2357	18.56694777437377
2358	18.56694777437377
2359	18.555295051009896
2360	18.555295051009896
2361	18.555295051009896
2362	18.555295051009896
2363	18.555295051009896
2364	18.555295051009896
2365	18.555295051009896
2366	18.51328112048984
2367	18.51328112048984
2368	18.51328112048984
2369	18.42624332999878
2370	18.42624332999878
2371	18.368137190652757
2372	18.368137190652757
2373	18.368137190652757
2374	18.368137190652757
2375	18.368137190652757
2376	18.368137190652757
2377	18.368137190652757
2378	18.368137190652757
2379	18.368137190652757
2380	18.315212755285483
2381	18.311435370477188
2382	18.2589931086399
2383	18.2589931086399
2384	18.23358393258347
2385	18.183878385981266
2386	18.183878385981266
2387	18.183878385981266
2388	18.183878385981266
2389	18.076217906921112
2390	18.035200443282015
2391	17.90711890275812
2392	17.815855627847977
2393	17.815855627847977
2394	17.761565042736613
2395	17.761565042736613
2396	17.761565042736613
2397	17.643296672916904
2398	17.643296672916904
2399	17.5824203958879
2400	17.5824203958879
2401	17.57930413567941
2402	17.459918341747265
2403	17.459918341747265
2404	17.459918341747265
2405	17.459918341747265
2406	17.459918341747265
2407	17.459918341747265
2408	17.459918341747265
2409	17.347271055427687
2410	17.347271055427687
2411	17.347271055427687
2412	17.347271055427687
2413	17.347271055427687
2414	17.31115467788873
2415	17.31115467788873
2416	17.14954693471504
2417	17.14954693471504
2418	17.14954693471504
2419	17.14954693471504
2420	17.127318126935148
2421	17.127318126935148
2422	17.097189293994614
2423	17.096341459864615
2424	17.00324393781634
2425	17.00324393781634
2426	17.00324393781634
2427	16.997787607389533
2428	16.950024891661798
2429	16.950024891661798
2430	16.91657973494122
2431	16.913185304631728
2432	16.85070754447487
2433	16.69532165549485
2434	16.69532165549485
2435	16.65044680781515
2436	16.63067114007908
2437	16.63067114007908
2438	16.63067114007908
2439	16.625403340219318
2440	16.62143295319753
2441	16.419289663602573
2442	16.322863902370436
2443	16.322863902370436
2444	16.322863902370436
2445	16.28828674222179
2446	16.28828674222179
2447	16.28828674222179
2448	16.28828674222179
2449	16.179456633029623
2450	16.179456633029623
2451	16.179456633029623
2452	16.071011819686913
2453	16.071011819686913
2454	16.071011819686913
2455	16.040112143874435
2456	16.040112143874435
2457	15.923681039084709
2458	15.878951325167709
2459	15.878951325167709
2460	15.878951325167709
2461	15.843582658811005
2462	15.843582658811005
2463	15.843582658811005
2464	15.606002309991851
2465	15.606002309991851
2466	15.606002309991851
2467	15.570419917378008
2468	15.50240111990223
2469	15.50240111990223
2470	15.50240111990223
2471	15.472068661907286
2472	15.472068661907286
2473	15.472068661907286
2474	15.391013167469675
2475	15.391013167469675
2476	15.328918590412535
2477	15.299002174048768
2478	15.202573908407873
2479	15.202573908407873
2480	15.18649045173644
2481	15.172378732869616
2482	15.172378732869616
2483	15.172378732869616
2484	15.172378732869616
2485	15.136815642350365
2486	15.136815642350365
2487	15.136815642350365
2488	15.136815642350365
2489	15.103794198270402
2490	15.03152288617475
2491	15.03152288617475
2492	14.896097608770395
2493	14.770603411267365
2494	14.770603411267365
2495	14.770603411267365
2496	14.770603411267365
2497	14.770603411267365
2498	14.770603411267365
2499	14.691752425661122
2500	14.688663826001097
2501	14.591503793322225
2502	14.20095592556137
2503	14.20095592556137
2504	14.179785447752305
2505	14.179785447752305
2506	14.1643402031234
2507	14.16166154139886
2508	14.160166811877065
2509	14.160166811877065
2510	14.160166811877065
2511	14.15483302537662
2512	14.016375112443521
2513	14.006236066463469
2514	14.006236066463469
2515	13.932692388435798
2516	13.906055948745223
2517	13.655928230376084
2518	13.655928230376084
2519	13.639291149448834
2520	13.639291149448834
2521	13.639291149448834
2522	13.624684028091016
2523	13.57326201372232
2524	13.342864975205059
2525	13.342864975205059
2526	13.342864975205059
2527	13.342864975205059
2528	13.342864975205059
2529	13.342864975205059
2530	13.217065715018718
2531	13.217065715018718
2532	13.15939569163357
2533	13.147654679780036
2534	13.1227808323047
2535	13.050463047918154
2536	13.050463047918154
2537	13.050463047918154
2538	13.050463047918154
2539	13.050463047918154
2540	13.050463047918154
2541	13.00485057490456
2542	13.00485057490456
2543	12.98312796966486
2544	12.983111779813019
2545	12.983111779813019
2546	12.906474021346858
2547	12.906474021346858
2548	12.906474021346858
2549	12.749296472746188
2550	12.749296472746188
2551	12.691561668412426
2552	12.691561668412426
2553	12.691561668412426
2554	12.691561668412426
2555	12.675114231355604
2556	12.675114231355604
2557	12.644843567004594
2558	12.415833867910415
2559	12.41399963128053
2560	12.41399963128053
2561	12.41399963128053
2562	12.336686352029089
2563	12.336686352029089
2564	12.336686352029089
2565	12.32811744448539
2566	12.32811744448539
2567	12.249207809319225
2568	12.183765983612998
2569	12.151470964095449
2570	12.151470964095449
2571	12.151470964095449
2572	12.120849951709605
2573	12.075199774454344
2574	12.075199774454344
2575	12.075199774454344
2576	11.989638114543938
2577	11.989638114543938
2578	11.989638114543938
2579	11.989638114543938
2580	11.989638114543938
2581	11.989638114543938
2582	11.937452501580948
2583	11.937452501580948
2584	11.937452501580948
2585	11.937452501580948
2586	11.937452501580948
2587	11.937452501580948
2588	11.87736931926856
2589	11.87736931926856
2590	11.823517786025176
2591	11.813314382411068
2592	11.669763505870096
2593	11.633065015733061
2594	11.633065015733061
2595	11.621812189938916
2596	11.613012832362596
2597	11.602641485001753
2598	11.602641485001753
2599	11.565845007203967
2600	11.565816029389639
2601	11.496039852031974
2602	11.496039852031974
2603	11.461172918409652
2604	11.461172918409652
2605	11.397417721963665
2606	11.393638746978061
2607	11.393638746978061
2608	11.393638746978061
2609	11.393638746978061
2610	11.267184766476733
2611	11.250878526839696
2612	11.200774493788163
2613	11.200774493788163
2614	11.200774493788163
2615	11.042834612285048
2616	10.902314218983744
2617	10.902314218983744
2618	10.89210190898598
2619	10.89210190898598
2620	10.659114450894029
2621	10.659114450894029
2622	10.562251604953083
2623	10.562251604953083
2624	10.562251604953083
2625	10.562251604953083
2626	10.562251604953083
2627	10.531658209194037
2628	10.463285932207087
2629	10.463285932207087
2630	10.438929775259284
2631	10.335332793731565
2632	10.33333129602434
2633	10.33129018020574
2634	10.293000640616974
2635	10.293000640616974
2636	10.293000640616974
2637	10.293000640616974
2638	10.266709106485207
2639	10.266709106485207
2640	10.266709106485207
2641	10.25951645189746
2642	10.25951645189746
2643	10.15031301574979
2644	10.15031301574979
2645	10.141610146006274
2646	9.889778985339612
2647	9.889778985339612
2648	9.889778985339612
2649	9.889778985339612
2650	9.880661396030545
2651	9.880661396030545
2652	9.878903181515726
2653	9.869222581687673
2654	9.812391339736445
2655	9.721562085283859
2656	9.715419972982902
2657	9.715419972982902
2658	9.715419972982902
2659	9.715419972982902
2660	9.613002933488051
2661	9.600281051580678
2662	9.54477451308784
2663	9.54477451308784
2664	9.54477451308784
2665	9.519662449320379
2666	9.519662449320379
2667	9.519662449320379
2668	9.519662449320379
2669	9.519662449320379
2670	9.519662449320379
2671	9.515814974148293
2672	9.515814974148293
2673	9.504077255815153
2674	9.393709759640986
2675	9.355849312269706
2676	9.283482339370359
2677	9.196700474479165
2678	9.196700474479165
2679	9.196700474479165
2680	9.189480024876246
2681	9.03102388138874
2682	9.010910475356154
2683	8.946911355642754
2684	8.889025765715893
2685	8.844491616628549
2686	8.844491616628549
2687	8.83878147497636
2688	8.83878147497636
2689	8.837182174684568
2690	8.837182174684568
2691	8.830042892652042
2692	8.775824923346
2693	8.748852586426391
2694	8.748852586426391
2695	8.748852586426391
2696	8.748852586426391
2697	8.748852586426391
2698	8.704302533203412
2699	8.704302533203412
2700	8.695710194370081
2701	8.695710194370081
2702	8.695710194370081
2703	8.692921964049544
2704	8.682615984044311
2705	8.617490493207582
2706	8.617490493207582
2707	8.617490493207582
2708	8.50753100152585
2709	8.50753100152585
2710	8.474333343119765
2711	8.474333343119765
2712	8.471428572949204
2713	8.46281197062658
2714	8.46281197062658
2715	8.439951731552783
2716	8.380368361397931
2717	8.380368361397931
2718	8.293911739912966
2719	8.293911739912966
2720	8.293911739912966
2721	8.176424783024697
2722	8.158442411300987
2723	8.137713250033809
2724	8.137713250033809
2725	8.128396513454367
2726	8.02356442784177
2727	8.02356442784177
2728	8.02356442784177
2729	8.02356442784177
2730	8.02356442784177
2731	8.02356442784177
2732	8.02356442784177
2733	8.02356442784177
2734	7.992386013039158
2735	7.835260309067283
2736	7.7753053667746626
2737	7.643189757328987
2738	7.636406679168058
2739	7.636406679168058
2740	7.600764895610483
2741	7.5424083037996645
2742	7.5424083037996645
2743	7.5424083037996645
2744	7.53278755003282
2745	7.490890622661207
2746	7.457583811876647
2747	7.457583811876647
2748	7.457583811876647
2749	7.457583811876647
2750	7.404182197216128
2751	7.404182197216128
2752	7.404182197216128
2753	7.404182197216128
2754	7.383984424847008
2755	7.378253184056661
2756	7.364301218869179
2757	7.363047113131313
2758	7.363047113131313
2759	7.237034623307405
2760	7.217348052251529
2761	7.194823144329354
2762	7.130799227761559
2763	7.126587130565128
2764	7.120154827709263
2765	7.120154827709263
2766	7.120154827709263
2767	7.120154827709263
2768	7.120154827709263
2769	7.120154827709263
2770	7.120154827709263
2771	7.120154827709263
2772	7.120154827709263
2773	7.104862424378694
2774	7.104862424378694
2775	7.104862424378694
2776	7.104862424378694
2777	7.0992872929670865
2778	7.095752969736339
2779	7.061741601982981
2780	7.058441903300503
2781	7.03494935776296
2782	7.033259049246439
2783	7.033259049246439
2784	7.033259049246439
2785	7.033259049246439
2786	7.00457259187803
2787	6.983582685647629
2788	6.983582685647629
2789	6.983582685647629
2790	6.964464082777896
2791	6.929304414414721
2792	6.9217577606579095
2793	6.920932921826993
2794	6.920077428333308
2795	6.905155678034046
2796	6.905155678034046
2797	6.766866205868314
2798	6.766866205868314
2799	6.766866205868314
2800	6.715447235381267
2801	6.714786004081323
2802	6.669574881761781
2803	6.614874356088279
2804	6.614874356088279
2805	6.610555458037557
2806	6.610555458037557
2807	6.597011456381669
2808	6.576664136312453
2809	6.506141898504484
2810	6.506141898504484
2811	6.506141898504484
2812	6.506141898504484
2813	6.506141898504484
2814	6.416083858865905
2815	6.416083858865905
2816	6.399019652524017
2817	6.399019652524017
2818	6.399019652524017
2819	6.399019652524017
2820	6.399019652524017
2821	6.399019652524017
2822	6.399019652524017
2823	6.381041624629419
2824	6.371410010070269
2825	6.371410010070269
2826	6.371410010070269
2827	6.370359226459491
2828	6.370359226459491
2829	6.346644027533473
2830	6.346644027533473
2831	6.346644027533473
2832	6.334953664544612
2833	6.334953664544612
2834	6.334953664544612
2835	6.332940840825737
2836	6.332940840825737
2837	6.33120112317872
2838	6.289104554820975
2839	6.269791756507483
2840	6.229552346668098
2841	6.229552346668098
2842	6.15255801357858
2843	6.136358555097872
2844	6.136358555097872
2845	6.1357699916067165
2846	6.1134924351852735
2847	6.1134924351852735
2848	6.101173559704395
2849	6.101173559704395
2850	6.101173559704395
2851	6.101173559704395
2852	6.101173559704395
2853	6.101173559704395
2854	6.101173559704395
2855	6.101173559704395
2856	6.09127091045114
2857	6.09127091045114
2858	6.086074076321399
2859	6.079040023117509
2860	6.076212670604494
2861	6.063125446766682
2862	6.008530700997603
2863	5.974115397509205
2864	5.96242358417862
2865	5.96242358417862
2866	5.946250680761634
2867	5.917398353156681
2868	5.915489467116397
2869	5.910448263056504
2870	5.850375256885359
2871	5.850375256885359
2872	5.834106652814799
2873	5.829960530520921
2874	5.8082985349366405
2875	5.8082985349366405
2876	5.742596074795932
2877	5.742596074795932
2878	5.742596074795932
2879	5.742596074795932
2880	5.729262435850588
2881	5.636968139647144
2882	5.617013631413047
2883	5.562313252248843
2884	5.562313252248843
2885	5.562313252248843
2886	5.559527844780139
2887	5.559527844780139
2888	5.5248344902331565
2889	5.5248344902331565
2890	5.5248344902331565
2891	5.495285874010087
2892	5.475679105893312
2893	5.457440786816695
2894	5.363971967026349
2895	5.3122012906133484
2896	5.3122012906133484
2897	5.278285749092698
2898	5.243147210954995
2899	5.1883864889686615
2900	5.1883864889686615
2901	5.185372713687836
2902	5.160632925167503
2903	5.115737080510675
2904	5.115737080510675
2905	5.115737080510675
2906	5.115737080510675
2907	5.1083518719461
2908	5.1083518719461
2909	5.1083518719461
2910	5.079434577740523
2911	5.054223095172222
2912	4.999875228400615
2913	4.997825943841425
2914	4.990227473720197
2915	4.987361789730209
2916	4.987361789730209
2917	4.949599154639368
2918	4.9310922718987875
2919	4.9310922718987875
2920	4.901170820793172
2921	4.888789179171183
2922	4.888789179171183
2923	4.841242425005897
2924	4.753194737459653
2925	4.753194737459653
2926	4.713603673077007
2927	4.700763817541692
2928	4.700763817541692
2929	4.6511350061256405
2930	4.650373833947447
2931	4.631184343087231
2932	4.618396855017763
2933	4.535775366587697
2934	4.535775366587697
2935	4.534992629129813
2936	4.534992629129813
2937	4.534992629129813
2938	4.534992629129813
2939	4.529128134150808
2940	4.52650235921854
2941	4.46973933231617
2942	4.44466245837215
2943	4.411263831266392
2944	4.406926845667855
2945	4.383171250183576
2946	4.383171250183576
2947	4.38280480558134
2948	4.38280480558134
2949	4.381698583841502
2950	4.381698583841502
2951	4.381698583841502
2952	4.381698583841502
2953	4.349519130259438
2954	4.349519130259438
2955	4.349519130259438
2956	4.349519130259438
2957	4.341009154440342
2958	4.325418335303012
2959	4.317750837353527
2960	4.317750837353527
2961	4.307168562656896
2962	4.307168562656896
2963	4.292655558189813
2964	4.203963686193995
2965	4.18937705006652
2966	4.18937705006652
2967	4.182340831771495
2968	4.182340831771495
2969	4.182340831771495
2970	4.172760969228592
2971	4.172760969228592
2972	4.04017237715882
2973	4.030285005981171
2974	4.029347506636993
2975	4.029347506636993
2976	3.997336845712404
2977	3.997336845712404
2978	3.98706792388263
2979	3.98706792388263
2980	3.9660772317367647
2981	3.953722941175441
2982	3.953722941175441
2983	3.9245517667277525
2984	3.9245517667277525
2985	3.920647513716023
2986	3.920647513716023
2987	3.889810869849775
2988	3.879543281411716
2989	3.879543281411716
2990	3.8761177235891826
2991	3.8761177235891826
2992	3.8761177235891826
2993	3.8761177235891826
2994	3.8546363741551044
2995	3.852422332874936
2996	3.852422332874936
2997	3.8296091992924017
2998	3.8296091992924017
2999	3.81878949460274
3000	3.81878949460274
