1	251.90019739039522
2	146.97716126680132
3	44.01856717673197
4	34.00433777660266
5	16.612236065476477
6	12.699253291096268
7	11.82506753927377
8	7.693311274661625
9	5.192432689332301
10	4.895130508322703
11	4.542590909309865
12	3.5315511796926993
13	3.453239602088042
14	3.286854809985464
15	3.286854809985464
16	3.286854809985464
17	2.5503277906900848
18	2.5503277906900848
19	1.649361737095378
20	1.1784233469714438
21	1.1784233469714438
22	1.1635072065144962
23	1.1564534209545607
24	1.1331484896315798
25	1.1331484896315798
26	1.1331484896315798
27	0.8008800146686977
28	0.7955334314265479
29	0.7684000905539694
30	0.7354659053844815
31	0.6087224332168052
32	0.48736020737578745
33	0.48736020737578745
34	0.3983148649191106
35	0.3583659408264955
36	0.3583659408264955
37	0.3583659408264955
38	0.3583659408264955
39	0.3583659408264955
40	0.3583659408264955
41	0.3583659408264955
42	0.3471695152359097
43	0.32433652556407117
44	0.32113177869380777
45	0.3033312857840749
46	0.3033312857840749
47	0.3033312857840749
48	0.30246868855574005
49	0.30246868855574005
50	0.30246868855574005
51	0.30246868855574005
52	0.30246868855574005
53	0.30246868855574005
54	0.2966790667136049
55	0.2966790667136049
56	0.2966790667136049
57	0.27791670474917435
58	0.27791670474917435
59	0.27791670474917435
60	0.27791670474917435
61	0.27542109262119907
62	0.27542109262119907
63	0.27542109262119907
64	0.2678311422810281
65	0.2678311422810281
66	0.2678311422810281
67	0.23073078718441184
68	0.23073078718441184
69	0.23073078718441184
70	0.23072391391284425
71	0.23072391391284425
72	0.23026700268851594
73	0.23026700268851594
74	0.2233293758166903
75	0.21251434215590742
76	0.21185927473354735
77	0.19636333129493366
78	0.19188418797605278
79	0.19188418797605278
80	0.12345565287885057
81	0.12345565287885057
82	0.12345565287885057
83	0.12236504562409646
84	0.11971442808219983
85	0.11971442808219983
86	0.11971442808219983
87	0.11971442808219983
88	0.11731947742296614
89	0.11731947742296614
90	0.11731947742296614
91	0.11731947742296614
92	0.11731947742296614
93	0.11731947742296614
94	0.11495792654176071
95	0.11495792654176071
96	0.11495792654176071
97	0.11495792654176071
98	0.0936860375982199
99	0.0936860375982199
100	0.0936860375982199
101	0.0936860375982199
102	0.0936860375982199
103	0.0936860375982199
104	0.0936860375982199
105	0.09366577922953165
106	0.028936969537958174
107	0.028936969537958174
108	0.028936969537958174
109	0.028936969537958174
110	0.028936969537958174
111	0.028936969537958174
112	0.028936969537958174
113	0.02842188198661855
114	0.027939493304312692
115	0.027939493304312692
116	0.027939493304312692
117	0.027939493304312692
118	0.027939493304312692
119	0.027939493304312692
120	0.027939493304312692
121	0.027939493304312692
122	0.027874463757214404
123	0.027874463757214404
124	0.027874463757214404
125	0.027874463757214404
126	0.027874463757214404
127	0.027874463757214404
128	0.027874463757214404
129	0.027874463757214404
130	0.027874463757214404
131	0.027874463757214404
132	0.027874463757214404
133	0.027874463757214404
134	0.027874463757214404
135	0.02777437071279028
136	0.02777437071279028
137	0.02777437071279028
138	0.02777437071279028
139	0.02777437071279028
140	0.02777437071279028
141	0.02777437071279028
142	0.02777437071279028
143	0.02777437071279028
144	0.02777437071279028
145	0.02777437071279028
146	0.01795716506230767
147	0.01795716506230767
148	0.01795716506230767
149	0.01795716506230767
150	0.01795716506230767
151	0.01694226734259208
152	0.01694226734259208
153	0.01694226734259208
154	0.01694226734259208
155	0.01694226734259208
156	0.01694226734259208
157	0.01694226734259208
158	0.01694226734259208
159	0.01694226734259208
160	0.01436447614681771
161	0.01391734780532431
162	0.01391734780532431
163	0.01391734780532431
164	0.01391734780532431
165	0.01391734780532431
166	0.01391734780532431
167	0.01391734780532431
168	0.01391734780532431
169	0.01391734780532431
170	0.01391734780532431
171	0.01391734780532431
172	0.01391734780532431
173	0.01391734780532431
174	0.01391734780532431
175	0.01391734780532431
176	0.01391734780532431
177	0.01391734780532431
178	0.01391734780532431
179	0.01391734780532431
180	0.01391734780532431
181	0.01391734780532431
182	0.01391734780532431
183	0.01391734780532431
184	0.01391734780532431
185	0.01391734780532431
186	0.01391734780532431
187	0.01391734780532431
188	0.01391734780532431
189	0.013874093127348478
190	0.013874093127348478
191	0.013860333434228744
192	0.013860333434228744
193	0.00958446839369051
194	0.00958446839369051
195	0.00958446839369051
196	0.00958446839369051
197	0.00958446839369051
198	0.00958446839369051
199	0.00958446839369051
200	0.00958446839369051
201	0.00958446839369051
202	0.00958446839369051
203	0.00958446839369051
204	0.00958446839369051
205	0.00958446839369051
206	0.00958446839369051
207	0.00958446839369051
208	0.00958446839369051
209	0.00958446839369051
210	0.00958446839369051
211	0.00958446839369051
212	0.00958446839369051
213	0.00958446839369051
214	0.00958446839369051
215	0.00958446839369051
216	0.00958446839369051
217	0.009374167502632218
218	0.009374167502632218
219	0.009374167502632218
220	0.009374167502632218
221	0.009374167502632218
222	0.009374167502632218
223	0.009374167502632218
224	0.009291336841926238
225	0.009291336841926238
226	0.009291336841926238
227	0.009291336841926238
228	0.009291336841926238
229	0.009291336841926238
230	0.009291336841926238
231	0.009291336841926238
232	0.009291336841926238
233	0.009291336841926238
234	0.009291336841926238
235	0.009291336841926238
236	0.009291336841926238
237	0.009291336841926238
238	0.009291336841926238
239	0.009291336841926238
240	0.008635725629212299
241	0.008635725629212299
242	0.008635725629212299
243	0.007988894489891261
244	0.007988894489891261
245	0.007988894489891261
246	0.007988894489891261
247	0.007988894489891261
248	0.007988894489891261
249	0.007988894489891261
250	0.007988894489891261
251	0.007988894489891261
252	0.007988894489891261
253	0.007988894489891261
254	0.007988894489891261
255	0.007988894489891261
256	0.007988894489891261
257	0.007988894489891261
258	0.007988894489891261
259	0.007988894489891261
260	0.007988894489891261
261	0.007988894489891261
262	0.007973484694745988
263	0.007973484694745988
264	0.007973484694745988
265	0.007973484694745988
266	0.007973484694745988
267	0.007973484694745988
268	0.006589186364043198
269	0.006589186364043198
270	0.006589186364043198
271	0.006589186364043198
272	0.006589186364043198
273	0.006589186364043198
274	0.006589186364043198
275	0.006589186364043198
276	0.006589186364043198
277	0.006493491466356148
278	0.006493491466356148
279	0.006493491466356148
280	0.006493491466356148
281	0.006493491466356148
282	0.006493491466356148
283	0.006493491466356148
284	0.006493491466356148
285	0.006493491466356148
286	0.006493491466356148
287	0.006493491466356148
288	0.006493491466356148
289	0.006493491466356148
290	0.006493491466356148
291	0.006493491466356148
292	0.006493491466356148
293	0.006493491466356148
294	0.006493491466356148
295	0.006493491466356148
296	0.006493491466356148
297	0.006493491466356148
298	0.006493491466356148
299	0.006159538029170898
300	0.006159538029170898
301	0.006159538029170898
302	0.006159538029170898
303	0.006159538029170898
304	0.006106686962943825
305	0.006106686962943825
306	0.006106686962943825
307	0.006106686962943825
308	0.006106686962943825
309	0.006106686962943825
310	0.006106686962943825
311	0.006106686962943825
312	0.006106686962943825
313	0.006106686962943825
314	0.006106686962943825
315	0.006106686962943825
316	0.006106686962943825
317	0.006106686962943825
318	0.006106686962943825
319	0.006106686962943825
320	0.006106686962943825
321	0.006106686962943825
322	0.006106686962943825
323	0.006106686962943825
324	0.006106686962943825
325	0.006106686962943825
326	0.006106686962943825
327	0.006106686962943825
328	0.006106686962943825
329	0.005968659603099368
330	0.005968659603099368
331	0.005968659603099368
332	0.005968659603099368
333	0.005968659603099368
334	0.005968659603099368
335	0.005968659603099368
336	0.005968659603099368
337	0.005968659603099368
338	0.005842362606865895
339	0.005842362606865895
340	0.005842362606865895
341	0.005842362606865895
342	0.005842362606865895
343	0.005842362606865895
344	0.005842362606865895
345	0.004330629575780728
346	0.004330629575780728
347	0.004330629575780728
348	0.004330629575780728
349	0.004330629575780728
350	0.004330629575780728
351	0.004330629575780728
352	0.004330629575780728
353	0.004330629575780728
354	0.004330629575780728
355	0.004330629575780728
356	0.004330629575780728
357	0.004330629575780728
358	0.004330629575780728
359	0.004330629575780728
360	0.004330629575780728
361	0.004330629575780728
362	0.004330629575780728
363	0.004330629575780728
364	0.004330629575780728
365	0.004330629575780728
366	0.0042589015287201465
367	0.0042589015287201465
368	0.0042589015287201465
369	0.004207218361939995
370	0.004207218361939995
371	0.004207218361939995
372	0.004207218361939995
373	0.004207218361939995
374	0.004207218361939995
375	0.004207218361939995
376	0.004207218361939995
377	0.004207218361939995
378	0.004122553290776678
379	0.0031145288554180832
380	0.0031145288554180832
381	0.0031145288554180832
382	0.0031145288554180832
383	0.002295841119630285
384	0.002295841119630285
385	0.002295841119630285
386	0.002295841119630285
387	0.002295841119630285
388	0.002295841119630285
389	0.002295841119630285
390	0.002295841119630285
391	0.002295841119630285
392	0.002295841119630285
393	0.002295841119630285
394	0.002295841119630285
395	0.002295841119630285
396	0.002295841119630285
397	0.002295841119630285
398	0.002295841119630285
399	0.002295841119630285
400	0.002295841119630285
401	0.002295841119630285
402	0.002295841119630285
403	0.002295841119630285
404	0.002295841119630285
405	0.002295841119630285
406	0.002295841119630285
407	0.0022704724695646215
408	0.0022704724695646215
409	0.0022704724695646215
410	0.0022704724695646215
411	0.0022704724695646215
412	0.0022704724695646215
413	0.0022704724695646215
414	0.0022704724695646215
415	0.0022704724695646215
416	0.0022704724695646215
417	0.0022704724695646215
418	0.0022704724695646215
419	0.0022704724695646215
420	0.0022704724695646215
421	0.0022704724695646215
422	0.0022704724695646215
423	0.0022704724695646215
424	0.0022704724695646215
425	0.002248186363873428
426	0.002248186363873428
427	0.002248186363873428
428	0.002248186363873428
429	0.002248186363873428
430	0.002248186363873428
431	0.002248186363873428
432	0.002248186363873428
433	0.002248186363873428
434	0.002248186363873428
435	0.002248186363873428
436	0.002248186363873428
437	0.002248186363873428
438	0.002196294246694324
439	0.002196294246694324
440	0.002196294246694324
441	0.002196294246694324
442	0.002196294246694324
443	0.002196294246694324
444	0.002196294246694324
445	0.002196294246694324
446	0.002173579943494592
447	0.002173579943494592
448	0.002173579943494592
449	0.002173579943494592
450	0.002173579943494592
451	0.002173579943494592
452	0.002173579943494592
453	0.002173579943494592
454	0.002173579943494592
455	0.0021523340902246993
456	0.0021523340902246993
457	0.0021523340902246993
458	0.0021523340902246993
459	0.0021523340902246993
460	0.0021523340902246993
461	0.0021523340902246993
462	0.002005453863970703
463	0.002005453863970703
464	0.002005453863970703
465	0.002005453863970703
466	0.002005453863970703
467	0.002005453863970703
468	0.002005453863970703
469	0.002005453863970703
470	0.002005453863970703
471	0.002005453863970703
472	0.002005453863970703
473	0.002005453863970703
474	0.002005453863970703
475	0.002005453863970703
476	0.0019233422061275772
477	0.0019233422061275772
478	0.0019233422061275772
479	0.0019233422061275772
480	0.0019233422061275772
481	0.0019233422061275772
482	0.0019233422061275772
483	0.0019233422061275772
484	0.0019233422061275772
485	0.0019233422061275772
486	0.0019233422061275772
487	0.0019233422061275772
488	0.0019233422061275772
489	0.0019233422061275772
490	0.0019233422061275772
491	0.0019233422061275772
492	0.0019233422061275772
493	0.0019233422061275772
494	0.0016439253079796776
495	0.0016439253079796776
496	0.0016439253079796776
497	0.0016439253079796776
498	0.0016439253079796776
499	0.0016439253079796776
500	0.0016439253079796776
501	0.0016439253079796776
502	0.0016439253079796776
503	0.0016439253079796776
504	0.0016439253079796776
505	0.0016439253079796776
506	0.0016439253079796776
507	0.0016439253079796776
508	0.0016439253079796776
509	0.0016439253079796776
510	0.0016439253079796776
511	0.0016439253079796776
512	0.0016439253079796776
513	0.0016439253079796776
514	0.0016439253079796776
515	0.0016439253079796776
516	0.0016439253079796776
517	0.0016439253079796776
518	0.0016439253079796776
519	0.0016439253079796776
520	0.0016439253079796776
521	0.0016439253079796776
522	0.0016439253079796776
523	0.0016439253079796776
524	0.0016439253079796776
525	0.0016439253079796776
526	0.0016439253079796776
527	0.0016439253079796776
528	0.0016439253079796776
529	0.0016439253079796776
530	0.0016439253079796776
531	0.0016439253079796776
532	0.0016439253079796776
533	0.0016439253079796776
534	0.0016439253079796776
535	0.0016439253079796776
536	0.0016439253079796776
537	0.0016439253079796776
538	0.0016439253079796776
539	0.0016439253079796776
540	0.0016439253079796776
541	0.0016439253079796776
542	0.0016439253079796776
543	0.0016439253079796776
544	0.0016439253079796776
545	0.0016439253079796776
546	0.0016439253079796776
547	0.0016439253079796776
548	0.0016439253079796776
549	0.0016439253079796776
550	0.0016439253079796776
551	0.0016439253079796776
552	0.0016439253079796776
553	0.0016439253079796776
554	0.0016439253079796776
555	0.0016439253079796776
556	0.0016439253079796776
557	0.0016439253079796776
558	0.0016439253079796776
559	0.0016439253079796776
560	0.0016439253079796776
561	0.0016439253079796776
562	0.0016439253079796776
563	0.0016439253079796776
564	0.0016439253079796776
565	0.0016439253079796776
566	0.0016439253079796776
567	0.0016439253079796776
568	0.0016439253079796776
569	0.0016439253079796776
570	0.0016439253079796776
571	0.0016439253079796776
572	0.0016439253079796776
573	0.0016439253079796776
574	0.0016439253079796776
575	0.0016439253079796776
576	0.0016439253079796776
577	0.0016439253079796776
578	0.0016439253079796776
579	0.0016439253079796776
580	0.0016439253079796776
581	0.0016439253079796776
582	0.0016439253079796776
583	0.0016439253079796776
584	0.0016439253079796776
585	0.0016439253079796776
586	0.0016439253079796776
587	0.0016439253079796776
588	0.0016439253079796776
589	0.0016439253079796776
590	0.0016439253079796776
591	0.0016439253079796776
592	0.0016439253079796776
593	0.0016439253079796776
594	0.0016429104637967517
595	0.0016429104637967517
596	0.0016429104637967517
597	0.0016429104637967517
598	0.0016429104637967517
599	0.0016429104637967517
600	0.0016429104637967517
601	0.0016429104637967517
602	0.0016429104637967517
603	0.0016429104637967517
604	0.0016429104637967517
605	0.0016429104637967517
606	0.0013661210693597598
607	0.0013661210693597598
608	0.0013661210693597598
609	0.0013661210693597598
610	0.0013661210693597598
611	0.0013661210693597598
612	0.0013661210693597598
613	0.0013661210693597598
614	0.0013661210693597598
615	0.001294375241038626
616	0.001294375241038626
617	0.001294375241038626
618	0.001294375241038626
619	0.001294375241038626
620	0.001294375241038626
621	0.001294375241038626
622	0.001294375241038626
623	0.001294375241038626
624	0.001294375241038626
625	0.001294375241038626
626	0.001294375241038626
627	0.001294375241038626
628	0.001294375241038626
629	0.001294375241038626
630	0.001294375241038626
631	0.001294375241038626
632	0.001294375241038626
633	0.001294375241038626
634	0.001294375241038626
635	0.001294375241038626
636	0.001294375241038626
637	0.001294375241038626
638	0.001294375241038626
639	0.001294375241038626
640	0.001294375241038626
641	0.001294375241038626
642	0.0010045477907024516
643	0.0010045477907024516
644	0.0010045477907024516
645	0.0010045477907024516
646	0.0010045477907024516
647	0.0010045477907024516
648	0.0010045477907024516
649	0.0010045477907024516
650	0.0010045477907024516
651	0.0010045477907024516
652	0.0010045477907024516
653	0.0010045477907024516
654	0.0010045477907024516
655	0.0010045477907024516
656	0.0010045477907024516
657	0.0010045477907024516
658	0.0010045477907024516
659	0.0010045477907024516
660	0.0010045477907024516
661	0.0010045477907024516
662	0.0010045477907024516
663	0.0010045477907024516
664	0.0010045477907024516
665	0.0010045477907024516
666	0.0010045477907024516
667	0.0010045477907024516
668	0.0010045477907024516
669	0.0010045477907024516
670	0.0010045477907024516
671	0.0010045477907024516
672	0.0010045477907024516
673	0.0010045477907024516
674	0.0010045477907024516
675	0.0010045477907024516
676	0.0010045477907024516
677	0.0010045477907024516
678	0.0010045477907024516
679	0.0010045477907024516
680	0.0010045477907024516
681	0.0010045477907024516
682	0.0010045477907024516
683	0.0010045477907024516
684	0.0010045477907024516
685	0.0010045477907024516
686	0.0010045477907024516
687	0.0010045477907024516
688	0.0010045477907024516
689	0.0010045477907024516
690	0.0010045477907024516
691	0.0010045477907024516
692	0.0010045477907024516
693	0.0010045477907024516
694	0.0010045477907024516
695	0.0010045477907024516
696	0.0010045477907024516
697	0.0010045477907024516
698	0.0010045477907024516
699	0.0010045477907024516
700	0.0010045477907024516
701	0.0010045477907024516
702	0.0010045477907024516
703	0.0010045477907024516
704	0.0010045477907024516
705	0.0010045477907024516
706	0.0010008294720919473
707	0.0010008294720919473
708	0.0010008294720919473
709	0.0010008294720919473
710	0.0010008294720919473
711	0.0010008294720919473
712	0.0010008294720919473
713	0.0010008294720919473
714	0.0010008294720919473
715	0.0010008294720919473
716	0.0010008294720919473
717	0.0010008294720919473
718	0.0010008294720919473
719	0.0010008294720919473
720	0.0010008294720919473
721	0.0010008294720919473
722	0.0010008294720919473
723	0.0010008294720919473
724	0.0010008294720919473
725	0.0010008294720919473
726	0.0010008294720919473
727	0.0010008294720919473
728	0.0010008294720919473
729	0.0010008294720919473
730	0.0010008294720919473
731	0.0010008294720919473
732	0.0010008294720919473
733	0.0010008294720919473
734	0.0010008294720919473
735	0.0010008294720919473
736	0.0010008294720919473
737	0.0010008294720919473
738	0.0010008294720919473
739	0.0010008294720919473
740	0.0010008294720919473
741	0.0010008294720919473
742	0.0010008294720919473
743	0.0010008294720919473
744	0.0010008294720919473
745	0.0010008294720919473
746	0.0010008294720919473
747	0.0010008294720919473
748	0.0010008294720919473
749	0.0010008294720919473
750	0.0010008294720919473
751	0.0010008294720919473
752	0.0010008294720919473
753	0.0010008294720919473
754	0.0010008294720919473
755	0.0010008294720919473
756	0.0010008294720919473
757	0.0010008294720919473
758	0.0010008294720919473
759	0.0010008294720919473
760	0.0010008294720919473
761	0.0010008294720919473
762	0.0010008294720919473
763	0.0010008294720919473
764	0.0010008294720919473
765	0.0010008294720919473
766	9.892501081463256E-4
767	9.892501081463256E-4
768	9.892501081463256E-4
769	9.892501081463256E-4
770	9.892501081463256E-4
771	9.892501081463256E-4
772	9.892501081463256E-4
773	9.892501081463256E-4
774	9.892501081463256E-4
775	9.892501081463256E-4
776	9.892501081463256E-4
777	9.892501081463256E-4
778	9.892501081463256E-4
779	9.655583415614292E-4
780	9.655583415614292E-4
781	9.655583415614292E-4
782	9.655583415614292E-4
783	9.655583415614292E-4
784	9.655583415614292E-4
785	9.655583415614292E-4
786	9.655583415614292E-4
787	9.655583415614292E-4
788	9.655583415614292E-4
789	9.655583415614292E-4
790	9.655583415614292E-4
791	9.655583415614292E-4
792	9.655583415614292E-4
793	9.655583415614292E-4
794	9.655583415614292E-4
795	9.655583415614292E-4
796	9.655583415614292E-4
797	9.655583415614292E-4
798	9.655583415614292E-4
799	9.655583415614292E-4
800	9.655583415614292E-4
801	9.655583415614292E-4
802	9.655583415614292E-4
803	9.655583415614292E-4
804	9.655583415614292E-4
805	9.655583415614292E-4
806	9.655583415614292E-4
807	9.655583415614292E-4
808	9.655583415614292E-4
809	9.655583415614292E-4
810	9.655583415614292E-4
811	9.655583415614292E-4
812	9.655583415614292E-4
813	9.655583415614292E-4
814	9.655583415614292E-4
815	9.655583415614292E-4
816	9.381043972741149E-4
817	9.381043972741149E-4
818	9.381043972741149E-4
819	9.381043972741149E-4
820	9.381043972741149E-4
821	9.381043972741149E-4
822	9.381043972741149E-4
823	9.381043972741149E-4
824	9.381043972741149E-4
825	9.381043972741149E-4
826	9.381043972741149E-4
827	9.381043972741149E-4
828	9.381043972741149E-4
829	9.381043972741149E-4
830	9.381043972741149E-4
831	9.381043972741149E-4
832	9.381043972741149E-4
833	9.381043972741149E-4
834	9.381043972741149E-4
835	9.381043972741149E-4
836	9.381043972741149E-4
837	9.381043972741149E-4
838	9.381043972741149E-4
839	9.381043972741149E-4
840	9.381043972741149E-4
841	9.381043972741149E-4
842	9.381043972741149E-4
843	9.381043972741149E-4
844	9.381043972741149E-4
845	9.381043972741149E-4
846	9.381043972741149E-4
847	9.381043972741149E-4
848	9.381043972741149E-4
849	9.381043972741149E-4
850	9.381043972741149E-4
851	9.381043972741149E-4
852	9.381043972741149E-4
853	9.381043972741149E-4
854	9.381043972741149E-4
855	9.381043972741149E-4
856	9.381043972741149E-4
857	9.381043972741149E-4
858	9.381043972741149E-4
859	9.381043972741149E-4
860	9.381043972741149E-4
861	9.381043972741149E-4
862	9.381043972741149E-4
863	9.120158106791018E-4
864	9.120158106791018E-4
865	9.120158106791018E-4
866	9.120158106791018E-4
867	9.120158106791018E-4
868	8.827144439708164E-4
869	8.827144439708164E-4
870	8.827144439708164E-4
871	8.827144439708164E-4
872	8.827144439708164E-4
873	8.827144439708164E-4
874	8.827144439708164E-4
875	8.827144439708164E-4
876	8.827144439708164E-4
877	8.827144439708164E-4
878	8.827144439708164E-4
879	8.827144439708164E-4
880	8.827144439708164E-4
881	8.827144439708164E-4
882	8.827144439708164E-4
883	8.827144439708164E-4
884	8.827144439708164E-4
885	8.642417594265917E-4
886	8.642417594265917E-4
887	8.642417594265917E-4
888	8.642417594265917E-4
889	8.642417594265917E-4
890	6.715752550179097E-4
891	6.715752550179097E-4
892	6.444575982197761E-4
893	6.444575982197761E-4
894	6.444575982197761E-4
895	6.444575982197761E-4
896	6.444575982197761E-4
897	6.444575982197761E-4
898	6.444575982197761E-4
899	6.444575982197761E-4
900	6.444575982197761E-4
901	6.444575982197761E-4
902	6.444575982197761E-4
903	6.444575982197761E-4
904	6.444575982197761E-4
905	6.444575982197761E-4
906	6.444575982197761E-4
907	6.444575982197761E-4
908	6.444575982197761E-4
909	6.444575982197761E-4
910	6.444575982197761E-4
911	6.444575982197761E-4
912	6.444575982197761E-4
913	6.444575982197761E-4
914	6.444575982197761E-4
915	6.444575982197761E-4
916	6.444575982197761E-4
917	6.444575982197761E-4
918	6.444575982197761E-4
919	6.444575982197761E-4
920	6.444575982197761E-4
921	6.444575982197761E-4
922	6.444575982197761E-4
923	6.444575982197761E-4
924	6.444575982197761E-4
925	6.444575982197761E-4
926	6.444575982197761E-4
927	6.444575982197761E-4
928	6.444575982197761E-4
929	6.444575982197761E-4
930	6.444575982197761E-4
931	6.444575982197761E-4
932	6.444575982197761E-4
933	6.444575982197761E-4
934	6.444575982197761E-4
935	6.444575982197761E-4
936	6.444575982197761E-4
937	6.444575982197761E-4
938	6.444575982197761E-4
939	6.444575982197761E-4
940	6.444575982197761E-4
941	6.444575982197761E-4
942	6.444575982197761E-4
943	6.444575982197761E-4
944	6.444575982197761E-4
945	6.444575982197761E-4
946	6.444575982197761E-4
947	6.444575982197761E-4
948	6.444575982197761E-4
949	6.444575982197761E-4
950	6.444575982197761E-4
951	6.444575982197761E-4
952	6.444575982197761E-4
953	6.444575982197761E-4
954	6.444575982197761E-4
955	6.444575982197761E-4
956	6.444575982197761E-4
957	6.444575982197761E-4
958	6.444575982197761E-4
959	6.444575982197761E-4
960	6.444575982197761E-4
961	6.444575982197761E-4
962	6.444575982197761E-4
963	6.444575982197761E-4
964	6.444575982197761E-4
965	6.444575982197761E-4
966	6.444575982197761E-4
967	6.444575982197761E-4
968	6.444575982197761E-4
969	6.444575982197761E-4
970	6.444575982197761E-4
971	6.444575982197761E-4
972	6.444575982197761E-4
973	6.444575982197761E-4
974	6.444575982197761E-4
975	6.444575982197761E-4
976	6.444575982197761E-4
977	6.444575982197761E-4
978	6.444575982197761E-4
979	6.444575982197761E-4
980	6.444575982197761E-4
981	6.444575982197761E-4
982	6.444575982197761E-4
983	6.444575982197761E-4
984	6.444575982197761E-4
985	6.444575982197761E-4
986	6.444575982197761E-4
987	6.444575982197761E-4
988	6.444575982197761E-4
989	6.444575982197761E-4
990	6.444575982197761E-4
991	6.444575982197761E-4
992	6.444575982197761E-4
993	6.444575982197761E-4
994	6.444575982197761E-4
995	6.444575982197761E-4
996	6.444575982197761E-4
997	6.444575982197761E-4
998	6.444575982197761E-4
999	6.444575982197761E-4
1000	6.444575982197761E-4
1001	6.444575982197761E-4
1002	6.444575982197761E-4
1003	6.444575982197761E-4
1004	6.444575982197761E-4
1005	6.444575982197761E-4
1006	6.444575982197761E-4
1007	6.444575982197761E-4
1008	6.444575982197761E-4
1009	6.444575982197761E-4
1010	6.444575982197761E-4
1011	6.444575982197761E-4
1012	6.444575982197761E-4
1013	6.444575982197761E-4
1014	6.444575982197761E-4
1015	6.444575982197761E-4
1016	6.444575982197761E-4
1017	6.444575982197761E-4
1018	6.444575982197761E-4
1019	6.444575982197761E-4
1020	6.444575982197761E-4
1021	6.444575982197761E-4
1022	6.444575982197761E-4
1023	6.444575982197761E-4
1024	6.444575982197761E-4
1025	6.444575982197761E-4
1026	6.444575982197761E-4
1027	6.444575982197761E-4
1028	6.444575982197761E-4
1029	6.444575982197761E-4
1030	6.444575982197761E-4
1031	6.444575982197761E-4
1032	6.444575982197761E-4
1033	6.444575982197761E-4
1034	6.444575982197761E-4
1035	6.444575982197761E-4
1036	6.444575982197761E-4
1037	6.444575982197761E-4
1038	6.444575982197761E-4
1039	6.444575982197761E-4
1040	6.444575982197761E-4
1041	6.444575982197761E-4
1042	6.444575982197761E-4
1043	6.444575982197761E-4
1044	6.444575982197761E-4
1045	6.444575982197761E-4
1046	6.444575982197761E-4
1047	6.444575982197761E-4
1048	6.444575982197761E-4
1049	6.444575982197761E-4
1050	6.444575982197761E-4
1051	6.444575982197761E-4
1052	6.444575982197761E-4
1053	6.444575982197761E-4
1054	6.444575982197761E-4
1055	6.444575982197761E-4
1056	6.444575982197761E-4
1057	6.444575982197761E-4
1058	6.444575982197761E-4
1059	6.444575982197761E-4
1060	6.444575982197761E-4
1061	6.444575982197761E-4
1062	6.444575982197761E-4
1063	6.444575982197761E-4
1064	6.444575982197761E-4
1065	6.444575982197761E-4
1066	6.444575982197761E-4
1067	6.444575982197761E-4
1068	6.444575982197761E-4
1069	6.444575982197761E-4
1070	6.444575982197761E-4
1071	6.444575982197761E-4
1072	6.444575982197761E-4
1073	6.444575982197761E-4
1074	6.444575982197761E-4
1075	6.444575982197761E-4
1076	6.444575982197761E-4
1077	6.444575982197761E-4
1078	6.444575982197761E-4
1079	6.444575982197761E-4
1080	6.444575982197761E-4
1081	6.444575982197761E-4
1082	6.444575982197761E-4
1083	6.444575982197761E-4
1084	6.444575982197761E-4
1085	6.444575982197761E-4
1086	6.444575982197761E-4
1087	6.444575982197761E-4
1088	6.444575982197761E-4
1089	6.444575982197761E-4
1090	6.444575982197761E-4
1091	6.444575982197761E-4
1092	6.444575982197761E-4
1093	6.444575982197761E-4
1094	6.444575982197761E-4
1095	6.444575982197761E-4
1096	6.444575982197761E-4
1097	6.444575982197761E-4
1098	6.444575982197761E-4
1099	6.444575982197761E-4
1100	6.444575982197761E-4
1101	6.444575982197761E-4
1102	6.444575982197761E-4
1103	6.444575982197761E-4
1104	6.444575982197761E-4
1105	6.444575982197761E-4
1106	6.444575982197761E-4
1107	6.444575982197761E-4
1108	6.444575982197761E-4
1109	6.444575982197761E-4
1110	6.444575982197761E-4
1111	6.444575982197761E-4
1112	6.444575982197761E-4
1113	6.444575982197761E-4
1114	6.444575982197761E-4
1115	6.444575982197761E-4
1116	6.444575982197761E-4
1117	6.444575982197761E-4
1118	6.444575982197761E-4
1119	6.444575982197761E-4
1120	6.444575982197761E-4
1121	6.444575982197761E-4
1122	6.444575982197761E-4
1123	6.444575982197761E-4
1124	6.444575982197761E-4
1125	6.444575982197761E-4
1126	6.444575982197761E-4
1127	6.444575982197761E-4
1128	6.444575982197761E-4
1129	6.444575982197761E-4
1130	6.444575982197761E-4
1131	6.444575982197761E-4
1132	6.444575982197761E-4
1133	6.444575982197761E-4
1134	6.444575982197761E-4
1135	6.444575982197761E-4
1136	6.444575982197761E-4
1137	6.444575982197761E-4
1138	6.444575982197761E-4
1139	6.444575982197761E-4
1140	6.444575982197761E-4
1141	6.444575982197761E-4
1142	6.444575982197761E-4
1143	6.444575982197761E-4
1144	6.444575982197761E-4
1145	6.444575982197761E-4
1146	6.444575982197761E-4
1147	6.444575982197761E-4
1148	6.444575982197761E-4
1149	6.444575982197761E-4
1150	6.444575982197761E-4
1151	6.444575982197761E-4
1152	6.444575982197761E-4
1153	6.444575982197761E-4
1154	6.444575982197761E-4
1155	6.444575982197761E-4
1156	6.444575982197761E-4
1157	6.444575982197761E-4
1158	6.444575982197761E-4
1159	6.444575982197761E-4
1160	6.444575982197761E-4
1161	6.444575982197761E-4
1162	6.444575982197761E-4
1163	6.44326902387407E-4
1164	6.44326902387407E-4
1165	6.44326902387407E-4
1166	6.44326902387407E-4
1167	6.44326902387407E-4
1168	6.44326902387407E-4
1169	6.44326902387407E-4
1170	6.44326902387407E-4
1171	6.44326902387407E-4
1172	6.44326902387407E-4
1173	6.44326902387407E-4
1174	6.44326902387407E-4
1175	6.44326902387407E-4
1176	6.44326902387407E-4
1177	6.44326902387407E-4
1178	6.44326902387407E-4
1179	6.44326902387407E-4
1180	6.44326902387407E-4
1181	6.44326902387407E-4
1182	6.44326902387407E-4
1183	6.44326902387407E-4
1184	6.44326902387407E-4
1185	6.44326902387407E-4
1186	6.44326902387407E-4
1187	6.44326902387407E-4
1188	6.44326902387407E-4
1189	6.44326902387407E-4
1190	6.44326902387407E-4
1191	6.44326902387407E-4
1192	6.44326902387407E-4
1193	6.44326902387407E-4
1194	6.44326902387407E-4
1195	6.44326902387407E-4
1196	6.44326902387407E-4
1197	6.44326902387407E-4
1198	6.203028771204736E-4
1199	6.203028771204736E-4
1200	6.203028771204736E-4
1201	6.203028771204736E-4
1202	6.203028771204736E-4
1203	6.203028771204736E-4
1204	6.203028771204736E-4
1205	6.116791238172782E-4
1206	6.116791238172782E-4
1207	6.116791238172782E-4
1208	6.116791238172782E-4
1209	6.116791238172782E-4
1210	6.116791238172782E-4
1211	6.116791238172782E-4
1212	6.116791238172782E-4
1213	6.116791238172782E-4
1214	6.116791238172782E-4
1215	6.116791238172782E-4
1216	6.116791238172782E-4
1217	6.116791238172782E-4
1218	6.116791238172782E-4
1219	6.116791238172782E-4
1220	6.116791238172782E-4
1221	6.116791238172782E-4
1222	6.116791238172782E-4
1223	6.116791238172782E-4
1224	6.116791238172782E-4
1225	6.116791238172782E-4
1226	6.116791238172782E-4
1227	6.116791238172782E-4
1228	6.116791238172782E-4
1229	6.116791238172782E-4
1230	6.116791238172782E-4
1231	6.116791238172782E-4
1232	6.116791238172782E-4
1233	6.116791238172782E-4
1234	6.116791238172782E-4
1235	6.116791238172782E-4
1236	6.116791238172782E-4
1237	6.116791238172782E-4
1238	6.116791238172782E-4
1239	6.116791238172782E-4
1240	6.116791238172782E-4
1241	6.116791238172782E-4
1242	6.116791238172782E-4
1243	6.116791238172782E-4
1244	6.065513266753617E-4
1245	6.065513266753617E-4
1246	6.065513266753617E-4
1247	6.065513266753617E-4
1248	6.065513266753617E-4
1249	6.065513266753617E-4
1250	6.065513266753617E-4
1251	6.065513266753617E-4
1252	6.065513266753617E-4
1253	6.065513266753617E-4
1254	6.065513266753617E-4
1255	6.065513266753617E-4
1256	6.065513266753617E-4
1257	6.065513266753617E-4
1258	6.065513266753617E-4
1259	6.065513266753617E-4
1260	6.065513266753617E-4
1261	6.065513266753617E-4
1262	6.065513266753617E-4
1263	6.065513266753617E-4
1264	6.065513266753617E-4
1265	6.065513266753617E-4
1266	6.065513266753617E-4
1267	6.065513266753617E-4
1268	6.065513266753617E-4
1269	6.065513266753617E-4
1270	6.065513266753617E-4
1271	6.065513266753617E-4
1272	6.037634309148539E-4
1273	6.037634309148539E-4
1274	6.037634309148539E-4
1275	6.037634309148539E-4
1276	6.037634309148539E-4
1277	6.037634309148539E-4
1278	6.037634309148539E-4
1279	6.037634309148539E-4
1280	6.037634309148539E-4
1281	6.037634309148539E-4
1282	6.037634309148539E-4
1283	6.037634309148539E-4
1284	6.037634309148539E-4
1285	6.037634309148539E-4
1286	6.037634309148539E-4
1287	6.037634309148539E-4
1288	6.037634309148539E-4
1289	6.037634309148539E-4
1290	6.037634309148539E-4
1291	6.037634309148539E-4
1292	6.037634309148539E-4
1293	6.037634309148539E-4
1294	6.037634309148539E-4
1295	6.037634309148539E-4
1296	6.037634309148539E-4
1297	6.037634309148539E-4
1298	6.037634309148539E-4
1299	6.037634309148539E-4
1300	6.037634309148539E-4
1301	6.037634309148539E-4
1302	6.037634309148539E-4
1303	4.141475354342689E-4
1304	4.141475354342689E-4
1305	4.141475354342689E-4
1306	4.141475354342689E-4
1307	4.141475354342689E-4
1308	4.141475354342689E-4
1309	4.141475354342689E-4
1310	4.141475354342689E-4
1311	4.141475354342689E-4
1312	4.141475354342689E-4
1313	4.141475354342689E-4
1314	4.141475354342689E-4
1315	4.141475354342689E-4
1316	4.141475354342689E-4
1317	4.141475354342689E-4
1318	4.141475354342689E-4
1319	4.141475354342689E-4
1320	4.141475354342689E-4
1321	4.141475354342689E-4
1322	4.141475354342689E-4
1323	4.141475354342689E-4
1324	4.141475354342689E-4
1325	4.141475354342689E-4
1326	4.141475354342689E-4
1327	4.141475354342689E-4
1328	4.141475354342689E-4
1329	4.141475354342689E-4
1330	4.141475354342689E-4
1331	4.141475354342689E-4
1332	4.141475354342689E-4
1333	4.141475354342689E-4
1334	4.141475354342689E-4
1335	4.141475354342689E-4
1336	4.141475354342689E-4
1337	4.141475354342689E-4
1338	4.141475354342689E-4
1339	4.141475354342689E-4
1340	4.141475354342689E-4
1341	4.141475354342689E-4
1342	4.141475354342689E-4
1343	4.141475354342689E-4
1344	4.141475354342689E-4
1345	4.141475354342689E-4
1346	4.141475354342689E-4
1347	4.141475354342689E-4
1348	4.141475354342689E-4
1349	4.141475354342689E-4
1350	4.141475354342689E-4
1351	4.141475354342689E-4
1352	4.141475354342689E-4
1353	4.141475354342689E-4
1354	4.141475354342689E-4
1355	4.141475354342689E-4
1356	4.141475354342689E-4
1357	4.141475354342689E-4
1358	4.141475354342689E-4
1359	4.141475354342689E-4
1360	4.141475354342689E-4
1361	4.141475354342689E-4
1362	4.141475354342689E-4
1363	4.141475354342689E-4
1364	4.141475354342689E-4
1365	4.141475354342689E-4
1366	4.141475354342689E-4
1367	4.141475354342689E-4
1368	4.141475354342689E-4
1369	4.0334015514463273E-4
1370	4.0334015514463273E-4
1371	4.0334015514463273E-4
1372	4.0334015514463273E-4
1373	4.0334015514463273E-4
1374	4.0334015514463273E-4
1375	4.0334015514463273E-4
1376	4.0334015514463273E-4
1377	4.0334015514463273E-4
1378	4.0334015514463273E-4
1379	4.0334015514463273E-4
1380	4.0334015514463273E-4
1381	4.0334015514463273E-4
1382	4.0334015514463273E-4
1383	4.0334015514463273E-4
1384	4.0334015514463273E-4
1385	4.0334015514463273E-4
1386	4.0334015514463273E-4
1387	4.0334015514463273E-4
1388	4.0334015514463273E-4
1389	4.0334015514463273E-4
1390	4.0334015514463273E-4
1391	4.0334015514463273E-4
1392	4.0334015514463273E-4
1393	4.0334015514463273E-4
1394	4.0334015514463273E-4
1395	4.0334015514463273E-4
1396	4.0334015514463273E-4
1397	4.0334015514463273E-4
1398	4.0334015514463273E-4
1399	4.0334015514463273E-4
1400	4.0334015514463273E-4
1401	4.0334015514463273E-4
1402	4.0334015514463273E-4
1403	4.0334015514463273E-4
1404	4.0334015514463273E-4
1405	4.0334015514463273E-4
1406	4.0334015514463273E-4
1407	4.0334015514463273E-4
1408	4.0334015514463273E-4
1409	4.0334015514463273E-4
1410	4.0334015514463273E-4
1411	4.0334015514463273E-4
1412	4.0334015514463273E-4
1413	4.0334015514463273E-4
1414	4.0334015514463273E-4
1415	4.0334015514463273E-4
1416	3.850382216853867E-4
1417	3.850382216853867E-4
1418	3.850382216853867E-4
1419	3.850382216853867E-4
1420	3.850382216853867E-4
1421	3.850382216853867E-4
1422	3.850382216853867E-4
1423	3.850382216853867E-4
1424	3.850382216853867E-4
1425	3.850382216853867E-4
1426	3.850382216853867E-4
1427	3.850382216853867E-4
1428	3.850382216853867E-4
1429	3.850382216853867E-4
1430	3.850382216853867E-4
1431	3.850382216853867E-4
1432	3.850382216853867E-4
1433	3.850382216853867E-4
1434	3.850382216853867E-4
1435	3.850382216853867E-4
1436	3.850382216853867E-4
1437	3.850382216853867E-4
1438	3.850382216853867E-4
1439	3.850382216853867E-4
1440	3.850382216853867E-4
1441	3.850382216853867E-4
1442	3.850382216853867E-4
1443	3.850382216853867E-4
1444	3.850382216853867E-4
1445	3.850382216853867E-4
1446	3.850382216853867E-4
1447	3.850382216853867E-4
1448	3.850382216853867E-4
1449	3.850382216853867E-4
1450	3.850382216853867E-4
1451	3.850382216853867E-4
1452	3.850382216853867E-4
1453	3.850382216853867E-4
1454	3.850382216853867E-4
1455	3.850382216853867E-4
1456	3.850382216853867E-4
1457	3.850382216853867E-4
1458	3.850382216853867E-4
1459	3.850382216853867E-4
1460	3.850382216853867E-4
1461	3.850382216853867E-4
1462	3.850382216853867E-4
1463	3.0766173758703353E-4
1464	3.0766173758703353E-4
1465	3.0766173758703353E-4
1466	3.0766173758703353E-4
1467	3.0766173758703353E-4
1468	3.0766173758703353E-4
1469	3.0580409726086377E-4
1470	3.0580409726086377E-4
1471	3.0580409726086377E-4
1472	2.8813269564741866E-4
1473	2.8813269564741866E-4
1474	2.8813269564741866E-4
1475	2.8813269564741866E-4
1476	2.8813269564741866E-4
1477	2.8813269564741866E-4
1478	2.8813269564741866E-4
1479	2.8813269564741866E-4
1480	2.8813269564741866E-4
1481	2.822786768206294E-4
1482	2.822786768206294E-4
1483	2.822786768206294E-4
1484	2.822786768206294E-4
1485	2.822786768206294E-4
1486	2.822786768206294E-4
1487	2.822786768206294E-4
1488	2.822786768206294E-4
1489	2.822786768206294E-4
1490	2.822786768206294E-4
1491	2.822786768206294E-4
1492	2.104556028041339E-4
1493	2.104556028041339E-4
1494	2.104556028041339E-4
1495	2.104556028041339E-4
1496	2.104556028041339E-4
1497	2.104556028041339E-4
1498	2.104556028041339E-4
1499	2.104556028041339E-4
1500	2.104556028041339E-4
1501	2.104556028041339E-4
1502	2.104556028041339E-4
1503	2.104556028041339E-4
1504	2.104556028041339E-4
1505	2.104556028041339E-4
1506	2.104556028041339E-4
1507	2.104556028041339E-4
1508	2.104556028041339E-4
1509	2.104556028041339E-4
1510	2.104556028041339E-4
1511	2.104556028041339E-4
1512	2.104556028041339E-4
1513	2.104556028041339E-4
1514	2.104556028041339E-4
1515	2.104556028041339E-4
1516	2.104556028041339E-4
1517	2.104556028041339E-4
1518	2.104556028041339E-4
1519	2.104556028041339E-4
1520	2.104556028041339E-4
1521	2.104556028041339E-4
1522	2.104556028041339E-4
1523	2.104556028041339E-4
1524	2.104556028041339E-4
1525	2.104556028041339E-4
1526	2.104556028041339E-4
1527	2.104556028041339E-4
1528	2.104556028041339E-4
1529	2.104556028041339E-4
1530	2.104556028041339E-4
1531	2.104556028041339E-4
1532	2.104556028041339E-4
1533	2.104556028041339E-4
1534	2.104556028041339E-4
1535	2.104556028041339E-4
1536	2.104556028041339E-4
1537	2.104556028041339E-4
1538	2.104556028041339E-4
1539	2.104556028041339E-4
1540	2.104556028041339E-4
1541	2.104556028041339E-4
1542	2.104556028041339E-4
1543	2.104556028041339E-4
1544	2.104556028041339E-4
1545	2.104556028041339E-4
1546	2.104556028041339E-4
1547	2.104556028041339E-4
1548	2.104556028041339E-4
1549	2.104556028041339E-4
1550	2.104556028041339E-4
1551	2.104556028041339E-4
1552	2.104556028041339E-4
1553	2.104556028041339E-4
1554	2.104556028041339E-4
1555	2.104556028041339E-4
1556	2.104556028041339E-4
1557	2.104556028041339E-4
1558	2.104556028041339E-4
1559	2.104556028041339E-4
1560	2.104556028041339E-4
1561	2.104556028041339E-4
1562	2.104556028041339E-4
1563	2.104556028041339E-4
1564	2.104556028041339E-4
1565	2.104556028041339E-4
1566	2.104556028041339E-4
1567	2.104556028041339E-4
1568	2.104556028041339E-4
1569	2.104556028041339E-4
1570	2.104556028041339E-4
1571	2.104556028041339E-4
1572	2.104556028041339E-4
1573	2.104556028041339E-4
1574	2.104556028041339E-4
1575	2.104556028041339E-4
1576	2.104556028041339E-4
1577	2.104556028041339E-4
1578	2.104556028041339E-4
1579	2.104556028041339E-4
1580	2.104556028041339E-4
1581	2.104556028041339E-4
1582	2.104556028041339E-4
1583	2.104556028041339E-4
1584	2.104556028041339E-4
1585	2.104556028041339E-4
1586	2.104556028041339E-4
1587	2.104556028041339E-4
1588	2.104556028041339E-4
1589	2.104556028041339E-4
1590	2.104556028041339E-4
1591	2.104556028041339E-4
1592	2.104556028041339E-4
1593	2.104556028041339E-4
1594	2.104556028041339E-4
1595	2.104556028041339E-4
1596	2.104556028041339E-4
1597	1.77001299498268E-4
1598	1.77001299498268E-4
1599	1.77001299498268E-4
1600	1.77001299498268E-4
1601	1.77001299498268E-4
1602	1.77001299498268E-4
1603	1.77001299498268E-4
1604	1.77001299498268E-4
1605	1.77001299498268E-4
1606	1.77001299498268E-4
1607	1.77001299498268E-4
1608	1.77001299498268E-4
1609	1.77001299498268E-4
1610	1.77001299498268E-4
1611	1.77001299498268E-4
1612	1.77001299498268E-4
1613	1.77001299498268E-4
1614	1.77001299498268E-4
1615	1.77001299498268E-4
1616	1.77001299498268E-4
1617	1.77001299498268E-4
1618	1.77001299498268E-4
1619	1.77001299498268E-4
1620	1.77001299498268E-4
1621	1.77001299498268E-4
1622	1.77001299498268E-4
1623	1.77001299498268E-4
1624	1.77001299498268E-4
1625	1.77001299498268E-4
1626	1.77001299498268E-4
1627	1.77001299498268E-4
1628	1.77001299498268E-4
1629	1.77001299498268E-4
1630	1.77001299498268E-4
1631	1.77001299498268E-4
1632	1.77001299498268E-4
1633	1.77001299498268E-4
1634	1.77001299498268E-4
1635	1.77001299498268E-4
1636	1.77001299498268E-4
1637	1.77001299498268E-4
1638	1.77001299498268E-4
1639	1.77001299498268E-4
1640	1.77001299498268E-4
1641	1.77001299498268E-4
1642	1.77001299498268E-4
1643	1.77001299498268E-4
1644	1.77001299498268E-4
1645	1.77001299498268E-4
1646	1.77001299498268E-4
1647	1.77001299498268E-4
1648	1.77001299498268E-4
1649	1.77001299498268E-4
1650	1.77001299498268E-4
1651	1.77001299498268E-4
1652	1.77001299498268E-4
1653	1.77001299498268E-4
1654	1.77001299498268E-4
1655	1.77001299498268E-4
1656	1.77001299498268E-4
1657	1.77001299498268E-4
1658	1.77001299498268E-4
1659	1.77001299498268E-4
1660	1.77001299498268E-4
1661	1.77001299498268E-4
1662	1.77001299498268E-4
1663	1.77001299498268E-4
1664	1.77001299498268E-4
1665	1.77001299498268E-4
1666	1.77001299498268E-4
1667	1.77001299498268E-4
1668	1.77001299498268E-4
1669	1.77001299498268E-4
1670	1.77001299498268E-4
1671	1.77001299498268E-4
1672	1.77001299498268E-4
1673	1.77001299498268E-4
1674	1.77001299498268E-4
1675	1.77001299498268E-4
1676	1.77001299498268E-4
1677	1.77001299498268E-4
1678	1.77001299498268E-4
1679	1.77001299498268E-4
1680	1.77001299498268E-4
1681	1.77001299498268E-4
1682	1.77001299498268E-4
1683	1.77001299498268E-4
1684	1.77001299498268E-4
1685	1.77001299498268E-4
1686	1.77001299498268E-4
1687	1.77001299498268E-4
1688	1.77001299498268E-4
1689	1.77001299498268E-4
1690	1.77001299498268E-4
1691	1.77001299498268E-4
1692	1.77001299498268E-4
1693	1.77001299498268E-4
1694	1.77001299498268E-4
1695	1.77001299498268E-4
1696	1.77001299498268E-4
1697	1.77001299498268E-4
1698	1.77001299498268E-4
1699	1.77001299498268E-4
1700	1.77001299498268E-4
1701	1.77001299498268E-4
1702	1.77001299498268E-4
1703	1.77001299498268E-4
1704	1.77001299498268E-4
1705	1.77001299498268E-4
1706	1.77001299498268E-4
1707	1.77001299498268E-4
1708	1.77001299498268E-4
1709	1.77001299498268E-4
1710	1.77001299498268E-4
1711	1.77001299498268E-4
1712	1.77001299498268E-4
1713	1.77001299498268E-4
1714	1.77001299498268E-4
1715	1.77001299498268E-4
1716	1.77001299498268E-4
1717	1.77001299498268E-4
1718	1.77001299498268E-4
1719	1.77001299498268E-4
1720	1.77001299498268E-4
1721	1.77001299498268E-4
1722	1.77001299498268E-4
1723	1.77001299498268E-4
1724	1.77001299498268E-4
1725	1.77001299498268E-4
1726	1.77001299498268E-4
1727	1.77001299498268E-4
1728	1.77001299498268E-4
1729	1.77001299498268E-4
1730	1.77001299498268E-4
1731	1.77001299498268E-4
1732	1.77001299498268E-4
1733	1.77001299498268E-4
1734	1.77001299498268E-4
1735	1.77001299498268E-4
1736	1.77001299498268E-4
1737	1.77001299498268E-4
1738	1.77001299498268E-4
1739	1.77001299498268E-4
1740	1.77001299498268E-4
1741	1.77001299498268E-4
1742	1.77001299498268E-4
1743	1.77001299498268E-4
1744	1.77001299498268E-4
1745	1.77001299498268E-4
1746	1.77001299498268E-4
1747	1.77001299498268E-4
1748	1.77001299498268E-4
1749	1.77001299498268E-4
1750	1.77001299498268E-4
1751	1.77001299498268E-4
1752	1.77001299498268E-4
1753	1.77001299498268E-4
1754	1.77001299498268E-4
1755	1.77001299498268E-4
1756	1.77001299498268E-4
1757	1.77001299498268E-4
1758	1.77001299498268E-4
1759	1.77001299498268E-4
1760	1.77001299498268E-4
1761	1.77001299498268E-4
1762	1.77001299498268E-4
1763	1.77001299498268E-4
1764	1.77001299498268E-4
1765	1.77001299498268E-4
1766	1.77001299498268E-4
1767	1.77001299498268E-4
1768	1.77001299498268E-4
1769	1.77001299498268E-4
1770	1.77001299498268E-4
1771	1.77001299498268E-4
1772	1.77001299498268E-4
1773	1.77001299498268E-4
1774	1.77001299498268E-4
1775	1.77001299498268E-4
1776	1.77001299498268E-4
1777	1.77001299498268E-4
1778	1.77001299498268E-4
1779	1.77001299498268E-4
1780	1.7418327664738182E-4
1781	1.7418327664738182E-4
1782	1.7418327664738182E-4
1783	1.7418327664738182E-4
1784	1.7418327664738182E-4
1785	1.7418327664738182E-4
1786	1.7418327664738182E-4
1787	1.7418327664738182E-4
1788	1.7418327664738182E-4
1789	1.7418327664738182E-4
1790	1.7418327664738182E-4
1791	1.7418327664738182E-4
1792	1.7418327664738182E-4
1793	1.7418327664738182E-4
1794	1.7418327664738182E-4
1795	1.7418327664738182E-4
1796	1.7418327664738182E-4
1797	1.7418327664738182E-4
1798	1.7418327664738182E-4
1799	1.7418327664738182E-4
1800	1.7418327664738182E-4
1801	1.7418327664738182E-4
1802	1.7418327664738182E-4
1803	1.7418327664738182E-4
1804	1.7418327664738182E-4
1805	1.7418327664738182E-4
1806	1.7418327664738182E-4
1807	1.7418327664738182E-4
1808	1.7418327664738182E-4
1809	1.7418327664738182E-4
1810	1.7418327664738182E-4
1811	1.7418327664738182E-4
1812	1.7418327664738182E-4
1813	1.7418327664738182E-4
1814	1.7418327664738182E-4
1815	1.7418327664738182E-4
1816	1.7418327664738182E-4
1817	1.7418327664738182E-4
1818	1.7418327664738182E-4
1819	1.7418327664738182E-4
1820	1.7418327664738182E-4
1821	1.7418327664738182E-4
1822	1.7418327664738182E-4
1823	1.7418327664738182E-4
1824	1.7418327664738182E-4
1825	1.7418327664738182E-4
1826	1.7418327664738182E-4
1827	1.7418327664738182E-4
1828	1.7418327664738182E-4
1829	1.7418327664738182E-4
1830	1.7418327664738182E-4
1831	1.7418327664738182E-4
1832	1.7418327664738182E-4
1833	1.7418327664738182E-4
1834	1.7418327664738182E-4
1835	1.7418327664738182E-4
1836	1.7418327664738182E-4
1837	1.7418327664738182E-4
1838	1.7418327664738182E-4
1839	1.7418327664738182E-4
1840	1.7418327664738182E-4
1841	1.7418327664738182E-4
1842	1.7418327664738182E-4
1843	1.7418327664738182E-4
1844	1.7418327664738182E-4
1845	1.7418327664738182E-4
1846	1.7418327664738182E-4
1847	1.7418327664738182E-4
1848	1.7418327664738182E-4
1849	1.7418327664738182E-4
1850	1.7418327664738182E-4
1851	1.7418327664738182E-4
1852	1.7418327664738182E-4
1853	1.7418327664738182E-4
1854	1.7418327664738182E-4
1855	1.7418327664738182E-4
1856	1.7418327664738182E-4
1857	1.7418327664738182E-4
1858	1.7418327664738182E-4
1859	1.7418327664738182E-4
1860	1.7418327664738182E-4
1861	1.7418327664738182E-4
1862	1.7418327664738182E-4
1863	1.7418327664738182E-4
1864	1.7418327664738182E-4
1865	1.7418327664738182E-4
1866	1.7418327664738182E-4
1867	1.7418327664738182E-4
1868	1.7418327664738182E-4
1869	1.7418327664738182E-4
1870	1.7418327664738182E-4
1871	1.7418327664738182E-4
1872	1.7418327664738182E-4
1873	1.7418327664738182E-4
1874	1.7418327664738182E-4
1875	1.7418327664738182E-4
1876	1.7418327664738182E-4
1877	1.7418327664738182E-4
1878	1.7418327664738182E-4
1879	1.7418327664738182E-4
1880	1.7418327664738182E-4
1881	1.7418327664738182E-4
1882	1.7418327664738182E-4
1883	1.7418327664738182E-4
1884	1.7418327664738182E-4
1885	1.7418327664738182E-4
1886	1.7418327664738182E-4
1887	1.7418327664738182E-4
1888	1.7418327664738182E-4
1889	1.7418327664738182E-4
1890	1.7418327664738182E-4
1891	1.7418327664738182E-4
1892	1.7418327664738182E-4
1893	1.7418327664738182E-4
1894	1.7418327664738182E-4
1895	1.7418327664738182E-4
1896	1.7418327664738182E-4
1897	1.72638461277917E-4
1898	1.72638461277917E-4
1899	1.72638461277917E-4
1900	1.72638461277917E-4
1901	1.72638461277917E-4
1902	1.72638461277917E-4
1903	1.72638461277917E-4
1904	1.72638461277917E-4
1905	1.72638461277917E-4
1906	1.72638461277917E-4
1907	1.72638461277917E-4
1908	1.72638461277917E-4
1909	1.72638461277917E-4
1910	1.72638461277917E-4
1911	1.72638461277917E-4
1912	1.72638461277917E-4
1913	1.72638461277917E-4
1914	1.72638461277917E-4
1915	1.72638461277917E-4
1916	1.72638461277917E-4
1917	1.72638461277917E-4
1918	1.72638461277917E-4
1919	1.72638461277917E-4
1920	1.72638461277917E-4
1921	1.72638461277917E-4
1922	1.72638461277917E-4
1923	1.72638461277917E-4
1924	1.72638461277917E-4
1925	1.5043236762546253E-4
1926	1.5043236762546253E-4
1927	1.5043236762546253E-4
1928	1.5043236762546253E-4
1929	1.5043236762546253E-4
1930	1.5043236762546253E-4
1931	1.5043236762546253E-4
1932	1.5043236762546253E-4
1933	1.5043236762546253E-4
1934	1.5043236762546253E-4
1935	1.5043236762546253E-4
1936	1.5043236762546253E-4
1937	1.5043236762546253E-4
1938	1.5043236762546253E-4
1939	1.5043236762546253E-4
1940	1.5043236762546253E-4
1941	1.5043236762546253E-4
1942	1.5043236762546253E-4
1943	1.5043236762546253E-4
1944	1.5043236762546253E-4
1945	1.5043236762546253E-4
1946	1.5043236762546253E-4
1947	1.5043236762546253E-4
1948	1.5043236762546253E-4
1949	1.5043236762546253E-4
1950	1.5043236762546253E-4
1951	1.5043236762546253E-4
1952	1.5043236762546253E-4
1953	1.5043236762546253E-4
1954	1.4866566343909316E-4
1955	1.4866566343909316E-4
1956	1.4866566343909316E-4
1957	1.4866566343909316E-4
1958	1.4866566343909316E-4
1959	1.4866566343909316E-4
1960	1.4866566343909316E-4
1961	1.4866566343909316E-4
1962	1.4866566343909316E-4
1963	1.4866566343909316E-4
1964	1.4866566343909316E-4
1965	1.4866566343909316E-4
1966	1.4866566343909316E-4
1967	1.4866566343909316E-4
1968	1.4866566343909316E-4
1969	1.4866566343909316E-4
1970	1.4866566343909316E-4
1971	1.4866566343909316E-4
1972	1.4866566343909316E-4
1973	1.4866566343909316E-4
1974	1.4866566343909316E-4
1975	1.4866566343909316E-4
1976	1.4866566343909316E-4
1977	1.4866566343909316E-4
1978	1.4866566343909316E-4
1979	1.4866566343909316E-4
1980	1.4866566343909316E-4
1981	1.4866566343909316E-4
1982	1.4866566343909316E-4
1983	1.4866566343909316E-4
1984	1.4866566343909316E-4
1985	1.4866566343909316E-4
1986	1.4866566343909316E-4
1987	1.4866566343909316E-4
1988	1.4866566343909316E-4
1989	1.4866566343909316E-4
1990	1.4866566343909316E-4
1991	1.4866566343909316E-4
1992	1.4866566343909316E-4
1993	1.4866566343909316E-4
1994	1.4866566343909316E-4
1995	1.4866566343909316E-4
1996	1.4866566343909316E-4
1997	1.4866566343909316E-4
1998	1.4866566343909316E-4
1999	1.4866566343909316E-4
2000	1.4866566343909316E-4
2001	1.4866566343909316E-4
2002	1.4866566343909316E-4
2003	1.4866566343909316E-4
2004	1.4866566343909316E-4
2005	1.4866566343909316E-4
2006	1.4866566343909316E-4
2007	1.4866566343909316E-4
2008	1.4866566343909316E-4
2009	1.4866566343909316E-4
2010	1.4866566343909316E-4
2011	1.4866566343909316E-4
2012	1.4866566343909316E-4
2013	1.4866566343909316E-4
2014	1.4866566343909316E-4
2015	1.4866566343909316E-4
2016	1.4866566343909316E-4
2017	1.4866566343909316E-4
2018	1.4866566343909316E-4
2019	1.4866566343909316E-4
2020	1.4866566343909316E-4
2021	1.4866566343909316E-4
2022	1.4866566343909316E-4
2023	1.4866566343909316E-4
2024	1.4866566343909316E-4
2025	1.4866566343909316E-4
2026	1.4866566343909316E-4
2027	1.4866566343909316E-4
2028	1.4866566343909316E-4
2029	1.4866566343909316E-4
2030	1.4866566343909316E-4
2031	1.4866566343909316E-4
2032	1.4866566343909316E-4
2033	1.4866566343909316E-4
2034	1.4866566343909316E-4
2035	1.4866566343909316E-4
2036	1.4866566343909316E-4
2037	1.4866566343909316E-4
2038	1.4866566343909316E-4
2039	1.4866566343909316E-4
2040	1.4866566343909316E-4
2041	1.4866566343909316E-4
2042	1.4866566343909316E-4
2043	1.4866566343909316E-4
2044	1.4866566343909316E-4
2045	1.4866566343909316E-4
2046	1.4866566343909316E-4
2047	1.4866566343909316E-4
2048	1.4866566343909316E-4
2049	1.4866566343909316E-4
2050	1.4866566343909316E-4
2051	1.4866566343909316E-4
2052	1.4866566343909316E-4
2053	1.4866566343909316E-4
2054	1.4866566343909316E-4
2055	1.4866566343909316E-4
2056	1.4866566343909316E-4
2057	1.4866566343909316E-4
2058	1.4866566343909316E-4
2059	1.4866566343909316E-4
2060	1.4866566343909316E-4
2061	1.4866566343909316E-4
2062	1.4866566343909316E-4
2063	1.4866566343909316E-4
2064	1.4866566343909316E-4
2065	1.4866566343909316E-4
2066	1.4866566343909316E-4
2067	1.4866566343909316E-4
2068	1.4866566343909316E-4
2069	1.4866566343909316E-4
2070	1.4866566343909316E-4
2071	1.4866566343909316E-4
2072	1.4866566343909316E-4
2073	1.4866566343909316E-4
2074	1.4866566343909316E-4
2075	1.4866566343909316E-4
2076	1.4866566343909316E-4
2077	1.4866566343909316E-4
2078	1.4866566343909316E-4
2079	1.4866566343909316E-4
2080	1.4866566343909316E-4
2081	1.4866566343909316E-4
2082	1.4866566343909316E-4
2083	1.4866566343909316E-4
2084	1.4866566343909316E-4
2085	1.4866566343909316E-4
2086	1.4866566343909316E-4
2087	1.4866566343909316E-4
2088	1.4866566343909316E-4
2089	1.4866566343909316E-4
2090	1.434590087402179E-4
2091	1.434590087402179E-4
2092	1.434590087402179E-4
2093	1.434590087402179E-4
2094	1.434590087402179E-4
2095	1.434590087402179E-4
2096	1.434590087402179E-4
2097	1.434590087402179E-4
2098	1.434590087402179E-4
2099	1.434590087402179E-4
2100	1.434590087402179E-4
2101	1.434590087402179E-4
2102	1.434590087402179E-4
2103	1.434590087402179E-4
2104	1.434590087402179E-4
2105	1.434590087402179E-4
2106	1.434590087402179E-4
2107	1.434590087402179E-4
2108	1.434590087402179E-4
2109	1.3655287508231723E-4
2110	1.2689867572452312E-4
2111	1.2689867572452312E-4
2112	1.2689867572452312E-4
2113	1.2689867572452312E-4
2114	1.2689867572452312E-4
2115	1.2689867572452312E-4
2116	1.2689867572452312E-4
2117	1.2689867572452312E-4
2118	1.2689867572452312E-4
2119	1.2689867572452312E-4
2120	1.2689867572452312E-4
2121	1.2689867572452312E-4
2122	1.2689867572452312E-4
2123	1.2689867572452312E-4
2124	1.2689867572452312E-4
2125	1.2689867572452312E-4
2126	1.2689867572452312E-4
2127	1.2689867572452312E-4
2128	1.2689867572452312E-4
2129	1.2689867572452312E-4
2130	1.2689867572452312E-4
2131	1.2689867572452312E-4
2132	1.2689867572452312E-4
2133	1.2689867572452312E-4
2134	1.2689867572452312E-4
2135	1.2689867572452312E-4
2136	1.2689867572452312E-4
2137	1.2251709697976812E-4
2138	1.2251709697976812E-4
2139	1.2251709697976812E-4
2140	1.2251709697976812E-4
2141	1.2251709697976812E-4
2142	1.2251709697976812E-4
2143	1.2251709697976812E-4
2144	1.2251709697976812E-4
2145	1.2251709697976812E-4
2146	1.2251709697976812E-4
2147	1.2251709697976812E-4
2148	1.2251709697976812E-4
2149	1.2251709697976812E-4
2150	1.2251709697976812E-4
2151	1.2251709697976812E-4
2152	1.2251709697976812E-4
2153	1.2251709697976812E-4
2154	1.2251709697976812E-4
2155	1.2251709697976812E-4
2156	1.2251709697976812E-4
2157	1.2251709697976812E-4
2158	1.2251709697976812E-4
2159	1.2251709697976812E-4
2160	1.2251709697976812E-4
2161	1.2251709697976812E-4
2162	1.2251709697976812E-4
2163	1.2251709697976812E-4
2164	1.2251709697976812E-4
2165	1.2251709697976812E-4
2166	1.2251709697976812E-4
2167	1.2251709697976812E-4
2168	1.2251709697976812E-4
2169	1.2251709697976812E-4
2170	1.2251709697976812E-4
2171	1.2251709697976812E-4
2172	1.2251709697976812E-4
2173	1.2251709697976812E-4
2174	1.2251709697976812E-4
2175	1.2251709697976812E-4
2176	1.2251709697976812E-4
2177	1.2251709697976812E-4
2178	1.2251709697976812E-4
2179	1.2251709697976812E-4
2180	1.2251709697976812E-4
2181	1.2251709697976812E-4
2182	1.2251709697976812E-4
2183	1.2251709697976812E-4
2184	1.2251709697976812E-4
2185	1.2251709697976812E-4
2186	1.2251709697976812E-4
2187	1.2251709697976812E-4
2188	1.2251709697976812E-4
2189	1.2251709697976812E-4
2190	1.2251709697976812E-4
2191	1.2251709697976812E-4
2192	1.2251709697976812E-4
2193	1.2251709697976812E-4
2194	1.2251709697976812E-4
2195	1.2251709697976812E-4
2196	1.2251709697976812E-4
2197	1.2251709697976812E-4
2198	1.2251709697976812E-4
2199	1.2251709697976812E-4
2200	1.2251709697976812E-4
2201	1.2251709697976812E-4
2202	1.2251709697976812E-4
2203	1.2251709697976812E-4
2204	1.2251709697976812E-4
2205	1.2251709697976812E-4
2206	1.2251709697976812E-4
2207	1.2251709697976812E-4
2208	1.2251709697976812E-4
2209	1.2251709697976812E-4
2210	1.2251709697976812E-4
2211	1.2251709697976812E-4
2212	1.2251709697976812E-4
2213	1.2251709697976812E-4
2214	1.2251709697976812E-4
2215	1.2251709697976812E-4
2216	1.0802770380452706E-4
2217	1.0802770380452706E-4
2218	1.0802770380452706E-4
2219	1.0802770380452706E-4
2220	1.0802770380452706E-4
2221	1.0802770380452706E-4
2222	1.0802770380452706E-4
2223	1.0802770380452706E-4
2224	1.0802770380452706E-4
2225	1.0802770380452706E-4
2226	1.0802770380452706E-4
2227	1.0802770380452706E-4
2228	1.0802770380452706E-4
2229	1.0802770380452706E-4
2230	1.0802770380452706E-4
2231	1.0802770380452706E-4
2232	1.0802770380452706E-4
2233	1.0802770380452706E-4
2234	1.0802770380452706E-4
2235	1.0802770380452706E-4
2236	1.0802770380452706E-4
2237	1.0802770380452706E-4
2238	1.0802770380452706E-4
2239	1.0802770380452706E-4
2240	1.0802770380452706E-4
2241	1.0802770380452706E-4
2242	1.0802770380452706E-4
2243	1.0802770380452706E-4
2244	1.0802770380452706E-4
2245	1.0802770380452706E-4
2246	1.0802770380452706E-4
2247	1.0802770380452706E-4
2248	1.0802770380452706E-4
2249	1.0802770380452706E-4
2250	1.0802770380452706E-4
2251	1.0802770380452706E-4
2252	1.0802770380452706E-4
2253	1.0802770380452706E-4
2254	1.0802770380452706E-4
2255	1.0802770380452706E-4
2256	1.0802770380452706E-4
2257	1.0802770380452706E-4
2258	1.0802770380452706E-4
2259	1.0802770380452706E-4
2260	1.0802770380452706E-4
2261	1.0802770380452706E-4
2262	1.0802770380452706E-4
2263	1.0802770380452706E-4
2264	1.0802770380452706E-4
2265	1.0802770380452706E-4
2266	1.0802770380452706E-4
2267	1.0802770380452706E-4
2268	1.0802770380452706E-4
2269	1.0802770380452706E-4
2270	1.0802770380452706E-4
2271	1.0802770380452706E-4
2272	1.0802770380452706E-4
2273	1.0802770380452706E-4
2274	1.0802770380452706E-4
2275	1.0802770380452706E-4
2276	1.0802770380452706E-4
2277	1.0802770380452706E-4
2278	1.0802770380452706E-4
2279	1.0802770380452706E-4
2280	1.0802770380452706E-4
2281	1.0802770380452706E-4
2282	1.0802770380452706E-4
2283	1.0802770380452706E-4
2284	1.0802770380452706E-4
2285	1.0802770380452706E-4
2286	1.0802770380452706E-4
2287	1.0802770380452706E-4
2288	1.0802770380452706E-4
2289	1.0802770380452706E-4
2290	1.0802770380452706E-4
2291	1.0802770380452706E-4
2292	1.0802770380452706E-4
2293	1.0802770380452706E-4
2294	1.0802770380452706E-4
2295	1.0802770380452706E-4
2296	1.0802770380452706E-4
2297	1.0802770380452706E-4
2298	1.0802770380452706E-4
2299	1.0802770380452706E-4
2300	1.0802770380452706E-4
2301	1.0802770380452706E-4
2302	1.0802770380452706E-4
2303	7.836307230249444E-5
2304	7.836307230249444E-5
2305	7.836307230249444E-5
2306	7.836307230249444E-5
2307	7.836307230249444E-5
2308	7.836307230249444E-5
2309	7.836307230249444E-5
2310	7.836307230249444E-5
2311	7.836307230249444E-5
2312	7.836307230249444E-5
2313	7.836307230249444E-5
2314	7.836307230249444E-5
2315	7.836307230249444E-5
2316	7.836307230249444E-5
2317	7.836307230249444E-5
2318	7.836307230249444E-5
2319	7.836307230249444E-5
2320	7.836307230249444E-5
2321	7.836307230249444E-5
2322	7.836307230249444E-5
2323	7.836307230249444E-5
2324	7.836307230249444E-5
2325	7.836307230249444E-5
2326	7.836307230249444E-5
2327	7.836307230249444E-5
2328	7.836307230249444E-5
2329	7.836307230249444E-5
2330	7.836307230249444E-5
2331	7.836307230249444E-5
2332	7.836307230249444E-5
2333	7.836307230249444E-5
2334	7.836307230249444E-5
2335	7.836307230249444E-5
2336	7.836307230249444E-5
2337	7.836307230249444E-5
2338	7.836307230249444E-5
2339	7.836307230249444E-5
2340	7.836307230249444E-5
2341	7.836307230249444E-5
2342	7.836307230249444E-5
2343	7.836307230249444E-5
2344	7.836307230249444E-5
2345	7.836307230249444E-5
2346	7.836307230249444E-5
2347	7.836307230249444E-5
2348	7.836307230249444E-5
2349	7.836307230249444E-5
2350	7.836307230249444E-5
2351	7.774246493460007E-5
2352	7.774246493460007E-5
2353	7.774246493460007E-5
2354	7.774246493460007E-5
2355	7.774246493460007E-5
2356	7.774246493460007E-5
2357	7.774246493460007E-5
2358	7.774246493460007E-5
2359	7.774246493460007E-5
2360	7.774246493460007E-5
2361	7.774246493460007E-5
2362	7.774246493460007E-5
2363	7.774246493460007E-5
2364	7.774246493460007E-5
2365	7.774246493460007E-5
2366	7.774246493460007E-5
2367	7.774246493460007E-5
2368	7.774246493460007E-5
2369	7.774246493460007E-5
2370	7.774246493460007E-5
2371	7.774246493460007E-5
2372	7.774246493460007E-5
2373	7.774246493460007E-5
2374	7.774246493460007E-5
2375	7.774246493460007E-5
2376	7.774246493460007E-5
2377	7.774246493460007E-5
2378	7.774246493460007E-5
2379	7.774246493460007E-5
2380	7.774246493460007E-5
2381	7.774246493460007E-5
2382	7.774246493460007E-5
2383	7.774246493460007E-5
2384	7.774246493460007E-5
2385	7.774246493460007E-5
2386	7.774246493460007E-5
2387	7.774246493460007E-5
2388	7.774246493460007E-5
2389	7.774246493460007E-5
2390	7.774246493460007E-5
2391	7.774246493460007E-5
2392	7.774246493460007E-5
2393	7.774246493460007E-5
2394	7.774246493460007E-5
2395	7.774246493460007E-5
2396	7.774246493460007E-5
2397	7.774246493460007E-5
2398	7.774246493460007E-5
2399	7.774246493460007E-5
2400	7.774246493460007E-5
2401	7.774246493460007E-5
2402	7.774246493460007E-5
2403	7.774246493460007E-5
2404	7.774246493460007E-5
2405	7.774246493460007E-5
2406	7.774246493460007E-5
2407	7.774246493460007E-5
2408	7.774246493460007E-5
2409	7.774246493460007E-5
2410	7.774246493460007E-5
2411	7.774246493460007E-5
2412	7.774246493460007E-5
2413	7.774246493460007E-5
2414	7.774246493460007E-5
2415	7.774246493460007E-5
2416	7.774246493460007E-5
2417	7.774246493460007E-5
2418	7.774246493460007E-5
2419	7.774246493460007E-5
2420	7.774246493460007E-5
2421	7.774246493460007E-5
2422	7.774246493460007E-5
2423	7.774246493460007E-5
2424	7.774246493460007E-5
2425	7.774246493460007E-5
2426	7.774246493460007E-5
2427	7.774246493460007E-5
2428	7.774246493460007E-5
2429	7.774246493460007E-5
2430	7.774246493460007E-5
2431	7.774246493460007E-5
2432	7.774246493460007E-5
2433	7.774246493460007E-5
2434	7.774246493460007E-5
2435	7.774246493460007E-5
2436	7.774246493460007E-5
2437	7.774246493460007E-5
2438	7.774246493460007E-5
2439	7.774246493460007E-5
2440	7.774246493460007E-5
2441	7.774246493460007E-5
2442	7.774246493460007E-5
2443	7.658559313047887E-5
2444	7.658559313047887E-5
2445	7.658559313047887E-5
2446	7.658559313047887E-5
2447	6.768718617577967E-5
2448	6.768718617577967E-5
2449	6.768718617577967E-5
2450	6.768718617577967E-5
2451	6.768718617577967E-5
2452	6.768718617577967E-5
2453	6.768718617577967E-5
2454	6.768718617577967E-5
2455	6.768718617577967E-5
2456	6.768718617577967E-5
2457	6.768718617577967E-5
2458	6.768718617577967E-5
2459	6.768718617577967E-5
2460	6.768718617577967E-5
2461	6.768718617577967E-5
2462	6.768718617577967E-5
2463	6.768718617577967E-5
2464	6.768718617577967E-5
2465	6.768718617577967E-5
2466	6.768718617577967E-5
2467	6.768718617577967E-5
2468	6.768718617577967E-5
2469	6.768718617577967E-5
2470	6.768718617577967E-5
2471	6.768718617577967E-5
2472	6.768718617577967E-5
2473	6.768718617577967E-5
2474	6.768718617577967E-5
2475	6.768718617577967E-5
2476	6.768718617577967E-5
2477	6.768718617577967E-5
2478	6.768718617577967E-5
2479	6.768718617577967E-5
2480	6.768718617577967E-5
2481	6.768718617577967E-5
2482	6.768718617577967E-5
2483	6.768718617577967E-5
2484	6.768718617577967E-5
2485	6.768718617577967E-5
2486	6.768718617577967E-5
2487	6.768718617577967E-5
2488	6.768718617577967E-5
2489	6.768718617577967E-5
2490	6.768718617577967E-5
2491	6.768718617577967E-5
2492	6.768718617577967E-5
2493	6.768718617577967E-5
2494	6.768718617577967E-5
2495	6.768718617577967E-5
2496	6.768718617577967E-5
2497	6.768718617577967E-5
2498	6.768718617577967E-5
2499	6.768718617577967E-5
2500	6.768718617577967E-5
2501	6.768718617577967E-5
2502	6.768718617577967E-5
2503	6.768718617577967E-5
2504	6.768718617577967E-5
2505	6.768718617577967E-5
2506	6.768718617577967E-5
2507	6.768718617577967E-5
2508	6.768718617577967E-5
2509	6.768718617577967E-5
2510	6.768718617577967E-5
2511	6.768718617577967E-5
2512	6.768718617577967E-5
2513	6.768718617577967E-5
2514	6.768718617577967E-5
2515	6.768718617577967E-5
2516	6.768718617577967E-5
2517	6.768718617577967E-5
2518	6.768718617577967E-5
2519	6.768718617577967E-5
2520	6.768718617577967E-5
2521	6.768718617577967E-5
2522	6.768718617577967E-5
2523	6.768718617577967E-5
2524	6.768718617577967E-5
2525	6.768718617577967E-5
2526	6.768718617577967E-5
2527	6.768718617577967E-5
2528	6.768718617577967E-5
2529	6.768718617577967E-5
2530	6.768718617577967E-5
2531	6.768718617577967E-5
2532	6.768718617577967E-5
2533	6.768718617577967E-5
2534	6.768718617577967E-5
2535	6.768718617577967E-5
2536	6.768718617577967E-5
2537	6.768718617577967E-5
2538	6.768718617577967E-5
2539	6.768718617577967E-5
2540	6.768718617577967E-5
2541	6.768718617577967E-5
2542	6.768718617577967E-5
2543	6.768718617577967E-5
2544	6.768718617577967E-5
2545	6.768718617577967E-5
2546	6.768718617577967E-5
2547	6.768718617577967E-5
2548	6.768718617577967E-5
2549	6.768718617577967E-5
2550	6.768718617577967E-5
2551	6.768718617577967E-5
2552	6.768718617577967E-5
2553	6.768718617577967E-5
2554	6.768718617577967E-5
2555	6.768718617577967E-5
2556	6.768718617577967E-5
2557	6.768718617577967E-5
2558	6.768718617577967E-5
2559	6.768718617577967E-5
2560	6.768718617577967E-5
2561	6.752695455046432E-5
2562	6.752695455046432E-5
2563	6.752695455046432E-5
2564	6.752695455046432E-5
2565	6.752695455046432E-5
2566	6.752695455046432E-5
2567	6.752695455046432E-5
2568	6.752695455046432E-5
2569	6.752695455046432E-5
2570	6.752695455046432E-5
2571	6.752695455046432E-5
2572	6.752695455046432E-5
2573	6.752695455046432E-5
2574	6.752695455046432E-5
2575	6.752695455046432E-5
2576	6.752695455046432E-5
2577	6.752695455046432E-5
2578	6.752695455046432E-5
2579	6.752695455046432E-5
2580	6.752695455046432E-5
2581	6.752695455046432E-5
2582	6.752695455046432E-5
2583	6.752695455046432E-5
2584	6.752695455046432E-5
2585	6.752695455046432E-5
2586	6.752695455046432E-5
2587	6.752695455046432E-5
2588	6.752695455046432E-5
2589	6.752695455046432E-5
2590	6.752695455046432E-5
2591	6.752695455046432E-5
2592	6.752695455046432E-5
2593	6.752695455046432E-5
2594	6.752695455046432E-5
2595	6.752695455046432E-5
2596	6.752695455046432E-5
2597	5.139921178016715E-5
2598	5.139921178016715E-5
2599	5.139921178016715E-5
2600	5.139921178016715E-5
2601	5.139921178016715E-5
2602	5.139921178016715E-5
2603	5.139921178016715E-5
2604	5.139921178016715E-5
2605	5.139921178016715E-5
2606	5.139921178016715E-5
2607	5.139921178016715E-5
2608	5.139921178016715E-5
2609	5.139921178016715E-5
2610	5.139921178016715E-5
2611	5.139921178016715E-5
2612	5.139921178016715E-5
2613	5.139921178016715E-5
2614	5.139921178016715E-5
2615	5.139921178016715E-5
2616	5.139921178016715E-5
2617	5.139921178016715E-5
2618	5.139921178016715E-5
2619	5.136341034735139E-5
2620	5.136341034735139E-5
2621	5.136341034735139E-5
2622	5.136341034735139E-5
2623	5.136341034735139E-5
2624	5.136341034735139E-5
2625	5.136341034735139E-5
2626	5.136341034735139E-5
2627	5.136341034735139E-5
2628	5.136341034735139E-5
2629	5.136341034735139E-5
2630	5.136341034735139E-5
2631	5.136341034735139E-5
2632	5.136341034735139E-5
2633	5.136341034735139E-5
2634	5.136341034735139E-5
2635	5.136341034735139E-5
2636	5.136341034735139E-5
2637	5.136341034735139E-5
2638	5.136341034735139E-5
2639	5.136341034735139E-5
2640	5.0904079127466175E-5
2641	5.0904079127466175E-5
2642	5.0904079127466175E-5
2643	5.0904079127466175E-5
2644	5.0904079127466175E-5
2645	5.0904079127466175E-5
2646	5.0904079127466175E-5
2647	5.0904079127466175E-5
2648	5.0904079127466175E-5
2649	5.0904079127466175E-5
2650	5.0904079127466175E-5
2651	5.0904079127466175E-5
2652	5.0904079127466175E-5
2653	5.0904079127466175E-5
2654	5.0904079127466175E-5
2655	5.0904079127466175E-5
2656	5.0904079127466175E-5
2657	5.0904079127466175E-5
2658	5.0904079127466175E-5
2659	5.0904079127466175E-5
2660	5.0904079127466175E-5
2661	5.0904079127466175E-5
2662	5.0904079127466175E-5
2663	5.0904079127466175E-5
2664	5.0904079127466175E-5
2665	5.0904079127466175E-5
2666	5.0904079127466175E-5
2667	5.0904079127466175E-5
2668	5.0904079127466175E-5
2669	5.0904079127466175E-5
2670	5.0904079127466175E-5
2671	5.0904079127466175E-5
2672	5.0904079127466175E-5
2673	5.0904079127466175E-5
2674	5.0904079127466175E-5
2675	5.0904079127466175E-5
2676	5.0904079127466175E-5
2677	5.0904079127466175E-5
2678	5.0904079127466175E-5
2679	5.0904079127466175E-5
2680	5.0904079127466175E-5
2681	5.0904079127466175E-5
2682	5.0904079127466175E-5
2683	5.0904079127466175E-5
2684	5.0904079127466175E-5
2685	5.0904079127466175E-5
2686	5.0904079127466175E-5
2687	5.0904079127466175E-5
2688	5.0904079127466175E-5
2689	5.0904079127466175E-5
2690	5.0904079127466175E-5
2691	5.0904079127466175E-5
2692	5.0904079127466175E-5
2693	5.0904079127466175E-5
2694	5.0904079127466175E-5
2695	5.0904079127466175E-5
2696	5.0904079127466175E-5
2697	5.0904079127466175E-5
2698	5.0904079127466175E-5
2699	5.0904079127466175E-5
2700	5.0904079127466175E-5
2701	5.0904079127466175E-5
2702	5.0904079127466175E-5
2703	5.0904079127466175E-5
2704	5.0904079127466175E-5
2705	5.0904079127466175E-5
2706	5.0904079127466175E-5
2707	5.0904079127466175E-5
2708	5.0904079127466175E-5
2709	5.0904079127466175E-5
2710	5.0904079127466175E-5
2711	5.0904079127466175E-5
2712	5.0904079127466175E-5
2713	5.0904079127466175E-5
2714	5.0904079127466175E-5
2715	5.0904079127466175E-5
2716	5.0904079127466175E-5
2717	5.0904079127466175E-5
2718	5.0904079127466175E-5
2719	5.0904079127466175E-5
2720	5.0904079127466175E-5
2721	5.0904079127466175E-5
2722	5.0904079127466175E-5
2723	5.0904079127466175E-5
2724	5.0904079127466175E-5
2725	5.0904079127466175E-5
2726	5.0904079127466175E-5
2727	5.0904079127466175E-5
2728	5.0904079127466175E-5
2729	5.0904079127466175E-5
2730	5.0904079127466175E-5
2731	5.0904079127466175E-5
2732	5.0904079127466175E-5
2733	5.0904079127466175E-5
2734	5.0904079127466175E-5
2735	5.0904079127466175E-5
2736	5.0904079127466175E-5
2737	5.0904079127466175E-5
2738	5.0904079127466175E-5
2739	5.0904079127466175E-5
2740	5.0904079127466175E-5
2741	5.0904079127466175E-5
2742	5.0904079127466175E-5
2743	5.0904079127466175E-5
2744	5.0904079127466175E-5
2745	5.0904079127466175E-5
2746	5.0904079127466175E-5
2747	5.0904079127466175E-5
2748	5.0806821675453515E-5
2749	5.0806821675453515E-5
2750	5.0806821675453515E-5
2751	5.0806821675453515E-5
2752	5.0806821675453515E-5
2753	5.0806821675453515E-5
2754	5.0806821675453515E-5
2755	5.0806821675453515E-5
2756	5.0806821675453515E-5
2757	5.0806821675453515E-5
2758	5.0806821675453515E-5
2759	5.0806821675453515E-5
2760	5.0806821675453515E-5
2761	5.0806821675453515E-5
2762	5.0806821675453515E-5
2763	5.0806821675453515E-5
2764	5.0806821675453515E-5
2765	5.0806821675453515E-5
2766	5.0806821675453515E-5
2767	5.0806821675453515E-5
2768	5.0806821675453515E-5
2769	5.0806821675453515E-5
2770	5.0806821675453515E-5
2771	5.0806821675453515E-5
2772	5.0806821675453515E-5
2773	5.0806821675453515E-5
2774	5.0806821675453515E-5
2775	5.0806821675453515E-5
2776	5.0806821675453515E-5
2777	5.0806821675453515E-5
2778	5.0806821675453515E-5
2779	5.0806821675453515E-5
2780	5.0806821675453515E-5
2781	5.0806821675453515E-5
2782	5.0806821675453515E-5
2783	5.0806821675453515E-5
2784	5.0806821675453515E-5
2785	5.0806821675453515E-5
2786	5.0806821675453515E-5
2787	5.0806821675453515E-5
2788	5.0806821675453515E-5
2789	5.0806821675453515E-5
2790	5.0806821675453515E-5
2791	5.0806821675453515E-5
2792	5.0806821675453515E-5
2793	5.0806821675453515E-5
2794	5.0806821675453515E-5
2795	5.0806821675453515E-5
2796	5.0806821675453515E-5
2797	5.0806821675453515E-5
2798	5.0806821675453515E-5
2799	5.0806821675453515E-5
2800	5.0806821675453515E-5
2801	5.0806821675453515E-5
2802	5.0806821675453515E-5
2803	5.0806821675453515E-5
2804	5.0806821675453515E-5
2805	5.0806821675453515E-5
2806	5.0806821675453515E-5
2807	5.0806821675453515E-5
2808	5.0806821675453515E-5
2809	5.0806821675453515E-5
2810	5.0806821675453515E-5
2811	5.0806821675453515E-5
2812	5.0806821675453515E-5
2813	5.0806821675453515E-5
2814	5.0806821675453515E-5
2815	5.0806821675453515E-5
2816	5.0806821675453515E-5
2817	5.0806821675453515E-5
2818	5.0806821675453515E-5
2819	5.0806821675453515E-5
2820	5.0806821675453515E-5
2821	5.0806821675453515E-5
2822	5.0806821675453515E-5
2823	5.0806821675453515E-5
2824	5.0806821675453515E-5
2825	5.0806821675453515E-5
2826	5.0806821675453515E-5
2827	5.0806821675453515E-5
2828	5.0806821675453515E-5
2829	5.0806821675453515E-5
2830	5.0806821675453515E-5
2831	5.0806821675453515E-5
2832	5.0806821675453515E-5
2833	5.0806821675453515E-5
2834	5.0806821675453515E-5
2835	5.0806821675453515E-5
2836	5.0806821675453515E-5
2837	5.0806821675453515E-5
2838	5.0806821675453515E-5
2839	5.0806821675453515E-5
2840	5.0806821675453515E-5
2841	5.0806821675453515E-5
2842	5.0806821675453515E-5
2843	5.0806821675453515E-5
2844	5.0806821675453515E-5
2845	5.0806821675453515E-5
2846	5.0806821675453515E-5
2847	5.0806821675453515E-5
2848	5.0806821675453515E-5
2849	5.0806821675453515E-5
2850	5.0806821675453515E-5
2851	5.0806821675453515E-5
2852	5.0806821675453515E-5
2853	5.0806821675453515E-5
2854	5.0806821675453515E-5
2855	5.0806821675453515E-5
2856	5.0806821675453515E-5
2857	5.0806821675453515E-5
2858	5.0806821675453515E-5
2859	5.0806821675453515E-5
2860	5.0806821675453515E-5
2861	5.0806821675453515E-5
2862	5.0806821675453515E-5
2863	5.0806821675453515E-5
2864	5.0806821675453515E-5
2865	5.0806821675453515E-5
2866	5.0806821675453515E-5
2867	5.0806821675453515E-5
2868	5.0806821675453515E-5
2869	5.0806821675453515E-5
2870	5.0806821675453515E-5
2871	5.0806821675453515E-5
2872	5.0806821675453515E-5
2873	5.0806821675453515E-5
2874	5.0806821675453515E-5
2875	5.0806821675453515E-5
2876	5.0806821675453515E-5
2877	5.0806821675453515E-5
2878	5.0806821675453515E-5
2879	5.0806821675453515E-5
2880	5.0806821675453515E-5
2881	5.0806821675453515E-5
2882	5.0806821675453515E-5
2883	5.0806821675453515E-5
2884	5.0806821675453515E-5
2885	5.0806821675453515E-5
2886	5.0806821675453515E-5
2887	5.0806821675453515E-5
2888	5.0806821675453515E-5
2889	5.0806821675453515E-5
2890	5.0806821675453515E-5
2891	5.0806821675453515E-5
2892	5.0806821675453515E-5
2893	5.0806821675453515E-5
2894	5.0806821675453515E-5
2895	5.0806821675453515E-5
2896	5.0806821675453515E-5
2897	5.0806821675453515E-5
2898	5.0806821675453515E-5
2899	5.0806821675453515E-5
2900	5.0806821675453515E-5
2901	5.0806821675453515E-5
2902	5.0806821675453515E-5
2903	5.0806821675453515E-5
2904	5.0806821675453515E-5
2905	5.0806821675453515E-5
2906	5.0806821675453515E-5
2907	4.694131248108972E-5
2908	4.694131248108972E-5
2909	4.694131248108972E-5
2910	4.694131248108972E-5
2911	4.694131248108972E-5
2912	4.694131248108972E-5
2913	4.694131248108972E-5
2914	4.694131248108972E-5
2915	4.694131248108972E-5
2916	4.694131248108972E-5
2917	4.694131248108972E-5
2918	4.694131248108972E-5
2919	4.694131248108972E-5
2920	4.694131248108972E-5
2921	4.694131248108972E-5
2922	4.694131248108972E-5
2923	4.694131248108972E-5
2924	4.694131248108972E-5
2925	4.694131248108972E-5
2926	4.694131248108972E-5
2927	4.694131248108972E-5
2928	4.694131248108972E-5
2929	4.694131248108972E-5
2930	4.694131248108972E-5
2931	4.694131248108972E-5
2932	4.694131248108972E-5
2933	4.694131248108972E-5
2934	4.694131248108972E-5
2935	4.694131248108972E-5
2936	4.694131248108972E-5
2937	4.694131248108972E-5
2938	4.694131248108972E-5
2939	4.694131248108972E-5
2940	4.694131248108972E-5
2941	4.694131248108972E-5
2942	4.694131248108972E-5
2943	4.694131248108972E-5
2944	4.694131248108972E-5
2945	4.694131248108972E-5
2946	4.694131248108972E-5
2947	4.694131248108972E-5
2948	4.694131248108972E-5
2949	4.694131248108972E-5
2950	4.694131248108972E-5
2951	4.694131248108972E-5
2952	4.694131248108972E-5
2953	4.694131248108972E-5
2954	4.694131248108972E-5
2955	4.694131248108972E-5
2956	4.694131248108972E-5
2957	4.694131248108972E-5
2958	4.694131248108972E-5
2959	4.694131248108972E-5
2960	4.694131248108972E-5
2961	4.694131248108972E-5
2962	4.694131248108972E-5
2963	4.694131248108972E-5
2964	4.694131248108972E-5
2965	4.694131248108972E-5
2966	4.694131248108972E-5
2967	4.694131248108972E-5
2968	4.694131248108972E-5
2969	4.694131248108972E-5
2970	4.694131248108972E-5
2971	4.694131248108972E-5
2972	4.694131248108972E-5
2973	4.694131248108972E-5
2974	4.694131248108972E-5
2975	4.694131248108972E-5
2976	4.694131248108972E-5
2977	4.694131248108972E-5
2978	4.694131248108972E-5
2979	4.694131248108972E-5
2980	4.694131248108972E-5
2981	4.694131248108972E-5
2982	4.694131248108972E-5
2983	4.694131248108972E-5
2984	4.694131248108972E-5
2985	4.694131248108972E-5
2986	4.694131248108972E-5
2987	4.694131248108972E-5
2988	4.694131248108972E-5
2989	4.694131248108972E-5
2990	4.694131248108972E-5
2991	4.694131248108972E-5
2992	4.694131248108972E-5
2993	4.694131248108972E-5
2994	4.694131248108972E-5
2995	4.694131248108972E-5
2996	4.694131248108972E-5
2997	4.694131248108972E-5
2998	4.694131248108972E-5
2999	4.694131248108972E-5
3000	4.694131248108972E-5
