1	9437.277787998588
2	9356.204310797573
3	9322.295302671555
4	9293.089141793314
5	9279.372922473402
6	9243.47506012101
7	9198.659216209326
8	9181.315360865734
9	9078.552225253778
10	9012.23725875985
11	8967.34502500573
12	8949.686448637667
13	8919.408316241192
14	8896.90709252298
15	8831.917375726107
16	8831.917375726107
17	8831.917375726107
18	8808.371536320938
19	8799.014635811149
20	8799.014635811149
21	8799.014635811149
22	8795.438095098974
23	8780.613610780045
24	8765.862639133898
25	8759.215396050733
26	8725.478954285098
27	8723.651022639735
28	8721.075582657008
29	8717.128910396234
30	8708.072163861032
31	8699.181472099643
32	8699.181472099643
33	8695.87332854794
34	8679.405263143459
35	8678.197705572537
36	8678.197705572537
37	8678.197705572537
38	8678.197705572537
39	8671.822633614292
40	8669.165916318028
41	8652.926475122622
42	8649.618493755057
43	8649.618493755057
44	8632.580545407136
45	8632.580545407136
46	8629.303550983614
47	8629.303550983614
48	8627.29771257083
49	8607.179618998201
50	8607.179618998201
51	8607.063481368887
52	8607.063481368887
53	8607.063481368887
54	8604.180771336813
55	8604.180771336813
56	8604.180771336813
57	8586.927225917541
58	8586.927225917541
59	8586.927225917541
60	8574.17317758035
61	8552.681362681737
62	8540.616463589446
63	8540.616463589446
64	8540.241691220272
65	8540.241691220272
66	8540.241691220272
67	8540.241691220272
68	8524.09712392645
69	8524.09712392645
70	8524.09712392645
71	8524.09712392645
72	8523.715699009761
73	8518.889589097831
74	8518.889589097831
75	8504.476852432936
76	8504.476852432936
77	8503.008485131708
78	8488.316277905133
79	8474.313882919327
80	8474.313882919327
81	8474.313882919327
82	8474.313882919327
83	8474.313882919327
84	8474.313882919327
85	8474.313882919327
86	8465.312924951982
87	8465.312924951982
88	8465.312924951982
89	8465.312924951982
90	8465.312924951982
91	8465.312924951982
92	8454.302179183458
93	8454.302179183458
94	8454.302179183458
95	8454.302179183458
96	8454.302179183458
97	8454.302179183458
98	8454.302179183458
99	8435.972323233647
100	8432.063430462687
101	8432.063430462687
102	8429.619856976999
103	8429.619856976999
104	8429.619856976999
105	8428.66356411462
106	8428.66356411462
107	8428.66356411462
108	8428.66356411462
109	8428.66356411462
110	8428.66356411462
111	8428.66356411462
112	8428.66356411462
113	8419.212327186384
114	8419.212327186384
115	8419.212327186384
116	8419.212327186384
117	8396.696927623316
118	8392.393495741793
119	8392.393495741793
120	8392.393495741793
121	8392.393495741793
122	8392.393495741793
123	8392.393495741793
124	8382.071267697198
125	8382.071267697198
126	8376.441017380197
127	8376.441017380197
128	8376.441017380197
129	8348.472527265832
130	8330.536182615018
131	8330.536182615018
132	8327.809854080666
133	8327.809854080666
134	8327.809854080666
135	8327.809854080666
136	8327.809854080666
137	8327.809854080666
138	8327.809854080666
139	8327.809854080666
140	8327.809854080666
141	8326.052248728061
142	8326.052248728061
143	8326.052248728061
144	8326.052248728061
145	8326.052248728061
146	8326.052248728061
147	8321.688064304313
148	8321.688064304313
149	8321.688064304313
150	8321.688064304313
151	8321.688064304313
152	8321.688064304313
153	8321.688064304313
154	8321.688064304313
155	8321.688064304313
156	8321.688064304313
157	8321.688064304313
158	8315.120605527363
159	8315.120605527363
160	8315.120605527363
161	8315.120605527363
162	8315.120605527363
163	8315.120605527363
164	8315.120605527363
165	8315.120605527363
166	8315.120605527363
167	8315.120605527363
168	8315.120605527363
169	8315.120605527363
170	8315.120605527363
171	8315.120605527363
172	8315.120605527363
173	8315.120605527363
174	8315.120605527363
175	8313.4524196332
176	8313.4524196332
177	8308.858138147962
178	8300.43419731611
179	8300.43419731611
180	8300.43419731611
181	8300.43419731611
182	8300.43419731611
183	8300.43419731611
184	8300.43419731611
185	8300.43419731611
186	8300.43419731611
187	8300.43419731611
188	8300.43419731611
189	8294.316704029095
190	8292.685339005135
191	8292.685339005135
192	8292.685339005135
193	8292.685339005135
194	8290.71320838427
195	8290.71320838427
196	8290.71320838427
197	8286.516876251208
198	8286.516876251208
199	8281.25200881021
200	8281.25200881021
201	8280.11340522952
202	8280.11340522952
203	8280.11340522952
204	8280.11340522952
205	8280.11340522952
206	8280.11340522952
207	8280.11340522952
208	8280.11340522952
209	8280.11340522952
210	8280.11340522952
211	8280.11340522952
212	8280.11340522952
213	8272.840518915244
214	8272.840518915244
215	8265.398520900511
216	8265.398520900511
217	8265.398520900511
218	8265.398520900511
219	8265.398520900511
220	8265.398520900511
221	8265.398520900511
222	8265.398520900511
223	8265.398520900511
224	8265.398520900511
225	8265.398520900511
226	8265.398520900511
227	8265.398520900511
228	8265.398520900511
229	8265.398520900511
230	8265.398520900511
231	8261.187757292771
232	8261.187757292771
233	8261.187757292771
234	8261.187757292771
235	8261.187757292771
236	8256.31627015962
237	8256.31627015962
238	8256.31627015962
239	8252.065374411313
240	8252.065374411313
241	8252.065374411313
242	8252.065374411313
243	8252.065374411313
244	8252.065374411313
245	8249.92252999571
246	8249.92252999571
247	8249.92252999571
248	8249.007295861724
249	8249.007295861724
250	8249.007295861724
251	8246.649673719714
252	8246.649673719714
253	8246.649673719714
254	8246.649673719714
255	8246.649673719714
256	8246.649673719714
257	8246.649673719714
258	8246.649673719714
259	8246.649673719714
260	8246.649673719714
261	8246.649673719714
262	8246.649673719714
263	8246.649673719714
264	8246.649673719714
265	8246.649673719714
266	8246.649673719714
267	8246.649673719714
268	8246.649673719714
269	8221.615728047142
270	8221.615728047142
271	8221.615728047142
272	8221.615728047142
273	8221.615728047142
274	8221.615728047142
275	8221.615728047142
276	8221.615728047142
277	8198.707893222945
278	8198.707893222945
279	8198.28762239596
280	8198.28762239596
281	8198.28762239596
282	8198.28762239596
283	8196.395518354706
284	8196.395518354706
285	8196.395518354706
286	8196.395518354706
287	8196.395518354706
288	8196.395518354706
289	8196.395518354706
290	8196.395518354706
291	8196.395518354706
292	8196.395518354706
293	8196.395518354706
294	8196.395518354706
295	8196.395518354706
296	8196.395518354706
297	8190.662531893163
298	8190.662531893163
299	8190.662531893163
300	8190.662531893163
301	8190.662531893163
302	8190.662531893163
303	8190.662531893163
304	8190.662531893163
305	8190.662531893163
306	8190.662531893163
307	8190.042972346196
308	8190.042972346196
309	8187.344618218643
310	8187.344618218643
311	8187.344618218643
312	8187.344618218643
313	8187.344618218643
314	8187.344618218643
315	8187.344618218643
316	8187.344618218643
317	8187.344618218643
318	8187.344618218643
319	8187.344618218643
320	8187.344618218643
321	8187.344618218643
322	8166.733975009647
323	8166.733975009647
324	8166.733975009647
325	8166.733975009647
326	8166.733975009647
327	8166.733975009647
328	8166.733975009647
329	8166.733975009647
330	8166.733975009647
331	8166.733975009647
332	8166.733975009647
333	8166.733975009647
334	8166.733975009647
335	8166.733975009647
336	8166.733975009647
337	8166.733975009647
338	8166.733975009647
339	8166.733975009647
340	8166.733975009647
341	8166.733975009647
342	8166.733975009647
343	8166.733975009647
344	8166.733975009647
345	8166.733975009647
346	8166.733975009647
347	8166.733975009647
348	8166.733975009647
349	8166.733975009647
350	8166.733975009647
351	8166.733975009647
352	8166.733975009647
353	8166.733975009647
354	8166.733975009647
355	8166.733975009647
356	8155.727792738851
357	8155.727792738851
358	8155.727792738851
359	8153.962106359088
360	8153.693934225983
361	8153.693934225983
362	8136.797908188916
363	8136.797908188916
364	8136.797908188916
365	8125.426488785317
366	8125.426488785317
367	8125.426488785317
368	8125.426488785317
369	8125.426488785317
370	8125.426488785317
371	8101.87267702145
372	8101.87267702145
373	8101.87267702145
374	8100.562844464358
375	8100.562844464358
376	8100.562844464358
377	8100.562844464358
378	8100.562844464358
379	8100.562844464358
380	8100.562844464358
381	8092.303012188129
382	8091.094277886381
383	8091.094277886381
384	8091.094277886381
385	8091.094277886381
386	8090.434083599
387	8090.434083599
388	8090.434083599
389	8090.434083599
390	8090.434083599
391	8090.434083599
392	8090.434083599
393	8090.434083599
394	8090.434083599
395	8090.434083599
396	8090.434083599
397	8090.434083599
398	8090.434083599
399	8090.434083599
400	8090.434083599
401	8090.434083599
402	8090.434083599
403	8090.434083599
404	8090.434083599
405	8090.434083599
406	8090.434083599
407	8090.434083599
408	8090.434083599
409	8090.434083599
410	8090.434083599
411	8090.434083599
412	8090.434083599
413	8073.522948679865
414	8073.522948679865
415	8073.522948679865
416	8067.698839283814
417	8067.698839283814
418	8067.698839283814
419	8067.698839283814
420	8067.698839283814
421	8067.698839283814
422	8067.698839283814
423	8067.698839283814
424	8067.698839283814
425	8067.698839283814
426	8067.698839283814
427	8067.698839283814
428	8067.698839283814
429	8067.698839283814
430	8067.698839283814
431	8067.698839283814
432	8067.698839283814
433	8062.31518985944
434	8062.31518985944
435	8062.31518985944
436	8062.31518985944
437	8062.31518985944
438	8062.31518985944
439	8062.31518985944
440	8062.31518985944
441	8062.31518985944
442	8062.31518985944
443	8062.31518985944
444	8062.31518985944
445	8062.31518985944
446	8062.31518985944
447	8062.31518985944
448	8055.414154038638
449	8055.414154038638
450	8051.250202498808
451	8051.250202498808
452	8051.250202498808
453	8051.250202498808
454	8051.250202498808
455	8051.250202498808
456	8051.250202498808
457	8051.250202498808
458	8051.250202498808
459	8051.250202498808
460	8051.250202498808
461	8051.250202498808
462	8051.250202498808
463	8051.250202498808
464	8051.250202498808
465	8051.250202498808
466	8051.250202498808
467	8051.250202498808
468	8044.832617125609
469	8044.832617125609
470	8044.832617125609
471	8044.832617125609
472	8039.444130076528
473	8039.444130076528
474	8039.444130076528
475	8039.444130076528
476	8039.444130076528
477	8039.444130076528
478	8039.444130076528
479	8039.444130076528
480	8039.444130076528
481	8039.444130076528
482	8039.444130076528
483	8039.444130076528
484	8028.873828749006
485	8028.873828749006
486	8028.873828749006
487	8028.873828749006
488	8028.873828749006
489	8028.873828749006
490	8028.873828749006
491	8028.873828749006
492	8028.873828749006
493	8028.873828749006
494	8028.873828749006
495	8028.873828749006
496	8028.873828749006
497	8028.873828749006
498	8028.873828749006
499	8028.873828749006
500	8028.873828749006
501	8028.873828749006
502	8028.873828749006
503	8028.873828749006
504	8028.873828749006
505	8028.873828749006
506	8028.873828749006
507	8028.873828749006
508	8028.873828749006
509	8028.873828749006
510	8028.873828749006
511	8028.873828749006
512	8028.873828749006
513	8028.873828749006
514	8028.873828749006
515	8024.671243162384
516	8024.671243162384
517	8024.671243162384
518	8024.671243162384
519	8024.671243162384
520	8015.437897065709
521	8015.437897065709
522	8015.437897065709
523	8015.437897065709
524	8015.437897065709
525	8015.437897065709
526	8015.437897065709
527	8015.437897065709
528	8015.437897065709
529	8015.437897065709
530	7985.646590193997
531	7985.646590193997
532	7985.646590193997
533	7985.646590193997
534	7985.646590193997
535	7985.646590193997
536	7985.646590193997
537	7985.646590193997
538	7985.646590193997
539	7985.646590193997
540	7968.992557422477
541	7968.992557422477
542	7968.992557422477
543	7968.992557422477
544	7968.992557422477
545	7968.992557422477
546	7968.992557422477
547	7968.992557422477
548	7968.992557422477
549	7968.992557422477
550	7968.992557422477
551	7968.992557422477
552	7968.992557422477
553	7949.508119722386
554	7949.508119722386
555	7949.508119722386
556	7949.508119722386
557	7949.508119722386
558	7949.508119722386
559	7949.508119722386
560	7949.508119722386
561	7949.508119722386
562	7949.508119722386
563	7949.508119722386
564	7948.242317377275
565	7948.242317377275
566	7948.242317377275
567	7948.242317377275
568	7948.242317377275
569	7948.242317377275
570	7948.242317377275
571	7948.242317377275
572	7948.242317377275
573	7948.242317377275
574	7948.242317377275
575	7948.242317377275
576	7948.242317377275
577	7948.242317377275
578	7948.242317377275
579	7948.242317377275
580	7948.242317377275
581	7948.242317377275
582	7948.1111349668845
583	7948.1111349668845
584	7948.1111349668845
585	7948.1111349668845
586	7948.1111349668845
587	7948.1111349668845
588	7948.1111349668845
589	7948.1111349668845
590	7941.546578850013
591	7936.321013631818
592	7936.321013631818
593	7936.321013631818
594	7936.321013631818
595	7930.487725396218
596	7930.487725396218
597	7930.487725396218
598	7930.487725396218
599	7930.487725396218
600	7930.487725396218
601	7930.487725396218
602	7930.487725396218
603	7930.487725396218
604	7930.487725396218
605	7923.6707966989425
606	7923.6707966989425
607	7923.6707966989425
608	7923.6707966989425
609	7923.6707966989425
610	7923.6707966989425
611	7923.6707966989425
612	7923.6707966989425
613	7923.6707966989425
614	7923.6707966989425
615	7923.6707966989425
616	7923.6707966989425
617	7923.6707966989425
618	7923.6707966989425
619	7923.6707966989425
620	7923.6707966989425
621	7923.6707966989425
622	7923.6707966989425
623	7923.6707966989425
624	7923.6707966989425
625	7923.6707966989425
626	7923.6707966989425
627	7923.6707966989425
628	7923.6707966989425
629	7923.6707966989425
630	7923.6707966989425
631	7923.6707966989425
632	7923.6707966989425
633	7923.6707966989425
634	7923.6707966989425
635	7923.6707966989425
636	7922.635492242119
637	7922.635492242119
638	7922.635492242119
639	7922.635492242119
640	7922.635492242119
641	7922.635492242119
642	7922.635492242119
643	7922.635492242119
644	7922.635492242119
645	7922.635492242119
646	7922.635492242119
647	7922.635492242119
648	7922.635492242119
649	7922.635492242119
650	7922.635492242119
651	7922.635492242119
652	7922.635492242119
653	7922.635492242119
654	7922.635492242119
655	7922.635492242119
656	7922.635492242119
657	7922.635492242119
658	7922.635492242119
659	7922.635492242119
660	7922.635492242119
661	7922.635492242119
662	7922.635492242119
663	7922.635492242119
664	7922.635492242119
665	7922.635492242119
666	7922.635492242119
667	7922.635492242119
668	7922.635492242119
669	7922.635492242119
670	7919.706612297756
671	7919.706612297756
672	7919.706612297756
673	7919.706612297756
674	7919.706612297756
675	7919.706612297756
676	7919.706612297756
677	7919.706612297756
678	7919.706612297756
679	7919.706612297756
680	7919.706612297756
681	7919.706612297756
682	7914.66934045476
683	7914.66934045476
684	7914.66934045476
685	7914.66934045476
686	7900.939349993685
687	7900.939349993685
688	7900.939349993685
689	7900.939349993685
690	7900.939349993685
691	7900.939349993685
692	7900.939349993685
693	7900.939349993685
694	7900.939349993685
695	7900.939349993685
696	7900.939349993685
697	7900.939349993685
698	7900.939349993685
699	7900.939349993685
700	7900.939349993685
701	7900.939349993685
702	7900.939349993685
703	7900.939349993685
704	7900.939349993685
705	7900.939349993685
706	7900.939349993685
707	7900.939349993685
708	7900.939349993685
709	7900.939349993685
710	7900.939349993685
711	7900.939349993685
712	7900.939349993685
713	7900.939349993685
714	7900.939349993685
715	7900.939349993685
716	7900.939349993685
717	7900.939349993685
718	7900.939349993685
719	7900.939349993685
720	7900.939349993685
721	7900.939349993685
722	7900.939349993685
723	7900.939349993685
724	7891.176618839497
725	7891.176618839497
726	7891.176618839497
727	7891.176618839497
728	7891.176618839497
729	7891.176618839497
730	7884.976733263509
731	7884.976733263509
732	7884.976733263509
733	7884.976733263509
734	7884.976733263509
735	7878.58642080978
736	7878.58642080978
737	7878.58642080978
738	7861.874598610199
739	7861.874598610199
740	7861.874598610199
741	7861.874598610199
742	7861.874598610199
743	7861.874598610199
744	7861.874598610199
745	7861.874598610199
746	7861.874598610199
747	7861.874598610199
748	7861.874598610199
749	7861.874598610199
750	7861.874598610199
751	7861.874598610199
752	7861.874598610199
753	7861.874598610199
754	7861.874598610199
755	7861.874598610199
756	7861.874598610199
757	7861.874598610199
758	7861.874598610199
759	7861.874598610199
760	7861.874598610199
761	7861.874598610199
762	7861.874598610199
763	7861.874598610199
764	7861.874598610199
765	7861.874598610199
766	7861.874598610199
767	7861.874598610199
768	7861.874598610199
769	7861.874598610199
770	7861.874598610199
771	7861.874598610199
772	7861.874598610199
773	7861.874598610199
774	7861.874598610199
775	7861.874598610199
776	7861.874598610199
777	7861.874598610199
778	7861.874598610199
779	7861.874598610199
780	7861.874598610199
781	7861.874598610199
782	7861.874598610199
783	7861.874598610199
784	7861.874598610199
785	7861.874598610199
786	7861.874598610199
787	7861.874598610199
788	7861.874598610199
789	7861.874598610199
790	7861.874598610199
791	7861.874598610199
792	7861.874598610199
793	7861.874598610199
794	7861.874598610199
795	7861.874598610199
796	7861.874598610199
797	7861.874598610199
798	7861.874598610199
799	7861.874598610199
800	7850.31549660678
801	7850.31549660678
802	7850.31549660678
803	7850.31549660678
804	7850.31549660678
805	7850.31549660678
806	7850.31549660678
807	7850.31549660678
808	7850.31549660678
809	7850.31549660678
810	7850.31549660678
811	7850.31549660678
812	7850.31549660678
813	7850.31549660678
814	7850.31549660678
815	7850.31549660678
816	7850.31549660678
817	7850.31549660678
818	7850.31549660678
819	7850.31549660678
820	7850.31549660678
821	7850.31549660678
822	7850.31549660678
823	7850.31549660678
824	7850.31549660678
825	7850.31549660678
826	7850.31549660678
827	7850.31549660678
828	7850.31549660678
829	7850.31549660678
830	7850.31549660678
831	7850.31549660678
832	7850.31549660678
833	7850.31549660678
834	7850.31549660678
835	7850.31549660678
836	7850.31549660678
837	7850.31549660678
838	7850.31549660678
839	7850.31549660678
840	7850.31549660678
841	7850.31549660678
842	7850.31549660678
843	7850.31549660678
844	7850.31549660678
845	7850.31549660678
846	7850.31549660678
847	7850.31549660678
848	7850.31549660678
849	7850.31549660678
850	7850.31549660678
851	7850.31549660678
852	7850.31549660678
853	7850.31549660678
854	7850.31549660678
855	7850.31549660678
856	7850.31549660678
857	7850.31549660678
858	7850.31549660678
859	7850.31549660678
860	7850.31549660678
861	7850.31549660678
862	7850.31549660678
863	7850.31549660678
864	7850.31549660678
865	7850.31549660678
866	7850.31549660678
867	7850.31549660678
868	7850.31549660678
869	7850.31549660678
870	7850.31549660678
871	7850.31549660678
872	7850.31549660678
873	7850.31549660678
874	7850.31549660678
875	7850.31549660678
876	7850.31549660678
877	7850.31549660678
878	7850.31549660678
879	7842.400421719142
880	7842.400421719142
881	7842.400421719142
882	7842.400421719142
883	7842.400421719142
884	7842.400421719142
885	7842.400421719142
886	7842.400421719142
887	7842.400421719142
888	7842.400421719142
889	7836.397596110176
890	7836.397596110176
891	7836.397596110176
892	7836.397596110176
893	7836.397596110176
894	7836.397596110176
895	7836.397596110176
896	7836.397596110176
897	7836.397596110176
898	7836.397596110176
899	7836.397596110176
900	7836.397596110176
901	7836.397596110176
902	7836.397596110176
903	7836.397596110176
904	7836.397596110176
905	7836.397596110176
906	7836.397596110176
907	7836.397596110176
908	7836.397596110176
909	7836.397596110176
910	7836.397596110176
911	7836.397596110176
912	7836.397596110176
913	7836.397596110176
914	7836.397596110176
915	7836.397596110176
916	7836.397596110176
917	7836.397596110176
918	7836.397596110176
919	7836.397596110176
920	7836.397596110176
921	7836.397596110176
922	7836.397596110176
923	7836.397596110176
924	7836.397596110176
925	7836.397596110176
926	7836.397596110176
927	7836.397596110176
928	7836.397596110176
929	7836.397596110176
930	7836.397596110176
931	7836.397596110176
932	7836.397596110176
933	7836.397596110176
934	7836.397596110176
935	7836.397596110176
936	7836.397596110176
937	7836.397596110176
938	7836.397596110176
939	7836.397596110176
940	7836.397596110176
941	7836.397596110176
942	7836.397596110176
943	7836.397596110176
944	7836.397596110176
945	7836.397596110176
946	7836.397596110176
947	7836.397596110176
948	7836.397596110176
949	7836.397596110176
950	7836.397596110176
951	7836.397596110176
952	7830.074078194029
953	7830.074078194029
954	7830.074078194029
955	7830.074078194029
956	7830.074078194029
957	7829.983817855644
958	7829.983817855644
959	7829.983817855644
960	7829.983817855644
961	7829.983817855644
962	7822.73231301505
963	7822.73231301505
964	7822.73231301505
965	7822.73231301505
966	7822.73231301505
967	7822.73231301505
968	7821.33078901309
969	7821.33078901309
970	7821.33078901309
971	7821.33078901309
972	7821.33078901309
973	7821.33078901309
974	7821.33078901309
975	7821.33078901309
976	7821.33078901309
977	7821.33078901309
978	7821.33078901309
979	7821.33078901309
980	7821.33078901309
981	7821.33078901309
982	7821.33078901309
983	7821.33078901309
984	7821.33078901309
985	7821.33078901309
986	7821.33078901309
987	7821.33078901309
988	7821.33078901309
989	7821.33078901309
990	7821.33078901309
991	7821.33078901309
992	7821.33078901309
993	7821.33078901309
994	7821.33078901309
995	7821.33078901309
996	7821.33078901309
997	7821.33078901309
998	7821.33078901309
999	7821.33078901309
1000	7821.33078901309
1001	7821.33078901309
1002	7821.33078901309
1003	7821.33078901309
1004	7821.33078901309
1005	7821.33078901309
1006	7821.33078901309
1007	7821.33078901309
1008	7821.33078901309
1009	7821.33078901309
1010	7821.33078901309
1011	7821.33078901309
1012	7821.33078901309
1013	7821.33078901309
1014	7821.33078901309
1015	7821.33078901309
1016	7821.33078901309
1017	7821.33078901309
1018	7821.33078901309
1019	7821.33078901309
1020	7821.33078901309
1021	7821.33078901309
1022	7821.33078901309
1023	7821.33078901309
1024	7821.33078901309
1025	7821.33078901309
1026	7821.33078901309
1027	7821.33078901309
1028	7821.33078901309
1029	7821.33078901309
1030	7821.33078901309
1031	7821.33078901309
1032	7821.33078901309
1033	7821.33078901309
1034	7821.33078901309
1035	7821.33078901309
1036	7821.33078901309
1037	7821.33078901309
1038	7821.33078901309
1039	7821.33078901309
1040	7821.33078901309
1041	7821.33078901309
1042	7821.33078901309
1043	7821.33078901309
1044	7821.33078901309
1045	7821.33078901309
1046	7821.33078901309
1047	7821.33078901309
1048	7821.33078901309
1049	7821.33078901309
1050	7821.33078901309
1051	7821.33078901309
1052	7821.33078901309
1053	7821.33078901309
1054	7821.33078901309
1055	7821.33078901309
1056	7821.33078901309
1057	7821.33078901309
1058	7821.33078901309
1059	7816.108065242393
1060	7816.108065242393
1061	7816.108065242393
1062	7816.108065242393
1063	7816.108065242393
1064	7816.108065242393
1065	7816.108065242393
1066	7816.108065242393
1067	7816.108065242393
1068	7816.108065242393
1069	7816.108065242393
1070	7816.108065242393
1071	7816.108065242393
1072	7816.108065242393
1073	7816.108065242393
1074	7816.108065242393
1075	7816.108065242393
1076	7816.108065242393
1077	7814.439089935735
1078	7814.439089935735
1079	7814.439089935735
1080	7814.439089935735
1081	7814.439089935735
1082	7814.439089935735
1083	7814.439089935735
1084	7814.439089935735
1085	7814.439089935735
1086	7814.439089935735
1087	7814.439089935735
1088	7814.439089935735
1089	7814.439089935735
1090	7814.439089935735
1091	7814.439089935735
1092	7814.439089935735
1093	7814.439089935735
1094	7814.439089935735
1095	7814.439089935735
1096	7814.439089935735
1097	7814.439089935735
1098	7814.439089935735
1099	7814.439089935735
1100	7814.439089935735
1101	7814.439089935735
1102	7814.439089935735
1103	7814.439089935735
1104	7814.439089935735
1105	7814.439089935735
1106	7814.439089935735
1107	7814.439089935735
1108	7814.439089935735
1109	7814.439089935735
1110	7814.439089935735
1111	7814.439089935735
1112	7814.439089935735
1113	7814.439089935735
1114	7814.439089935735
1115	7814.439089935735
1116	7814.439089935735
1117	7814.439089935735
1118	7814.439089935735
1119	7814.439089935735
1120	7814.439089935735
1121	7814.439089935735
1122	7814.439089935735
1123	7814.439089935735
1124	7814.439089935735
1125	7814.439089935735
1126	7814.439089935735
1127	7814.439089935735
1128	7814.439089935735
1129	7814.439089935735
1130	7814.439089935735
1131	7814.439089935735
1132	7814.439089935735
1133	7814.439089935735
1134	7814.439089935735
1135	7814.439089935735
1136	7814.439089935735
1137	7814.439089935735
1138	7814.439089935735
1139	7814.439089935735
1140	7814.439089935735
1141	7814.439089935735
1142	7814.439089935735
1143	7814.439089935735
1144	7814.439089935735
1145	7814.439089935735
1146	7814.439089935735
1147	7814.439089935735
1148	7814.439089935735
1149	7804.814200912131
1150	7804.814200912131
1151	7804.814200912131
1152	7804.814200912131
1153	7804.814200912131
1154	7804.814200912131
1155	7804.814200912131
1156	7804.814200912131
1157	7804.814200912131
1158	7804.814200912131
1159	7796.371793456447
1160	7796.371793456447
1161	7796.371793456447
1162	7796.371793456447
1163	7796.371793456447
1164	7793.954206106339
1165	7793.954206106339
1166	7793.954206106339
1167	7793.954206106339
1168	7793.954206106339
1169	7793.954206106339
1170	7793.954206106339
1171	7793.954206106339
1172	7793.954206106339
1173	7793.954206106339
1174	7793.954206106339
1175	7793.954206106339
1176	7793.2638509887165
1177	7793.2638509887165
1178	7793.2638509887165
1179	7793.2638509887165
1180	7793.2638509887165
1181	7793.2638509887165
1182	7793.2638509887165
1183	7793.2638509887165
1184	7793.2638509887165
1185	7793.2638509887165
1186	7793.2638509887165
1187	7791.9966303821
1188	7791.9966303821
1189	7791.9966303821
1190	7791.9966303821
1191	7791.9966303821
1192	7791.9966303821
1193	7791.9966303821
1194	7791.9966303821
1195	7791.9966303821
1196	7791.9966303821
1197	7791.9966303821
1198	7791.9966303821
1199	7791.9966303821
1200	7791.9966303821
1201	7788.999381646711
1202	7788.999381646711
1203	7787.47723194869
1204	7787.47723194869
1205	7787.47723194869
1206	7787.47723194869
1207	7787.47723194869
1208	7787.47723194869
1209	7781.165458336971
1210	7781.165458336971
1211	7781.165458336971
1212	7781.165458336971
1213	7781.165458336971
1214	7781.165458336971
1215	7781.165458336971
1216	7781.165458336971
1217	7781.165458336971
1218	7781.165458336971
1219	7781.165458336971
1220	7781.165458336971
1221	7781.165458336971
1222	7781.165458336971
1223	7781.165458336971
1224	7780.70323673379
1225	7780.70323673379
1226	7780.70323673379
1227	7780.70323673379
1228	7780.70323673379
1229	7780.70323673379
1230	7773.762947777105
1231	7773.762947777105
1232	7773.762947777105
1233	7773.762947777105
1234	7773.762947777105
1235	7773.762947777105
1236	7773.762947777105
1237	7773.762947777105
1238	7773.762947777105
1239	7773.762947777105
1240	7773.762947777105
1241	7773.762947777105
1242	7773.762947777105
1243	7773.762947777105
1244	7773.762947777105
1245	7773.762947777105
1246	7773.762947777105
1247	7773.762947777105
1248	7773.762947777105
1249	7773.762947777105
1250	7773.762947777105
1251	7773.762947777105
1252	7773.762947777105
1253	7773.762947777105
1254	7773.762947777105
1255	7773.762947777105
1256	7773.762947777105
1257	7773.762947777105
1258	7773.762947777105
1259	7773.762947777105
1260	7773.762947777105
1261	7773.762947777105
1262	7773.762947777105
1263	7773.762947777105
1264	7773.762947777105
1265	7773.762947777105
1266	7773.762947777105
1267	7773.762947777105
1268	7762.140651535606
1269	7762.140651535606
1270	7762.140651535606
1271	7762.140651535606
1272	7762.140651535606
1273	7762.140651535606
1274	7762.140651535606
1275	7762.140651535606
1276	7762.140651535606
1277	7762.140651535606
1278	7762.140651535606
1279	7756.77430993404
1280	7756.77430993404
1281	7756.77430993404
1282	7756.77430993404
1283	7756.77430993404
1284	7756.77430993404
1285	7756.77430993404
1286	7756.77430993404
1287	7756.77430993404
1288	7756.77430993404
1289	7756.77430993404
1290	7756.77430993404
1291	7756.77430993404
1292	7756.77430993404
1293	7756.77430993404
1294	7756.77430993404
1295	7756.77430993404
1296	7756.77430993404
1297	7756.77430993404
1298	7756.77430993404
1299	7756.77430993404
1300	7756.77430993404
1301	7756.77430993404
1302	7756.77430993404
1303	7756.77430993404
1304	7746.0293373569975
1305	7746.0293373569975
1306	7746.0293373569975
1307	7746.0293373569975
1308	7746.0293373569975
1309	7746.0293373569975
1310	7746.0293373569975
1311	7746.0293373569975
1312	7746.0293373569975
1313	7746.0293373569975
1314	7746.0293373569975
1315	7746.0293373569975
1316	7746.0293373569975
1317	7746.0293373569975
1318	7746.0293373569975
1319	7746.0293373569975
1320	7746.0293373569975
1321	7746.0293373569975
1322	7746.0293373569975
1323	7746.0293373569975
1324	7746.0293373569975
1325	7746.0293373569975
1326	7746.0293373569975
1327	7746.0293373569975
1328	7746.0293373569975
1329	7746.0293373569975
1330	7746.0293373569975
1331	7746.0293373569975
1332	7746.0293373569975
1333	7746.0293373569975
1334	7746.0293373569975
1335	7746.0293373569975
1336	7746.0293373569975
1337	7746.0293373569975
1338	7746.0293373569975
1339	7744.291436102949
1340	7744.291436102949
1341	7744.291436102949
1342	7744.291436102949
1343	7744.291436102949
1344	7744.291436102949
1345	7744.291436102949
1346	7744.291436102949
1347	7744.291436102949
1348	7744.291436102949
1349	7744.291436102949
1350	7744.291436102949
1351	7744.291436102949
1352	7744.291436102949
1353	7744.291436102949
1354	7744.291436102949
1355	7744.291436102949
1356	7744.291436102949
1357	7744.291436102949
1358	7744.291436102949
1359	7744.291436102949
1360	7744.291436102949
1361	7744.291436102949
1362	7744.291436102949
1363	7744.291436102949
1364	7744.291436102949
1365	7744.291436102949
1366	7744.291436102949
1367	7744.291436102949
1368	7744.291436102949
1369	7744.291436102949
1370	7744.291436102949
1371	7744.291436102949
1372	7744.291436102949
1373	7744.291436102949
1374	7744.291436102949
1375	7744.291436102949
1376	7744.291436102949
1377	7744.291436102949
1378	7744.291436102949
1379	7744.291436102949
1380	7744.291436102949
1381	7744.291436102949
1382	7744.291436102949
1383	7744.291436102949
1384	7744.291436102949
1385	7744.291436102949
1386	7744.291436102949
1387	7744.291436102949
1388	7744.291436102949
1389	7744.291436102949
1390	7744.291436102949
1391	7744.291436102949
1392	7744.291436102949
1393	7744.291436102949
1394	7744.291436102949
1395	7744.291436102949
1396	7744.291436102949
1397	7744.291436102949
1398	7744.291436102949
1399	7744.291436102949
1400	7744.291436102949
1401	7744.291436102949
1402	7744.291436102949
1403	7744.291436102949
1404	7744.291436102949
1405	7744.291436102949
1406	7744.291436102949
1407	7744.291436102949
1408	7744.291436102949
1409	7744.291436102949
1410	7744.291436102949
1411	7744.291436102949
1412	7744.291436102949
1413	7744.291436102949
1414	7744.291436102949
1415	7744.291436102949
1416	7744.291436102949
1417	7744.291436102949
1418	7744.291436102949
1419	7744.291436102949
1420	7744.291436102949
1421	7744.291436102949
1422	7744.291436102949
1423	7744.291436102949
1424	7744.291436102949
1425	7744.291436102949
1426	7744.291436102949
1427	7744.291436102949
1428	7744.291436102949
1429	7744.291436102949
1430	7744.291436102949
1431	7744.291436102949
1432	7744.291436102949
1433	7744.291436102949
1434	7744.291436102949
1435	7744.291436102949
1436	7744.291436102949
1437	7744.291436102949
1438	7744.291436102949
1439	7744.291436102949
1440	7744.291436102949
1441	7744.291436102949
1442	7744.291436102949
1443	7744.291436102949
1444	7744.291436102949
1445	7744.291436102949
1446	7744.291436102949
1447	7744.291436102949
1448	7744.291436102949
1449	7744.291436102949
1450	7744.291436102949
1451	7744.291436102949
1452	7744.291436102949
1453	7744.291436102949
1454	7744.291436102949
1455	7744.291436102949
1456	7744.291436102949
1457	7744.291436102949
1458	7744.291436102949
1459	7744.291436102949
1460	7744.291436102949
1461	7744.291436102949
1462	7744.291436102949
1463	7744.291436102949
1464	7744.291436102949
1465	7744.291436102949
1466	7744.291436102949
1467	7740.240499900419
1468	7740.240499900419
1469	7740.240499900419
1470	7740.240499900419
1471	7740.240499900419
1472	7740.240499900419
1473	7740.240499900419
1474	7738.962773335485
1475	7738.962773335485
1476	7738.962773335485
1477	7738.962773335485
1478	7738.962773335485
1479	7738.962773335485
1480	7738.962773335485
1481	7738.962773335485
1482	7738.962773335485
1483	7738.962773335485
1484	7738.962773335485
1485	7738.962773335485
1486	7738.962773335485
1487	7738.962773335485
1488	7738.962773335485
1489	7738.962773335485
1490	7738.962773335485
1491	7738.962773335485
1492	7738.962773335485
1493	7738.962773335485
1494	7738.962773335485
1495	7738.962773335485
1496	7738.962773335485
1497	7738.962773335485
1498	7738.962773335485
1499	7738.962773335485
1500	7738.962773335485
1501	7738.962773335485
1502	7738.962773335485
1503	7738.962773335485
1504	7738.962773335485
1505	7738.962773335485
1506	7738.962773335485
1507	7738.962773335485
1508	7738.962773335485
1509	7738.962773335485
1510	7738.962773335485
1511	7738.962773335485
1512	7738.962773335485
1513	7738.962773335485
1514	7738.962773335485
1515	7738.962773335485
1516	7738.962773335485
1517	7738.962773335485
1518	7738.962773335485
1519	7738.962773335485
1520	7738.962773335485
1521	7738.962773335485
1522	7738.962773335485
1523	7738.962773335485
1524	7738.962773335485
1525	7738.962773335485
1526	7738.962773335485
1527	7738.962773335485
1528	7738.962773335485
1529	7738.962773335485
1530	7738.962773335485
1531	7738.962773335485
1532	7738.962773335485
1533	7738.962773335485
1534	7738.962773335485
1535	7738.962773335485
1536	7738.962773335485
1537	7738.962773335485
1538	7738.962773335485
1539	7738.962773335485
1540	7738.962773335485
1541	7738.962773335485
1542	7738.962773335485
1543	7738.962773335485
1544	7738.962773335485
1545	7738.962773335485
1546	7738.962773335485
1547	7738.962773335485
1548	7738.962773335485
1549	7738.962773335485
1550	7738.962773335485
1551	7738.962773335485
1552	7738.962773335485
1553	7738.962773335485
1554	7738.962773335485
1555	7738.962773335485
1556	7738.962773335485
1557	7738.962773335485
1558	7738.962773335485
1559	7738.962773335485
1560	7738.962773335485
1561	7738.962773335485
1562	7738.962773335485
1563	7738.962773335485
1564	7738.962773335485
1565	7738.962773335485
1566	7738.962773335485
1567	7738.962773335485
1568	7738.962773335485
1569	7738.962773335485
1570	7738.962773335485
1571	7738.962773335485
1572	7738.962773335485
1573	7738.962773335485
1574	7738.962773335485
1575	7738.962773335485
1576	7738.962773335485
1577	7738.962773335485
1578	7738.962773335485
1579	7738.962773335485
1580	7738.962773335485
1581	7738.962773335485
1582	7738.962773335485
1583	7738.962773335485
1584	7735.749582943032
1585	7735.749582943032
1586	7735.749582943032
1587	7735.749582943032
1588	7735.749582943032
1589	7735.749582943032
1590	7735.749582943032
1591	7735.749582943032
1592	7735.749582943032
1593	7735.749582943032
1594	7735.749582943032
1595	7735.749582943032
1596	7735.749582943032
1597	7735.749582943032
1598	7735.749582943032
1599	7735.749582943032
1600	7735.749582943032
1601	7735.749582943032
1602	7735.749582943032
1603	7735.749582943032
1604	7735.749582943032
1605	7735.749582943032
1606	7735.749582943032
1607	7735.749582943032
1608	7735.749582943032
1609	7735.749582943032
1610	7735.749582943032
1611	7735.749582943032
1612	7735.749582943032
1613	7735.749582943032
1614	7735.749582943032
1615	7735.749582943032
1616	7735.749582943032
1617	7735.749582943032
1618	7735.749582943032
1619	7735.749582943032
1620	7735.749582943032
1621	7735.749582943032
1622	7735.749582943032
1623	7735.749582943032
1624	7735.749582943032
1625	7735.749582943032
1626	7735.749582943032
1627	7735.749582943032
1628	7735.749582943032
1629	7735.749582943032
1630	7735.749582943032
1631	7735.749582943032
1632	7735.749582943032
1633	7735.749582943032
1634	7735.749582943032
1635	7735.749582943032
1636	7735.749582943032
1637	7735.749582943032
1638	7735.749582943032
1639	7735.749582943032
1640	7735.749582943032
1641	7735.749582943032
1642	7735.749582943032
1643	7735.749582943032
1644	7735.749582943032
1645	7735.749582943032
1646	7735.749582943032
1647	7735.749582943032
1648	7735.749582943032
1649	7735.749582943032
1650	7735.749582943032
1651	7735.749582943032
1652	7735.749582943032
1653	7735.749582943032
1654	7735.749582943032
1655	7735.749582943032
1656	7735.749582943032
1657	7735.749582943032
1658	7735.749582943032
1659	7735.749582943032
1660	7735.749582943032
1661	7735.749582943032
1662	7735.749582943032
1663	7735.749582943032
1664	7734.211916337355
1665	7734.211916337355
1666	7734.211916337355
1667	7734.211916337355
1668	7734.211916337355
1669	7734.211916337355
1670	7734.211916337355
1671	7734.211916337355
1672	7734.211916337355
1673	7734.211916337355
1674	7734.211916337355
1675	7734.211916337355
1676	7734.211916337355
1677	7734.211916337355
1678	7734.211916337355
1679	7734.211916337355
1680	7734.211916337355
1681	7734.211916337355
1682	7734.211916337355
1683	7734.211916337355
1684	7734.211916337355
1685	7734.211916337355
1686	7734.211916337355
1687	7734.211916337355
1688	7734.211916337355
1689	7734.211916337355
1690	7734.211916337355
1691	7734.211916337355
1692	7734.211916337355
1693	7734.211916337355
1694	7734.211916337355
1695	7734.211916337355
1696	7734.211916337355
1697	7734.211916337355
1698	7734.211916337355
1699	7734.211916337355
1700	7734.211916337355
1701	7734.211916337355
1702	7734.211916337355
1703	7734.211916337355
1704	7734.211916337355
1705	7734.211916337355
1706	7734.211916337355
1707	7734.211916337355
1708	7734.211916337355
1709	7734.211916337355
1710	7734.211916337355
1711	7734.211916337355
1712	7734.211916337355
1713	7734.211916337355
1714	7734.211916337355
1715	7734.211916337355
1716	7734.211916337355
1717	7734.211916337355
1718	7734.211916337355
1719	7734.211916337355
1720	7734.211916337355
1721	7734.211916337355
1722	7734.211916337355
1723	7734.211916337355
1724	7734.211916337355
1725	7734.211916337355
1726	7734.211916337355
1727	7734.211916337355
1728	7734.211916337355
1729	7734.211916337355
1730	7734.211916337355
1731	7732.5684005989915
1732	7732.5684005989915
1733	7732.5684005989915
1734	7732.5684005989915
1735	7732.5684005989915
1736	7732.5684005989915
1737	7732.5684005989915
1738	7732.5684005989915
1739	7732.5684005989915
1740	7732.5684005989915
1741	7732.5684005989915
1742	7732.5684005989915
1743	7732.5684005989915
1744	7732.5684005989915
1745	7732.5684005989915
1746	7730.931308324665
1747	7730.931308324665
1748	7730.931308324665
1749	7730.931308324665
1750	7730.931308324665
1751	7730.931308324665
1752	7730.931308324665
1753	7730.931308324665
1754	7730.931308324665
1755	7706.361566688146
1756	7706.361566688146
1757	7702.525176869765
1758	7702.525176869765
1759	7702.525176869765
1760	7702.525176869765
1761	7702.525176869765
1762	7702.525176869765
1763	7702.525176869765
1764	7702.525176869765
1765	7702.525176869765
1766	7702.525176869765
1767	7702.525176869765
1768	7702.525176869765
1769	7702.525176869765
1770	7702.525176869765
1771	7702.525176869765
1772	7702.525176869765
1773	7702.525176869765
1774	7702.525176869765
1775	7702.525176869765
1776	7702.525176869765
1777	7702.525176869765
1778	7702.525176869765
1779	7702.525176869765
1780	7702.525176869765
1781	7702.525176869765
1782	7702.525176869765
1783	7702.525176869765
1784	7702.525176869765
1785	7702.525176869765
1786	7702.525176869765
1787	7702.525176869765
1788	7702.525176869765
1789	7702.525176869765
1790	7696.412345791164
1791	7696.412345791164
1792	7696.412345791164
1793	7696.412345791164
1794	7696.412345791164
1795	7696.412345791164
1796	7696.412345791164
1797	7696.412345791164
1798	7696.412345791164
1799	7696.412345791164
1800	7696.412345791164
1801	7696.412345791164
1802	7696.412345791164
1803	7696.412345791164
1804	7696.412345791164
1805	7696.412345791164
1806	7696.412345791164
1807	7696.412345791164
1808	7696.412345791164
1809	7696.412345791164
1810	7696.412345791164
1811	7696.412345791164
1812	7696.412345791164
1813	7696.412345791164
1814	7696.412345791164
1815	7696.412345791164
1816	7696.412345791164
1817	7696.412345791164
1818	7696.412345791164
1819	7696.412345791164
1820	7696.412345791164
1821	7696.412345791164
1822	7696.412345791164
1823	7696.412345791164
1824	7696.412345791164
1825	7696.412345791164
1826	7696.412345791164
1827	7696.412345791164
1828	7696.412345791164
1829	7696.412345791164
1830	7696.412345791164
1831	7696.412345791164
1832	7696.412345791164
1833	7696.412345791164
1834	7696.412345791164
1835	7696.412345791164
1836	7696.412345791164
1837	7696.412345791164
1838	7696.412345791164
1839	7696.412345791164
1840	7696.412345791164
1841	7696.412345791164
1842	7696.412345791164
1843	7696.412345791164
1844	7696.412345791164
1845	7696.412345791164
1846	7696.412345791164
1847	7696.412345791164
1848	7696.412345791164
1849	7696.412345791164
1850	7696.412345791164
1851	7696.412345791164
1852	7696.412345791164
1853	7696.412345791164
1854	7696.412345791164
1855	7696.412345791164
1856	7696.412345791164
1857	7696.412345791164
1858	7696.412345791164
1859	7696.412345791164
1860	7696.412345791164
1861	7696.412345791164
1862	7696.412345791164
1863	7696.412345791164
1864	7696.412345791164
1865	7696.412345791164
1866	7696.412345791164
1867	7696.412345791164
1868	7696.412345791164
1869	7696.412345791164
1870	7696.412345791164
1871	7696.412345791164
1872	7696.412345791164
1873	7696.412345791164
1874	7696.412345791164
1875	7696.412345791164
1876	7696.412345791164
1877	7696.412345791164
1878	7696.412345791164
1879	7696.412345791164
1880	7696.412345791164
1881	7696.412345791164
1882	7696.412345791164
1883	7696.412345791164
1884	7696.412345791164
1885	7696.412345791164
1886	7696.412345791164
1887	7696.412345791164
1888	7696.412345791164
1889	7696.412345791164
1890	7696.412345791164
1891	7696.412345791164
1892	7696.412345791164
1893	7696.412345791164
1894	7696.412345791164
1895	7696.412345791164
1896	7696.412345791164
1897	7696.412345791164
1898	7696.412345791164
1899	7696.412345791164
1900	7696.412345791164
1901	7696.412345791164
1902	7696.412345791164
1903	7696.412345791164
1904	7696.412345791164
1905	7696.412345791164
1906	7693.670879391246
1907	7693.670879391246
1908	7693.670879391246
1909	7693.670879391246
1910	7693.670879391246
1911	7693.670879391246
1912	7693.670879391246
1913	7693.670879391246
1914	7693.670879391246
1915	7693.670879391246
1916	7693.670879391246
1917	7693.670879391246
1918	7693.670879391246
1919	7693.670879391246
1920	7693.670879391246
1921	7693.670879391246
1922	7693.670879391246
1923	7693.670879391246
1924	7693.670879391246
1925	7693.670879391246
1926	7693.670879391246
1927	7693.670879391246
1928	7693.670879391246
1929	7693.670879391246
1930	7693.670879391246
1931	7693.670879391246
1932	7693.670879391246
1933	7693.670879391246
1934	7693.670879391246
1935	7693.670879391246
1936	7693.670879391246
1937	7693.670879391246
1938	7693.670879391246
1939	7693.670879391246
1940	7693.670879391246
1941	7693.670879391246
1942	7693.670879391246
1943	7693.670879391246
1944	7693.670879391246
1945	7693.670879391246
1946	7693.670879391246
1947	7693.670879391246
1948	7693.670879391246
1949	7692.840591420365
1950	7692.840591420365
1951	7692.840591420365
1952	7692.840591420365
1953	7692.840591420365
1954	7692.840591420365
1955	7692.840591420365
1956	7692.840591420365
1957	7692.840591420365
1958	7692.840591420365
1959	7692.840591420365
1960	7692.840591420365
1961	7692.840591420365
1962	7692.840591420365
1963	7692.840591420365
1964	7692.840591420365
1965	7692.840591420365
1966	7692.840591420365
1967	7692.840591420365
1968	7692.840591420365
1969	7692.840591420365
1970	7692.840591420365
1971	7692.840591420365
1972	7692.840591420365
1973	7692.840591420365
1974	7692.840591420365
1975	7692.840591420365
1976	7692.840591420365
1977	7692.840591420365
1978	7692.840591420365
1979	7692.840591420365
1980	7692.840591420365
1981	7692.840591420365
1982	7692.840591420365
1983	7692.840591420365
1984	7692.840591420365
1985	7692.840591420365
1986	7692.840591420365
1987	7692.840591420365
1988	7692.840591420365
1989	7692.840591420365
1990	7692.840591420365
1991	7692.840591420365
1992	7692.840591420365
1993	7692.840591420365
1994	7692.840591420365
1995	7692.840591420365
1996	7692.840591420365
1997	7692.840591420365
1998	7692.840591420365
1999	7689.124320520582
2000	7689.124320520582
2001	7689.124320520582
2002	7689.124320520582
2003	7685.7367315433685
2004	7685.7367315433685
2005	7685.7367315433685
2006	7685.7367315433685
2007	7685.7367315433685
2008	7681.582807020359
2009	7681.582807020359
2010	7681.582807020359
2011	7681.582807020359
2012	7681.582807020359
2013	7681.582807020359
2014	7681.582807020359
2015	7681.582807020359
2016	7681.582807020359
2017	7681.582807020359
2018	7681.582807020359
2019	7681.582807020359
2020	7681.582807020359
2021	7681.582807020359
2022	7681.582807020359
2023	7681.582807020359
2024	7681.582807020359
2025	7681.582807020359
2026	7681.582807020359
2027	7676.749942475502
2028	7676.749942475502
2029	7676.749942475502
2030	7676.5491514334435
2031	7676.5491514334435
2032	7676.5491514334435
2033	7676.5491514334435
2034	7676.5491514334435
2035	7676.5491514334435
2036	7676.5491514334435
2037	7676.5491514334435
2038	7676.5491514334435
2039	7676.5491514334435
2040	7676.5491514334435
2041	7676.5491514334435
2042	7676.5491514334435
2043	7676.5491514334435
2044	7676.5491514334435
2045	7676.5491514334435
2046	7676.5491514334435
2047	7676.5491514334435
2048	7676.5491514334435
2049	7676.5491514334435
2050	7676.5491514334435
2051	7676.5491514334435
2052	7676.5491514334435
2053	7676.5491514334435
2054	7676.5491514334435
2055	7676.5491514334435
2056	7676.5491514334435
2057	7676.5491514334435
2058	7676.5491514334435
2059	7676.5491514334435
2060	7676.5491514334435
2061	7676.5491514334435
2062	7676.5491514334435
2063	7676.5491514334435
2064	7676.5491514334435
2065	7676.5491514334435
2066	7676.5491514334435
2067	7676.5491514334435
2068	7676.5491514334435
2069	7676.5491514334435
2070	7676.5491514334435
2071	7676.5491514334435
2072	7676.5491514334435
2073	7676.5491514334435
2074	7676.5491514334435
2075	7666.452115961376
2076	7666.452115961376
2077	7666.452115961376
2078	7666.452115961376
2079	7666.452115961376
2080	7666.452115961376
2081	7666.452115961376
2082	7666.452115961376
2083	7666.452115961376
2084	7666.452115961376
2085	7666.452115961376
2086	7666.452115961376
2087	7666.452115961376
2088	7666.452115961376
2089	7666.452115961376
2090	7666.452115961376
2091	7666.452115961376
2092	7666.452115961376
2093	7666.452115961376
2094	7666.452115961376
2095	7666.452115961376
2096	7666.452115961376
2097	7666.452115961376
2098	7666.452115961376
2099	7666.452115961376
2100	7666.452115961376
2101	7666.452115961376
2102	7666.452115961376
2103	7666.452115961376
2104	7666.452115961376
2105	7666.452115961376
2106	7666.452115961376
2107	7666.452115961376
2108	7666.452115961376
2109	7666.452115961376
2110	7666.452115961376
2111	7666.452115961376
2112	7666.452115961376
2113	7663.39138757046
2114	7663.39138757046
2115	7663.39138757046
2116	7663.39138757046
2117	7663.39138757046
2118	7663.39138757046
2119	7663.39138757046
2120	7663.39138757046
2121	7663.39138757046
2122	7663.39138757046
2123	7663.39138757046
2124	7663.39138757046
2125	7663.39138757046
2126	7663.39138757046
2127	7663.39138757046
2128	7663.39138757046
2129	7663.39138757046
2130	7663.39138757046
2131	7663.39138757046
2132	7663.39138757046
2133	7663.39138757046
2134	7663.39138757046
2135	7663.39138757046
2136	7663.39138757046
2137	7663.39138757046
2138	7663.39138757046
2139	7663.39138757046
2140	7663.39138757046
2141	7663.39138757046
2142	7663.39138757046
2143	7663.39138757046
2144	7663.39138757046
2145	7663.39138757046
2146	7663.39138757046
2147	7663.39138757046
2148	7663.39138757046
2149	7663.39138757046
2150	7663.39138757046
2151	7663.39138757046
2152	7663.39138757046
2153	7663.39138757046
2154	7663.39138757046
2155	7663.39138757046
2156	7663.39138757046
2157	7663.39138757046
2158	7663.39138757046
2159	7663.39138757046
2160	7663.39138757046
2161	7663.39138757046
2162	7663.39138757046
2163	7663.39138757046
2164	7663.39138757046
2165	7663.39138757046
2166	7663.39138757046
2167	7663.39138757046
2168	7663.39138757046
2169	7663.39138757046
2170	7663.39138757046
2171	7663.39138757046
2172	7663.39138757046
2173	7663.39138757046
2174	7662.756839285094
2175	7662.756839285094
2176	7662.756839285094
2177	7662.756839285094
2178	7662.756839285094
2179	7662.756839285094
2180	7662.756839285094
2181	7662.756839285094
2182	7662.756839285094
2183	7662.756839285094
2184	7662.756839285094
2185	7662.756839285094
2186	7662.756839285094
2187	7662.756839285094
2188	7652.7589899984605
2189	7652.7589899984605
2190	7652.7589899984605
2191	7652.7589899984605
2192	7652.7589899984605
2193	7652.7589899984605
2194	7652.7589899984605
2195	7652.7589899984605
2196	7652.7589899984605
2197	7652.7589899984605
2198	7652.7589899984605
2199	7652.7589899984605
2200	7652.7589899984605
2201	7652.7589899984605
2202	7652.7589899984605
2203	7652.7589899984605
2204	7652.7589899984605
2205	7652.7589899984605
2206	7652.7589899984605
2207	7652.7589899984605
2208	7652.7589899984605
2209	7652.7589899984605
2210	7652.7589899984605
2211	7652.7589899984605
2212	7652.7589899984605
2213	7652.7589899984605
2214	7652.7589899984605
2215	7652.7589899984605
2216	7652.7589899984605
2217	7652.7589899984605
2218	7652.7589899984605
2219	7652.7589899984605
2220	7652.7589899984605
2221	7652.7589899984605
2222	7652.7589899984605
2223	7652.7589899984605
2224	7652.7589899984605
2225	7652.7589899984605
2226	7652.7589899984605
2227	7652.7589899984605
2228	7652.7589899984605
2229	7652.7589899984605
2230	7652.7589899984605
2231	7637.606826952541
2232	7637.606826952541
2233	7637.606826952541
2234	7637.606826952541
2235	7637.606826952541
2236	7637.606826952541
2237	7637.606826952541
2238	7637.606826952541
2239	7637.606826952541
2240	7637.606826952541
2241	7637.606826952541
2242	7637.606826952541
2243	7637.606826952541
2244	7637.606826952541
2245	7637.606826952541
2246	7637.606826952541
2247	7637.606826952541
2248	7637.606826952541
2249	7637.606826952541
2250	7637.606826952541
2251	7637.606826952541
2252	7637.606826952541
2253	7637.606826952541
2254	7637.606826952541
2255	7637.606826952541
2256	7637.606826952541
2257	7637.606826952541
2258	7637.606826952541
2259	7637.606826952541
2260	7637.606826952541
2261	7637.606826952541
2262	7637.606826952541
2263	7637.606826952541
2264	7637.606826952541
2265	7637.606826952541
2266	7637.606826952541
2267	7637.606826952541
2268	7637.606826952541
2269	7637.606826952541
2270	7637.606826952541
2271	7637.606826952541
2272	7637.606826952541
2273	7637.606826952541
2274	7637.606826952541
2275	7637.606826952541
2276	7637.606826952541
2277	7637.606826952541
2278	7637.606826952541
2279	7627.497673655741
2280	7627.497673655741
2281	7627.497673655741
2282	7627.497673655741
2283	7627.497673655741
2284	7627.497673655741
2285	7627.497673655741
2286	7627.497673655741
2287	7627.497673655741
2288	7627.497673655741
2289	7627.497673655741
2290	7627.497673655741
2291	7627.497673655741
2292	7627.133347513225
2293	7627.133347513225
2294	7627.133347513225
2295	7627.133347513225
2296	7627.133347513225
2297	7627.133347513225
2298	7627.133347513225
2299	7627.133347513225
2300	7627.133347513225
2301	7627.133347513225
2302	7627.133347513225
2303	7627.133347513225
2304	7627.133347513225
2305	7627.133347513225
2306	7627.133347513225
2307	7627.133347513225
2308	7627.133347513225
2309	7627.133347513225
2310	7627.133347513225
2311	7627.133347513225
2312	7627.133347513225
2313	7627.133347513225
2314	7627.133347513225
2315	7627.133347513225
2316	7627.133347513225
2317	7627.133347513225
2318	7627.133347513225
2319	7627.133347513225
2320	7627.133347513225
2321	7627.133347513225
2322	7627.133347513225
2323	7627.133347513225
2324	7627.133347513225
2325	7627.133347513225
2326	7627.133347513225
2327	7627.133347513225
2328	7627.133347513225
2329	7627.133347513225
2330	7627.133347513225
2331	7627.133347513225
2332	7627.133347513225
2333	7627.133347513225
2334	7627.133347513225
2335	7627.133347513225
2336	7627.133347513225
2337	7627.133347513225
2338	7627.133347513225
2339	7627.133347513225
2340	7627.133347513225
2341	7627.133347513225
2342	7627.133347513225
2343	7627.133347513225
2344	7627.133347513225
2345	7627.133347513225
2346	7627.133347513225
2347	7627.133347513225
2348	7627.133347513225
2349	7627.133347513225
2350	7627.133347513225
2351	7627.133347513225
2352	7627.133347513225
2353	7627.133347513225
2354	7627.133347513225
2355	7627.133347513225
2356	7627.133347513225
2357	7627.133347513225
2358	7627.133347513225
2359	7627.133347513225
2360	7627.133347513225
2361	7627.133347513225
2362	7627.133347513225
2363	7623.4068882529455
2364	7623.4068882529455
2365	7623.4068882529455
2366	7623.4068882529455
2367	7623.4068882529455
2368	7623.4068882529455
2369	7623.4068882529455
2370	7623.4068882529455
2371	7623.4068882529455
2372	7623.4068882529455
2373	7623.4068882529455
2374	7623.4068882529455
2375	7623.4068882529455
2376	7623.4068882529455
2377	7623.4068882529455
2378	7623.4068882529455
2379	7623.4068882529455
2380	7623.4068882529455
2381	7623.4068882529455
2382	7623.4068882529455
2383	7623.4068882529455
2384	7623.4068882529455
2385	7623.4068882529455
2386	7623.4068882529455
2387	7623.4068882529455
2388	7623.4068882529455
2389	7623.4068882529455
2390	7623.4068882529455
2391	7623.4068882529455
2392	7623.4068882529455
2393	7623.4068882529455
2394	7623.4068882529455
2395	7623.4068882529455
2396	7623.4068882529455
2397	7623.4068882529455
2398	7623.4068882529455
2399	7623.4068882529455
2400	7623.4068882529455
2401	7623.4068882529455
2402	7623.4068882529455
2403	7623.4068882529455
2404	7623.4068882529455
2405	7623.4068882529455
2406	7623.4068882529455
2407	7623.4068882529455
2408	7623.4068882529455
2409	7623.4068882529455
2410	7623.4068882529455
2411	7623.4068882529455
2412	7623.4068882529455
2413	7623.4068882529455
2414	7623.4068882529455
2415	7623.4068882529455
2416	7623.4068882529455
2417	7623.4068882529455
2418	7623.4068882529455
2419	7623.4068882529455
2420	7623.4068882529455
2421	7623.4068882529455
2422	7623.4068882529455
2423	7623.4068882529455
2424	7623.4068882529455
2425	7623.4068882529455
2426	7623.4068882529455
2427	7623.4068882529455
2428	7616.5586331657705
2429	7616.5586331657705
2430	7616.5586331657705
2431	7616.5586331657705
2432	7616.5586331657705
2433	7616.5586331657705
2434	7616.5586331657705
2435	7616.5586331657705
2436	7616.5586331657705
2437	7616.5586331657705
2438	7616.5586331657705
2439	7616.5586331657705
2440	7616.5586331657705
2441	7616.5586331657705
2442	7616.5586331657705
2443	7616.5586331657705
2444	7616.5586331657705
2445	7616.5586331657705
2446	7616.5586331657705
2447	7616.5586331657705
2448	7616.5586331657705
2449	7616.5586331657705
2450	7616.5586331657705
2451	7616.5586331657705
2452	7616.5586331657705
2453	7616.5586331657705
2454	7616.5586331657705
2455	7616.5586331657705
2456	7616.5586331657705
2457	7616.5586331657705
2458	7616.5586331657705
2459	7604.984934989148
2460	7604.984934989148
2461	7604.984934989148
2462	7604.984934989148
2463	7604.984934989148
2464	7604.984934989148
2465	7604.984934989148
2466	7604.984934989148
2467	7604.984934989148
2468	7604.984934989148
2469	7604.984934989148
2470	7604.984934989148
2471	7604.984934989148
2472	7604.984934989148
2473	7604.984934989148
2474	7604.984934989148
2475	7604.984934989148
2476	7604.984934989148
2477	7604.984934989148
2478	7604.984934989148
2479	7604.984934989148
2480	7604.984934989148
2481	7604.984934989148
2482	7604.984934989148
2483	7604.984934989148
2484	7604.984934989148
2485	7604.984934989148
2486	7604.984934989148
2487	7604.984934989148
2488	7604.984934989148
2489	7604.984934989148
2490	7604.984934989148
2491	7604.984934989148
2492	7604.984934989148
2493	7604.984934989148
2494	7604.984934989148
2495	7604.984934989148
2496	7604.984934989148
2497	7604.984934989148
2498	7604.984934989148
2499	7604.984934989148
2500	7604.984934989148
2501	7604.984934989148
2502	7604.984934989148
2503	7604.984934989148
2504	7604.984934989148
2505	7604.984934989148
2506	7604.984934989148
2507	7604.984934989148
2508	7604.984934989148
2509	7604.984934989148
2510	7604.984934989148
2511	7604.984934989148
2512	7604.984934989148
2513	7604.984934989148
2514	7604.984934989148
2515	7604.984934989148
2516	7604.984934989148
2517	7604.984934989148
2518	7604.984934989148
2519	7604.984934989148
2520	7604.984934989148
2521	7604.984934989148
2522	7604.984934989148
2523	7604.984934989148
2524	7604.984934989148
2525	7604.984934989148
2526	7604.984934989148
2527	7604.984934989148
2528	7604.984934989148
2529	7604.984934989148
2530	7604.984934989148
2531	7604.984934989148
2532	7604.984934989148
2533	7604.984934989148
2534	7604.984934989148
2535	7604.984934989148
2536	7604.984934989148
2537	7604.984934989148
2538	7604.984934989148
2539	7604.984934989148
2540	7604.984934989148
2541	7604.984934989148
2542	7604.984934989148
2543	7604.984934989148
2544	7604.984934989148
2545	7604.984934989148
2546	7604.984934989148
2547	7604.984934989148
2548	7604.984934989148
2549	7604.984934989148
2550	7604.984934989148
2551	7604.984934989148
2552	7604.984934989148
2553	7604.984934989148
2554	7604.984934989148
2555	7604.984934989148
2556	7604.984934989148
2557	7604.984934989148
2558	7604.984934989148
2559	7604.984934989148
2560	7604.984934989148
2561	7604.984934989148
2562	7604.984934989148
2563	7604.984934989148
2564	7604.984934989148
2565	7604.984934989148
2566	7604.984934989148
2567	7604.984934989148
2568	7604.984934989148
2569	7604.984934989148
2570	7604.984934989148
2571	7604.984934989148
2572	7604.984934989148
2573	7604.984934989148
2574	7604.984934989148
2575	7604.984934989148
2576	7604.984934989148
2577	7604.984934989148
2578	7604.984934989148
2579	7604.984934989148
2580	7604.984934989148
2581	7604.984934989148
2582	7604.984934989148
2583	7604.984934989148
2584	7604.984934989148
2585	7604.984934989148
2586	7604.984934989148
2587	7604.984934989148
2588	7604.984934989148
2589	7604.984934989148
2590	7604.984934989148
2591	7604.984934989148
2592	7604.984934989148
2593	7604.984934989148
2594	7599.5262298486205
2595	7599.5262298486205
2596	7599.5262298486205
2597	7599.5262298486205
2598	7599.5262298486205
2599	7592.245119476013
2600	7592.245119476013
2601	7592.245119476013
2602	7592.245119476013
2603	7592.245119476013
2604	7592.245119476013
2605	7592.245119476013
2606	7592.245119476013
2607	7592.245119476013
2608	7592.245119476013
2609	7592.245119476013
2610	7592.245119476013
2611	7592.245119476013
2612	7592.245119476013
2613	7592.245119476013
2614	7592.245119476013
2615	7592.245119476013
2616	7592.245119476013
2617	7592.245119476013
2618	7592.245119476013
2619	7592.245119476013
2620	7592.245119476013
2621	7592.245119476013
2622	7592.245119476013
2623	7592.245119476013
2624	7592.245119476013
2625	7592.245119476013
2626	7592.245119476013
2627	7592.245119476013
2628	7592.245119476013
2629	7592.245119476013
2630	7592.245119476013
2631	7592.245119476013
2632	7592.245119476013
2633	7592.245119476013
2634	7592.245119476013
2635	7592.245119476013
2636	7592.245119476013
2637	7592.245119476013
2638	7592.245119476013
2639	7592.245119476013
2640	7592.245119476013
2641	7592.245119476013
2642	7592.245119476013
2643	7592.245119476013
2644	7592.245119476013
2645	7592.245119476013
2646	7592.245119476013
2647	7592.245119476013
2648	7592.245119476013
2649	7592.245119476013
2650	7592.245119476013
2651	7592.245119476013
2652	7592.245119476013
2653	7592.245119476013
2654	7592.245119476013
2655	7592.245119476013
2656	7592.245119476013
2657	7592.245119476013
2658	7592.245119476013
2659	7592.245119476013
2660	7592.245119476013
2661	7592.245119476013
2662	7592.245119476013
2663	7592.245119476013
2664	7592.245119476013
2665	7592.245119476013
2666	7592.245119476013
2667	7592.245119476013
2668	7592.245119476013
2669	7592.245119476013
2670	7592.245119476013
2671	7592.245119476013
2672	7592.245119476013
2673	7592.245119476013
2674	7592.245119476013
2675	7592.245119476013
2676	7592.245119476013
2677	7592.245119476013
2678	7592.245119476013
2679	7592.245119476013
2680	7592.245119476013
2681	7592.245119476013
2682	7592.245119476013
2683	7592.245119476013
2684	7592.245119476013
2685	7592.245119476013
2686	7592.245119476013
2687	7592.245119476013
2688	7592.245119476013
2689	7592.245119476013
2690	7592.245119476013
2691	7592.245119476013
2692	7592.245119476013
2693	7592.245119476013
2694	7592.245119476013
2695	7592.245119476013
2696	7592.245119476013
2697	7588.6552187312345
2698	7588.6552187312345
2699	7588.6552187312345
2700	7588.6552187312345
2701	7588.6552187312345
2702	7588.6552187312345
2703	7588.6552187312345
2704	7588.6552187312345
2705	7588.6552187312345
2706	7588.6552187312345
2707	7588.6552187312345
2708	7588.6552187312345
2709	7588.6552187312345
2710	7588.6552187312345
2711	7588.6552187312345
2712	7588.6552187312345
2713	7588.6552187312345
2714	7588.6552187312345
2715	7588.6552187312345
2716	7588.6552187312345
2717	7588.6552187312345
2718	7588.6552187312345
2719	7588.6552187312345
2720	7588.6552187312345
2721	7588.6552187312345
2722	7588.6552187312345
2723	7588.6552187312345
2724	7588.6552187312345
2725	7588.6552187312345
2726	7588.6552187312345
2727	7588.6552187312345
2728	7588.6552187312345
2729	7588.6552187312345
2730	7588.6552187312345
2731	7588.6552187312345
2732	7588.6552187312345
2733	7588.6552187312345
2734	7588.6552187312345
2735	7588.6552187312345
2736	7588.6552187312345
2737	7588.6552187312345
2738	7588.6552187312345
2739	7588.6552187312345
2740	7588.6552187312345
2741	7588.6552187312345
2742	7588.6552187312345
2743	7588.6552187312345
2744	7588.6552187312345
2745	7588.6552187312345
2746	7588.6552187312345
2747	7588.6552187312345
2748	7588.6552187312345
2749	7588.6552187312345
2750	7588.6552187312345
2751	7588.6552187312345
2752	7588.6552187312345
2753	7588.6552187312345
2754	7588.6552187312345
2755	7588.6552187312345
2756	7588.6552187312345
2757	7588.6552187312345
2758	7588.6552187312345
2759	7588.6552187312345
2760	7570.324352842695
2761	7570.324352842695
2762	7570.324352842695
2763	7570.324352842695
2764	7570.324352842695
2765	7570.324352842695
2766	7570.324352842695
2767	7570.324352842695
2768	7570.324352842695
2769	7570.324352842695
2770	7570.324352842695
2771	7570.324352842695
2772	7570.324352842695
2773	7570.324352842695
2774	7570.324352842695
2775	7570.324352842695
2776	7570.324352842695
2777	7570.324352842695
2778	7570.324352842695
2779	7570.324352842695
2780	7570.324352842695
2781	7570.324352842695
2782	7570.324352842695
2783	7570.324352842695
2784	7570.324352842695
2785	7570.324352842695
2786	7570.324352842695
2787	7570.324352842695
2788	7570.324352842695
2789	7570.324352842695
2790	7570.324352842695
2791	7570.324352842695
2792	7570.324352842695
2793	7570.324352842695
2794	7570.324352842695
2795	7570.324352842695
2796	7570.324352842695
2797	7570.324352842695
2798	7570.324352842695
2799	7570.324352842695
2800	7570.324352842695
2801	7570.324352842695
2802	7570.324352842695
2803	7570.324352842695
2804	7535.219709140137
2805	7535.219709140137
2806	7535.219709140137
2807	7535.219709140137
2808	7535.219709140137
2809	7535.219709140137
2810	7535.219709140137
2811	7535.219709140137
2812	7535.219709140137
2813	7535.219709140137
2814	7535.219709140137
2815	7535.219709140137
2816	7535.219709140137
2817	7535.219709140137
2818	7535.219709140137
2819	7535.219709140137
2820	7535.219709140137
2821	7535.219709140137
2822	7535.219709140137
2823	7535.219709140137
2824	7535.219709140137
2825	7535.219709140137
2826	7535.219709140137
2827	7535.219709140137
2828	7535.219709140137
2829	7535.219709140137
2830	7535.219709140137
2831	7535.219709140137
2832	7535.219709140137
2833	7535.219709140137
2834	7535.219709140137
2835	7535.219709140137
2836	7535.219709140137
2837	7535.219709140137
2838	7535.219709140137
2839	7535.219709140137
2840	7530.308876657418
2841	7530.308876657418
2842	7530.308876657418
2843	7530.308876657418
2844	7530.308876657418
2845	7530.308876657418
2846	7530.308876657418
2847	7530.308876657418
2848	7530.308876657418
2849	7530.308876657418
2850	7530.308876657418
2851	7530.308876657418
2852	7530.308876657418
2853	7530.308876657418
2854	7530.308876657418
2855	7530.308876657418
2856	7530.308876657418
2857	7530.308876657418
2858	7530.308876657418
2859	7530.308876657418
2860	7530.308876657418
2861	7530.308876657418
2862	7530.308876657418
2863	7530.308876657418
2864	7530.308876657418
2865	7530.308876657418
2866	7530.308876657418
2867	7527.420758285419
2868	7527.420758285419
2869	7527.420758285419
2870	7527.420758285419
2871	7527.420758285419
2872	7527.420758285419
2873	7527.420758285419
2874	7527.420758285419
2875	7527.420758285419
2876	7527.420758285419
2877	7527.420758285419
2878	7527.420758285419
2879	7527.420758285419
2880	7527.420758285419
2881	7527.420758285419
2882	7527.420758285419
2883	7527.420758285419
2884	7527.420758285419
2885	7527.420758285419
2886	7527.420758285419
2887	7527.420758285419
2888	7527.420758285419
2889	7527.420758285419
2890	7527.420758285419
2891	7527.420758285419
2892	7527.420758285419
2893	7527.420758285419
2894	7527.420758285419
2895	7527.420758285419
2896	7527.420758285419
2897	7527.420758285419
2898	7527.420758285419
2899	7527.420758285419
2900	7527.420758285419
2901	7527.420758285419
2902	7527.420758285419
2903	7527.420758285419
2904	7527.420758285419
2905	7527.420758285419
2906	7527.420758285419
2907	7527.420758285419
2908	7527.420758285419
2909	7527.420758285419
2910	7527.420758285419
2911	7527.420758285419
2912	7527.420758285419
2913	7527.420758285419
2914	7527.420758285419
2915	7527.420758285419
2916	7527.420758285419
2917	7527.420758285419
2918	7527.420758285419
2919	7527.420758285419
2920	7527.420758285419
2921	7527.420758285419
2922	7527.420758285419
2923	7527.420758285419
2924	7527.420758285419
2925	7527.420758285419
2926	7527.420758285419
2927	7527.420758285419
2928	7527.420758285419
2929	7527.420758285419
2930	7527.420758285419
2931	7527.420758285419
2932	7527.420758285419
2933	7527.420758285419
2934	7527.420758285419
2935	7527.420758285419
2936	7527.420758285419
2937	7527.420758285419
2938	7527.420758285419
2939	7527.420758285419
2940	7527.420758285419
2941	7527.420758285419
2942	7527.420758285419
2943	7527.420758285419
2944	7527.420758285419
2945	7527.420758285419
2946	7527.420758285419
2947	7527.420758285419
2948	7527.420758285419
2949	7527.420758285419
2950	7527.420758285419
2951	7527.420758285419
2952	7527.420758285419
2953	7527.420758285419
2954	7527.420758285419
2955	7527.420758285419
2956	7527.420758285419
2957	7527.420758285419
2958	7527.420758285419
2959	7527.420758285419
2960	7527.420758285419
2961	7527.420758285419
2962	7527.420758285419
2963	7527.420758285419
2964	7527.420758285419
2965	7527.420758285419
2966	7527.420758285419
2967	7527.420758285419
2968	7527.420758285419
2969	7527.420758285419
2970	7527.420758285419
2971	7527.420758285419
2972	7527.420758285419
2973	7527.420758285419
2974	7527.420758285419
2975	7527.420758285419
2976	7527.420758285419
2977	7527.420758285419
2978	7527.420758285419
2979	7527.420758285419
2980	7527.420758285419
2981	7527.420758285419
2982	7527.420758285419
2983	7527.420758285419
2984	7527.420758285419
2985	7527.420758285419
2986	7527.420758285419
2987	7527.420758285419
2988	7527.420758285419
2989	7527.420758285419
2990	7527.420758285419
2991	7527.420758285419
2992	7527.420758285419
2993	7527.420758285419
2994	7527.420758285419
2995	7527.420758285419
2996	7527.420758285419
2997	7527.420758285419
2998	7527.420758285419
2999	7527.420758285419
3000	7527.420758285419
