1	3.0122378608743256E8
2	2.2674664018579763E8
3	1.8490798064889243E8
4	1.5770120047307974E8
5	1.3065081833459227E8
6	1.2023433744065027E8
7	1.064640315989795E8
8	9.704035025403856E7
9	8.946830960486844E7
10	8.33507942209925E7
11	7.675632582335421E7
12	6.948525141050015E7
13	6.2281967156036764E7
14	5.74784899008551E7
15	4.964810956671587E7
16	4.437246280151643E7
17	4.00827551084077E7
18	3.929771973908651E7
19	3.740862542709498E7
20	3.567196749047396E7
21	3.177276550002645E7
22	3.0256578787261225E7
23	2.896948102967082E7
24	2.6952691562944796E7
25	2.4602077002195437E7
26	2.3201968685990565E7
27	2.157402397273726E7
28	2.0241851647457264E7
29	1.8668536987695776E7
30	1.7830549725738958E7
31	1.7549572219096437E7
32	1.559281440487685E7
33	1.441054605650827E7
34	1.3819332959465723E7
35	1.3316911763742385E7
36	1.3037986036299407E7
37	1.2659506250738684E7
38	1.0953677357037466E7
39	9763320.683820162
40	9443434.640828509
41	9248011.36617267
42	8447861.298537968
43	7980389.399072076
44	7530479.068629884
45	7237252.464168281
46	6643674.507597966
47	6165121.6005224455
48	5662710.618313313
49	5451572.212958026
50	4959915.621948486
51	4792260.826881514
52	4063764.5830966057
53	3733631.872871728
54	3702527.148228913
55	3251895.22442014
56	2961038.5726052714
57	2833759.2602212164
58	2652252.456772461
59	2386403.5475704535
60	2282134.643456724
61	1963997.1457322338
62	1655665.128963187
63	1458907.0907657198
64	1430477.9692131814
65	1327650.5730223288
66	1255051.7476259083
67	1071474.3522117804
68	988711.5999913848
69	898728.0800724096
70	706659.0972898812
71	697806.4181981978
72	603830.424821271
73	561992.1537266931
74	536958.4818900113
75	494118.6628607261
76	473643.5815055066
77	443856.0874060736
78	379909.4093904322
79	292040.4430580996
80	262665.7404745183
81	232174.28351402516
82	212489.34392827068
83	176484.7568167192
84	168098.55026345368
85	148755.97793769802
86	144659.89411651602
87	144435.85477817617
88	128446.04407883609
89	118335.6295337534
90	101660.4747716908
91	100649.42067279239
92	92750.81931689841
93	70833.36311800519
94	63280.69752824639
95	57254.6444516771
96	55932.026108015954
97	52254.85489066028
98	47677.52184929257
99	47259.28947430578
100	44187.670796541526
101	38230.90586134363
102	28304.903878287223
103	22728.843867234456
104	18947.766431889766
105	15500.680783063794
106	14323.895336124211
107	13533.9951991876
108	12675.360036145248
109	9644.07116965878
110	8295.388870357187
111	6758.225237424188
112	6371.908452177819
113	5712.371749021533
114	4668.782633937671
115	4346.554860846954
116	3399.3275659703727
117	2875.3444463002456
118	2731.969018493385
119	2605.300714653119
120	2579.535839994568
121	2487.786417250578
122	2109.6283834765904
123	1054.2956927240607
124	1033.330934972663
125	802.0218030802134
126	801.942317907488
127	757.2483881942313
128	741.8185977737122
129	721.7638823008833
130	558.9271355861159
131	418.7800779519757
132	319.1280174143065
133	279.5916716925392
134	279.55218693693513
135	279.4873411628851
136	278.95291129972924
137	185.589619397202
138	42.15036696225183
139	38.370571046803406
140	37.9135365146191
141	37.9135365146191
142	37.28934884181162
143	35.35539455049332
144	33.459001047783346
145	32.56651884462182
146	32.322361493824445
147	31.33459591000407
148	31.33459591000407
149	26.81722229614442
150	26.734332634021122
151	26.734332634021122
152	26.65221850155273
153	25.838154418360624
154	25.1308064815671
155	24.9435817655505
156	23.89835885701472
157	23.603172801032592
158	21.875837826048063
159	20.56893082280743
160	20.24256753078004
161	20.012182065419108
162	18.034712743345725
163	17.659637188586018
164	17.133782258483272
165	16.696543827402483
166	16.692506449585977
167	16.39551861247432
168	16.122011503680735
169	15.430685164774008
170	15.382027012343976
171	15.175109521793773
172	14.730986901866942
173	14.342230434910249
174	14.201534987430199
175	13.853409588122075
176	13.735426725381744
177	13.556431064761112
178	13.532545019153496
179	13.452547176781955
180	13.239286194868056
181	13.112438591067763
182	12.7047589288107
183	12.319169091525845
184	12.116174210310314
185	11.980119379447355
186	11.893366506003089
187	11.784376645272214
188	11.63777336257474
189	11.355732193994402
190	11.342530398353045
191	11.07119714862774
192	10.77024730012999
193	10.737808652343272
194	10.638060065228421
195	10.459096822299067
196	10.048853367427613
197	9.587551270895364
198	9.517046857138132
199	9.33630524879157
200	9.03701360770901
201	8.76390944024697
202	8.564638607036049
203	8.409506876720453
204	8.117546085576375
205	7.704586118586592
206	7.637528042279902
207	7.581428593042313
208	7.465140150799223
209	7.419913106121419
210	7.207734173569676
211	7.1573301797233055
212	7.144559095324643
213	7.051310940766126
214	6.93342935953249
215	6.8453050739107235
216	6.771271192684367
217	6.709592203869372
218	6.412432197812574
219	6.2861970685290816
220	6.244720002438019
221	6.125387365088872
222	6.080841704802926
223	5.971630943033387
224	5.9615550696530875
225	5.86406421883143
226	5.808522010364175
227	5.799659439555461
228	5.756403554775659
229	5.713471744770277
230	5.653896540678856
231	5.606412920693618
232	5.524297117397129
233	5.426361278111377
234	5.262774755211185
235	5.149743367532521
236	5.0213864648896385
237	4.931991268320211
238	4.817027840086376
239	4.817027840086376
240	4.755199435638475
241	4.73397198443264
242	4.4229940393757525
243	4.3345763114694575
244	4.3187402973757605
245	4.252812772904799
246	4.117107206108883
247	3.974177306134573
248	3.867195919231761
249	3.7817538656267264
250	3.7146933586582134
251	3.6673104082661143
252	3.617625931521172
253	3.6027000925835475
254	3.5649238322731223
255	3.4900701092092183
256	3.4511123364674714
257	3.3692373761098664
258	3.257182174787167
259	3.1997644837834573
260	3.195304660459647
261	3.1031516377276374
262	3.0801672263192885
263	3.065690869170411
264	3.016839211862804
265	2.994874555982918
266	2.966151999200787
267	2.9440993993883793
268	2.8965097123185495
269	2.74342830408659
270	2.724911307287213
271	2.686146898118996
272	2.587392442056201
273	2.545289628207759
274	2.5075578990685283
275	2.4717902326176158
276	2.4113258356490173
277	2.3504707830483644
278	2.347257367534454
279	2.3385945700025057
280	2.3022474251663625
281	2.271284667845431
282	2.2097502254352572
283	2.137407225117563
284	2.1240897582386613
285	2.0650962772884274
286	2.0002570303303817
287	1.9632941349680273
288	1.9098327615289483
289	1.8685531303598746
290	1.823225485378973
291	1.7810525384773492
292	1.7396261392678867
293	1.6924607306030097
294	1.6613272641534786
295	1.6312636840410988
296	1.6144039284458676
297	1.606879330422779
298	1.5967192737305098
299	1.5185985870077199
300	1.5053031004368331
301	1.4659724561507863
302	1.4194405533150816
303	1.417790429611632
304	1.3524731717750924
305	1.3180803837648611
306	1.2754732658649133
307	1.2689673694965549
308	1.2464982976662533
309	1.2321109772529106
310	1.2209867732890485
311	1.1582623416257163
312	1.1371002768272664
313	1.0926439466165239
314	1.0660775408929257
315	1.0441596327812361
316	1.000424661544112
317	0.9606294514796065
318	0.9566989104279446
319	0.9545793743148445
320	0.944727700494566
321	0.9074205974833656
322	0.8553191464378145
323	0.8337272124203774
324	0.8162514984350892
325	0.7966619307985539
326	0.7895482045224292
327	0.7653780174357353
328	0.7639516303053531
329	0.7500962240368705
330	0.7317986763100048
331	0.6939085540025375
332	0.6913528195571248
333	0.6871155207858969
334	0.6868316748008819
335	0.6546623098890056
336	0.6541212101055088
337	0.6439057476895713
338	0.6393479541082004
339	0.6303118247565018
340	0.6192055289638537
341	0.613383253507818
342	0.5855233946001257
343	0.5751341995477407
344	0.5576642316967082
345	0.5425008066286114
346	0.532136674200519
347	0.48679742652946917
348	0.476286733474106
349	0.4703419520090455
350	0.46766749457595075
351	0.44975284900816526
352	0.41439189017634526
353	0.4123467121683636
354	0.4069440919282969
355	0.39387693645967986
356	0.3803805603838014
357	0.3695278117385164
358	0.36053398618981497
359	0.32896702911744335
360	0.3245728974153644
361	0.3188990135778492
362	0.31576499455156554
363	0.31227257837631556
364	0.29971911329312223
365	0.2860761869022648
366	0.275751947562176
367	0.27286951637153595
368	0.2647080312632505
369	0.26346073884212384
370	0.25512345133712044
371	0.24247197564963402
372	0.2386862806503556
373	0.2324695269693209
374	0.22859982821441666
375	0.22482416919546452
376	0.22288177899177666
377	0.2177961348586443
378	0.21456091699367005
379	0.21255356880803208
380	0.20497725680869733
381	0.19263130265097925
382	0.19082341911316336
383	0.18441403812713342
384	0.17763602274687507
385	0.17487001338038594
386	0.16748311429214707
387	0.16695243802377363
388	0.16414825597591054
389	0.16013016706236766
390	0.15656005801147482
391	0.14155883583967147
392	0.13981168890107237
393	0.1352762883134459
394	0.12743885002318459
395	0.12326956014938063
396	0.12086101249237191
397	0.11918744288197575
398	0.10821161411667736
399	0.10731544421433245
400	0.10528769376994904
401	0.0998095594831283
402	0.09535071733357338
403	0.0948946825146916
404	0.09224615855579894
405	0.08828796084063874
406	0.08450815907858565
407	0.08292446807625688
408	0.08210180107347603
409	0.08166043899024507
410	0.07836724077652947
411	0.07560198918087223
412	0.07506937090920673
413	0.07394387538867196
414	0.07155924228758588
415	0.0696904293425897
416	0.06940756245261497
417	0.0656699761170353
418	0.06485728369150619
419	0.05863445585752524
420	0.05585755215254483
421	0.05459552569856945
422	0.05374989548940867
423	0.05256847059429781
424	0.05201556587322044
425	0.05145386390802084
426	0.049059883442588686
427	0.048621354661833906
428	0.04767685455340654
429	0.04574907661701025
430	0.044007751704151686
431	0.04228737683109302
432	0.04173630375690935
433	0.04051275198665432
434	0.038754468289440965
435	0.034893617844460205
436	0.03345634362716083
437	0.03232215569561738
438	0.031627380818267256
439	0.0308807901928263
440	0.030142398257002108
441	0.029482469489488215
442	0.029141676350732955
443	0.02898172793157471
444	0.028536534429184114
445	0.02759991957653962
446	0.02724720144747577
447	0.025068298002902174
448	0.024892624284542406
449	0.022677727183846988
450	0.022017902414347704
451	0.021724131088643475
452	0.020904538804731712
453	0.02060418304218024
454	0.01974466046933712
455	0.018217329050712057
456	0.017464738504749333
457	0.017015655133565004
458	0.01694417390016509
459	0.016313092637836698
460	0.01594336855329923
461	0.015931845509813837
462	0.01579973916480111
463	0.015689304451041643
464	0.015099148229434605
465	0.014878108022074059
466	0.01414137142089286
467	0.013756135219509257
468	0.013228280270479545
469	0.013117305803856468
470	0.012075518312580719
471	0.011729949110084058
472	0.011607145872108232
473	0.011387833003370186
474	0.010868720283455032
475	0.010650963063453573
476	0.01004959482741047
477	0.009839719694783046
478	0.009689407783708444
479	0.009384224655972773
480	0.009196270915993399
481	0.00897988434397554
482	0.008655427811082297
483	0.008370750233463183
484	0.00829312089951553
485	0.008082022838809653
486	0.00798816003351384
487	0.0077538472818145555
488	0.007689434875912526
489	0.007554671027839088
490	0.007432440629926183
491	0.007270953897395188
492	0.006975406343767316
493	0.006864587252622814
494	0.00639363223828214
495	0.0060866257064678695
496	0.005869498260601492
497	0.005625887691907742
498	0.0055490669230276275
499	0.005342488471411693
500	0.00530702561142714
501	0.005177515131509182
502	0.00513727106413078
503	0.005108366101402958
504	0.00495590348473537
505	0.004663884689771314
506	0.004464058370623783
507	0.004196014260744966
508	0.00400377376676072
509	0.003960371431768755
510	0.003858173552546385
511	0.0037070753430361566
512	0.003670764840729465
513	0.0036146474966249533
514	0.0034896931674942362
515	0.003441916604483333
516	0.0033822416403012645
517	0.003342625352429871
518	0.003225754251529766
519	0.0028758878637342926
520	0.002770070023519119
521	0.0026107274068112194
522	0.0025723779550955255
523	0.002496285634823628
524	0.002465435142070749
525	0.002364983101544092
526	0.002327854487192318
527	0.0022781361290702086
528	0.002254073956021683
529	0.0022016662932990766
530	0.0021613488102473813
531	0.002125213146710131
532	0.002074453834896487
533	0.0019832091988404564
534	0.0019198223356873263
535	0.0018859422404433276
536	0.0018224588995790106
537	0.0017411340642690795
538	0.0016126001994844076
539	0.0016069876965353733
540	0.0015714129855797904
541	0.0015523367910351541
542	0.0015111095948270499
543	0.0014794820823038684
544	0.001423726960387974
545	0.0013201205779307652
546	0.0012263203453865676
547	0.0012189017914115794
548	0.0011927636958616592
549	0.0011608100687749278
550	0.0011439637008534252
551	0.0011123825239417629
552	0.0010912475257102987
553	0.0010399462293674518
554	0.001024096762146728
555	9.944675960293357E-4
556	9.793646782684964E-4
557	9.682517935946289E-4
558	9.587686197222617E-4
559	9.048927449247563E-4
560	8.881663372972709E-4
561	8.325228217984548E-4
562	7.918628015387508E-4
563	7.806771224380696E-4
564	7.646196966588971E-4
565	7.529713973638444E-4
566	7.410509654395187E-4
567	7.360530843289327E-4
568	7.273023754592201E-4
569	6.996390980993792E-4
570	6.649823824117541E-4
571	6.62864438263505E-4
572	6.552922449729107E-4
573	6.461245632408616E-4
574	6.244251234059771E-4
575	6.169995879438509E-4
576	5.81941516983694E-4
577	5.536727302311493E-4
578	5.469053469361121E-4
579	5.346660094758186E-4
580	5.25644755277519E-4
581	5.188736436781083E-4
582	4.994897099294042E-4
583	4.8034960924170437E-4
584	4.5768800836557244E-4
585	4.518131532571862E-4
586	4.312713334161364E-4
587	4.103868278095045E-4
588	4.066981996640988E-4
589	3.9886228912304077E-4
590	3.9732560529121675E-4
591	3.878065826377685E-4
592	3.66956939448229E-4
593	3.4335812641702E-4
594	3.188009243693747E-4
595	3.115419385764585E-4
596	3.07657532876358E-4
597	2.993519085820577E-4
598	2.856887829320569E-4
599	2.8446762771133766E-4
600	2.8088739947765187E-4
601	2.752561946821537E-4
602	2.6810420599337873E-4
603	2.6210003641040315E-4
604	2.4630856195701184E-4
605	2.4273338800147497E-4
606	2.3782823583398872E-4
607	2.3389668852856672E-4
608	2.2671733003389608E-4
609	2.2505366575327037E-4
610	2.0569220702401365E-4
611	1.9719246841575644E-4
612	1.922327900112729E-4
613	1.908800214095952E-4
614	1.8810760173249415E-4
615	1.853961279124931E-4
616	1.8208054643438027E-4
617	1.793669095807157E-4
618	1.732620979245434E-4
619	1.7252621907576536E-4
620	1.6451773782185045E-4
621	1.5987514957260205E-4
622	1.513504839715349E-4
623	1.510432795722454E-4
624	1.4965292802412373E-4
625	1.4229703477699142E-4
626	1.3887485257349852E-4
627	1.339919357570569E-4
628	1.2868890121272566E-4
629	1.230001816361341E-4
630	1.2148929696362653E-4
631	1.197078367652716E-4
632	1.1233279001744948E-4
633	1.0871106248171882E-4
634	1.0559254304448361E-4
635	1.041956923731315E-4
636	9.672443441629501E-5
637	9.490503770193549E-5
638	9.056101282742187E-5
639	8.895301444342836E-5
640	8.650633153220666E-5
641	8.43069414196969E-5
642	8.397039982772461E-5
643	8.138351833552747E-5
644	7.89639737522892E-5
645	7.80100395747702E-5
646	7.561169169651753E-5
647	7.277147223955634E-5
648	7.234613329672544E-5
649	7.1289308427538E-5
650	6.883178655618949E-5
651	6.764325796769028E-5
652	6.487462085167312E-5
653	6.316730410069295E-5
654	6.227367085023642E-5
655	6.206857505064574E-5
656	6.0582506573301275E-5
657	5.802043449812616E-5
658	5.602362618814944E-5
659	5.425185314949853E-5
660	5.278543067980957E-5
661	5.145734776876188E-5
662	4.875674311399376E-5
663	4.8278880158552514E-5
664	4.753867847912261E-5
665	4.673271021601968E-5
666	4.4374934660262224E-5
667	4.295977600699931E-5
668	4.2140812371711384E-5
669	4.034968856947209E-5
670	3.9442518910381454E-5
671	3.787283910832903E-5
672	3.7706196841872556E-5
673	3.661787977974612E-5
674	3.6012529073938394E-5
675	3.494025510375516E-5
676	3.4603698175388204E-5
677	3.41248912086063E-5
678	3.335040843898742E-5
679	3.284277227695422E-5
680	3.242335245329079E-5
681	3.109199843271473E-5
682	2.9804325647476088E-5
683	2.912258040584531E-5
684	2.8495974779101137E-5
685	2.7316138667265127E-5
686	2.6886017742741734E-5
687	2.6205589167997518E-5
688	2.506572240543852E-5
689	2.4277352475647107E-5
690	2.336947078001489E-5
691	2.281355717104323E-5
692	2.1925806365169957E-5
693	2.0923872185402195E-5
694	2.0178974288444165E-5
695	2.011092311922187E-5
696	1.9464621435892114E-5
697	1.9258025338765673E-5
698	1.8898706082568334E-5
699	1.761953923509225E-5
700	1.7270199647134398E-5
701	1.707415528186839E-5
702	1.6045333285012672E-5
703	1.5954172601022637E-5
704	1.544553261592138E-5
705	1.526208879799983E-5
706	1.4834399604959303E-5
707	1.4435975523218964E-5
708	1.3931209157282298E-5
709	1.3606603105275712E-5
710	1.3103887329824473E-5
711	1.2855813285688337E-5
712	1.2250132799987291E-5
713	1.2161138079630574E-5
714	1.2054464244208502E-5
715	1.1577140063107238E-5
716	1.1234614489417173E-5
717	1.1099894742758696E-5
718	1.075925346328536E-5
719	1.041661892058965E-5
720	1.0146908835643547E-5
721	9.854719526917107E-6
722	9.688222991300727E-6
723	9.578877588953698E-6
724	9.276254305587438E-6
725	8.856105478084395E-6
726	8.84765757213442E-6
727	8.650761417201698E-6
728	8.377517675267324E-6
729	8.03579315418001E-6
730	7.773301830666316E-6
731	7.498454696367473E-6
732	7.09339282502047E-6
733	6.9640861789285865E-6
734	6.786784489604355E-6
735	6.513021911935544E-6
736	6.3136088703766385E-6
737	5.874215389313792E-6
738	5.7333477241440106E-6
739	5.61839794760196E-6
740	5.53484892379346E-6
741	5.344718024265492E-6
742	5.226803579417891E-6
743	5.1182694675291E-6
744	4.896884138437931E-6
745	4.837150719750506E-6
746	4.797795680165747E-6
747	4.614531846073361E-6
748	4.33485884609167E-6
749	4.255978268042888E-6
750	4.179938618228301E-6
751	4.1300642103504675E-6
752	4.084326818446524E-6
753	4.062707911179083E-6
754	3.990067261004406E-6
755	3.721844657980425E-6
756	3.6331165782491867E-6
757	3.470524607200739E-6
758	3.405948738767307E-6
759	3.2734032856905036E-6
760	3.0718165849377938E-6
761	3.0648187998942258E-6
762	3.010768076460415E-6
763	2.97120332943144E-6
764	2.947714997964781E-6
765	2.8996906497231334E-6
766	2.8423638994904724E-6
767	2.590720154973679E-6
768	2.586278710644989E-6
769	2.4737087635491305E-6
770	2.4491636643124307E-6
771	2.4461566057120303E-6
772	2.3608296644729556E-6
773	2.3228661726736435E-6
774	2.236975088421302E-6
775	2.2116274761862357E-6
776	2.199480337464226E-6
777	2.1336457816306437E-6
778	2.0447672479436423E-6
779	1.93889785974953E-6
780	1.8947067210735307E-6
781	1.8530946802017392E-6
782	1.7746613639711735E-6
783	1.7277627000572622E-6
784	1.7034565417856964E-6
785	1.61705253809063E-6
786	1.5882529771990696E-6
787	1.545467799230834E-6
788	1.4542400870540572E-6
789	1.3975335215439975E-6
790	1.3877849650183678E-6
791	1.372155538243412E-6
792	1.3609315014484002E-6
793	1.3121853581430733E-6
794	1.2942674956681847E-6
795	1.2521725346605304E-6
796	1.2341574610216092E-6
797	1.1777642634632288E-6
798	1.1573517300496759E-6
799	1.1333359481458726E-6
800	1.0865586156470862E-6
801	1.074682968655181E-6
802	1.0053072863539949E-6
803	9.773846490514694E-7
804	9.396341037986583E-7
805	9.138051459019541E-7
806	8.897405665156833E-7
807	8.504339041973314E-7
808	8.269886276698308E-7
809	8.124105734514043E-7
810	8.023720025636134E-7
811	7.854909457936016E-7
812	7.567659381245611E-7
813	7.296937076612316E-7
814	7.194306870082814E-7
815	6.889555306946156E-7
816	6.83222178867064E-7
817	6.54962964776717E-7
818	6.437031070082157E-7
819	6.299946533609544E-7
820	6.075787307632146E-7
821	5.8528465180663E-7
822	5.677828838238845E-7
823	5.613210376425618E-7
824	5.345283069781565E-7
825	5.117110329977063E-7
826	4.968567799273524E-7
827	4.834148251344956E-7
828	4.6568803798994864E-7
829	4.487900147800999E-7
830	4.426809439182761E-7
831	4.389219971565664E-7
832	4.1729203091165193E-7
833	4.139006357588642E-7
834	4.061701183581228E-7
835	3.9595334132673596E-7
836	3.8808203938692704E-7
837	3.765336714512191E-7
838	3.740550872644923E-7
839	3.7103746308180144E-7
840	3.66993415645601E-7
841	3.400693326498671E-7
842	3.265397199958464E-7
843	3.130761846164704E-7
844	3.0618144722877324E-7
845	2.950508744448399E-7
846	2.8499087787492846E-7
847	2.7908615826078745E-7
848	2.755026856960348E-7
849	2.6772726432056963E-7
850	2.643100409270236E-7
851	2.555783694300202E-7
852	2.5215371212865044E-7
853	2.4239517418820534E-7
854	2.4168966032056145E-7
855	2.3415952544750018E-7
856	2.322012539866189E-7
857	2.293534735620003E-7
858	2.248842685792319E-7
859	2.184515357700235E-7
860	2.1093404772136776E-7
861	2.059706690919661E-7
862	2.001922396552427E-7
863	1.992816339676985E-7
864	1.9757034080415688E-7
865	1.9032105665768479E-7
866	1.852853446839781E-7
867	1.7886310930564493E-7
868	1.7667595930440495E-7
869	1.7571863831764458E-7
870	1.6826270956658188E-7
871	1.6270204184619652E-7
872	1.460953526389672E-7
873	1.4135467121745134E-7
874	1.3993859367142785E-7
875	1.3731625952300991E-7
876	1.3407629242104157E-7
877	1.310470913076888E-7
878	1.278323922947481E-7
879	1.2461249366393668E-7
880	1.23294711714634E-7
881	1.1443806571602814E-7
882	1.1176549031021809E-7
883	1.0613605500220356E-7
884	1.0408511396396662E-7
885	1.031096939807122E-7
886	1.0180899325824009E-7
887	1.0142882305757016E-7
888	9.581041310377604E-8
889	9.46966682355575E-8
890	8.918735284514508E-8
891	8.574977161903E-8
892	8.42711806448434E-8
893	8.218611445891174E-8
894	7.974444433654787E-8
895	7.875080941944338E-8
896	7.724401376877248E-8
897	7.367789668056495E-8
898	7.329490965821788E-8
899	7.006391690589599E-8
900	6.711843484489515E-8
901	6.60929854832874E-8
902	6.396126255311726E-8
903	6.33459906760415E-8
904	6.151755639841538E-8
905	5.932071980047549E-8
906	5.714301119841695E-8
907	5.566051788120026E-8
908	5.393150243475598E-8
909	5.0844615646548033E-8
910	4.8675143792700634E-8
911	4.647038712934064E-8
912	4.5748531668588365E-8
913	4.570013297198027E-8
914	4.487525179245026E-8
915	4.4723726655229916E-8
916	4.293733003975773E-8
917	4.254035667752311E-8
918	4.222791399854941E-8
919	4.177221649149204E-8
920	3.944127183118465E-8
921	3.79974385363444E-8
922	3.6913878754765896E-8
923	3.6659496959398244E-8
924	3.660297952481919E-8
925	3.534308797797027E-8
926	3.501676271763549E-8
927	3.427573267248648E-8
928	3.364480242587237E-8
929	3.167436932911876E-8
930	3.0733375732771E-8
931	2.9393590931917914E-8
932	2.917724695126517E-8
933	2.87891875616159E-8
934	2.7575277651380972E-8
935	2.6779409048515965E-8
936	2.6320778610692163E-8
937	2.572340239641569E-8
938	2.486625984316075E-8
939	2.4397554599484215E-8
940	2.376851022725201E-8
941	2.308784162990657E-8
942	2.2358642990523456E-8
943	2.16053179440686E-8
944	2.113343605932671E-8
945	2.0128476633029437E-8
946	1.9431165800074294E-8
947	1.8923866587710073E-8
948	1.8186597941567105E-8
949	1.761237803646981E-8
950	1.7140238862679584E-8
951	1.6852855052512425E-8
952	1.6535810012305373E-8
953	1.625880519180231E-8
954	1.5936553299529963E-8
955	1.5660008626653697E-8
956	1.5122573660404962E-8
957	1.4659172099862156E-8
958	1.4161922187513702E-8
959	1.3880061986647352E-8
960	1.3761275795859304E-8
961	1.3643100061883751E-8
962	1.3096710844306325E-8
963	1.2695090606901073E-8
964	1.264902550335834E-8
965	1.2307315974451207E-8
966	1.2245475974552233E-8
967	1.209477077613619E-8
968	1.086618910106622E-8
969	1.0792608067552279E-8
970	1.0339668697736535E-8
971	1.0199828955530422E-8
972	9.972911443445229E-9
973	9.710694500792977E-9
974	9.629593569959572E-9
975	9.34923080195103E-9
976	8.993072698067271E-9
977	8.83361292874139E-9
978	8.69769612564861E-9
979	8.534297764168258E-9
980	8.407225062090322E-9
981	7.922170540659553E-9
982	7.698882531546224E-9
983	7.616779857504248E-9
984	7.304761290668491E-9
985	7.128655361281354E-9
986	6.9644226201117115E-9
987	6.68879145639796E-9
988	6.528334155171513E-9
989	6.245373313531925E-9
990	6.206347561404607E-9
991	5.850185222194889E-9
992	5.7641768672835E-9
993	5.6089923326399704E-9
994	5.379067247774553E-9
995	5.224003290248229E-9
996	5.136175919643961E-9
997	5.002012696282246E-9
998	4.866540002001587E-9
999	4.862820736338129E-9
1000	4.7429647237372225E-9
1001	4.44891211465695E-9
1002	4.340122284525004E-9
1003	4.194338769331956E-9
1004	4.02416516476401E-9
1005	3.9701832666625085E-9
1006	3.923228459930941E-9
1007	3.837407384879724E-9
1008	3.780953136708367E-9
1009	3.649998699025038E-9
1010	3.5038839028271823E-9
1011	3.484738767238008E-9
1012	3.484220985026475E-9
1013	3.3997027732213013E-9
1014	3.3275807947324333E-9
1015	3.2539092967191545E-9
1016	3.2004494502968837E-9
1017	3.1639000198532365E-9
1018	3.0407533882216203E-9
1019	2.925397660659217E-9
1020	2.7853331540136215E-9
1021	2.724259978971039E-9
1022	2.6438085490622834E-9
1023	2.5357690602821035E-9
1024	2.3524433581813945E-9
1025	2.2798734056421425E-9
1026	2.2207285032559123E-9
1027	2.179021206858371E-9
1028	2.102633306527923E-9
1029	2.0357343600506184E-9
1030	2.0210101354465035E-9
1031	1.9199900271193187E-9
1032	1.8627878851984964E-9
1033	1.812395990089241E-9
1034	1.7635028309296143E-9
1035	1.7324508504006468E-9
1036	1.6838561381531987E-9
1037	1.6329514758788218E-9
1038	1.6186362958741389E-9
1039	1.5984319711832247E-9
1040	1.5682840727223933E-9
1041	1.547697876939192E-9
1042	1.5280131726294792E-9
1043	1.4485654421999539E-9
1044	1.4211116156010356E-9
1045	1.3719051009141371E-9
1046	1.3363280945660283E-9
1047	1.2919227853684342E-9
1048	1.2535263400550492E-9
1049	1.1972318382053059E-9
1050	1.1627067123019374E-9
1051	1.1399732712070207E-9
1052	1.1259975121947845E-9
1053	1.1117204714122496E-9
1054	1.0345355544669904E-9
1055	1.0240220508238495E-9
1056	9.953248701043948E-10
1057	9.727787763866629E-10
1058	9.361196267170393E-10
1059	9.255603173709484E-10
1060	8.834770892357031E-10
1061	8.685902467495263E-10
1062	8.463117159781451E-10
1063	8.39184782554724E-10
1064	8.300166266729562E-10
1065	8.004035881628788E-10
1066	7.571869948050035E-10
1067	7.206412822745844E-10
1068	7.051221448536022E-10
1069	6.899207633924317E-10
1070	6.870698764517264E-10
1071	6.48100877676799E-10
1072	6.423772377581527E-10
1073	6.233368523395469E-10
1074	6.096496535842012E-10
1075	5.967382166831318E-10
1076	5.704409033510575E-10
1077	5.514046856343813E-10
1078	5.327482315767662E-10
1079	5.22069165743366E-10
1080	4.955892454129665E-10
1081	4.809743428985549E-10
1082	4.5956483984457314E-10
1083	4.4661019747955005E-10
1084	4.45446621117732E-10
1085	4.3309298439005564E-10
1086	4.1912919772834856E-10
1087	4.1245776810139026E-10
1088	4.038754046259443E-10
1089	4.0114850076250165E-10
1090	3.899685203592309E-10
1091	3.7817605873397397E-10
1092	3.7175432065093303E-10
1093	3.602613086906528E-10
1094	3.3596545211703646E-10
1095	3.319949568512691E-10
1096	3.2200612826031735E-10
1097	3.1055510199026454E-10
1098	3.101727473567396E-10
1099	3.0880822670545617E-10
1100	3.0255980716427335E-10
1101	2.9009464802189136E-10
1102	2.711365364037928E-10
1103	2.580922404884379E-10
1104	2.5622783885492116E-10
1105	2.4667374397900034E-10
1106	2.4518945213992223E-10
1107	2.3333661102782236E-10
1108	2.2973664535888905E-10
1109	2.2325240221618245E-10
1110	2.1862898655582951E-10
1111	2.1695131551608478E-10
1112	2.0380280046559603E-10
1113	2.0248933097618668E-10
1114	1.9921561454229997E-10
1115	1.9288548095324435E-10
1116	1.8408800109180693E-10
1117	1.7905703888236846E-10
1118	1.6948700589466562E-10
1119	1.6459577440610767E-10
1120	1.6050920811081168E-10
1121	1.5894958560174077E-10
1122	1.5764985933762643E-10
1123	1.5103558328623333E-10
1124	1.42815594608724E-10
1125	1.412645381986853E-10
1126	1.409866971559103E-10
1127	1.377921260566356E-10
1128	1.3325772016072346E-10
1129	1.3201064307142817E-10
1130	1.2784370267632086E-10
1131	1.2689027630146232E-10
1132	1.2080066634051704E-10
1133	1.161611023826523E-10
1134	1.1172830977306998E-10
1135	1.102410482676267E-10
1136	1.0089503492951967E-10
1137	9.34756731267669E-11
1138	9.214037902248388E-11
1139	8.961535739562735E-11
1140	8.793994555956336E-11
1141	8.754295658464781E-11
1142	8.563577451765766E-11
1143	8.307647796300763E-11
1144	8.185186345600985E-11
1145	7.967271210772572E-11
1146	7.833076569078318E-11
1147	7.320347953728895E-11
1148	7.163356136486129E-11
1149	6.998284894646334E-11
1150	6.745132288021277E-11
1151	6.484105935674997E-11
1152	6.44285119517856E-11
1153	6.327781790712757E-11
1154	6.170926803085062E-11
1155	6.052977095077228E-11
1156	5.956002915823364E-11
1157	5.5674034558612576E-11
1158	5.4385861272050625E-11
1159	5.414830337552064E-11
1160	5.2815914499925394E-11
1161	5.203380559496764E-11
1162	5.033970773428363E-11
1163	4.812865511730066E-11
1164	4.6993544624719415E-11
1165	4.536356839901244E-11
1166	4.393008108753053E-11
1167	4.3455606462148646E-11
1168	4.1885917574188384E-11
1169	4.139262607232201E-11
1170	4.076833788613716E-11
1171	4.0071716294592593E-11
1172	3.880935896668259E-11
1173	3.796131590494045E-11
1174	3.703350100737249E-11
1175	3.606654086899748E-11
1176	3.576365702911178E-11
1177	3.5144076126808625E-11
1178	3.3571419172244554E-11
1179	3.314534332885284E-11
1180	3.3064105098752865E-11
1181	3.254148870575514E-11
1182	3.113252970383578E-11
1183	2.99209655425978E-11
1184	2.963557782998211E-11
1185	2.8284548690254776E-11
1186	2.7385915309502243E-11
1187	2.5573308761599E-11
1188	2.494182804480618E-11
1189	2.452125029061575E-11
1190	2.4058718674623235E-11
1191	2.2094594422881978E-11
1192	2.1764033596365927E-11
1193	2.125886442161575E-11
1194	2.0196566449369807E-11
1195	1.9759940514548963E-11
1196	1.9552233134149033E-11
1197	1.9286696179152394E-11
1198	1.8130243712138748E-11
1199	1.764672409622176E-11
1200	1.759157934138798E-11
1201	1.7196600985129375E-11
1202	1.6732396360764006E-11
1203	1.614283862744167E-11
1204	1.5435167667026677E-11
1205	1.5170176281370406E-11
1206	1.4759865473063237E-11
1207	1.4118473022998218E-11
1208	1.4023998002268586E-11
1209	1.3737608546128488E-11
1210	1.3545095062372714E-11
1211	1.3162523541697314E-11
1212	1.3121350993880623E-11
1213	1.2896486626877025E-11
1214	1.2398178142210754E-11
1215	1.2134823553452263E-11
1216	1.1833973223956941E-11
1217	1.1719768059698687E-11
1218	1.1294942601082038E-11
1219	1.1107002324949725E-11
1220	1.0910730182874701E-11
1221	1.077626128314411E-11
1222	1.0150853326815774E-11
1223	9.849707401613105E-12
1224	9.609073397714737E-12
1225	9.39780927950241E-12
1226	8.956064513053927E-12
1227	8.724690168873946E-12
1228	8.548102771677159E-12
1229	8.330680290170314E-12
1230	8.139273315131073E-12
1231	7.473910335131137E-12
1232	7.292360680390185E-12
1233	7.07158616612476E-12
1234	6.8458658847981416E-12
1235	6.724596197008003E-12
1236	6.363780930562399E-12
1237	6.292812483089343E-12
1238	6.235900874922691E-12
1239	6.187797572395138E-12
1240	6.016817744584176E-12
1241	5.766976566547698E-12
1242	5.543265736523716E-12
1243	5.395020531724088E-12
1244	5.256272546627083E-12
1245	5.2337005218847664E-12
1246	5.054202696359895E-12
1247	4.7736179417115384E-12
1248	4.6575092260078606E-12
1249	4.4453565396865574E-12
1250	4.361263063445107E-12
1251	4.238534646016536E-12
1252	4.071157009072336E-12
1253	3.958841448672917E-12
1254	3.879029074400974E-12
1255	3.859515846840035E-12
1256	3.712858030206035E-12
1257	3.62816067944801E-12
1258	3.4961816366976125E-12
1259	3.4005259850946294E-12
1260	3.265894893707549E-12
1261	3.2108031932837796E-12
1262	3.1767926905135678E-12
1263	3.052146925848767E-12
1264	3.0280921824333737E-12
1265	2.9963453822633643E-12
1266	2.8258866503180532E-12
1267	2.784982816474334E-12
1268	2.6206557434577957E-12
1269	2.543896479291782E-12
1270	2.504637718434057E-12
1271	2.4697090603407123E-12
1272	2.4500107947328685E-12
1273	2.4396321365292775E-12
1274	2.342942533641793E-12
1275	2.303077175858617E-12
1276	2.269965695456841E-12
1277	2.235947782221991E-12
1278	2.2031160493196243E-12
1279	2.1612137229484236E-12
1280	2.080744978101389E-12
1281	1.9697572329685732E-12
1282	1.954388580742934E-12
1283	1.8960560342475323E-12
1284	1.8370415534176883E-12
1285	1.7075350877962213E-12
1286	1.6618982839225342E-12
1287	1.6289272723026121E-12
1288	1.6263186993790319E-12
1289	1.5406270812577692E-12
1290	1.5124447450071476E-12
1291	1.4739158335681578E-12
1292	1.417409151327109E-12
1293	1.3987418586230554E-12
1294	1.2780795334175713E-12
1295	1.2238188790665684E-12
1296	1.201835556480169E-12
1297	1.2001763591116747E-12
1298	1.1507236984596825E-12
1299	1.1401992662030874E-12
1300	1.1018843673475624E-12
1301	1.0829091864900339E-12
1302	1.029146631112116E-12
1303	1.009798761936305E-12
1304	1.0003123559941639E-12
1305	9.816092444980327E-13
1306	9.497717055926302E-13
1307	9.325366464930982E-13
1308	9.211691395258232E-13
1309	9.035902558597953E-13
1310	8.72636789957939E-13
1311	8.517936115894153E-13
1312	8.141418429886188E-13
1313	7.937036938569753E-13
1314	7.812540222486876E-13
1315	7.292045281484563E-13
1316	7.237886158138012E-13
1317	6.945966924675216E-13
1318	6.732154076918482E-13
1319	6.53136105486557E-13
1320	6.466330808515273E-13
1321	6.359155256766079E-13
1322	6.138457677877402E-13
1323	5.994120048959892E-13
1324	5.950771084978858E-13
1325	5.744773162965051E-13
1326	5.586737277412274E-13
1327	5.498210423885723E-13
1328	5.315663789987293E-13
1329	5.262644893046425E-13
1330	5.054921586650473E-13
1331	4.97018987239692E-13
1332	4.945267796350359E-13
1333	4.705207313368303E-13
1334	4.3380923801069286E-13
1335	4.2772319664710487E-13
1336	4.233145734523638E-13
1337	4.143035120366696E-13
1338	4.0964359537931015E-13
1339	3.9927525373805183E-13
1340	3.941830747673501E-13
1341	3.8026411643801266E-13
1342	3.578743364292774E-13
1343	3.5071002584204537E-13
1344	3.3264275011967806E-13
1345	3.2624589757855725E-13
1346	3.1969004202870646E-13
1347	3.125059008604899E-13
1348	3.0700311945384017E-13
1349	2.8496851278830364E-13
1350	2.8442888228893253E-13
1351	2.7890362685174606E-13
1352	2.7162757571418694E-13
1353	2.7005015126043174E-13
1354	2.5882002791280315E-13
1355	2.548245177248893E-13
1356	2.512402475152048E-13
1357	2.4837715171764743E-13
1358	2.426472992170196E-13
1359	2.3324186405737353E-13
1360	2.284907986997794E-13
1361	2.2216603174158705E-13
1362	2.1937836691306144E-13
1363	2.1216567248902448E-13
1364	2.08621153585421E-13
1365	1.9826552818628126E-13
1366	1.9222091195764842E-13
1367	1.8985814437676698E-13
1368	1.8783326904858124E-13
1369	1.8088289931871722E-13
1370	1.775707551267546E-13
1371	1.7468369544820342E-13
1372	1.680435318003966E-13
1373	1.5279310120249208E-13
1374	1.4573423377829894E-13
1375	1.4385713239235505E-13
1376	1.4186554640369775E-13
1377	1.4114296277181518E-13
1378	1.3855915983981385E-13
1379	1.3492526485803896E-13
1380	1.3137987615562808E-13
1381	1.3034042678846894E-13
1382	1.2297286911307733E-13
1383	1.188861020805648E-13
1384	1.1622693760402223E-13
1385	1.1143643109991822E-13
1386	1.0671068437983608E-13
1387	1.0145003504317845E-13
1388	9.845624754708677E-14
1389	9.670199915309499E-14
1390	9.585071677485003E-14
1391	9.465605741564919E-14
1392	9.110959573686478E-14
1393	9.024754613668341E-14
1394	8.735273490424622E-14
1395	7.988877748549668E-14
1396	7.95394409319777E-14
1397	7.85902987934278E-14
1398	7.667528699070119E-14
1399	7.00304776965027E-14
1400	6.878092065424337E-14
1401	6.823600415512823E-14
1402	6.678709226105851E-14
1403	6.544639877376086E-14
1404	6.418828392802202E-14
1405	6.259726631382232E-14
1406	6.228036492013703E-14
1407	6.000988923366281E-14
1408	5.719500140171846E-14
1409	5.580228452873477E-14
1410	5.487270311809953E-14
1411	5.366781903804414E-14
1412	5.268320993715791E-14
1413	5.1981281712559615E-14
1414	5.076152761507444E-14
1415	4.988456873861696E-14
1416	4.9137809406995356E-14
1417	4.580099301729419E-14
1418	4.471393875243723E-14
1419	4.4215576255792675E-14
1420	4.2502377633117185E-14
1421	4.095071180368852E-14
1422	4.0271143022737815E-14
1423	3.9586888327878054E-14
1424	3.791825414224676E-14
1425	3.7139330910496164E-14
1426	3.559268492519172E-14
1427	3.4101591953858016E-14
1428	3.364721965955057E-14
1429	3.2634666144784774E-14
1430	3.1912905990804823E-14
1431	3.149251760920205E-14
1432	2.8564753818097564E-14
1433	2.8360987898571093E-14
1434	2.812376113911103E-14
1435	2.740335476848338E-14
1436	2.6932427694513984E-14
1437	2.639633198608334E-14
1438	2.6342280707884287E-14
1439	2.600325123689311E-14
1440	2.482432961719647E-14
1441	2.3171062468547695E-14
1442	2.1859430509096825E-14
1443	2.1644129456796194E-14
1444	2.0555333100311493E-14
1445	2.0272877808887213E-14
1446	2.005145661556616E-14
1447	1.989121356550231E-14
1448	1.8887290514265247E-14
1449	1.8619424747770778E-14
1450	1.8175962024971855E-14
1451	1.6961960546145872E-14
1452	1.693892346045555E-14
1453	1.679387090608508E-14
1454	1.6605130309333797E-14
1455	1.6573618619018267E-14
1456	1.5744737152748137E-14
1457	1.5470761791528357E-14
1458	1.453379208982845E-14
1459	1.448298170964762E-14
1460	1.3950762867407385E-14
1461	1.3211076116959362E-14
1462	1.3079115062381938E-14
1463	1.28694653647899E-14
1464	1.2209297482111602E-14
1465	1.209160207789312E-14
1466	1.1886379664496273E-14
1467	1.132846470064504E-14
1468	1.1185188314293354E-14
1469	1.0713792935628106E-14
1470	1.0531063201354924E-14
1471	1.012712591184997E-14
1472	1.0125616037432443E-14
1473	9.469858696597466E-15
1474	9.425822319487018E-15
1475	9.231176529877045E-15
1476	8.914803260337708E-15
1477	8.882984332364061E-15
1478	8.720989255982374E-15
1479	8.576089272951922E-15
1480	8.29954442754899E-15
1481	8.071026034492251E-15
1482	7.62003481014658E-15
1483	7.535478953460791E-15
1484	7.167952535955776E-15
1485	7.049245594307899E-15
1486	6.953455017019254E-15
1487	6.77384102925114E-15
1488	6.456709062181179E-15
1489	6.331846447745461E-15
1490	6.064171887470038E-15
1491	5.981012240106492E-15
1492	5.7932878444071705E-15
1493	5.672436861717968E-15
1494	5.485499902870519E-15
1495	5.288856625579203E-15
1496	5.229121699824825E-15
1497	4.913685155469472E-15
1498	4.788066782277493E-15
1499	4.6980371842882706E-15
1500	4.558787881844032E-15
1501	4.361695172828E-15
1502	4.294475596058703E-15
1503	4.18945154979161E-15
1504	4.091111774471052E-15
1505	3.684868337441961E-15
1506	3.559286180357989E-15
1507	3.5142049371573355E-15
1508	3.4885835811380724E-15
1509	3.294342517696382E-15
1510	3.2175576756721046E-15
1511	3.0484081090472423E-15
1512	3.014086661730705E-15
1513	2.8998390611363265E-15
1514	2.8443733499956596E-15
1515	2.7804550354339405E-15
1516	2.7498453614238103E-15
1517	2.734249100906066E-15
1518	2.663090158500321E-15
1519	2.5627559000256177E-15
1520	2.5287071666441105E-15
1521	2.4414776708878685E-15
1522	2.386740233368353E-15
1523	2.3731362306281932E-15
1524	2.3441690401532096E-15
1525	2.317377788126258E-15
1526	2.2776348444663883E-15
1527	2.2211551544580522E-15
1528	2.1867845728611866E-15
1529	2.1347853652684334E-15
1530	2.1021583272953755E-15
1531	1.9968959036586865E-15
1532	1.956521774717816E-15
1533	1.9432268954620307E-15
1534	1.9063891659980325E-15
1535	1.8775900009089675E-15
1536	1.8501012681801586E-15
1537	1.7202678633853617E-15
1538	1.6676449215295876E-15
1539	1.5471574067150049E-15
1540	1.5168928075801828E-15
1541	1.4905125426836592E-15
1542	1.4597830751040116E-15
1543	1.396220540252745E-15
1544	1.3898913731850014E-15
1545	1.3185948401670495E-15
1546	1.3151364584200352E-15
1547	1.3064875535539879E-15
1548	1.268978629242113E-15
1549	1.2644932532670508E-15
1550	1.23571687797359E-15
1551	1.2102798401138421E-15
1552	1.1532794023904485E-15
1553	1.141152463057885E-15
1554	1.0641222318932585E-15
1555	1.017142760863216E-15
1556	1.0056241882979888E-15
1557	9.820595609500596E-16
1558	9.567636238492727E-16
1559	9.274155465355621E-16
1560	9.210644787222078E-16
1561	8.969579059875232E-16
1562	8.851422925753844E-16
1563	8.598210778907182E-16
1564	8.490062499187484E-16
1565	8.307067700888871E-16
1566	8.036231410162664E-16
1567	7.996262921615262E-16
1568	7.713680377934389E-16
1569	7.472966824408936E-16
1570	7.201439258132662E-16
1571	7.105058729128778E-16
1572	7.038267667720482E-16
1573	6.830782314854326E-16
1574	6.430857544016816E-16
1575	6.338112105693689E-16
1576	6.265916219459364E-16
1577	5.981362219784579E-16
1578	5.848201739312993E-16
1579	5.721531661046472E-16
1580	5.414573598712368E-16
1581	5.311211876051193E-16
1582	5.104581044199429E-16
1583	5.062815958628089E-16
1584	4.762542833069336E-16
1585	4.722493551239087E-16
1586	4.523574507141313E-16
1587	4.492518168245072E-16
1588	4.3853453859674352E-16
1589	4.322706698839037E-16
1590	4.043925087006479E-16
1591	3.9405416750224244E-16
1592	3.836311411741818E-16
1593	3.5419304675563015E-16
1594	3.512126086528478E-16
1595	3.4246703068853827E-16
1596	3.381868357004709E-16
1597	3.2971777659314495E-16
1598	3.2542794724655494E-16
1599	3.07237778092863E-16
1600	3.0405897082017256E-16
1601	3.0255658464905334E-16
1602	3.0126208665660155E-16
1603	2.9004013861494065E-16
1604	2.835444275298019E-16
1605	2.777186392202491E-16
1606	2.6658499112692426E-16
1607	2.523545379287547E-16
1608	2.469914548023705E-16
1609	2.447242830225469E-16
1610	2.384805041493832E-16
1611	2.3761754183959395E-16
1612	2.255778519701288E-16
1613	2.1934646541008616E-16
1614	2.1232930575312017E-16
1615	2.0933434383001828E-16
1616	2.0827855704660226E-16
1617	2.032822834054163E-16
1618	2.0190055706558765E-16
1619	1.8602194658098879E-16
1620	1.7871624866418683E-16
1621	1.748568609007004E-16
1622	1.6390750423986602E-16
1623	1.6068533376592057E-16
1624	1.5376734586275084E-16
1625	1.5269428979386612E-16
1626	1.497960668590886E-16
1627	1.4201586831341747E-16
1628	1.3947092453694228E-16
1629	1.3855631438403963E-16
1630	1.3604988515296243E-16
1631	1.3385164073265513E-16
1632	1.2986015557900946E-16
1633	1.2904551564732414E-16
1634	1.258820190635075E-16
1635	1.1667685375568025E-16
1636	1.1597689184364148E-16
1637	1.1320628191711156E-16
1638	1.1201434516778953E-16
1639	1.0955156840050874E-16
1640	1.082177291120066E-16
1641	1.0487513240306468E-16
1642	9.611758965503757E-17
1643	9.512620642006538E-17
1644	9.062999679437923E-17
1645	9.007217339326988E-17
1646	8.8903282821142E-17
1647	8.626470406247954E-17
1648	8.424240406768785E-17
1649	8.075354703164366E-17
1650	8.007809548906469E-17
1651	7.730088970186324E-17
1652	7.605589437886417E-17
1653	7.490727889975191E-17
1654	7.252113277039638E-17
1655	6.832438979350674E-17
1656	6.655914752570286E-17
1657	6.390655016770009E-17
1658	6.284951600909209E-17
1659	6.152306846520344E-17
1660	6.071705342488437E-17
1661	5.824454485326369E-17
1662	5.656366389179053E-17
1663	5.46182156183989E-17
1664	5.269226327035678E-17
1665	5.0138464997100793E-17
1666	4.8112672309664165E-17
1667	4.759043586434849E-17
1668	4.6677825300800365E-17
1669	4.195310059596673E-17
1670	4.15695451651688E-17
1671	3.951382776369838E-17
1672	3.834784205882794E-17
1673	3.8150340460794715E-17
1674	3.7438927587035776E-17
1675	3.710542606544489E-17
1676	3.6186714496778864E-17
1677	3.2279568749840035E-17
1678	3.1850869024907505E-17
1679	3.085446622353757E-17
1680	3.0684019636468283E-17
1681	2.943362336207758E-17
1682	2.9288437524894553E-17
1683	2.916694160316257E-17
1684	2.8124779727538134E-17
1685	2.799937477252493E-17
1686	2.7205073192035386E-17
1687	2.689526171897315E-17
1688	2.6367620907759245E-17
1689	2.5813041511535298E-17
1690	2.5537515644475606E-17
1691	2.5060602119766958E-17
1692	2.4575330702494906E-17
1693	2.373544644282581E-17
1694	2.332594636130708E-17
1695	2.3129665624339558E-17
1696	2.2052811029856194E-17
1697	2.1343301159769547E-17
1698	2.0397792188019683E-17
1699	1.941574848504813E-17
1700	1.9061752922158005E-17
1701	1.854775046481517E-17
1702	1.7347442682364617E-17
1703	1.695306989252679E-17
1704	1.660543405721832E-17
1705	1.627769481370484E-17
1706	1.5433657965867542E-17
1707	1.527537997113182E-17
1708	1.517898177558388E-17
1709	1.4517548249956052E-17
1710	1.3939268712792806E-17
1711	1.3275843319156392E-17
1712	1.2988838669865746E-17
1713	1.2834240001789754E-17
1714	1.2830009160657953E-17
1715	1.2429549018734755E-17
1716	1.221260300252692E-17
1717	1.1919155183049572E-17
1718	1.1816488866202289E-17
1719	1.132463443511642E-17
1720	1.128531850392813E-17
1721	1.0864563291030477E-17
1722	1.0715129382910121E-17
1723	1.056031058022125E-17
1724	1.0097369095771821E-17
1725	1.0013475663557774E-17
1726	9.612643369254712E-18
1727	9.455466353435635E-18
1728	9.192356650139586E-18
1729	9.055176286929304E-18
1730	8.822761898982308E-18
1731	8.766372752139139E-18
1732	8.420115743963385E-18
1733	8.178957478201803E-18
1734	7.692748021460374E-18
1735	7.164894032109111E-18
1736	7.094864881217848E-18
1737	6.8015109331102155E-18
1738	6.724147424861793E-18
1739	6.706190824989922E-18
1740	6.302289823569229E-18
1741	6.22767598812064E-18
1742	6.0792004327488056E-18
1743	5.8425680463899025E-18
1744	5.781725406196844E-18
1745	5.686275686709402E-18
1746	5.547536953653652E-18
1747	5.49893099352038E-18
1748	5.455951458049796E-18
1749	5.226962409645977E-18
1750	4.9836255323959745E-18
1751	4.8752110770691945E-18
1752	4.8101358908643E-18
1753	4.697993535350733E-18
1754	4.6202808463873554E-18
1755	4.478982579975041E-18
1756	4.315700925057964E-18
1757	4.150280232112502E-18
1758	3.910422061348907E-18
1759	3.862169652140941E-18
1760	3.659946503555446E-18
1761	3.621617545577416E-18
1762	3.553200556706121E-18
1763	3.50889356309897E-18
1764	3.461107490096329E-18
1765	3.354192841738414E-18
1766	3.258576526567275E-18
1767	3.2249100647870394E-18
1768	3.0007412276927215E-18
1769	2.89823071060169E-18
1770	2.6490736536662778E-18
1771	2.6131752251525835E-18
1772	2.570536393336348E-18
1773	2.5426089466589074E-18
1774	2.4987814938414326E-18
1775	2.367817288138535E-18
1776	2.3295938901518097E-18
1777	2.3018649230838155E-18
1778	2.287270956542457E-18
1779	2.220813012656196E-18
1780	2.1588016583600142E-18
1781	2.1415009838543846E-18
1782	2.1149176227332258E-18
1783	2.034621286133942E-18
1784	1.8760415910324423E-18
1785	1.760556335888699E-18
1786	1.7343830595050654E-18
1787	1.6594332914453389E-18
1788	1.6485020063925676E-18
1789	1.6319463382511131E-18
1790	1.5789714495290039E-18
1791	1.4953718670433276E-18
1792	1.4453182369632152E-18
1793	1.4142628233620974E-18
1794	1.3831706749239598E-18
1795	1.3740940170901555E-18
1796	1.3584093891116722E-18
1797	1.3048006219026529E-18
1798	1.2863442507606638E-18
1799	1.216866365518716E-18
1800	1.1961008048361901E-18
1801	1.1693761709442543E-18
1802	1.1610382595923177E-18
1803	1.1301269739605067E-18
1804	1.1040275403314356E-18
1805	1.058631038766958E-18
1806	9.973658521521697E-19
1807	9.599210714552384E-19
1808	9.313102267313803E-19
1809	8.84993319250142E-19
1810	8.654328657046662E-19
1811	8.560954925945101E-19
1812	8.427418548425139E-19
1813	8.1938349723026585E-19
1814	8.143839559895679E-19
1815	7.858023251621787E-19
1816	7.717912298206734E-19
1817	7.423527267465624E-19
1818	7.020158731152126E-19
1819	6.854588590838077E-19
1820	6.812983585343335E-19
1821	6.791821873547946E-19
1822	6.566497668839387E-19
1823	6.445592565446078E-19
1824	6.286752771873271E-19
1825	5.874524098661697E-19
1826	5.756552862241316E-19
1827	5.573699226971775E-19
1828	5.440198859774159E-19
1829	5.315890551040221E-19
1830	5.039893916959884E-19
1831	4.740847120068713E-19
1832	4.689468386895885E-19
1833	4.600135584305066E-19
1834	4.464972218630615E-19
1835	4.3099698246342094E-19
1836	4.205755352066498E-19
1837	4.162088733533918E-19
1838	4.082457466473119E-19
1839	4.045298164849712E-19
1840	3.797115454582892E-19
1841	3.738393368133083E-19
1842	3.7173886828726724E-19
1843	3.6838058872682673E-19
1844	3.5548991758311263E-19
1845	3.5138970928638886E-19
1846	3.340001907335648E-19
1847	3.132402466552127E-19
1848	2.905385788649393E-19
1849	2.7711581466859686E-19
1850	2.7352979556008876E-19
1851	2.6575899408854678E-19
1852	2.6029082204172874E-19
1853	2.5008735153390027E-19
1854	2.471285916293034E-19
1855	2.4562871366830804E-19
1856	2.4106055910241764E-19
1857	2.3757301683765057E-19
1858	2.313301906118557E-19
1859	2.2804780363170074E-19
1860	2.2340177163176676E-19
1861	2.2304585952447134E-19
1862	2.216690642827385E-19
1863	2.177507203869009E-19
1864	1.9591810808243968E-19
1865	1.9379842866513334E-19
1866	1.9039360250254777E-19
1867	1.7848032314255272E-19
1868	1.7556254415806674E-19
1869	1.722246539752882E-19
1870	1.675590261572554E-19
1871	1.6054175653389596E-19
1872	1.4888970601767566E-19
1873	1.4749740169291998E-19
1874	1.449504905579653E-19
1875	1.426795987713046E-19
1876	1.4245469108334518E-19
1877	1.3812611287989374E-19
1878	1.362406274183304E-19
1879	1.3470664189113943E-19
1880	1.3240654070287964E-19
1881	1.2627075947100792E-19
1882	1.2043934081928812E-19
1883	1.1121182672230423E-19
1884	1.1099617869918654E-19
1885	1.1034530660592052E-19
1886	1.0768367203256763E-19
1887	1.0628179490904124E-19
1888	1.0365691021560648E-19
1889	1.0288830552730835E-19
1890	1.0231498345796173E-19
1891	9.821434705932452E-20
1892	9.684903589637573E-20
1893	9.399451275127423E-20
1894	8.750660357358668E-20
1895	8.180131225329863E-20
1896	8.039206841647314E-20
1897	7.919073413097281E-20
1898	7.842185779782724E-20
1899	7.45361870058814E-20
1900	7.355153135132819E-20
1901	7.210924471642586E-20
1902	7.015781751742302E-20
1903	6.808351653345204E-20
1904	6.455937576375237E-20
1905	6.413248762407404E-20
1906	6.134412045619704E-20
1907	6.01813433679868E-20
1908	5.741238776372223E-20
1909	5.662734457775042E-20
1910	5.3938048869990375E-20
1911	5.3057225834773055E-20
1912	5.168987216323447E-20
1913	4.997169837517279E-20
1914	4.995550553136438E-20
1915	4.9577136466097663E-20
1916	4.942697185526211E-20
1917	4.802176007977538E-20
1918	4.7667488449829496E-20
1919	4.49182746574253E-20
1920	4.4480117870946564E-20
1921	4.257485789402121E-20
1922	4.115638512944561E-20
1923	4.012656561758395E-20
1924	3.834296221594091E-20
1925	3.8144652215941685E-20
1926	3.725219303007277E-20
1927	3.6018798624736796E-20
1928	3.3158014187780874E-20
1929	3.2383599689519863E-20
1930	3.204059504376778E-20
1931	3.106846770362212E-20
1932	3.0103790886595157E-20
1933	2.9365846933978727E-20
1934	2.914877817814651E-20
1935	2.734045490900305E-20
1936	2.6807059051948488E-20
1937	2.566806777415032E-20
1938	2.5184365064934595E-20
1939	2.4367979858793987E-20
1940	2.424715652010752E-20
1941	2.3467137386868563E-20
1942	2.338065201373383E-20
1943	2.310038457479029E-20
1944	2.2135362546296993E-20
1945	2.1561263484570905E-20
1946	2.1210020326835676E-20
1947	2.0978322216997638E-20
1948	2.067963096121587E-20
1949	1.9164880135846544E-20
1950	1.8460806493869988E-20
1951	1.830770251235147E-20
1952	1.7917221631692733E-20
1953	1.756982507431222E-20
1954	1.7302732783338508E-20
1955	1.6511888666972935E-20
1956	1.5786711292306735E-20
1957	1.557811361866122E-20
1958	1.47342080874622E-20
1959	1.4508729831466434E-20
1960	1.3665619098492986E-20
1961	1.2929258665533682E-20
1962	1.278690512830538E-20
1963	1.2653080496245703E-20
1964	1.1779485397942613E-20
1965	1.174243578280536E-20
1966	1.1606260462763854E-20
1967	1.1517386915627803E-20
1968	1.1095550964509052E-20
1969	1.0790180060880614E-20
1970	1.0377626981841453E-20
1971	1.0208739681252612E-20
1972	1.0075617607028201E-20
1973	9.87993425129254E-21
1974	9.803820776367297E-21
1975	9.029833372074915E-21
1976	8.867850362830871E-21
1977	8.785690261951733E-21
1978	8.602330965620228E-21
1979	8.560462756145887E-21
1980	8.389955329561814E-21
1981	8.124239222355221E-21
1982	8.081096980477132E-21
1983	7.70605906261886E-21
1984	7.585089219828625E-21
1985	7.373679962540653E-21
1986	7.273560472891985E-21
1987	6.644809935364734E-21
1988	6.555775407816606E-21
1989	6.424114499607094E-21
1990	6.174252095156935E-21
1991	6.080184452489998E-21
1992	6.0457345267090564E-21
1993	5.836833436786603E-21
1994	5.3645187026781076E-21
1995	5.272198106557962E-21
1996	5.1443176828727004E-21
1997	5.018769392404302E-21
1998	4.9403304461188445E-21
1999	4.8222101146031744E-21
2000	4.766109336130922E-21
2001	4.672002908076204E-21
2002	4.554917254997615E-21
2003	4.4905001939111846E-21
2004	4.4407308423058656E-21
2005	4.371866831680523E-21
2006	4.15787158271298E-21
2007	3.951656038186566E-21
2008	3.946012477307869E-21
2009	3.838930123868428E-21
2010	3.6721890956679305E-21
2011	3.660696636331654E-21
2012	3.598749287895243E-21
2013	3.4996846507365796E-21
2014	3.461753319274281E-21
2015	3.144091911181033E-21
2016	3.065926591391596E-21
2017	2.9831848227914124E-21
2018	2.97764928204538E-21
2019	2.958684501522393E-21
2020	2.847359685483679E-21
2021	2.7167496863795647E-21
2022	2.4817432707992276E-21
2023	2.4272651186530217E-21
2024	2.382593521808634E-21
2025	2.333932434940326E-21
2026	2.2942611482001795E-21
2027	2.218401859926951E-21
2028	2.1817411714272996E-21
2029	2.1709847839404425E-21
2030	2.0864935363858197E-21
2031	2.054738635712248E-21
2032	2.015292532341749E-21
2033	1.9606391295608506E-21
2034	1.9394173149061893E-21
2035	1.8293562317856718E-21
2036	1.8037915866441117E-21
2037	1.773222396681582E-21
2038	1.697014395196356E-21
2039	1.6640045492189799E-21
2040	1.6049604167267009E-21
2041	1.5713124234415313E-21
2042	1.5638627092470439E-21
2043	1.4612905944382695E-21
2044	1.4031300035458067E-21
2045	1.3785503895822646E-21
2046	1.2807189749046328E-21
2047	1.2698930897856142E-21
2048	1.2264674494278468E-21
2049	1.2166408628976117E-21
2050	1.2000023864117247E-21
2051	1.1878662225201057E-21
2052	1.1647201714728218E-21
2053	1.1410050721319566E-21
2054	1.130557099379082E-21
2055	1.1102518559968647E-21
2056	1.0747600569166609E-21
2057	9.995932087493415E-22
2058	9.132978984982638E-22
2059	9.12795755891795E-22
2060	8.800443436965904E-22
2061	8.535954644964981E-22
2062	8.029011676087773E-22
2063	8.007873853189278E-22
2064	7.917124317108291E-22
2065	7.792647300131874E-22
2066	7.651879445652632E-22
2067	7.368386785039027E-22
2068	7.116271377884689E-22
2069	6.954037003060643E-22
2070	6.8719230021729435E-22
2071	6.843634485494394E-22
2072	6.68588363626253E-22
2073	6.486665303986239E-22
2074	6.395695267300528E-22
2075	6.290793759273766E-22
2076	6.019627307250321E-22
2077	5.602797781110522E-22
2078	5.553139733142662E-22
2079	5.412359244160581E-22
2080	5.313156759976077E-22
2081	5.232584461251798E-22
2082	5.224693832858308E-22
2083	5.179137139949237E-22
2084	5.116153602338969E-22
2085	4.986471821374858E-22
2086	4.751510755180765E-22
2087	4.687329674939519E-22
2088	4.4865008042357055E-22
2089	4.41500172379511E-22
2090	4.298645101779603E-22
2091	4.1990066292650663E-22
2092	3.9861114428587036E-22
2093	3.812476018507097E-22
2094	3.6713481986544208E-22
2095	3.3208983941323487E-22
2096	3.288308968575606E-22
2097	3.242151209258132E-22
2098	3.212667967907919E-22
2099	3.1647338910127393E-22
2100	3.1340556144490815E-22
2101	3.1087537196428164E-22
2102	3.0440940328157645E-22
2103	2.8675670152783857E-22
2104	2.8652262990558664E-22
2105	2.7857912408049334E-22
2106	2.703958516594649E-22
2107	2.5720895711075796E-22
2108	2.555430888024006E-22
2109	2.5141582699823506E-22
2110	2.4043722892207363E-22
2111	2.2907477068386795E-22
2112	2.2495910966341643E-22
2113	2.1683294112165894E-22
2114	2.1090302430430637E-22
2115	2.0825748127426927E-22
2116	2.045453837143663E-22
2117	2.004813318753045E-22
2118	1.9905729671331172E-22
2119	1.942206568852104E-22
2120	1.8916192481917774E-22
2121	1.872842073607226E-22
2122	1.819761817835728E-22
2123	1.676779401301535E-22
2124	1.64244841553497E-22
2125	1.59415791061152E-22
2126	1.5742753288227355E-22
2127	1.521732377544923E-22
2128	1.4735987274751433E-22
2129	1.4122569715865587E-22
2130	1.3862176549155748E-22
2131	1.3539801183079641E-22
2132	1.2415451314389266E-22
2133	1.221884723214621E-22
2134	1.2184497971401433E-22
2135	1.1567061744269891E-22
2136	1.1348854120045618E-22
2137	1.128538416642894E-22
2138	1.1159642779421022E-22
2139	1.068711840966429E-22
2140	1.0600537372280913E-22
2141	1.0467230505844587E-22
2142	1.0064277123744785E-22
2143	9.78525546128101E-23
2144	9.355392552467027E-23
2145	9.215864473386793E-23
2146	8.719478941654775E-23
2147	8.617870124653036E-23
2148	8.512801262343543E-23
2149	8.384343105283283E-23
2150	8.013988717116375E-23
2151	7.505993788586419E-23
2152	7.311215256562692E-23
2153	7.162727549473746E-23
2154	7.011026968726314E-23
2155	6.799454294807695E-23
2156	6.71318068464038E-23
2157	6.663374001593442E-23
2158	6.564231483098425E-23
2159	6.378969053999475E-23
2160	6.285103297372394E-23
2161	6.117893465942835E-23
2162	6.025857355486833E-23
2163	5.931914492012391E-23
2164	5.902360544282831E-23
2165	5.631439593184265E-23
2166	5.523139271984569E-23
2167	5.264560588619018E-23
2168	4.7261712660222455E-23
2169	4.5736038124721536E-23
2170	4.4805351850615803E-23
2171	4.34619699308638E-23
2172	4.30522304164723E-23
2173	4.1863795615508605E-23
2174	4.072119728816868E-23
2175	3.9989919574943184E-23
2176	3.918138691310282E-23
2177	3.8933211778269185E-23
2178	3.7489129104552385E-23
2179	3.556493133482012E-23
2180	3.477993805988141E-23
2181	3.366389080506117E-23
2182	3.2825668061148833E-23
2183	3.110784598197432E-23
2184	3.051099286702738E-23
2185	3.0084855231087695E-23
2186	2.9416644492362183E-23
2187	2.851316576320805E-23
2188	2.752222101444143E-23
2189	2.659726198938313E-23
2190	2.630313774882529E-23
2191	2.601217227547525E-23
2192	2.471763463161679E-23
2193	2.388938400457998E-23
2194	2.359659453682532E-23
2195	2.2879263456403287E-23
2196	2.203827242630406E-23
2197	2.154630038036988E-23
2198	2.115131701628616E-23
2199	2.1041003373455378E-23
2200	2.0366323734367273E-23
2201	1.9757787861770557E-23
2202	1.9317965100665034E-23
2203	1.899392314813738E-23
2204	1.8470630461664087E-23
2205	1.820528837062013E-23
2206	1.7991771752567097E-23
2207	1.7323621488051025E-23
2208	1.691291293491053E-23
2209	1.6268142353955556E-23
2210	1.5707629286907685E-23
2211	1.5355516757833872E-23
2212	1.4882101848766877E-23
2213	1.3522169972348625E-23
2214	1.3257164031480664E-23
2215	1.2715098363076916E-23
2216	1.2646919935153745E-23
2217	1.2419838450516875E-23
2218	1.220303302296627E-23
2219	1.1970347967404499E-23
2220	1.1507918598795849E-23
2221	1.1386929236809485E-23
2222	1.1001446699668121E-23
2223	1.0301221937412834E-23
2224	1.0201933016216719E-23
2225	9.939579850985762E-24
2226	9.30775338473967E-24
2227	9.058604435756503E-24
2228	8.898884779368406E-24
2229	8.70829965551567E-24
2230	8.423888419679204E-24
2231	8.12932166921985E-24
2232	7.993068802948821E-24
2233	7.751072147792625E-24
2234	7.6431729332865E-24
2235	7.3710990551095E-24
2236	7.272352673049757E-24
2237	7.136662586490063E-24
2238	6.888857449695147E-24
2239	6.79219645004531E-24
2240	6.689743772901944E-24
2241	6.2844794589959105E-24
2242	6.1635575586814614E-24
2243	6.052929769326579E-24
2244	5.7915457416944154E-24
2245	5.651450369535437E-24
2246	5.5841804319456035E-24
2247	5.431689397721971E-24
2248	5.321904389614983E-24
2249	5.1819181142489045E-24
2250	5.008366227602532E-24
2251	4.965343336307898E-24
2252	4.930227562748558E-24
2253	4.796396301440961E-24
2254	4.6557669463153195E-24
2255	4.2585743475324536E-24
2256	4.168978167683454E-24
2257	4.115345171432418E-24
2258	3.976804658203922E-24
2259	3.879692837556888E-24
2260	3.744454536503642E-24
2261	3.548361991696317E-24
2262	3.464344754423567E-24
2263	3.430415658343456E-24
2264	3.354491513386717E-24
2265	3.334977563716935E-24
2266	3.180242076269456E-24
2267	3.049230736426538E-24
2268	3.0000705544455553E-24
2269	2.9206227653089267E-24
2270	2.9064631340370476E-24
2271	2.8042095606865294E-24
2272	2.658866198452428E-24
2273	2.5259272384117488E-24
2274	2.498608494728398E-24
2275	2.47432562243E-24
2276	2.4003673188975352E-24
2277	2.394354702303818E-24
2278	2.320140185144429E-24
2279	2.2388585283212117E-24
2280	2.17592665426538E-24
2281	2.142818037549036E-24
2282	2.055150114138783E-24
2283	1.9554010537623388E-24
2284	1.917386324344676E-24
2285	1.8857914854657465E-24
2286	1.8783959524337335E-24
2287	1.8098230031722508E-24
2288	1.790013011702411E-24
2289	1.7173201300794745E-24
2290	1.708805157274158E-24
2291	1.6439675516267854E-24
2292	1.6232779771466715E-24
2293	1.6100848764392385E-24
2294	1.5545789317395007E-24
2295	1.4942247061892152E-24
2296	1.4202275840613732E-24
2297	1.3996991615951571E-24
2298	1.3679542818400779E-24
2299	1.3391362297686545E-24
2300	1.301809546297578E-24
2301	1.2947604289153684E-24
2302	1.2452607080728912E-24
2303	1.2247258926070333E-24
2304	1.18336029728939E-24
2305	1.0952128375373702E-24
2306	1.0290635575058514E-24
2307	9.863211585676477E-25
2308	9.702941791865982E-25
2309	9.614214267866643E-25
2310	9.515337696636953E-25
2311	9.475116498770062E-25
2312	9.23698938060378E-25
2313	9.150728835812265E-25
2314	8.800356911642595E-25
2315	8.659044167325703E-25
2316	8.152699687455971E-25
2317	7.903783864127297E-25
2318	7.78029098704157E-25
2319	7.593236265929177E-25
2320	7.180763227150271E-25
2321	6.78202525307972E-25
2322	6.693655046943581E-25
2323	6.5752508114832405E-25
2324	6.375820320932208E-25
2325	6.301715538674766E-25
2326	6.245252599068032E-25
2327	5.784119886088072E-25
2328	5.740069943575274E-25
2329	5.490301833569552E-25
2330	5.341546695998102E-25
2331	5.158675923687086E-25
2332	4.95344395895604E-25
2333	4.770221200297636E-25
2334	4.729952411221661E-25
2335	4.712818329584934E-25
2336	4.650232292834054E-25
2337	4.579945013028297E-25
2338	4.371819503808636E-25
2339	4.301715119573574E-25
2340	4.227647512937671E-25
2341	4.054545490960263E-25
2342	3.8919331366586665E-25
2343	3.823638696488267E-25
2344	3.7262201379812237E-25
2345	3.7164032229715946E-25
2346	3.6318917196184303E-25
2347	3.583559201111865E-25
2348	3.409724171323252E-25
2349	3.4026247214042877E-25
2350	3.315548769072997E-25
2351	3.142151389353495E-25
2352	3.089377100303501E-25
2353	3.0891869555899093E-25
2354	3.0013029669968E-25
2355	2.9415396575309414E-25
2356	2.849207460000873E-25
2357	2.7365492232466838E-25
2358	2.6798581287105047E-25
2359	2.5595095987296936E-25
2360	2.4371507762570245E-25
2361	2.379613491653365E-25
2362	2.348573341969982E-25
2363	2.2725523769496066E-25
2364	2.207438376577258E-25
2365	2.1471667322478867E-25
2366	2.089784408714185E-25
2367	1.9893283945641438E-25
2368	1.9682263956398837E-25
2369	1.9628704273723641E-25
2370	1.9332905694023175E-25
2371	1.7737852792544166E-25
2372	1.7380565347737738E-25
2373	1.7255752531039506E-25
2374	1.7075210640040524E-25
2375	1.6331665974314205E-25
2376	1.609595953446195E-25
2377	1.5274534198819565E-25
2378	1.5064101334593219E-25
2379	1.4608022777100083E-25
2380	1.3955046878957335E-25
2381	1.3465118580782724E-25
2382	1.311049765249157E-25
2383	1.271920113444981E-25
2384	1.2519611167368793E-25
2385	1.1981892124332574E-25
2386	1.1894888832424679E-25
2387	1.1060425900518443E-25
2388	1.083852171421446E-25
2389	1.0552042539823992E-25
2390	1.0258490628944681E-25
2391	1.0157681946791951E-25
2392	9.80570645452967E-26
2393	9.724068281026378E-26
2394	8.974026942819937E-26
2395	8.745992896963909E-26
2396	8.669003644442585E-26
2397	8.561410222296202E-26
2398	7.973542510754081E-26
2399	7.810679996071958E-26
2400	7.775731497590892E-26
2401	7.523762041021426E-26
2402	7.444847087453473E-26
2403	7.315177993873559E-26
2404	7.023789236689961E-26
2405	6.924316354184192E-26
2406	6.786323184913902E-26
2407	6.57082863999707E-26
2408	6.473147367077195E-26
2409	6.243019643639445E-26
2410	6.128207341869555E-26
2411	6.022287142446166E-26
2412	5.899950134471443E-26
2413	5.796361188594207E-26
2414	5.75694789769333E-26
2415	5.643253812542202E-26
2416	5.1169408693556065E-26
2417	4.9496659920014496E-26
2418	4.8302153927134315E-26
2419	4.761204287832504E-26
2420	4.616105739487058E-26
2421	4.481043684026291E-26
2422	4.1543573772730195E-26
2423	4.0487931493664E-26
2424	3.913122771170597E-26
2425	3.869095129371746E-26
2426	3.8536205287170677E-26
2427	3.819534382789674E-26
2428	3.6535959330804697E-26
2429	3.5328392868968527E-26
2430	3.4193550615322636E-26
2431	3.3835643885302057E-26
2432	3.298346244938502E-26
2433	3.2091547235323336E-26
2434	3.199705678031213E-26
2435	3.1084363557134654E-26
2436	3.052778389173937E-26
2437	2.9940143171039094E-26
2438	2.92418740750966E-26
2439	2.8907195109505034E-26
2440	2.8740008375875856E-26
2441	2.6456633265810464E-26
2442	2.5424310995634717E-26
2443	2.4136508661283119E-26
2444	2.3626740435579296E-26
2445	2.351327512327356E-26
2446	2.2935769867230255E-26
2447	2.2746726487829223E-26
2448	2.230658921064984E-26
2449	2.1930533916876963E-26
2450	2.0681690198538426E-26
2451	2.0253087191677988E-26
2452	1.964529234032225E-26
2453	1.8964721877639263E-26
2454	1.8429645465212857E-26
2455	1.8285608200202474E-26
2456	1.7683754634831851E-26
2457	1.724024970755427E-26
2458	1.6734911648370021E-26
2459	1.586612205950533E-26
2460	1.568850336315311E-26
2461	1.506823755107636E-26
2462	1.4965133733037465E-26
2463	1.4909496469782892E-26
2464	1.440334293890218E-26
2465	1.400979310599945E-26
2466	1.3796130077877637E-26
2467	1.2758870374567899E-26
2468	1.2587746569034252E-26
2469	1.2338483080221218E-26
2470	1.2073222997504323E-26
2471	1.1941595566668636E-26
2472	1.1680264571193825E-26
2473	1.1557192243266286E-26
2474	1.1520714566023736E-26
2475	1.1099280860831296E-26
2476	1.0546891653565776E-26
2477	1.0228868095375758E-26
2478	9.807229236563342E-27
2479	9.402422836305143E-27
2480	9.248491513572444E-27
2481	9.161428880926575E-27
2482	8.855559448091063E-27
2483	8.760306725596939E-27
2484	8.25701108446371E-27
2485	8.088316238918437E-27
2486	7.970574862916771E-27
2487	7.532144834058678E-27
2488	7.356964470121034E-27
2489	7.287405733874534E-27
2490	7.251697148407374E-27
2491	7.099571248483167E-27
2492	6.69113423224519E-27
2493	6.59441348002285E-27
2494	6.431343207994653E-27
2495	6.3213244954293545E-27
2496	6.1034181516141054E-27
2497	5.968566241194181E-27
2498	5.906336418379501E-27
2499	5.81362536877785E-27
2500	5.703518831510739E-27
2501	5.510648018467052E-27
2502	5.476306897347895E-27
2503	5.2630944055180605E-27
2504	5.0942981517813446E-27
2505	4.839674055022452E-27
2506	4.672621359881899E-27
2507	4.539081389564285E-27
2508	4.387682317115315E-27
2509	4.3430511779426375E-27
2510	4.2553801283503816E-27
2511	3.9752449905012816E-27
2512	3.910080479581279E-27
2513	3.846095709387012E-27
2514	3.7418780899926966E-27
2515	3.628608034176526E-27
2516	3.624845997101326E-27
2517	3.595392408093329E-27
2518	3.501934498782224E-27
2519	3.352072538026782E-27
2520	3.282776899217117E-27
2521	3.164989082481602E-27
2522	3.0356348392047722E-27
2523	2.990110488023671E-27
2524	2.9743003936005012E-27
2525	2.7876561662120036E-27
2526	2.612079602713746E-27
2527	2.5002651755249725E-27
2528	2.4887733770478218E-27
2529	2.4310880522371653E-27
2530	2.3805906697123176E-27
2531	2.3187338812810014E-27
2532	2.2708480154485634E-27
2533	2.2229105352371363E-27
2534	2.1687154479002607E-27
2535	2.0892148536819943E-27
2536	2.0493531719180864E-27
2537	1.9049606437686727E-27
2538	1.887957867143545E-27
2539	1.8291222796742834E-27
2540	1.79337591299138E-27
2541	1.7197537906934112E-27
2542	1.681337538782905E-27
2543	1.6295000954883207E-27
2544	1.5938149792694595E-27
2545	1.5365852589560646E-27
2546	1.469761174259073E-27
2547	1.3928858088361428E-27
2548	1.3667866669748208E-27
2549	1.3427781538355078E-27
2550	1.307343366969845E-27
2551	1.3000143679165926E-27
2552	1.2777337410981504E-27
2553	1.2103185914347622E-27
2554	1.1978252865486876E-27
2555	1.1745873128676448E-27
2556	1.1253705996466189E-27
2557	1.1102328326397275E-27
2558	1.097805221648327E-27
2559	1.038870634170135E-27
2560	1.0322202877223194E-27
2561	1.025613797955056E-27
2562	1.0010597030762628E-27
2563	9.715100174756611E-28
2564	9.393621493440503E-28
2565	9.108149901073047E-28
2566	8.884878322718369E-28
2567	8.76492798174935E-28
2568	8.125452620771901E-28
2569	8.001746862715134E-28
2570	7.5485531368258155E-28
2571	7.487620668009116E-28
2572	7.474577641627853E-28
2573	7.191791818157525E-28
2574	7.166785288334843E-28
2575	7.115961236620959E-28
2576	6.976447524618914E-28
2577	6.707727903678064E-28
2578	6.5465947873131E-28
2579	6.395659134365404E-28
2580	6.337552103466375E-28
2581	6.298413495363354E-28
2582	6.272090312051914E-28
2583	6.086420400919647E-28
2584	5.6827920693369315E-28
2585	5.526580361903069E-28
2586	5.3719353463823755E-28
2587	4.9744784001324585E-28
2588	4.878298001126345E-28
2589	4.8508734445017685E-28
2590	4.726397927468342E-28
2591	4.542428632025249E-28
2592	4.13662038701964E-28
2593	4.049739138374785E-28
2594	4.004965447494296E-28
2595	3.9376822436643664E-28
2596	3.7269351435542204E-28
2597	3.6122581110648773E-28
2598	3.522704208012496E-28
2599	3.4742627122818596E-28
2600	3.451763533927295E-28
2601	3.4386319885154563E-28
2602	3.358114648381875E-28
2603	3.2001854356534444E-28
2604	3.1479218963266606E-28
2605	3.082166724598655E-28
2606	3.0400109569048066E-28
2607	3.036619963263462E-28
2608	3.024590605230185E-28
2609	2.9550577485134826E-28
2610	2.8456132681171654E-28
2611	2.7923977347817926E-28
2612	2.7702929375202944E-28
2613	2.620196133751166E-28
2614	2.4628442751760397E-28
2615	2.4090347258550723E-28
2616	2.3781717334458788E-28
2617	2.306233335806557E-28
2618	2.1052514091360215E-28
2619	2.103339128221255E-28
2620	2.0715986817003604E-28
2621	2.0279223061968773E-28
2622	1.9446897119252742E-28
2623	1.855155562670781E-28
2624	1.7847140118548558E-28
2625	1.7436735628887226E-28
2626	1.6930128949024053E-28
2627	1.645108418765528E-28
2628	1.6115305138779717E-28
2629	1.5456548574945473E-28
2630	1.5255720819413598E-28
2631	1.5175071107935985E-28
2632	1.493133058583432E-28
2633	1.473993072879704E-28
2634	1.4583501096338395E-28
2635	1.4314359684141743E-28
2636	1.4088383498314803E-28
2637	1.3667493438607036E-28
2638	1.3289453757375967E-28
2639	1.2923403226234409E-28
2640	1.2536352278304957E-28
2641	1.1768533863524406E-28
2642	1.1178405128174568E-28
2643	1.0767249545216722E-28
2644	1.040025405228966E-28
2645	1.0174799616152155E-28
2646	9.831122358434426E-29
2647	9.676608676549563E-29
2648	9.469364230593507E-29
2649	9.01691567176963E-29
2650	8.871342390644731E-29
2651	8.76987157850967E-29
2652	8.66958220084816E-29
2653	8.096248120445834E-29
2654	7.952378740860585E-29
2655	7.672567844030457E-29
2656	7.20569399520824E-29
2657	7.150885933387938E-29
2658	6.957459566449344E-29
2659	6.676926808332039E-29
2660	6.515658895117208E-29
2661	6.362746654795408E-29
2662	6.305279436865726E-29
2663	6.157609834468842E-29
2664	5.926660427898758E-29
2665	5.64176819732455E-29
2666	5.519962643401151E-29
2667	5.461436740655166E-29
2668	5.211313399898538E-29
2669	5.124656500711999E-29
2670	5.025166177682613E-29
2671	4.9424856537348856E-29
2672	4.8504938221388193E-29
2673	4.773907844736946E-29
2674	4.7457441153926943E-29
2675	4.6992375650155404E-29
2676	4.6156298796418914E-29
2677	4.5415432302251805E-29
2678	4.327075445648503E-29
2679	4.037697111880217E-29
2680	3.8991473106715153E-29
2681	3.807306702062082E-29
2682	3.537417191676635E-29
2683	3.420651970647125E-29
2684	3.350763152315389E-29
2685	3.296004696482862E-29
2686	3.1771860955715197E-29
2687	3.12087082721273E-29
2688	3.085786542412216E-29
2689	3.0203670384882523E-29
2690	2.959876253562889E-29
2691	2.880048417022438E-29
2692	2.7695690804033946E-29
2693	2.6844115842921944E-29
2694	2.4157142226533923E-29
2695	2.3573584821191487E-29
2696	2.3186020813007958E-29
2697	2.2770284681932625E-29
2698	2.2226761414738883E-29
2699	2.1783770617806645E-29
2700	2.150250030717809E-29
2701	2.132935355030797E-29
2702	2.0614437033771527E-29
2703	1.998156417332134E-29
2704	1.8862959561306613E-29
2705	1.8808661143143804E-29
2706	1.8707183793703373E-29
2707	1.7596443179879307E-29
2708	1.734722784973347E-29
2709	1.6837641304635917E-29
2710	1.6640594199611676E-29
2711	1.6453829391024058E-29
2712	1.565890955821098E-29
2713	1.544950353507438E-29
2714	1.5135395764836077E-29
2715	1.4584301662522782E-29
2716	1.4524538981993353E-29
2717	1.3962226563786612E-29
2718	1.315662159980166E-29
2719	1.30388611349255E-29
2720	1.2651918891772586E-29
2721	1.2488132329470714E-29
2722	1.2176249663371567E-29
2723	1.1980256266212657E-29
2724	1.1771419279718924E-29
2725	1.163304866734841E-29
2726	1.0581168880562774E-29
2727	1.0310074566617623E-29
2728	1.0015962352609706E-29
2729	9.677995573949758E-30
2730	9.484854103826976E-30
2731	9.457381780597263E-30
2732	9.292066541907425E-30
2733	9.233454166296723E-30
2734	9.143582363941085E-30
2735	8.744679822522425E-30
2736	8.388225915642688E-30
2737	8.095919094572212E-30
2738	7.793459054128895E-30
2739	7.511695212555783E-30
2740	7.303386765950167E-30
2741	7.157347035451248E-30
2742	7.058215850469386E-30
2743	6.908937804720729E-30
2744	6.46194477583363E-30
2745	6.418359753964435E-30
2746	6.1857304050252656E-30
2747	6.0046563758991796E-30
2748	5.9681705925378004E-30
2749	5.925219567332222E-30
2750	5.612154116303968E-30
2751	5.50854573084461E-30
2752	5.368058000043615E-30
2753	5.229545235998594E-30
2754	5.192263898899444E-30
2755	4.837355544874141E-30
2756	4.706590776566732E-30
2757	4.551666662999924E-30
2758	4.524786996701354E-30
2759	4.419762135451335E-30
2760	4.338346145239775E-30
2761	4.1982642080520386E-30
2762	4.1795050081162346E-30
2763	4.1449553807115316E-30
2764	3.8785297753952315E-30
2765	3.791090188874008E-30
2766	3.7727401544623656E-30
2767	3.635800778448691E-30
2768	3.5221374566253404E-30
2769	3.450435569185265E-30
2770	3.346818324003808E-30
2771	3.269844525326191E-30
2772	3.1367669155483195E-30
2773	3.032484036670596E-30
2774	2.832791273327761E-30
2775	2.7270666124156478E-30
2776	2.6724670144373577E-30
2777	2.646608575993739E-30
2778	2.572540275717726E-30
2779	2.4838318528915445E-30
2780	2.420400600233116E-30
2781	2.3951875471083888E-30
2782	2.3414054372006952E-30
2783	2.063996892807948E-30
2784	2.046012155254815E-30
2785	2.0182605865424454E-30
2786	1.9480426638469604E-30
2787	1.9193875556881418E-30
2788	1.87853508649112E-30
2789	1.8651971232340123E-30
2790	1.8519021856648305E-30
2791	1.7602355360492945E-30
2792	1.7538247085482977E-30
2793	1.699827470200973E-30
2794	1.6824450922788066E-30
2795	1.646518642860467E-30
2796	1.6246615933939805E-30
2797	1.6230266172527864E-30
2798	1.5507434615368462E-30
2799	1.5046743384232104E-30
2800	1.4431256703559826E-30
2801	1.3846967861522642E-30
2802	1.3552241899228481E-30
2803	1.3058307001836225E-30
2804	1.289050681892422E-30
2805	1.2725288177287786E-30
2806	1.2358709316156946E-30
2807	1.2026120748487768E-30
2808	1.1894031886554472E-30
2809	1.0722661747653533E-30
2810	1.0660704757039868E-30
2811	1.0317359767389153E-30
2812	1.0281648446410445E-30
2813	1.013579136434078E-30
2814	9.712418595147414E-31
2815	9.560107659888828E-31
2816	9.46717217396833E-31
2817	9.279360831282037E-31
2818	8.914933254547501E-31
2819	8.640859622457895E-31
2820	8.516085127472046E-31
2821	8.34183109137112E-31
2822	8.032906652061326E-31
2823	7.582857956353745E-31
2824	7.5282153326875275E-31
2825	7.145286710144749E-31
2826	7.023093756434467E-31
2827	6.977056270353482E-31
2828	6.840234582748309E-31
2829	6.442677226310639E-31
2830	6.322854900324927E-31
2831	6.179579359530832E-31
2832	5.854946329239362E-31
2833	5.845050421016347E-31
2834	5.6660635592435435E-31
2835	5.533974697310248E-31
2836	5.455237688405384E-31
2837	5.403606862893997E-31
2838	5.36531400063972E-31
2839	5.253447212031717E-31
2840	5.1863271388669155E-31
2841	4.8404006079406285E-31
2842	4.686798902044257E-31
2843	4.628283966464686E-31
2844	4.480275599998714E-31
2845	4.377874462734464E-31
2846	4.322371325309724E-31
2847	4.117999307660488E-31
2848	4.0693802803039325E-31
2849	3.9166390881660815E-31
2850	3.849949271880541E-31
2851	3.6094356763733363E-31
2852	3.3874231266743766E-31
2853	3.341815897472652E-31
2854	3.326326649819237E-31
2855	3.195958815402987E-31
2856	3.148630558684217E-31
2857	3.0539740452466755E-31
2858	3.043217623265137E-31
2859	2.9722252381869814E-31
2860	2.9352231465704883E-31
2861	2.91328004572815E-31
2862	2.7902265782593472E-31
2863	2.7717255324511E-31
2864	2.7101987987166988E-31
2865	2.6426484686726353E-31
2866	2.640066927397066E-31
2867	2.5221765424794007E-31
2868	2.4412882491782305E-31
2869	2.3995533318898597E-31
2870	2.2296018645815477E-31
2871	2.2003443967917624E-31
2872	2.1375268924195757E-31
2873	2.088047351304497E-31
2874	2.0247995900530494E-31
2875	1.983494929643941E-31
2876	1.9249799940643704E-31
2877	1.9077697188939086E-31
2878	1.873779425432246E-31
2879	1.8212880861623373E-31
2880	1.7700875175302124E-31
2881	1.6973741049350102E-31
2882	1.6586509858014712E-31
2883	1.6573602151636864E-31
2884	1.6186370960301472E-31
2885	1.5902401419988847E-31
2886	1.5467841971934688E-31
2887	1.5218292981962985E-31
2888	1.501176967991744E-31
2889	1.4792338671494055E-31
2890	1.3949035188141416E-31
2891	1.3755419592473716E-31
2892	1.3617737391110024E-31
2893	1.2894905833950624E-31
2894	1.2210797395924755E-31
2895	1.2124746020072444E-31
2896	1.193113042440475E-31
2897	1.1845079048552441E-31
2898	1.1694489140810895E-31
2899	1.1376099050157349E-31
2900	1.1182483454489652E-31
2901	1.0610241805071792E-31
2902	1.0326272264759168E-31
2903	1.0128354100298858E-31
2904	9.982066761349932E-32
2905	9.706702358622539E-32
2906	9.508784194162225E-32
2907	9.482968781406533E-32
2908	9.297958323324068E-32
2909	9.087132452485909E-32
2910	8.695598692357898E-32
2911	8.549311353408972E-32
2912	8.372906032911734E-32
2913	8.209408418792346E-32
2914	7.964161997613264E-32
2915	7.770546401945566E-32
2916	7.667284750922794E-32
2917	7.41343319215848E-32
2918	7.004689156860008E-32
2919	6.888519799459389E-32
2920	6.888519799459389E-32
2921	6.712114478962154E-32
2922	6.540011727257534E-32
2923	6.389421819515992E-32
2924	6.376514113138145E-32
2925	6.281857599700606E-32
2926	6.234529342981835E-32
2927	6.139872829544294E-32
2928	5.980677784217521E-32
2929	5.804272463720287E-32
2930	5.70531338149013E-32
2931	5.636472280808282E-32
2932	5.524605492200279E-32
2933	5.36110787808089E-32
2934	5.300871914984273E-32
2935	5.287964208606427E-32
2936	5.201912832754116E-32
2937	5.042717787427344E-32
2938	4.96957411795288E-32
2939	4.9050355860636474E-32
2940	4.793168797455645E-32
2941	4.7329328343590273E-32
2942	4.7071174216033343E-32
2943	4.547922376276561E-32
2944	4.384424762157172E-32
2945	4.3327939366457866E-32
2946	4.10906035942978E-32
2947	4.0789423778814713E-32
2948	3.9971935708217765E-32
2949	3.8939319197990056E-32
2950	3.7390394432648465E-32
2951	3.726131736887E-32
2952	3.6701983425829985E-32
2953	3.627172654656844E-32
2954	3.6013572419011505E-32
2955	3.5841469667306885E-32
2956	3.5153058660488415E-32
2957	3.4808853157079175E-32
2958	3.4077416462334543E-32
2959	3.3776236646851455E-32
2960	3.321690270381144E-32
2961	3.3044799952106823E-32
2962	3.2786645824549893E-32
2963	3.2485466009066805E-32
2964	3.192613206602679E-32
2965	3.093654124372523E-32
2966	3.02051045489806E-32
2967	3.0162078861054435E-32
2968	3.003300179727598E-32
2969	2.960274491801442E-32
2970	2.9000385287048263E-32
2971	2.8570128407786713E-32
2972	2.8398025656082093E-32
2973	2.809684584059901E-32
2974	2.805382015267285E-32
2975	2.783869171304208E-32
2976	2.710725501829745E-32
2977	2.6375818323552816E-32
2978	2.5644381628808184E-32
2979	2.5386227501251254E-32
2980	2.5343201813325096E-32
2981	2.5214124749546634E-32
2982	2.461176511858046E-32
2983	2.422453392724507E-32
2984	2.4095456863466604E-32
2985	2.366519998420505E-32
2986	2.3407045856648124E-32
2987	2.258955778605118E-32
2988	2.241745503434656E-32
2989	2.228837797056809E-32
2990	2.2159300906789626E-32
2991	2.1686018339601924E-32
2992	2.1298787148266529E-32
2993	2.1083658708635754E-32
2994	2.1040633020709599E-32
2995	2.0997607332783444E-32
2996	2.0696427517300358E-32
2997	2.0610376141448048E-32
2998	2.0395247701817276E-32
2999	2.026617063803881E-32
3000	2.0008016510481878E-32
