1	6.012453546507396E8
2	4.4433911728709424E8
3	3.4267110212985235E8
4	2.833112748259383E8
5	2.4834347864353606E8
6	1.6904792820189336E8
7	1.4362879948102638E8
8	1.1573686491239926E8
9	1.0543352629569228E8
10	9.359977275268434E7
11	7.743698099231309E7
12	6.596210951304535E7
13	6.000261012746171E7
14	5.235843125455034E7
15	4.7086167231494926E7
16	4.046183097860614E7
17	3.9006117643793695E7
18	3.7160039685574934E7
19	3.3227723023075745E7
20	3.1616264131778408E7
21	2.854520069867314E7
22	2.6989182517690722E7
23	2.551617234367467E7
24	2.3201920355788503E7
25	1.9936914420160636E7
26	1.8682033426108215E7
27	1.713167078008732E7
28	1.466360013211783E7
29	1.42163599024705E7
30	1.3899471002992483E7
31	1.1718508243061092E7
32	1.0144998070024434E7
33	9045880.621434787
34	8264148.815375402
35	7618278.907666253
36	7447037.484238218
37	6914532.032062384
38	6478339.110446553
39	5690392.667668023
40	5212446.347169006
41	4890485.236065505
42	4380659.470567178
43	3760216.5077734976
44	2958159.601625751
45	2754398.2697311477
46	2645264.650814559
47	2400206.3053516513
48	2250722.6708642174
49	1984504.568106141
50	1680914.6432452952
51	1596587.822580316
52	1501289.0448536426
53	1354084.5011418725
54	1122253.2641104052
55	953887.9410967102
56	841856.5111139967
57	782819.4742343505
58	744909.3894561194
59	686810.1175405639
60	518586.5598053079
61	489846.2142596067
62	447533.09255443345
63	355704.8479623916
64	345341.51161720685
65	298716.12953905924
66	254312.25833403756
67	227905.08723287552
68	206651.80445726434
69	193830.78527299062
70	174181.7305467472
71	169379.73211665172
72	159665.30038949425
73	122941.79284485849
74	94580.85517229661
75	72666.55392073613
76	70589.0105629103
77	65994.35606820017
78	57896.1491388249
79	53532.0148560269
80	39357.709266067846
81	29959.003162845253
82	26683.007141902144
83	24123.7180360347
84	19083.800188901278
85	17739.370519043005
86	15729.493405696523
87	14123.69982372878
88	11070.360127448583
89	8218.801631273604
90	7428.314286560981
91	6377.329133189359
92	4925.122396085684
93	3634.8184670456194
94	3373.9949437424493
95	3317.3239988639093
96	2665.3472439330912
97	2489.426476695947
98	1955.4142556378522
99	916.6184727459663
100	788.7583076456593
101	612.741117976043
102	469.79595013801
103	406.14380237684446
104	312.63665216016733
105	303.9772048911361
106	292.5743971043684
107	243.60559224782523
108	190.10294799550553
109	174.82373604057457
110	163.50182985303815
111	115.6779613899025
112	91.35118545456535
113	90.8870602090148
114	88.3839082521293
115	87.53938907511906
116	77.84177160738474
117	58.47109680279544
118	56.82272472582898
119	55.508652307682105
120	46.03325701557898
121	43.308837155207975
122	42.649208486863635
123	41.2590471869798
124	40.552773396319374
125	38.87740589566127
126	37.54448607766782
127	32.14754332386432
128	28.847138211340507
129	26.072670596929644
130	23.814428820712745
131	22.612114392024385
132	22.294979930813586
133	21.63982151017187
134	20.814850133960206
135	20.392286182488515
136	20.00242395989846
137	19.556156188833086
138	19.43037195516513
139	18.845700405533066
140	18.2104720467883
141	17.825066823871943
142	17.513901031107938
143	16.986823999236247
144	16.405658935914257
145	15.768476316305707
146	15.449830079456188
147	15.186584043896717
148	14.711315426598018
149	14.303134608635935
150	13.933548491299408
151	13.86584223653917
152	13.455120147950355
153	13.07469098701239
154	12.45269989423298
155	12.031066443516794
156	11.637054379648273
157	10.9608066411842
158	10.76547800716866
159	10.336298404733391
160	10.04020182880034
161	9.69441931064889
162	9.488867503708379
163	9.21343336895586
164	8.661675753720981
165	8.399134920842165
166	8.237840184887961
167	8.00595903807163
168	7.876752734563028
169	7.618807931304692
170	7.478458230956106
171	7.2435213779348295
172	6.873545860299319
173	6.4843231588752746
174	6.28498942751061
175	6.203020549048004
176	5.854544078687813
177	5.71620350603916
178	5.555670371832579
179	5.396062462609221
180	5.155179794814317
181	5.033307452992094
182	4.802677571170969
183	4.607574514059865
184	4.569825847868843
185	4.439358270424565
186	4.216752299100081
187	4.08231767383093
188	3.984452941413367
189	3.8281277674157255
190	3.571361373767885
191	3.496037264572379
192	3.317041052861707
193	3.002191717292386
194	2.9380087906642416
195	2.846234228023631
196	2.8016215070999237
197	2.671367825738511
198	2.5683813278080785
199	2.4640570439602203
200	2.4073670724781207
201	2.3185830252016952
202	2.221390683992802
203	2.14469160951314
204	2.097689335118013
205	2.0063514549130934
206	1.9711364147847947
207	1.9219236919273501
208	1.8459535081368847
209	1.7272537420990945
210	1.6543209540728363
211	1.5408275145336203
212	1.4849414380786117
213	1.4147270395962255
214	1.3649807717459475
215	1.3444114052859264
216	1.2798661208730318
217	1.2475176912286827
218	1.2280267392921564
219	1.1987597741155251
220	1.1541407136018609
221	1.1170599562261938
222	1.0645243228407582
223	1.0070101902802155
224	0.9905056872143003
225	0.9636625046071724
226	0.9234705005479857
227	0.8839443708009147
228	0.8498930541805844
229	0.8239930450252454
230	0.8028215836988377
231	0.7718702891372504
232	0.7513733695435191
233	0.7101744507862354
234	0.7056897491044435
235	0.6839760515989172
236	0.6687558434969892
237	0.6302756820820874
238	0.6097067052416629
239	0.5814352384048312
240	0.5710351095642133
241	0.5581922933216764
242	0.5403549508366032
243	0.514836401196785
244	0.49206371886946326
245	0.4851890296606913
246	0.4625230406456365
247	0.4427120254651326
248	0.4265534141756114
249	0.4207848860674141
250	0.4140987103095116
251	0.38803406382714045
252	0.3726204519165347
253	0.3408546618682771
254	0.3292581443135952
255	0.31885270272104566
256	0.30458900097032104
257	0.29594564933203704
258	0.28602402713286207
259	0.2827528934065952
260	0.28161082197408194
261	0.2763215328150613
262	0.2662523843908949
263	0.2566588553931778
264	0.2416103226621849
265	0.22735930087847428
266	0.22484766595369943
267	0.2131236425533983
268	0.2014713433971717
269	0.19765756190224096
270	0.1930746806489142
271	0.18833929658258494
272	0.17735195181816993
273	0.17346003007513996
274	0.16537763242295764
275	0.16306563197711607
276	0.15586525805930868
277	0.15374282090744734
278	0.145227556981204
279	0.13964513275943405
280	0.13848228098956467
281	0.13317191303506212
282	0.12827113356281114
283	0.12093728434732716
284	0.11255061209439465
285	0.1083506547809764
286	0.1064159633013675
287	0.10416769382921455
288	0.10201841367107524
289	0.09688099559845124
290	0.09455091661038725
291	0.09241123697066993
292	0.09141648922933403
293	0.08679915394154596
294	0.08413730517433128
295	0.08229731811810787
296	0.07771348639731972
297	0.07290051038479138
298	0.07163462575524035
299	0.06587479585386649
300	0.06355188966243251
301	0.061916585903893324
302	0.0616939646153726
303	0.0608405480993541
304	0.06023108904296388
305	0.0568101933765856
306	0.05491183632225595
307	0.05223518521934304
308	0.04994321558769611
309	0.04798423812314441
310	0.046437184885771615
311	0.045201829722686805
312	0.04309081352129214
313	0.0425765274330474
314	0.0412271188178872
315	0.03932246752716466
316	0.03800833375252509
317	0.03677803250658537
318	0.035999139947381284
319	0.03342599372636454
320	0.03088603272086803
321	0.0283645023406088
322	0.027475863168819305
323	0.02715440683364765
324	0.02661549515995331
325	0.024607876566692218
326	0.02414894119735937
327	0.02256318697534283
328	0.02173210393334446
329	0.02136795977970813
330	0.02026095818820423
331	0.019397161528965375
332	0.018999183178194653
333	0.018583032681394628
334	0.018086110789767837
335	0.017206168005640284
336	0.015900633398647467
337	0.015367526909159882
338	0.014303180992997933
339	0.013754326501848796
340	0.013274175006042667
341	0.0130403045104154
342	0.012582883264023912
343	0.012243768306309669
344	0.012050784348450637
345	0.011349500975368626
346	0.011086535354416989
347	0.01039760269550637
348	0.00971032450893448
349	0.00937544579543423
350	0.009018764080388325
351	0.008717504560712226
352	0.008346134044057813
353	0.007777393758652939
354	0.007581467058143793
355	0.007182137717253021
356	0.006850856957164007
357	0.006607440141633464
358	0.006459110043758136
359	0.006127044554695408
360	0.0058976604541885105
361	0.0055503115380797574
362	0.005270730021106627
363	0.0049840602986638985
364	0.0047957624406963955
365	0.004533069998657117
366	0.004311796691336935
367	0.004124872660324474
368	0.003962209621690324
369	0.0037999526159802673
370	0.003726696592646531
371	0.0036530150193827627
372	0.003495266713791752
373	0.0033919308042012525
374	0.0030887462980281606
375	0.003010772417772006
376	0.0029486599016044805
377	0.0026796242301247073
378	0.0025426995275072317
379	0.0024803959682180216
380	0.002417092996289157
381	0.002307644345440753
382	0.0021167599063784182
383	0.002023372737361817
384	0.002003087993247611
385	0.0018735246233869767
386	0.0017999467911011264
387	0.00170613781542912
388	0.001671846296271431
389	0.0016279239336865416
390	0.0015804895293647753
391	0.0014476565785363998
392	0.0013661302829751627
393	0.0013173008081257234
394	0.0012100666712302887
395	0.0011738050721290462
396	0.0011100202240660938
397	0.0010845112345896943
398	0.0010430247219821427
399	0.0010040383984615813
400	9.662371038273624E-4
401	9.196522617577467E-4
402	8.885871533496214E-4
403	8.449538890048554E-4
404	8.043656611153312E-4
405	7.67018972968789E-4
406	7.406777345259969E-4
407	7.172621833268364E-4
408	6.986314710507922E-4
409	6.67330940553057E-4
410	6.10887699500686E-4
411	6.094245273962107E-4
412	5.894459439394365E-4
413	5.678524419976416E-4
414	5.424586937661458E-4
415	5.108486494719535E-4
416	4.924322255481928E-4
417	4.617946262001068E-4
418	4.30515002743154E-4
419	4.1823059124276754E-4
420	4.058467829061812E-4
421	3.9331717280402555E-4
422	3.781891553141485E-4
423	3.5589351902091357E-4
424	3.435990770834946E-4
425	3.297685988213503E-4
426	3.157049751685776E-4
427	3.1180038692343577E-4
428	3.032665311697126E-4
429	2.797648779066952E-4
430	2.751420059505791E-4
431	2.716455758816788E-4
432	2.6502266536731264E-4
433	2.5539783954039904E-4
434	2.4388222418728582E-4
435	2.2594515319400272E-4
436	2.2070042022857446E-4
437	2.1309534394324306E-4
438	2.0476907835981835E-4
439	1.9760624597408853E-4
440	1.9427630223296707E-4
441	1.8820973902393826E-4
442	1.8003037106685863E-4
443	1.736577393994447E-4
444	1.6659458754178408E-4
445	1.552499897078219E-4
446	1.4620281147189256E-4
447	1.4142890145920888E-4
448	1.296684053481572E-4
449	1.275257982729553E-4
450	1.1999309742772363E-4
451	1.181076367322962E-4
452	1.1162544482981167E-4
453	1.0715350639364985E-4
454	1.0143241774335495E-4
455	9.865793515877788E-5
456	9.354906600687455E-5
457	8.926371146097572E-5
458	8.690690617765978E-5
459	8.542092166841812E-5
460	8.341884887362689E-5
461	7.672522146164211E-5
462	7.117768781389328E-5
463	6.747150891514212E-5
464	6.30832972153612E-5
465	6.207089960935025E-5
466	6.002255706881124E-5
467	5.921005199492909E-5
468	5.843875845548921E-5
469	5.6253665124511584E-5
470	5.469861202917096E-5
471	5.282727552209872E-5
472	4.9616591036548066E-5
473	4.8848494386549315E-5
474	4.460061411973466E-5
475	4.334344583347095E-5
476	4.0994140713408164E-5
477	4.033804285822682E-5
478	3.971291409578292E-5
479	3.877756959432647E-5
480	3.60887023298767E-5
481	3.438068069640587E-5
482	3.245939961665533E-5
483	3.218892049736829E-5
484	3.036100493621016E-5
485	2.859148441316972E-5
486	2.7825221743576418E-5
487	2.6344428657648206E-5
488	2.5846832019416898E-5
489	2.458230186670091E-5
490	2.3086764081246E-5
491	2.220657888027624E-5
492	2.1550266010140803E-5
493	2.097900535388735E-5
494	2.068114005672599E-5
495	1.9960666071395086E-5
496	1.9336263624354537E-5
497	1.9088936195202213E-5
498	1.8138660738026312E-5
499	1.754790253123552E-5
500	1.675773757256054E-5
501	1.6287975073198533E-5
502	1.6021391199500543E-5
503	1.4301118925980902E-5
504	1.3741104539079888E-5
505	1.3258738735496624E-5
506	1.2836968482578584E-5
507	1.2160312256239365E-5
508	1.1248454548443528E-5
509	1.1192049217820693E-5
510	1.0975423750444931E-5
511	1.034991632199602E-5
512	9.920484922081068E-6
513	9.470706270879548E-6
514	9.300994637340046E-6
515	8.827369459591954E-6
516	8.478582086371482E-6
517	8.051709112244075E-6
518	7.81914532911853E-6
519	7.5618532687927515E-6
520	7.284238499570933E-6
521	6.870555619513049E-6
522	6.674993493966738E-6
523	6.296058618229642E-6
524	6.1770489267646346E-6
525	5.755030680510491E-6
526	5.599132905903981E-6
527	5.3656969447020066E-6
528	5.163782136330467E-6
529	4.7324059814769145E-6
530	4.577249027868406E-6
531	4.4536275903483215E-6
532	4.205395084670803E-6
533	4.08307499342023E-6
534	4.038450546396701E-6
535	3.905371804719694E-6
536	3.6730418976198656E-6
537	3.5565177363329946E-6
538	3.435052227432141E-6
539	3.12593672842849E-6
540	2.9972308438804827E-6
541	2.8885997806379727E-6
542	2.683756628776354E-6
543	2.550883510118686E-6
544	2.5340898289001804E-6
545	2.4492789007864583E-6
546	2.357716173727679E-6
547	2.1902529746644824E-6
548	2.146953008626968E-6
549	2.1115360196693664E-6
550	2.0008581232774927E-6
551	1.9588013495834874E-6
552	1.8479857579093477E-6
553	1.78190127848614E-6
554	1.7401433721983902E-6
555	1.6231849329824713E-6
556	1.5127180632686847E-6
557	1.4558697005665125E-6
558	1.4113198872849556E-6
559	1.3880974585031145E-6
560	1.296961280559844E-6
561	1.2338142805287835E-6
562	1.2150569590554235E-6
563	1.1600980071811706E-6
564	1.1213692358559303E-6
565	1.1035080451377364E-6
566	1.0566599083915721E-6
567	1.0160805502114288E-6
568	9.884663122956167E-7
569	8.923652511855816E-7
570	8.651816807816878E-7
571	8.137771224667165E-7
572	7.753663536239939E-7
573	7.535674625414081E-7
574	7.367740698415769E-7
575	7.295606603181211E-7
576	6.746923295407708E-7
577	6.383455736619916E-7
578	6.160515147568412E-7
579	5.990890080288655E-7
580	5.742798484870094E-7
581	5.344396154987144E-7
582	5.163452453392272E-7
583	5.027539866906645E-7
584	4.803833076938951E-7
585	4.67370614673155E-7
586	4.4655624822306347E-7
587	4.334375439665481E-7
588	4.30861351573664E-7
589	4.2247070302381365E-7
590	4.020993578288454E-7
591	3.822281538529107E-7
592	3.6610464325837685E-7
593	3.42045844807368E-7
594	3.2260035342712457E-7
595	3.1612494559803125E-7
596	3.072502316130927E-7
597	2.929348365752464E-7
598	2.8298290300704086E-7
599	2.644971419564329E-7
600	2.545207032557077E-7
601	2.5296899315676676E-7
602	2.3832219718908013E-7
603	2.302487324696814E-7
604	2.2554143642580792E-7
605	2.115756840582651E-7
606	1.9395299059269887E-7
607	1.8718108929994283E-7
608	1.8397276327810182E-7
609	1.757753653131126E-7
610	1.700218583362252E-7
611	1.6232105590356266E-7
612	1.581084566907974E-7
613	1.499337162017744E-7
614	1.4618342574917E-7
615	1.41653094632562E-7
616	1.3903280336753694E-7
617	1.3488700601530234E-7
618	1.3087094517763064E-7
619	1.2358032273038897E-7
620	1.2082207291421824E-7
621	1.14385583612478E-7
622	1.1103328975696457E-7
623	1.0783397440163235E-7
624	1.0156327408333943E-7
625	9.548985271506157E-8
626	9.362860382642239E-8
627	8.980202309073118E-8
628	8.724383843517868E-8
629	8.439761645739739E-8
630	8.185946427761846E-8
631	7.622079477124923E-8
632	7.501732405190814E-8
633	7.050090129834485E-8
634	6.882263235527773E-8
635	6.566763838932652E-8
636	6.186526191876139E-8
637	5.899856621477013E-8
638	5.64826303597861E-8
639	5.2494305796171174E-8
640	5.0181151731811905E-8
641	4.776382480712771E-8
642	4.696238010812043E-8
643	4.547026078543802E-8
644	4.3177652082148676E-8
645	4.248356758198393E-8
646	4.0485517805644116E-8
647	3.899065628864155E-8
648	3.810610948974707E-8
649	3.6529316594183253E-8
650	3.587029976870001E-8
651	3.472033718738159E-8
652	3.3514484012262146E-8
653	3.272444252594071E-8
654	3.09128267051363E-8
655	2.9343036965156375E-8
656	2.7626871710597898E-8
657	2.6830117935592962E-8
658	2.599888389391022E-8
659	2.5387542115520896E-8
660	2.44384855945815E-8
661	2.2607418068307145E-8
662	2.2020487820153238E-8
663	2.105218206936266E-8
664	2.0332799872380027E-8
665	1.9558547662086997E-8
666	1.8419695986059497E-8
667	1.7241368007157468E-8
668	1.695954068387872E-8
669	1.6126336414272333E-8
670	1.5650407758259413E-8
671	1.4638110214863526E-8
672	1.445656403180599E-8
673	1.3692255017804224E-8
674	1.3363209337668479E-8
675	1.2864721505133668E-8
676	1.19810423036828E-8
677	1.1698488563172027E-8
678	1.1382273928910598E-8
679	1.1058722630941795E-8
680	1.0721684985913015E-8
681	1.023724334875396E-8
682	9.94085555831444E-9
683	9.474688554928673E-9
684	9.078630900201033E-9
685	8.297783705497326E-9
686	7.790598099574102E-9
687	7.50128506364833E-9
688	7.339747211626677E-9
689	6.917210406217861E-9
690	6.707106137913203E-9
691	6.4998022504161696E-9
692	6.242432559030089E-9
693	6.0368958207723585E-9
694	5.739504242543022E-9
695	5.540886959638852E-9
696	5.392185798243371E-9
697	5.2883910346467235E-9
698	5.119216417187865E-9
699	4.77825291667249E-9
700	4.544426949499201E-9
701	4.39511437521159E-9
702	4.065776517646333E-9
703	3.9325830963470685E-9
704	3.758695835680899E-9
705	3.6727215360743546E-9
706	3.567907218359703E-9
707	3.5022833480940082E-9
708	3.255143339826544E-9
709	3.092184357282454E-9
710	2.8689372570079397E-9
711	2.7947269759962875E-9
712	2.7674295897841235E-9
713	2.708138650551786E-9
714	2.4962814571846514E-9
715	2.3598770869967553E-9
716	2.2702435034747774E-9
717	2.210567038473445E-9
718	2.170311763860231E-9
719	2.1202217876242586E-9
720	2.031263685385033E-9
721	1.949881035335317E-9
722	1.861038825138988E-9
723	1.7260768260146242E-9
724	1.6807622182278678E-9
725	1.6446922264167291E-9
726	1.5447440573931888E-9
727	1.4966787770075556E-9
728	1.4181801819125286E-9
729	1.3852044079249212E-9
730	1.3602293875486285E-9
731	1.3253281655823598E-9
732	1.242373715856743E-9
733	1.189838548850913E-9
734	1.16200260797366E-9
735	1.1019245086584658E-9
736	1.0587011286751093E-9
737	1.0294819846868177E-9
738	9.93713136414172E-10
739	9.415836196168327E-10
740	9.025185805476226E-10
741	8.51764925771485E-10
742	8.221304106330533E-10
743	8.095652010216277E-10
744	7.777327546117876E-10
745	7.460108483883249E-10
746	7.184650025611924E-10
747	6.894442298883351E-10
748	6.694250937806108E-10
749	6.30818223417421E-10
750	6.157793280403633E-10
751	5.924836083971821E-10
752	5.658748159577606E-10
753	5.356944684353463E-10
754	5.071948555387132E-10
755	4.954666250087507E-10
756	4.854420817193681E-10
757	4.639844941868402E-10
758	4.4606250736258396E-10
759	4.3027092372357407E-10
760	4.1285628803449476E-10
761	3.96025368588278E-10
762	3.819104738536782E-10
763	3.59622365884929E-10
764	3.435885210036678E-10
765	3.223978182049827E-10
766	3.013979314182989E-10
767	2.915337333081813E-10
768	2.8153355174272366E-10
769	2.607976527473423E-10
770	2.4989928018068477E-10
771	2.4306924228801435E-10
772	2.3755709866323726E-10
773	2.332557769685852E-10
774	2.2888581000480982E-10
775	2.256488522603056E-10
776	2.098467586160126E-10
777	2.0352068755256774E-10
778	1.9880150888092987E-10
779	1.941958848705655E-10
780	1.846905835737384E-10
781	1.7885476574183104E-10
782	1.7661034427702105E-10
783	1.6548949680102034E-10
784	1.5507594883872783E-10
785	1.4502227054697025E-10
786	1.4189916853054776E-10
787	1.312806342917623E-10
788	1.2697580682624035E-10
789	1.2157713891368868E-10
790	1.1763847578355461E-10
791	1.149584514243539E-10
792	1.0946478686927552E-10
793	1.0596008646898222E-10
794	1.0203743046789467E-10
795	9.842415800747861E-11
796	9.526393705827456E-11
797	8.89445331711533E-11
798	8.724408910869447E-11
799	8.031699722438747E-11
800	7.596370843104552E-11
801	7.25224754684804E-11
802	6.649069957037755E-11
803	6.556081360811746E-11
804	6.238914854270313E-11
805	6.080017899458351E-11
806	6.010198940606765E-11
807	5.9446176782448E-11
808	5.710924795219868E-11
809	5.5765017422894406E-11
810	5.460635293807518E-11
811	5.0946905425148035E-11
812	4.966265667024023E-11
813	4.779585894480077E-11
814	4.5590431626630186E-11
815	4.450402651125428E-11
816	4.015485211954215E-11
817	3.881310194302299E-11
818	3.756573590393759E-11
819	3.619513692992856E-11
820	3.456355383598808E-11
821	3.22884040457046E-11
822	3.1846188614610984E-11
823	2.94865343552441E-11
824	2.8337337924673506E-11
825	2.7815269287138217E-11
826	2.658923348949682E-11
827	2.5895756371288414E-11
828	2.460028274485454E-11
829	2.3870567752937558E-11
830	2.3355331428914952E-11
831	2.230300586600011E-11
832	2.1566754232741873E-11
833	2.092158225318339E-11
834	2.0113668119333208E-11
835	1.9849517563386492E-11
836	1.9297357773768982E-11
837	1.851878525940452E-11
838	1.79050271256962E-11
839	1.740084769722004E-11
840	1.5769587147606847E-11
841	1.5295901696718336E-11
842	1.4940611850652133E-11
843	1.4280588520385083E-11
844	1.3782099264716377E-11
845	1.2702896895613426E-11
846	1.2324236231385422E-11
847	1.1481386600549923E-11
848	1.1068173968073574E-11
849	1.06518680945073E-11
850	1.023281416616871E-11
851	9.882018806668778E-12
852	9.557912400130994E-12
853	9.315896520422273E-12
854	8.806126185869861E-12
855	8.499987915465319E-12
856	8.318567781931124E-12
857	8.117171321733782E-12
858	7.618902832756213E-12
859	7.197073844312134E-12
860	6.819690127877786E-12
861	6.676981617208851E-12
862	6.2229730493110525E-12
863	6.019458712579806E-12
864	5.743290712813422E-12
865	5.433006117442844E-12
866	5.309999731673369E-12
867	5.0435006277655185E-12
868	4.682152618795934E-12
869	4.354153718075649E-12
870	4.288710731748881E-12
871	4.271248642086827E-12
872	4.088918556402462E-12
873	3.822196909426302E-12
874	3.638090631380394E-12
875	3.4312547612899077E-12
876	3.139707839286777E-12
877	3.105692345531714E-12
878	2.97645870136599E-12
879	2.933384722759105E-12
880	2.8565193609433265E-12
881	2.7229771528609646E-12
882	2.658626397939963E-12
883	2.5921544100693812E-12
884	2.4829886365595406E-12
885	2.4057998913898136E-12
886	2.2703763322957723E-12
887	2.2503596907421913E-12
888	2.1264153356588622E-12
889	2.0552336893941834E-12
890	1.9914501901267472E-12
891	1.951935507119787E-12
892	1.8587147871850435E-12
893	1.7899754806270415E-12
894	1.7190202112340015E-12
895	1.6837764492447062E-12
896	1.5596012173182968E-12
897	1.5187555376547574E-12
898	1.4392939967203324E-12
899	1.355975156079518E-12
900	1.2926689091503012E-12
901	1.2692176201250147E-12
902	1.257747899142707E-12
903	1.2068439702060392E-12
904	1.1830502813719918E-12
905	1.163232086558396E-12
906	1.0976168470719599E-12
907	1.0482373471421539E-12
908	1.0193151641864924E-12
909	9.648332597558282E-13
910	9.304076661727707E-13
911	8.882274378692541E-13
912	8.52991488989452E-13
913	7.935526530594784E-13
914	7.692654150574714E-13
915	7.545829637465817E-13
916	7.323093055020664E-13
917	6.644283669882985E-13
918	6.07690743586618E-13
919	5.919274011223334E-13
920	5.687176060497066E-13
921	5.570340522767688E-13
922	5.348740307276902E-13
923	5.158803099308571E-13
924	5.002779428164897E-13
925	4.807302239266331E-13
926	4.56483506791154E-13
927	4.4473628123455363E-13
928	4.3229447304011406E-13
929	4.107644120700199E-13
930	3.84473085855695E-13
931	3.73989496615926E-13
932	3.5545615858018327E-13
933	3.5145653157923673E-13
934	3.4450811471852146E-13
935	3.231977974593662E-13
936	3.144747314500906E-13
937	2.9907916881871047E-13
938	2.873518580613241E-13
939	2.675224641119984E-13
940	2.594145299383616E-13
941	2.4314588443478665E-13
942	2.3801501192973917E-13
943	2.357799504219491E-13
944	2.251716004231771E-13
945	2.181927210710346E-13
946	2.1132165677530144E-13
947	1.9350545541670323E-13
948	1.9242934662424338E-13
949	1.830377773351051E-13
950	1.7265493801129922E-13
951	1.6522000801412417E-13
952	1.566106893708501E-13
953	1.4976314703335615E-13
954	1.447023489423186E-13
955	1.385678139743932E-13
956	1.3153521232887623E-13
957	1.2795034635910938E-13
958	1.2440417325084242E-13
959	1.1851081637952827E-13
960	1.1592434007752097E-13
961	1.1420932038605333E-13
962	1.0716350702871143E-13
963	1.0350009062415684E-13
964	1.0021107098340248E-13
965	9.654239468114703E-14
966	9.306242628334878E-14
967	8.804518141282291E-14
968	8.02800841617777E-14
969	7.671029968471864E-14
970	7.577396764749231E-14
971	7.354153356909361E-14
972	7.20966954094374E-14
973	6.937931677259255E-14
974	6.907423018584529E-14
975	6.590142364214973E-14
976	6.4327894980973E-14
977	6.24773359318893E-14
978	6.014332871716351E-14
979	5.629392974159391E-14
980	5.2456327620661494E-14
981	5.0742824820153064E-14
982	4.80379597997121E-14
983	4.642976961528293E-14
984	4.519093740534966E-14
985	4.2940467526724354E-14
986	4.1414487999220375E-14
987	4.0993985711648234E-14
988	3.9208261801144014E-14
989	3.510183910172412E-14
990	3.478160444710867E-14
991	3.279942403274028E-14
992	3.107563145206377E-14
993	3.0314375823496437E-14
994	2.8886618148216066E-14
995	2.872844184184373E-14
996	2.6952450362097107E-14
997	2.510430996010777E-14
998	2.4354872759092616E-14
999	2.4086635080369592E-14
1000	2.3578435283111173E-14
1001	2.2644096407833707E-14
1002	2.142153383172456E-14
1003	2.0634900877141623E-14
1004	2.0268923935681753E-14
1005	1.8799389275949066E-14
1006	1.8360291830748345E-14
1007	1.709912587940188E-14
1008	1.5846839147047896E-14
1009	1.5604330622788305E-14
1010	1.5305279518120814E-14
1011	1.4241202274295705E-14
1012	1.3382037690410714E-14
1013	1.3291782670308017E-14
1014	1.285034606672533E-14
1015	1.2156627086376923E-14
1016	1.1457527812514484E-14
1017	1.0885943580165309E-14
1018	1.0763608358229003E-14
1019	1.0538133392736923E-14
1020	1.0215882599501327E-14
1021	9.263374172992678E-15
1022	8.983003896515971E-15
1023	8.725530505860196E-15
1024	8.324820523025423E-15
1025	8.048797359101872E-15
1026	7.669569368052057E-15
1027	7.093485844670049E-15
1028	6.709899793392994E-15
1029	6.6230505006026E-15
1030	6.3139281029397035E-15
1031	6.2138999002446505E-15
1032	5.998010468221125E-15
1033	5.871016654319304E-15
1034	5.665789339684294E-15
1035	5.4438246897375224E-15
1036	5.135725113014042E-15
1037	4.977666258249137E-15
1038	4.863279007395617E-15
1039	4.734960821916399E-15
1040	4.499351206439336E-15
1041	4.391513127862945E-15
1042	4.226731037914311E-15
1043	4.1478156247822425E-15
1044	3.844988492663543E-15
1045	3.6800505821230844E-15
1046	3.4990529858322867E-15
1047	3.28727105827073E-15
1048	3.2106960831915894E-15
1049	3.078622893573004E-15
1050	2.8946195256504894E-15
1051	2.8461442452753343E-15
1052	2.675901387939934E-15
1053	2.6209585940098294E-15
1054	2.512606363351073E-15
1055	2.407993264410256E-15
1056	2.344881121195522E-15
1057	2.1838025662764397E-15
1058	2.147697027720337E-15
1059	1.9596551503726615E-15
1060	1.866705940350915E-15
1061	1.8285254731384825E-15
1062	1.7470257112527806E-15
1063	1.6950419068868684E-15
1064	1.6744784115370537E-15
1065	1.6090850931288229E-15
1066	1.5591846096948644E-15
1067	1.5187957491979646E-15
1068	1.424377204048069E-15
1069	1.3325389422591794E-15
1070	1.290791410202259E-15
1071	1.2773515856759529E-15
1072	1.2206921050311856E-15
1073	1.1649053802290305E-15
1074	1.1375170098208264E-15
1075	1.1200194935832495E-15
1076	1.083525750321365E-15
1077	1.0286242442585727E-15
1078	9.474088315038994E-16
1079	8.847153630911395E-16
1080	8.717850819491042E-16
1081	8.304375220741529E-16
1082	7.807271326166279E-16
1083	7.387557079496614E-16
1084	7.185024130483268E-16
1085	6.937089075317061E-16
1086	6.749908175595607E-16
1087	6.567677118043886E-16
1088	6.483977567986082E-16
1089	6.158418429131141E-16
1090	5.930741869442767E-16
1091	5.745231848695769E-16
1092	5.49991049195041E-16
1093	5.143717662051464E-16
1094	4.955671698439072E-16
1095	4.672095603729417E-16
1096	4.56911120400028E-16
1097	4.434406365841058E-16
1098	4.319503868204377E-16
1099	4.1540072128756474E-16
1100	3.948698931451232E-16
1101	3.9001560777445184E-16
1102	3.5048317360495323E-16
1103	3.258922014735082E-16
1104	3.204738319142279E-16
1105	3.1329073659958023E-16
1106	3.083626748509207E-16
1107	2.9504582327431933E-16
1108	2.7613710808169904E-16
1109	2.5638429744638517E-16
1110	2.4446397562857507E-16
1111	2.3445973387878516E-16
1112	2.2362746325833747E-16
1113	2.180285342871877E-16
1114	2.1548391425808563E-16
1115	2.091431515609651E-16
1116	1.9648671560590559E-16
1117	1.948508647186163E-16
1118	1.8780138551576025E-16
1119	1.808245800633987E-16
1120	1.7000991923951596E-16
1121	1.5982254160720838E-16
1122	1.5062421970398367E-16
1123	1.391875026502799E-16
1124	1.362322697757851E-16
1125	1.3583669926701932E-16
1126	1.3143992842185096E-16
1127	1.2635020050908062E-16
1128	1.1952678020804669E-16
1129	1.1311793316941711E-16
1130	1.1009157184854542E-16
1131	1.0578005855417639E-16
1132	1.0502446918662389E-16
1133	1.0121401937144309E-16
1134	9.743971517205726E-17
1135	9.379298944582463E-17
1136	8.778987691608517E-17
1137	7.961259121371672E-17
1138	7.73769620644561E-17
1139	7.505880445935715E-17
1140	7.169515988826858E-17
1141	7.044549099510431E-17
1142	6.870331965843163E-17
1143	6.609769321338527E-17
1144	6.357839615639948E-17
1145	6.239263181443032E-17
1146	5.823389309575319E-17
1147	5.684155655172171E-17
1148	5.3673589810392924E-17
1149	5.035261622081661E-17
1150	4.976652184116027E-17
1151	4.816934494014465E-17
1152	4.678469113232244E-17
1153	4.4230711536434594E-17
1154	4.276406033986532E-17
1155	4.1196036770595746E-17
1156	3.7479006975279025E-17
1157	3.725344765522019E-17
1158	3.5145605714657904E-17
1159	3.493388094903825E-17
1160	3.3886307844683725E-17
1161	3.31985708110991E-17
1162	3.135378724995047E-17
1163	3.10121846839659E-17
1164	3.050637941759307E-17
1165	2.858530791015903E-17
1166	2.7109883907807308E-17
1167	2.6529189369152668E-17
1168	2.4993167848153832E-17
1169	2.4319376829913522E-17
1170	2.387922444991951E-17
1171	2.3430687756005272E-17
1172	2.255355008169612E-17
1173	2.1590247816262643E-17
1174	2.0670789848140588E-17
1175	1.9535184572627564E-17
1176	1.8522305098273264E-17
1177	1.8039339205531608E-17
1178	1.6679718853360105E-17
1179	1.6192301452803433E-17
1180	1.5634700262691213E-17
1181	1.4652103208568478E-17
1182	1.37289742550615E-17
1183	1.3190829236357579E-17
1184	1.251594196343661E-17
1185	1.2191540625353557E-17
1186	1.1797124544412923E-17
1187	1.1619912241757807E-17
1188	1.1081883437346256E-17
1189	1.0214614747797491E-17
1190	9.78308950832591E-18
1191	9.672798710124143E-18
1192	8.997904092936911E-18
1193	8.754811158161154E-18
1194	8.629420779259429E-18
1195	8.468387614334002E-18
1196	8.216444503202212E-18
1197	7.93625274355476E-18
1198	7.860745365553088E-18
1199	7.46469660114335E-18
1200	7.119312180333243E-18
1201	6.875945092261003E-18
1202	6.589429175991696E-18
1203	6.296128931300502E-18
1204	6.020591109380882E-18
1205	5.659123027745728E-18
1206	5.384118251272823E-18
1207	5.037223631815174E-18
1208	4.9642048900094E-18
1209	4.601101114497834E-18
1210	4.584851347701462E-18
1211	4.5058130582297424E-18
1212	4.482019910057443E-18
1213	4.199303505483518E-18
1214	4.061584786001136E-18
1215	3.907818365717522E-18
1216	3.689629856000862E-18
1217	3.605120698327428E-18
1218	3.4577107166555628E-18
1219	3.350164802065502E-18
1220	3.187290617739508E-18
1221	2.969688882314819E-18
1222	2.7875519974228654E-18
1223	2.7469471549242955E-18
1224	2.642098739842051E-18
1225	2.6205653893290073E-18
1226	2.5863432870551317E-18
1227	2.3823785794288062E-18
1228	2.256842359906818E-18
1229	2.1036901484621495E-18
1230	2.0282907456360613E-18
1231	1.972594424734283E-18
1232	1.950174301222137E-18
1233	1.8841884085534895E-18
1234	1.7780145855289206E-18
1235	1.740398196126226E-18
1236	1.6858557379531091E-18
1237	1.6559271152033857E-18
1238	1.5754924102784951E-18
1239	1.4298086285464456E-18
1240	1.3321774894534252E-18
1241	1.2717743191708106E-18
1242	1.2688511194311528E-18
1243	1.2375664664623323E-18
1244	1.2200421172137255E-18
1245	1.1374100282474683E-18
1246	1.0950736249206353E-18
1247	1.0072789444277249E-18
1248	9.652850118796006E-19
1249	9.623366825086814E-19
1250	8.99095673272407E-19
1251	8.730714751334056E-19
1252	8.285456159491024E-19
1253	8.13817428082524E-19
1254	7.953769023878647E-19
1255	7.454861798179764E-19
1256	7.187374261574252E-19
1257	7.071157680426642E-19
1258	6.848328547482825E-19
1259	6.650157884222656E-19
1260	6.482754639394538E-19
1261	5.961995367155792E-19
1262	5.81757506810132E-19
1263	5.539071965453876E-19
1264	5.410004217615097E-19
1265	5.117762227248213E-19
1266	4.938035970129541E-19
1267	4.67897328124563E-19
1268	4.564308175010905E-19
1269	4.40732843180913E-19
1270	4.3158483062670663E-19
1271	3.9425231635461187E-19
1272	3.8466811164329245E-19
1273	3.775503899545006E-19
1274	3.6502319287490477E-19
1275	3.3893746715029374E-19
1276	3.1115654536902864E-19
1277	3.0437289872278037E-19
1278	2.998256341427943E-19
1279	2.8289424026761695E-19
1280	2.7507250970914063E-19
1281	2.572646599225517E-19
1282	2.5253538945957505E-19
1283	2.441780358706935E-19
1284	2.3546452716882816E-19
1285	2.310200041311072E-19
1286	2.2394973413991803E-19
1287	2.04216848374591E-19
1288	1.9903876410808818E-19
1289	1.87771753201031E-19
1290	1.8104275024591404E-19
1291	1.7503458387991277E-19
1292	1.6675051063419973E-19
1293	1.554202413809934E-19
1294	1.4727528836025172E-19
1295	1.4569098400062172E-19
1296	1.4306751471601348E-19
1297	1.2999795910367518E-19
1298	1.259948313775619E-19
1299	1.169242026216253E-19
1300	1.1354147787596667E-19
1301	1.0862008045924511E-19
1302	1.0092874679716902E-19
1303	9.996934546110626E-20
1304	9.815963166340004E-20
1305	9.442423162368063E-20
1306	9.360135052087436E-20
1307	9.078569606662329E-20
1308	8.672440048296479E-20
1309	8.200995349691801E-20
1310	7.963234831294689E-20
1311	7.760543708570449E-20
1312	7.304295492159388E-20
1313	7.057534659294998E-20
1314	6.832954258142671E-20
1315	6.727387720442611E-20
1316	6.495901894176598E-20
1317	6.092275492060479E-20
1318	5.91698786615785E-20
1319	5.768614168007585E-20
1320	5.412893728813762E-20
1321	5.191113936856753E-20
1322	5.148917178915444E-20
1323	4.498404087867058E-20
1324	4.4472055336540276E-20
1325	4.1723104239013065E-20
1326	3.9192158671035956E-20
1327	3.8888066010283856E-20
1328	3.7919428232668277E-20
1329	3.5079821143759106E-20
1330	3.472642578516428E-20
1331	3.3091508493042016E-20
1332	3.217147736258779E-20
1333	2.9829760570834173E-20
1334	2.91821547530213E-20
1335	2.795506358986411E-20
1336	2.7040981971079563E-20
1337	2.5833984326910906E-20
1338	2.524043541025188E-20
1339	2.5076891762522252E-20
1340	2.4316183468629077E-20
1341	2.4087137928131833E-20
1342	2.324234192905589E-20
1343	2.2371843789719208E-20
1344	1.9562659632156972E-20
1345	1.84150646028868E-20
1346	1.628234820332848E-20
1347	1.6080232631949602E-20
1348	1.5670221323003052E-20
1349	1.4914404636963993E-20
1350	1.4517375756338967E-20
1351	1.420006429792802E-20
1352	1.380404434012517E-20
1353	1.290986203950204E-20
1354	1.2461579263309603E-20
1355	1.2181794738109317E-20
1356	1.2020946288598862E-20
1357	1.1720646491953408E-20
1358	1.1070560423142315E-20
1359	1.0656371920551188E-20
1360	1.0400574889801679E-20
1361	1.0110814826163783E-20
1362	9.846172084049222E-21
1363	9.158059580422937E-21
1364	8.59249804345175E-21
1365	8.395572206700113E-21
1366	7.793691723721032E-21
1367	7.650060869161721E-21
1368	7.485251924589412E-21
1369	7.264243466874426E-21
1370	6.78750425016793E-21
1371	6.067077682165897E-21
1372	5.976939443228232E-21
1373	5.805981939998317E-21
1374	5.601774206894407E-21
1375	5.3858484921820015E-21
1376	5.2315568225124374E-21
1377	4.9289377522668965E-21
1378	4.664555460694434E-21
1379	4.582930830300651E-21
1380	4.501251430991937E-21
1381	4.356474097711734E-21
1382	4.195916105022234E-21
1383	3.792237144883429E-21
1384	3.768285086887046E-21
1385	3.537779091213139E-21
1386	3.3654531802569832E-21
1387	3.2901137567797976E-21
1388	3.2440622495379226E-21
1389	3.1824434760653394E-21
1390	3.0699194336483005E-21
1391	2.9349198108420932E-21
1392	2.7853223019600064E-21
1393	2.6263653425954617E-21
1394	2.489313282980716E-21
1395	2.381678678862711E-21
1396	2.3515396769724205E-21
1397	2.2349485039494718E-21
1398	2.1374747500169556E-21
1399	2.0328563585943864E-21
1400	1.9642120794288712E-21
1401	1.9357376929506162E-21
1402	1.9041264322287185E-21
1403	1.791042865337694E-21
1404	1.759450932472689E-21
1405	1.7060868835332616E-21
1406	1.6743176706751134E-21
1407	1.6234811700611576E-21
1408	1.5338593189988221E-21
1409	1.4535187104755384E-21
1410	1.3974141958616286E-21
1411	1.379625681546813E-21
1412	1.2996269777461098E-21
1413	1.2841310421579218E-21
1414	1.2270019050284436E-21
1415	1.1370742661449435E-21
1416	1.1033566555896405E-21
1417	1.024510596830829E-21
1418	9.882139591754973E-22
1419	9.441662637103815E-22
1420	9.228165550577402E-22
1421	8.889177181936498E-22
1422	8.62216088882762E-22
1423	8.42057813867814E-22
1424	8.339825203308291E-22
1425	7.583200586797205E-22
1426	7.369811561269686E-22
1427	7.098208041183234E-22
1428	6.943549019808665E-22
1429	6.437689602618181E-22
1430	6.299294479878189E-22
1431	6.185204532024558E-22
1432	6.049213165707792E-22
1433	5.761859062505623E-22
1434	5.616794178759879E-22
1435	5.002788629994977E-22
1436	4.973811033743206E-22
1437	4.634082016747352E-22
1438	4.5026336659298675E-22
1439	4.36937320021917E-22
1440	4.236836518413387E-22
1441	4.107337462010415E-22
1442	4.06573997416466E-22
1443	3.8172126086255733E-22
1444	3.7087171891619007E-22
1445	3.5619188433213683E-22
1446	3.4281266733529353E-22
1447	3.3518237811014038E-22
1448	3.2837938157166455E-22
1449	2.9882985958938623E-22
1450	2.961714345019431E-22
1451	2.804929875042656E-22
1452	2.752412923964207E-22
1453	2.4479346833164213E-22
1454	2.3809301960762237E-22
1455	2.2514918425044975E-22
1456	2.166523202328924E-22
1457	2.089703763220769E-22
1458	1.980788333122109E-22
1459	1.8643403621271486E-22
1460	1.8486019144473513E-22
1461	1.7885868129317415E-22
1462	1.710545124099888E-22
1463	1.6918200975524157E-22
1464	1.6487233454147965E-22
1465	1.6138699344068195E-22
1466	1.5542507854123082E-22
1467	1.5273503452907326E-22
1468	1.5002924942602398E-22
1469	1.356917271884904E-22
1470	1.3328267274828803E-22
1471	1.236523612850225E-22
1472	1.178299927845695E-22
1473	1.1432257170682123E-22
1474	1.1237552318507602E-22
1475	1.108897729704089E-22
1476	1.0125980003017731E-22
1477	9.713158450096682E-23
1478	9.538082215377438E-23
1479	8.939883192240589E-23
1480	8.301949103824847E-23
1481	8.263823070138915E-23
1482	8.054342044365084E-23
1483	7.636431191118551E-23
1484	7.183493569242851E-23
1485	7.081253084526651E-23
1486	6.613567188785833E-23
1487	6.319253902006466E-23
1488	6.059886947352634E-23
1489	5.677059150790087E-23
1490	5.647865414123392E-23
1491	5.527664106730532E-23
1492	5.2367579739204363E-23
1493	5.104070308473527E-23
1494	4.9785966510773E-23
1495	4.7604093349099146E-23
1496	4.7499389859088093E-23
1497	4.5798914196402897E-23
1498	4.231373964131407E-23
1499	3.943364594755352E-23
1500	3.522787240133032E-23
1501	3.213433679575035E-23
1502	3.159416383034704E-23
1503	3.071795817065632E-23
1504	3.0519227611063165E-23
1505	3.008046408560093E-23
1506	2.863162652340405E-23
1507	2.820332860043335E-23
1508	2.752027274837145E-23
1509	2.6797259119928035E-23
1510	2.5562255532954002E-23
1511	2.447065029515203E-23
1512	2.330257230300283E-23
1513	2.2233945614668535E-23
1514	2.179322371034211E-23
1515	2.1050069692064008E-23
1516	2.067321034852523E-23
1517	1.904770317360377E-23
1518	1.803155957472908E-23
1519	1.7586231610454424E-23
1520	1.6864436426762346E-23
1521	1.6668530503957655E-23
1522	1.6183966073661643E-23
1523	1.501467261166794E-23
1524	1.4710468943815503E-23
1525	1.4547435051213502E-23
1526	1.3935892374854854E-23
1527	1.3755516167690438E-23
1528	1.332555871353028E-23
1529	1.269164596562312E-23
1530	1.1471006590251304E-23
1531	1.1347803168798378E-23
1532	1.0749853118642736E-23
1533	1.046039277191364E-23
1534	9.627087417031511E-24
1535	9.448266157991605E-24
1536	8.83565995798006E-24
1537	8.595768578386231E-24
1538	8.278738311200394E-24
1539	7.447020229651958E-24
1540	7.229433400415894E-24
1541	7.188888130760015E-24
1542	6.932584554718427E-24
1543	6.632769023200751E-24
1544	6.487013306507823E-24
1545	6.1740515140561904E-24
1546	5.907101269769685E-24
1547	5.792829624624032E-24
1548	5.655738426160258E-24
1549	5.521377416890757E-24
1550	5.3483983898861944E-24
1551	4.700659585752782E-24
1552	4.547931874356131E-24
1553	4.403550076828623E-24
1554	4.3579406952705604E-24
1555	3.996211680332044E-24
1556	3.5606073475814215E-24
1557	3.500258541650583E-24
1558	3.2862769729835857E-24
1559	3.1698491171381278E-24
1560	3.1281608028727164E-24
1561	2.9348737732873366E-24
1562	2.873753274757776E-24
1563	2.8564749988578274E-24
1564	2.8469052000623958E-24
1565	2.6946087539038653E-24
1566	2.5672850598954684E-24
1567	2.5135430932525074E-24
1568	2.4000310618535397E-24
1569	2.39418664696082E-24
1570	2.3600012424930993E-24
1571	2.3311342029886467E-24
1572	2.170482408678945E-24
1573	2.0543935661333214E-24
1574	1.8605328736065307E-24
1575	1.820082065003821E-24
1576	1.7679907543182694E-24
1577	1.7091745459400857E-24
1578	1.521433472784044E-24
1579	1.439262452662689E-24
1580	1.4111628586368702E-24
1581	1.380998136035038E-24
1582	1.3553651736282812E-24
1583	1.3000432899308365E-24
1584	1.2697843353489408E-24
1585	1.2355860503600484E-24
1586	1.2265930937101873E-24
1587	1.1651761207133148E-24
1588	1.116961192407182E-24
1589	1.0824699425324553E-24
1590	1.0325304220220505E-24
1591	9.2541801485501E-25
1592	9.107575078257082E-25
1593	9.015165359841204E-25
1594	8.1466807535831495E-25
1595	7.981944580720266E-25
1596	7.5441078773011235E-25
1597	7.163259386870456E-25
1598	7.113675007017109E-25
1599	6.981833664409887E-25
1600	6.825440875765532E-25
1601	6.46503187619413E-25
1602	6.165380034596551E-25
1603	5.863238601810102E-25
1604	5.783044414384401E-25
1605	5.184992531104582E-25
1606	5.032324485156805E-25
1607	5.008681454979094E-25
1608	4.39103162978395E-25
1609	4.22254095401924E-25
1610	4.141405742136269E-25
1611	3.8258030531846887E-25
1612	3.777734832156178E-25
1613	3.595571695163663E-25
1614	3.286606399434403E-25
1615	3.0691911069063623E-25
1616	2.9504549550637094E-25
1617	2.895440392451685E-25
1618	2.822193160880875E-25
1619	2.731978124115783E-25
1620	2.6374567141575423E-25
1621	2.5452509161042764E-25
1622	2.5063036519034946E-25
1623	2.4477698181210523E-25
1624	2.3811413062534373E-25
1625	2.1978824975180204E-25
1626	2.166474597774564E-25
1627	2.086391095179551E-25
1628	1.9864558076733132E-25
1629	1.963070493193659E-25
1630	1.864113367618079E-25
1631	1.655692021151653E-25
1632	1.5891170200245138E-25
1633	1.5505608703132157E-25
1634	1.4949391876469962E-25
1635	1.380146401561282E-25
1636	1.3557395849469042E-25
1637	1.3268900854919072E-25
1638	1.2685048094515428E-25
1639	1.2489257913007353E-25
1640	1.2360069308689218E-25
1641	1.1476029110556428E-25
1642	1.1071620416444583E-25
1643	1.0868123561998654E-25
1644	1.0263100411262507E-25
1645	9.926223968679073E-26
1646	9.455825147947758E-26
1647	9.188195102783565E-26
1648	8.858850161474674E-26
1649	8.4126598935766E-26
1650	8.216320814628563E-26
1651	8.023917003842318E-26
1652	7.802737895194739E-26
1653	7.078160434584323E-26
1654	6.8903972767458E-26
1655	6.809281975477855E-26
1656	6.636209800203464E-26
1657	6.428165191551987E-26
1658	6.277758043294721E-26
1659	5.969453056944488E-26
1660	5.782882813498723E-26
1661	5.409667195593566E-26
1662	5.329440487234315E-26
1663	4.9777846404046255E-26
1664	4.754705993981743E-26
1665	4.604427234491113E-26
1666	4.4542582620973956E-26
1667	4.360313360663602E-26
1668	4.2690338779214153E-26
1669	4.117270816696509E-26
1670	3.799300330148465E-26
1671	3.583063605016607E-26
1672	3.143959967171406E-26
1673	3.0916255598852074E-26
1674	3.0069820526770215E-26
1675	2.9438140096573696E-26
1676	2.859809133865432E-26
1677	2.8468276246370244E-26
1678	2.643535258017068E-26
1679	2.4578320626534557E-26
1680	2.395937195370243E-26
1681	2.25872978233863E-26
1682	2.155589274444442E-26
1683	1.9426589820678887E-26
1684	1.9277943576512814E-26
1685	1.8705712663593235E-26
1686	1.7888166012712662E-26
1687	1.7333524812578512E-26
1688	1.6803255699531092E-26
1689	1.6236423490721984E-26
1690	1.5342972487384256E-26
1691	1.4554802277563763E-26
1692	1.4065506969088648E-26
1693	1.3422431193007587E-26
1694	1.3260713751020268E-26
1695	1.2479323099617127E-26
1696	1.2061069954463796E-26
1697	1.178226944813084E-26
1698	1.1395971664764796E-26
1699	1.0912490985102656E-26
1700	1.0364927943569504E-26
1701	9.7367983827495E-27
1702	9.43052557407179E-27
1703	8.886367846278459E-27
1704	8.543069918733182E-27
1705	8.376607301235033E-27
1706	7.801239266306051E-27
1707	7.290423445338808E-27
1708	7.143598594858771E-27
1709	6.89283852943149E-27
1710	6.665706889969141E-27
1711	6.468832414405699E-27
1712	6.119496320143517E-27
1713	5.7280258013942245E-27
1714	5.59880978389242E-27
1715	5.343718269444474E-27
1716	5.2110007898823885E-27
1717	5.001347405377286E-27
1718	4.822793329849791E-27
1719	4.5024163972672025E-27
1720	4.4153298713407015E-27
1721	4.245985300159569E-27
1722	4.207433185742264E-27
1723	4.109064128449441E-27
1724	3.959543566141874E-27
1725	3.803912510422598E-27
1726	3.581709457014568E-27
1727	3.225363729977447E-27
1728	3.0777333802463935E-27
1729	2.976081998919949E-27
1730	2.8759643669891424E-27
1731	2.7650786728519292E-27
1732	2.4476137003259243E-27
1733	2.4402524796911624E-27
1734	2.324686857964488E-27
1735	2.2514582247496447E-27
1736	2.1706942063541364E-27
1737	2.1427854185380187E-27
1738	2.1102413032021228E-27
1739	2.0841687952610587E-27
1740	2.0394188821007988E-27
1741	2.0011095814472094E-27
1742	1.890296921313289E-27
1743	1.8189665961107712E-27
1744	1.7305268039910087E-27
1745	1.5563646360328677E-27
1746	1.5314337687365373E-27
1747	1.4466993935244386E-27
1748	1.3876682203270658E-27
1749	1.3290922922262814E-27
1750	1.2610871042697635E-27
1751	1.2331354834388462E-27
1752	1.1945636434852394E-27
1753	1.1506882510867062E-27
1754	1.1088532263766701E-27
1755	1.076102985739232E-27
1756	1.0287946151821057E-27
1757	1.0160139042173982E-27
1758	9.546170968768393E-28
1759	8.784361299988579E-28
1760	8.517722902691226E-28
1761	8.273261593935099E-28
1762	7.9702866591244285E-28
1763	7.6933880962655045E-28
1764	7.473427079053962E-28
1765	7.312009982973857E-28
1766	6.959723854446287E-28
1767	6.798483288529046E-28
1768	6.600792349035447E-28
1769	6.383065888730411E-28
1770	6.038342182780374E-28
1771	5.786401289491809E-28
1772	5.406267185759304E-28
1773	5.261830801458458E-28
1774	5.050220564901928E-28
1775	4.657220725034999E-28
1776	4.494878556485555E-28
1777	4.415712706655633E-28
1778	4.1409922246050485E-28
1779	4.0196001064013425E-28
1780	3.907296531428831E-28
1781	3.8494681226467154E-28
1782	3.7385351223392426E-28
1783	3.502920684259549E-28
1784	3.353160906507307E-28
1785	3.2772606895990812E-28
1786	2.9939590053531975E-28
1787	2.8547524791733227E-28
1788	2.78764666343417E-28
1789	2.696103726403857E-28
1790	2.6252480536215744E-28
1791	2.5141568290533342E-28
1792	2.3600929013453217E-28
1793	2.339861712913923E-28
1794	2.2730419825961675E-28
1795	2.22110411971888E-28
1796	2.165376508409839E-28
1797	1.9878700760022878E-28
1798	1.8359956846623027E-28
1799	1.7839211273732565E-28
1800	1.7586900027313766E-28
1801	1.7231117794776683E-28
1802	1.6269564778927505E-28
1803	1.519980482037207E-28
1804	1.4598245874250093E-28
1805	1.4348556128237781E-28
1806	1.3565515374517153E-28
1807	1.273635430606014E-28
1808	1.243391847737523E-28
1809	1.1775040647154826E-28
1810	1.1128404676033894E-28
1811	1.0162244381281235E-28
1812	9.700418102962802E-29
1813	9.209630611731218E-29
1814	9.037296987895959E-29
1815	8.723953765957826E-29
1816	8.247063522459627E-29
1817	7.812600868799411E-29
1818	7.429998188267037E-29
1819	7.112458663749307E-29
1820	6.923662601234304E-29
1821	6.713975325205725E-29
1822	6.384070296950524E-29
1823	6.339852473825161E-29
1824	5.905191855151101E-29
1825	5.67225347929852E-29
1826	5.549692163009607E-29
1827	5.412184224125223E-29
1828	5.041401228168195E-29
1829	4.9117497954782145E-29
1830	4.7127158484770816E-29
1831	4.6127242441232476E-29
1832	4.3667801700705055E-29
1833	4.2453982451657603E-29
1834	3.997356013655247E-29
1835	3.8646163044868794E-29
1836	3.6775683691829325E-29
1837	3.4230123202310604E-29
1838	3.230960886185225E-29
1839	3.180948741722477E-29
1840	3.068760871759322E-29
1841	3.010729192034821E-29
1842	2.9457147738740044E-29
1843	2.816041265753483E-29
1844	2.6625193181500693E-29
1845	2.4347842817909493E-29
1846	2.3532312478401362E-29
1847	2.047442580227605E-29
1848	2.0134112778848654E-29
1849	1.9421858112529597E-29
1850	1.881198791784246E-29
1851	1.8497333160709997E-29
1852	1.763481717619984E-29
1853	1.692588364557258E-29
1854	1.6531806616439644E-29
1855	1.5813834381446754E-29
1856	1.467469177750761E-29
1857	1.4516169454118826E-29
1858	1.433506108758879E-29
1859	1.391371691134152E-29
1860	1.3107674430664423E-29
1861	1.283831666091982E-29
1862	1.1864132614888906E-29
1863	1.1274747940623617E-29
1864	1.0907977766256431E-29
1865	9.612925296285284E-30
1866	9.384296436712324E-30
1867	9.27071847355078E-30
1868	8.799634932372464E-30
1869	8.246350251133058E-30
1870	8.096434019466592E-30
1871	7.94315381790093E-30
1872	7.714841097850795E-30
1873	7.665678783361183E-30
1874	7.460394974081665E-30
1875	7.19776667474108E-30
1876	6.636083037106185E-30
1877	6.311007190822614E-30
1878	5.9975333591056955E-30
1879	5.857015191275388E-30
1880	5.7311529713486655E-30
1881	5.543087778778086E-30
1882	5.3966973152838626E-30
1883	5.006326427513471E-30
1884	4.951210021380841E-30
1885	4.826136339155603E-30
1886	4.576002487326328E-30
1887	4.4395209694178726E-30
1888	4.299278588687585E-30
1889	3.873785635593147E-30
1890	3.781055929135931E-30
1891	3.6415316506733064E-30
1892	3.501882535049642E-30
1893	3.452466041826466E-30
1894	3.314078435913796E-30
1895	3.165949827073751E-30
1896	3.0402796760281088E-30
1897	2.818806387584844E-30
1898	2.7787916251376237E-30
1899	2.4698532942592786E-30
1900	2.324263452019342E-30
1901	2.2488089508759956E-30
1902	2.182355405905811E-30
1903	2.1293260008339805E-30
1904	2.003847705085757E-30
1905	1.943765083242164E-30
1906	1.9213597032849647E-30
1907	1.8809697235890386E-30
1908	1.8101878077510078E-30
1909	1.6819126701701614E-30
1910	1.6287106590260537E-30
1911	1.5560956794371407E-30
1912	1.508324614245893E-30
1913	1.4273831936416232E-30
1914	1.3845095780176774E-30
1915	1.3206184298566046E-30
1916	1.2404090110930996E-30
1917	1.2299370123744285E-30
1918	1.1711035476252256E-30
1919	1.0763770185174183E-30
1920	1.0673769364326898E-30
1921	1.017996147828575E-30
1922	9.935433375593457E-31
1923	9.359160675940792E-31
1924	8.582547463855516E-31
1925	8.325093494527252E-31
1926	8.300489331821137E-31
1927	7.911286784997053E-31
1928	7.686540736934632E-31
1929	7.393659710320102E-31
1930	7.07107691728299E-31
1931	6.8271924354598885E-31
1932	6.440152422786492E-31
1933	6.0993555146753635E-31
1934	5.771862826265609E-31
1935	5.572757776170593E-31
1936	5.49768906168388E-31
1937	5.429726628757116E-31
1938	5.111723917513805E-31
1939	4.987628225726162E-31
1940	4.899156776203262E-31
1941	4.726046995491053E-31
1942	4.5313302391126805E-31
1943	4.247792487968226E-31
1944	4.154018957142188E-31
1945	4.046732982311268E-31
1946	3.9153622866949275E-31
1947	3.8868834933024146E-31
1948	3.625523237295629E-31
1949	3.4679058597574348E-31
1950	3.442141002764629E-31
1951	3.2515482876979964E-31
1952	3.0760787034659827E-31
1953	2.9378635550786614E-31
1954	2.8145268619466824E-31
1955	2.7574285964932846E-31
1956	2.677575991038998E-31
1957	2.619441765861803E-31
1958	2.5297072090095904E-31
1959	2.2592234843835358E-31
1960	2.149240273924094E-31
1961	2.089418602845448E-31
1962	2.0144830919597706E-31
1963	1.9756780120270033E-31
1964	1.8618647572163256E-31
1965	1.8460113683476345E-31
1966	1.8187086947666023E-31
1967	1.7500815444102931E-31
1968	1.6856797654362838E-31
1969	1.6435282460745934E-31
1970	1.5863632308793834E-31
1971	1.511013278174855E-31
1972	1.4460059051605555E-31
1973	1.3943031533331653E-31
1974	1.3761829094967828E-31
1975	1.3135805309864055E-31
1976	1.284038906205591E-31
1977	1.2655573462845457E-31
1978	1.2304303298549939E-31
1979	1.1023666780354524E-31
1980	1.0402428996003317E-31
1981	1.0016099521910948E-31
1982	9.744090896846383E-32
1983	9.487232584543877E-32
1984	9.090070354438423E-32
1985	8.962605453160831E-32
1986	8.512329871010651E-32
1987	8.311296038469295E-32
1988	8.095913344347058E-32
1989	7.773448186300628E-32
1990	7.639228055550257E-32
1991	7.44602989676753E-32
1992	7.234490502553262E-32
1993	6.879951468393914E-32
1994	6.535423970526327E-32
1995	6.402189336616539E-32
1996	6.239115775237775E-32
1997	6.042604926196703E-32
1998	5.71392523751229E-32
1999	5.641519469184454E-32
2000	5.526620276927042E-32
2001	5.310102516333445E-32
2002	5.222369767836982E-32
2003	5.105590968806574E-32
2004	5.006568452949863E-32
2005	4.953659875744898E-32
2006	4.7458145611356964E-32
2007	4.4836934738655234E-32
2008	4.3611886467933646E-32
2009	4.2201545251268385E-32
2010	3.9037693206185726E-32
2011	3.7504953072455046E-32
2012	3.462940865049514E-32
2013	3.356915407243184E-32
2014	3.340983369150284E-32
2015	3.244410055275162E-32
2016	3.1419205045524243E-32
2017	3.0692216390073443E-32
2018	2.9856264696173815E-32
2019	2.8810339250071323E-32
2020	2.806329166347422E-32
2021	2.7034199821016494E-32
2022	2.6640336296615656E-32
2023	2.569163163026367E-32
2024	2.5211414637993756E-32
2025	2.3962631770886614E-32
2026	2.3299921918551657E-32
2027	2.279167413908432E-32
2028	2.1913508195467364E-32
2029	2.147174970988899E-32
2030	2.084917014164437E-32
2031	2.0228503004021526E-32
2032	1.9839154038251699E-32
2033	1.9759807521121143E-32
2034	1.9187544504046385E-32
2035	1.901023952400297E-32
2036	1.8569668438438564E-32
2037	1.7816946138135278E-32
2038	1.74309635764389E-32
2039	1.7113964433647412E-32
2040	1.6869376056962267E-32
2041	1.6742143877477942E-32
2042	1.6438690166634468E-32
2043	1.6265012366534938E-32
2044	1.6070942192629923E-32
2045	1.5579279709128733E-32
2046	1.5518723882273515E-32
2047	1.526748002135674E-32
2048	1.5154370876171305E-32
2049	1.4908292092990546E-32
2050	1.475642743515311E-32
2051	1.462380126256543E-32
2052	1.4507286601054975E-32
2053	1.4402708709923755E-32
2054	1.438927098559581E-32
2055	1.4174551848774623E-32
2056	1.4114440368553825E-32
2057	1.3992423048953508E-32
2058	1.3951604719397356E-32
2059	1.395114092749809E-32
2060	1.3811896004041205E-32
2061	1.3811887475330864E-32
2062	1.3811881597497914E-32
2063	1.3707412496998653E-32
2064	1.3707412496949476E-32
2065	1.3707411827375152E-32
2066	1.3625103246343562E-32
2067	1.358120918146017E-32
2068	1.3581209181276007E-32
2069	1.3580645505921237E-32
2070	1.358064546627661E-32
2071	1.3524236759608785E-32
2072	1.3524236759422877E-32
2073	1.3497838890063044E-32
2074	1.3497838889467418E-32
2075	1.3497838889449327E-32
2076	1.349783888942011E-32
2077	1.3497838889273894E-32
2078	1.349783868055231E-32
2079	1.3497838371919088E-32
2080	1.3497838371919077E-32
2081	1.3497838371919072E-32
2082	1.349783837191711E-32
2083	1.3497838371916644E-32
2084	1.3497838054777507E-32
2085	1.3497838054777296E-32
2086	1.3497838054777247E-32
2087	1.3497838044528763E-32
2088	1.3497838044528763E-32
2089	1.349783804420971E-32
2090	1.3497838043972146E-32
2091	1.349783804397214E-32
2092	1.349783804397214E-32
2093	1.3497838043957293E-32
2094	1.349783804395729E-32
2095	1.349783804395729E-32
2096	1.349783804395729E-32
2097	1.349783804395729E-32
2098	1.3497838043956718E-32
2099	1.3497838043956718E-32
2100	1.3497838043956718E-32
2101	1.3497838043956718E-32
2102	1.349783804395671E-32
2103	1.349783804395671E-32
2104	1.349783804395671E-32
2105	1.349783804395671E-32
2106	1.349783804395671E-32
2107	1.349783804395671E-32
2108	1.349783804395671E-32
2109	1.349783804395671E-32
2110	1.349783804395671E-32
2111	1.349783804395671E-32
2112	1.349783804395671E-32
2113	1.349783804395671E-32
2114	1.349783804395671E-32
2115	1.349783804395671E-32
2116	1.349783804395671E-32
2117	1.349783804395671E-32
2118	1.349783804395671E-32
2119	1.349783804395671E-32
2120	1.349783804395671E-32
2121	1.349783804395671E-32
2122	1.349783804395671E-32
2123	1.349783804395671E-32
2124	1.349783804395671E-32
2125	1.349783804395671E-32
2126	1.349783804395671E-32
2127	1.349783804395671E-32
2128	1.349783804395671E-32
2129	1.349783804395671E-32
2130	1.349783804395671E-32
2131	1.349783804395671E-32
2132	1.349783804395671E-32
2133	1.349783804395671E-32
2134	1.349783804395671E-32
2135	1.349783804395671E-32
2136	1.349783804395671E-32
2137	1.349783804395671E-32
2138	1.349783804395671E-32
2139	1.349783804395671E-32
2140	1.349783804395671E-32
2141	1.349783804395671E-32
2142	1.349783804395671E-32
2143	1.349783804395671E-32
2144	1.349783804395671E-32
2145	1.349783804395671E-32
2146	1.349783804395671E-32
2147	1.349783804395671E-32
2148	1.349783804395671E-32
2149	1.349783804395671E-32
2150	1.349783804395671E-32
2151	1.349783804395671E-32
2152	1.349783804395671E-32
2153	1.349783804395671E-32
2154	1.349783804395671E-32
2155	1.349783804395671E-32
2156	1.349783804395671E-32
2157	1.349783804395671E-32
2158	1.349783804395671E-32
2159	1.349783804395671E-32
2160	1.349783804395671E-32
2161	1.349783804395671E-32
2162	1.349783804395671E-32
2163	1.349783804395671E-32
2164	1.349783804395671E-32
2165	1.349783804395671E-32
2166	1.349783804395671E-32
2167	1.349783804395671E-32
2168	1.349783804395671E-32
2169	1.349783804395671E-32
2170	1.349783804395671E-32
2171	1.349783804395671E-32
2172	1.349783804395671E-32
2173	1.349783804395671E-32
2174	1.349783804395671E-32
2175	1.349783804395671E-32
2176	1.349783804395671E-32
2177	1.349783804395671E-32
2178	1.349783804395671E-32
2179	1.349783804395671E-32
2180	1.349783804395671E-32
2181	1.349783804395671E-32
2182	1.349783804395671E-32
2183	1.349783804395671E-32
2184	1.349783804395671E-32
2185	1.349783804395671E-32
2186	1.349783804395671E-32
2187	1.349783804395671E-32
2188	1.349783804395671E-32
2189	1.349783804395671E-32
2190	1.349783804395671E-32
2191	1.349783804395671E-32
2192	1.349783804395671E-32
2193	1.349783804395671E-32
2194	1.349783804395671E-32
2195	1.349783804395671E-32
2196	1.349783804395671E-32
2197	1.349783804395671E-32
2198	1.349783804395671E-32
2199	1.349783804395671E-32
2200	1.349783804395671E-32
2201	1.349783804395671E-32
2202	1.349783804395671E-32
2203	1.349783804395671E-32
2204	1.349783804395671E-32
2205	1.349783804395671E-32
2206	1.349783804395671E-32
2207	1.349783804395671E-32
2208	1.349783804395671E-32
2209	1.349783804395671E-32
2210	1.349783804395671E-32
2211	1.349783804395671E-32
2212	1.349783804395671E-32
2213	1.349783804395671E-32
2214	1.349783804395671E-32
2215	1.349783804395671E-32
2216	1.349783804395671E-32
2217	1.349783804395671E-32
2218	1.349783804395671E-32
2219	1.349783804395671E-32
2220	1.349783804395671E-32
2221	1.349783804395671E-32
2222	1.349783804395671E-32
2223	1.349783804395671E-32
2224	1.349783804395671E-32
2225	1.349783804395671E-32
2226	1.349783804395671E-32
2227	1.349783804395671E-32
2228	1.349783804395671E-32
2229	1.349783804395671E-32
2230	1.349783804395671E-32
2231	1.349783804395671E-32
2232	1.349783804395671E-32
2233	1.349783804395671E-32
2234	1.349783804395671E-32
2235	1.349783804395671E-32
2236	1.349783804395671E-32
2237	1.349783804395671E-32
2238	1.349783804395671E-32
2239	1.349783804395671E-32
2240	1.349783804395671E-32
2241	1.349783804395671E-32
2242	1.349783804395671E-32
2243	1.349783804395671E-32
2244	1.349783804395671E-32
2245	1.349783804395671E-32
2246	1.349783804395671E-32
2247	1.349783804395671E-32
2248	1.349783804395671E-32
2249	1.349783804395671E-32
2250	1.349783804395671E-32
2251	1.349783804395671E-32
2252	1.349783804395671E-32
2253	1.349783804395671E-32
2254	1.349783804395671E-32
2255	1.349783804395671E-32
2256	1.349783804395671E-32
2257	1.349783804395671E-32
2258	1.349783804395671E-32
2259	1.349783804395671E-32
2260	1.349783804395671E-32
2261	1.349783804395671E-32
2262	1.349783804395671E-32
2263	1.349783804395671E-32
2264	1.349783804395671E-32
2265	1.349783804395671E-32
2266	1.349783804395671E-32
2267	1.349783804395671E-32
2268	1.349783804395671E-32
2269	1.349783804395671E-32
2270	1.349783804395671E-32
2271	1.349783804395671E-32
2272	1.349783804395671E-32
2273	1.349783804395671E-32
2274	1.349783804395671E-32
2275	1.349783804395671E-32
2276	1.349783804395671E-32
2277	1.349783804395671E-32
2278	1.349783804395671E-32
2279	1.349783804395671E-32
2280	1.349783804395671E-32
2281	1.349783804395671E-32
2282	1.349783804395671E-32
2283	1.349783804395671E-32
2284	1.349783804395671E-32
2285	1.349783804395671E-32
2286	1.349783804395671E-32
2287	1.349783804395671E-32
2288	1.349783804395671E-32
2289	1.349783804395671E-32
2290	1.349783804395671E-32
2291	1.349783804395671E-32
2292	1.349783804395671E-32
2293	1.349783804395671E-32
2294	1.349783804395671E-32
2295	1.349783804395671E-32
2296	1.349783804395671E-32
2297	1.349783804395671E-32
2298	1.349783804395671E-32
2299	1.349783804395671E-32
2300	1.349783804395671E-32
2301	1.349783804395671E-32
2302	1.349783804395671E-32
2303	1.349783804395671E-32
2304	1.349783804395671E-32
2305	1.349783804395671E-32
2306	1.349783804395671E-32
2307	1.349783804395671E-32
2308	1.349783804395671E-32
2309	1.349783804395671E-32
2310	1.349783804395671E-32
2311	1.349783804395671E-32
2312	1.349783804395671E-32
2313	1.349783804395671E-32
2314	1.349783804395671E-32
2315	1.349783804395671E-32
2316	1.349783804395671E-32
2317	1.349783804395671E-32
2318	1.349783804395671E-32
2319	1.349783804395671E-32
2320	1.349783804395671E-32
2321	1.349783804395671E-32
2322	1.349783804395671E-32
2323	1.349783804395671E-32
2324	1.349783804395671E-32
2325	1.349783804395671E-32
2326	1.349783804395671E-32
2327	1.349783804395671E-32
2328	1.349783804395671E-32
2329	1.349783804395671E-32
2330	1.349783804395671E-32
2331	1.349783804395671E-32
2332	1.349783804395671E-32
2333	1.349783804395671E-32
2334	1.349783804395671E-32
2335	1.349783804395671E-32
2336	1.349783804395671E-32
2337	1.349783804395671E-32
2338	1.349783804395671E-32
2339	1.349783804395671E-32
2340	1.349783804395671E-32
2341	1.349783804395671E-32
2342	1.349783804395671E-32
2343	1.349783804395671E-32
2344	1.349783804395671E-32
2345	1.349783804395671E-32
2346	1.349783804395671E-32
2347	1.349783804395671E-32
2348	1.349783804395671E-32
2349	1.349783804395671E-32
2350	1.349783804395671E-32
2351	1.349783804395671E-32
2352	1.349783804395671E-32
2353	1.349783804395671E-32
2354	1.349783804395671E-32
2355	1.349783804395671E-32
2356	1.349783804395671E-32
2357	1.349783804395671E-32
2358	1.349783804395671E-32
2359	1.349783804395671E-32
2360	1.349783804395671E-32
2361	1.349783804395671E-32
2362	1.349783804395671E-32
2363	1.349783804395671E-32
2364	1.349783804395671E-32
2365	1.349783804395671E-32
2366	1.349783804395671E-32
2367	1.349783804395671E-32
2368	1.349783804395671E-32
2369	1.349783804395671E-32
2370	1.349783804395671E-32
2371	1.349783804395671E-32
2372	1.349783804395671E-32
2373	1.349783804395671E-32
2374	1.349783804395671E-32
2375	1.349783804395671E-32
2376	1.349783804395671E-32
2377	1.349783804395671E-32
2378	1.349783804395671E-32
2379	1.349783804395671E-32
2380	1.349783804395671E-32
2381	1.349783804395671E-32
2382	1.349783804395671E-32
2383	1.349783804395671E-32
2384	1.349783804395671E-32
2385	1.349783804395671E-32
2386	1.349783804395671E-32
2387	1.349783804395671E-32
2388	1.349783804395671E-32
2389	1.349783804395671E-32
2390	1.349783804395671E-32
2391	1.349783804395671E-32
2392	1.349783804395671E-32
2393	1.349783804395671E-32
2394	1.349783804395671E-32
2395	1.349783804395671E-32
2396	1.349783804395671E-32
2397	1.349783804395671E-32
2398	1.349783804395671E-32
2399	1.349783804395671E-32
2400	1.349783804395671E-32
2401	1.349783804395671E-32
2402	1.349783804395671E-32
2403	1.349783804395671E-32
2404	1.349783804395671E-32
2405	1.349783804395671E-32
2406	1.349783804395671E-32
2407	1.349783804395671E-32
2408	1.349783804395671E-32
2409	1.349783804395671E-32
2410	1.349783804395671E-32
2411	1.349783804395671E-32
2412	1.349783804395671E-32
2413	1.349783804395671E-32
2414	1.349783804395671E-32
2415	1.349783804395671E-32
2416	1.349783804395671E-32
2417	1.349783804395671E-32
2418	1.349783804395671E-32
2419	1.349783804395671E-32
2420	1.349783804395671E-32
2421	1.349783804395671E-32
2422	1.349783804395671E-32
2423	1.349783804395671E-32
2424	1.349783804395671E-32
2425	1.349783804395671E-32
2426	1.349783804395671E-32
2427	1.349783804395671E-32
2428	1.349783804395671E-32
2429	1.349783804395671E-32
2430	1.349783804395671E-32
2431	1.349783804395671E-32
2432	1.349783804395671E-32
2433	1.349783804395671E-32
2434	1.349783804395671E-32
2435	1.349783804395671E-32
2436	1.349783804395671E-32
2437	1.349783804395671E-32
2438	1.349783804395671E-32
2439	1.349783804395671E-32
2440	1.349783804395671E-32
2441	1.349783804395671E-32
2442	1.349783804395671E-32
2443	1.349783804395671E-32
2444	1.349783804395671E-32
2445	1.349783804395671E-32
2446	1.349783804395671E-32
2447	1.349783804395671E-32
2448	1.349783804395671E-32
2449	1.349783804395671E-32
2450	1.349783804395671E-32
2451	1.349783804395671E-32
2452	1.349783804395671E-32
2453	1.349783804395671E-32
2454	1.349783804395671E-32
2455	1.349783804395671E-32
2456	1.349783804395671E-32
2457	1.349783804395671E-32
2458	1.349783804395671E-32
2459	1.349783804395671E-32
2460	1.349783804395671E-32
2461	1.349783804395671E-32
2462	1.349783804395671E-32
2463	1.349783804395671E-32
2464	1.349783804395671E-32
2465	1.349783804395671E-32
2466	1.349783804395671E-32
2467	1.349783804395671E-32
2468	1.349783804395671E-32
2469	1.349783804395671E-32
2470	1.349783804395671E-32
2471	1.349783804395671E-32
2472	1.349783804395671E-32
2473	1.349783804395671E-32
2474	1.349783804395671E-32
2475	1.349783804395671E-32
2476	1.349783804395671E-32
2477	1.349783804395671E-32
2478	1.349783804395671E-32
2479	1.349783804395671E-32
2480	1.349783804395671E-32
2481	1.349783804395671E-32
2482	1.349783804395671E-32
2483	1.349783804395671E-32
2484	1.349783804395671E-32
2485	1.349783804395671E-32
2486	1.349783804395671E-32
2487	1.349783804395671E-32
2488	1.349783804395671E-32
2489	1.349783804395671E-32
2490	1.349783804395671E-32
2491	1.349783804395671E-32
2492	1.349783804395671E-32
2493	1.349783804395671E-32
2494	1.349783804395671E-32
2495	1.349783804395671E-32
2496	1.349783804395671E-32
2497	1.349783804395671E-32
2498	1.349783804395671E-32
2499	1.349783804395671E-32
2500	1.349783804395671E-32
2501	1.349783804395671E-32
2502	1.349783804395671E-32
2503	1.349783804395671E-32
2504	1.349783804395671E-32
2505	1.349783804395671E-32
2506	1.349783804395671E-32
2507	1.349783804395671E-32
2508	1.349783804395671E-32
2509	1.349783804395671E-32
2510	1.349783804395671E-32
2511	1.349783804395671E-32
2512	1.349783804395671E-32
2513	1.349783804395671E-32
2514	1.349783804395671E-32
2515	1.349783804395671E-32
2516	1.349783804395671E-32
2517	1.349783804395671E-32
2518	1.349783804395671E-32
2519	1.349783804395671E-32
2520	1.349783804395671E-32
2521	1.349783804395671E-32
2522	1.349783804395671E-32
2523	1.349783804395671E-32
2524	1.349783804395671E-32
2525	1.349783804395671E-32
2526	1.349783804395671E-32
2527	1.349783804395671E-32
2528	1.349783804395671E-32
2529	1.349783804395671E-32
2530	1.349783804395671E-32
2531	1.349783804395671E-32
2532	1.349783804395671E-32
2533	1.349783804395671E-32
2534	1.349783804395671E-32
2535	1.349783804395671E-32
2536	1.349783804395671E-32
2537	1.349783804395671E-32
2538	1.349783804395671E-32
2539	1.349783804395671E-32
2540	1.349783804395671E-32
2541	1.349783804395671E-32
2542	1.349783804395671E-32
2543	1.349783804395671E-32
2544	1.349783804395671E-32
2545	1.349783804395671E-32
2546	1.349783804395671E-32
2547	1.349783804395671E-32
2548	1.349783804395671E-32
2549	1.349783804395671E-32
2550	1.349783804395671E-32
2551	1.349783804395671E-32
2552	1.349783804395671E-32
2553	1.349783804395671E-32
2554	1.349783804395671E-32
2555	1.349783804395671E-32
2556	1.349783804395671E-32
2557	1.349783804395671E-32
2558	1.349783804395671E-32
2559	1.349783804395671E-32
2560	1.349783804395671E-32
2561	1.349783804395671E-32
2562	1.349783804395671E-32
2563	1.349783804395671E-32
2564	1.349783804395671E-32
2565	1.349783804395671E-32
2566	1.349783804395671E-32
2567	1.349783804395671E-32
2568	1.349783804395671E-32
2569	1.349783804395671E-32
2570	1.349783804395671E-32
2571	1.349783804395671E-32
2572	1.349783804395671E-32
2573	1.349783804395671E-32
2574	1.349783804395671E-32
2575	1.349783804395671E-32
2576	1.349783804395671E-32
2577	1.349783804395671E-32
2578	1.349783804395671E-32
2579	1.349783804395671E-32
2580	1.349783804395671E-32
2581	1.349783804395671E-32
2582	1.349783804395671E-32
2583	1.349783804395671E-32
2584	1.349783804395671E-32
2585	1.349783804395671E-32
2586	1.349783804395671E-32
2587	1.349783804395671E-32
2588	1.349783804395671E-32
2589	1.349783804395671E-32
2590	1.349783804395671E-32
2591	1.349783804395671E-32
2592	1.349783804395671E-32
2593	1.349783804395671E-32
2594	1.349783804395671E-32
2595	1.349783804395671E-32
2596	1.349783804395671E-32
2597	1.349783804395671E-32
2598	1.349783804395671E-32
2599	1.349783804395671E-32
2600	1.349783804395671E-32
2601	1.349783804395671E-32
2602	1.349783804395671E-32
2603	1.349783804395671E-32
2604	1.349783804395671E-32
2605	1.349783804395671E-32
2606	1.349783804395671E-32
2607	1.349783804395671E-32
2608	1.349783804395671E-32
2609	1.349783804395671E-32
2610	1.349783804395671E-32
2611	1.349783804395671E-32
2612	1.349783804395671E-32
2613	1.349783804395671E-32
2614	1.349783804395671E-32
2615	1.349783804395671E-32
2616	1.349783804395671E-32
2617	1.349783804395671E-32
2618	1.349783804395671E-32
2619	1.349783804395671E-32
2620	1.349783804395671E-32
2621	1.349783804395671E-32
2622	1.349783804395671E-32
2623	1.349783804395671E-32
2624	1.349783804395671E-32
2625	1.349783804395671E-32
2626	1.349783804395671E-32
2627	1.349783804395671E-32
2628	1.349783804395671E-32
2629	1.349783804395671E-32
2630	1.349783804395671E-32
2631	1.349783804395671E-32
2632	1.349783804395671E-32
2633	1.349783804395671E-32
2634	1.349783804395671E-32
2635	1.349783804395671E-32
2636	1.349783804395671E-32
2637	1.349783804395671E-32
2638	1.349783804395671E-32
2639	1.349783804395671E-32
2640	1.349783804395671E-32
2641	1.349783804395671E-32
2642	1.349783804395671E-32
2643	1.349783804395671E-32
2644	1.349783804395671E-32
2645	1.349783804395671E-32
2646	1.349783804395671E-32
2647	1.349783804395671E-32
2648	1.349783804395671E-32
2649	1.349783804395671E-32
2650	1.349783804395671E-32
2651	1.349783804395671E-32
2652	1.349783804395671E-32
2653	1.349783804395671E-32
2654	1.349783804395671E-32
2655	1.349783804395671E-32
2656	1.349783804395671E-32
2657	1.349783804395671E-32
2658	1.349783804395671E-32
2659	1.349783804395671E-32
2660	1.349783804395671E-32
2661	1.349783804395671E-32
2662	1.349783804395671E-32
2663	1.349783804395671E-32
2664	1.349783804395671E-32
2665	1.349783804395671E-32
2666	1.349783804395671E-32
2667	1.349783804395671E-32
2668	1.349783804395671E-32
2669	1.349783804395671E-32
2670	1.349783804395671E-32
2671	1.349783804395671E-32
2672	1.349783804395671E-32
2673	1.349783804395671E-32
2674	1.349783804395671E-32
2675	1.349783804395671E-32
2676	1.349783804395671E-32
2677	1.349783804395671E-32
2678	1.349783804395671E-32
2679	1.349783804395671E-32
2680	1.349783804395671E-32
2681	1.349783804395671E-32
2682	1.349783804395671E-32
2683	1.349783804395671E-32
2684	1.349783804395671E-32
2685	1.349783804395671E-32
2686	1.349783804395671E-32
2687	1.349783804395671E-32
2688	1.349783804395671E-32
2689	1.349783804395671E-32
2690	1.349783804395671E-32
2691	1.349783804395671E-32
2692	1.349783804395671E-32
2693	1.349783804395671E-32
2694	1.349783804395671E-32
2695	1.349783804395671E-32
2696	1.349783804395671E-32
2697	1.349783804395671E-32
2698	1.349783804395671E-32
2699	1.349783804395671E-32
2700	1.349783804395671E-32
2701	1.349783804395671E-32
2702	1.349783804395671E-32
2703	1.349783804395671E-32
2704	1.349783804395671E-32
2705	1.349783804395671E-32
2706	1.349783804395671E-32
2707	1.349783804395671E-32
2708	1.349783804395671E-32
2709	1.349783804395671E-32
2710	1.349783804395671E-32
2711	1.349783804395671E-32
2712	1.349783804395671E-32
2713	1.349783804395671E-32
2714	1.349783804395671E-32
2715	1.349783804395671E-32
2716	1.349783804395671E-32
2717	1.349783804395671E-32
2718	1.349783804395671E-32
2719	1.349783804395671E-32
2720	1.349783804395671E-32
2721	1.349783804395671E-32
2722	1.349783804395671E-32
2723	1.349783804395671E-32
2724	1.349783804395671E-32
2725	1.349783804395671E-32
2726	1.349783804395671E-32
2727	1.349783804395671E-32
2728	1.349783804395671E-32
2729	1.349783804395671E-32
2730	1.349783804395671E-32
2731	1.349783804395671E-32
2732	1.349783804395671E-32
2733	1.349783804395671E-32
2734	1.349783804395671E-32
2735	1.349783804395671E-32
2736	1.349783804395671E-32
2737	1.349783804395671E-32
2738	1.349783804395671E-32
2739	1.349783804395671E-32
2740	1.349783804395671E-32
2741	1.349783804395671E-32
2742	1.349783804395671E-32
2743	1.349783804395671E-32
2744	1.349783804395671E-32
2745	1.349783804395671E-32
2746	1.349783804395671E-32
2747	1.349783804395671E-32
2748	1.349783804395671E-32
2749	1.349783804395671E-32
2750	1.349783804395671E-32
2751	1.349783804395671E-32
2752	1.349783804395671E-32
2753	1.349783804395671E-32
2754	1.349783804395671E-32
2755	1.349783804395671E-32
2756	1.349783804395671E-32
2757	1.349783804395671E-32
2758	1.349783804395671E-32
2759	1.349783804395671E-32
2760	1.349783804395671E-32
2761	1.349783804395671E-32
2762	1.349783804395671E-32
2763	1.349783804395671E-32
2764	1.349783804395671E-32
2765	1.349783804395671E-32
2766	1.349783804395671E-32
2767	1.349783804395671E-32
2768	1.349783804395671E-32
2769	1.349783804395671E-32
2770	1.349783804395671E-32
2771	1.349783804395671E-32
2772	1.349783804395671E-32
2773	1.349783804395671E-32
2774	1.349783804395671E-32
2775	1.349783804395671E-32
2776	1.349783804395671E-32
2777	1.349783804395671E-32
2778	1.349783804395671E-32
2779	1.349783804395671E-32
2780	1.349783804395671E-32
2781	1.349783804395671E-32
2782	1.349783804395671E-32
2783	1.349783804395671E-32
2784	1.349783804395671E-32
2785	1.349783804395671E-32
2786	1.349783804395671E-32
2787	1.349783804395671E-32
2788	1.349783804395671E-32
2789	1.349783804395671E-32
2790	1.349783804395671E-32
2791	1.349783804395671E-32
2792	1.349783804395671E-32
2793	1.349783804395671E-32
2794	1.349783804395671E-32
2795	1.349783804395671E-32
2796	1.349783804395671E-32
2797	1.349783804395671E-32
2798	1.349783804395671E-32
2799	1.349783804395671E-32
2800	1.349783804395671E-32
2801	1.349783804395671E-32
2802	1.349783804395671E-32
2803	1.349783804395671E-32
2804	1.349783804395671E-32
2805	1.349783804395671E-32
2806	1.349783804395671E-32
2807	1.349783804395671E-32
2808	1.349783804395671E-32
2809	1.349783804395671E-32
2810	1.349783804395671E-32
2811	1.349783804395671E-32
2812	1.349783804395671E-32
2813	1.349783804395671E-32
2814	1.349783804395671E-32
2815	1.349783804395671E-32
2816	1.349783804395671E-32
2817	1.349783804395671E-32
2818	1.349783804395671E-32
2819	1.349783804395671E-32
2820	1.349783804395671E-32
2821	1.349783804395671E-32
2822	1.349783804395671E-32
2823	1.349783804395671E-32
2824	1.349783804395671E-32
2825	1.349783804395671E-32
2826	1.349783804395671E-32
2827	1.349783804395671E-32
2828	1.349783804395671E-32
2829	1.349783804395671E-32
2830	1.349783804395671E-32
2831	1.349783804395671E-32
2832	1.349783804395671E-32
2833	1.349783804395671E-32
2834	1.349783804395671E-32
2835	1.349783804395671E-32
2836	1.349783804395671E-32
2837	1.349783804395671E-32
2838	1.349783804395671E-32
2839	1.349783804395671E-32
2840	1.349783804395671E-32
2841	1.349783804395671E-32
2842	1.349783804395671E-32
2843	1.349783804395671E-32
2844	1.349783804395671E-32
2845	1.349783804395671E-32
2846	1.349783804395671E-32
2847	1.349783804395671E-32
2848	1.349783804395671E-32
2849	1.349783804395671E-32
2850	1.349783804395671E-32
2851	1.349783804395671E-32
2852	1.349783804395671E-32
2853	1.349783804395671E-32
2854	1.349783804395671E-32
2855	1.349783804395671E-32
2856	1.349783804395671E-32
2857	1.349783804395671E-32
2858	1.349783804395671E-32
2859	1.349783804395671E-32
2860	1.349783804395671E-32
2861	1.349783804395671E-32
2862	1.349783804395671E-32
2863	1.349783804395671E-32
2864	1.349783804395671E-32
2865	1.349783804395671E-32
2866	1.349783804395671E-32
2867	1.349783804395671E-32
2868	1.349783804395671E-32
2869	1.349783804395671E-32
2870	1.349783804395671E-32
2871	1.349783804395671E-32
2872	1.349783804395671E-32
2873	1.349783804395671E-32
2874	1.349783804395671E-32
2875	1.349783804395671E-32
2876	1.349783804395671E-32
2877	1.349783804395671E-32
2878	1.349783804395671E-32
2879	1.349783804395671E-32
2880	1.349783804395671E-32
2881	1.349783804395671E-32
2882	1.349783804395671E-32
2883	1.349783804395671E-32
2884	1.349783804395671E-32
2885	1.349783804395671E-32
2886	1.349783804395671E-32
2887	1.349783804395671E-32
2888	1.349783804395671E-32
2889	1.349783804395671E-32
2890	1.349783804395671E-32
2891	1.349783804395671E-32
2892	1.349783804395671E-32
2893	1.349783804395671E-32
2894	1.349783804395671E-32
2895	1.349783804395671E-32
2896	1.349783804395671E-32
2897	1.349783804395671E-32
2898	1.349783804395671E-32
2899	1.349783804395671E-32
2900	1.349783804395671E-32
2901	1.349783804395671E-32
2902	1.349783804395671E-32
2903	1.349783804395671E-32
2904	1.349783804395671E-32
2905	1.349783804395671E-32
2906	1.349783804395671E-32
2907	1.349783804395671E-32
2908	1.349783804395671E-32
2909	1.349783804395671E-32
2910	1.349783804395671E-32
2911	1.349783804395671E-32
2912	1.349783804395671E-32
2913	1.349783804395671E-32
2914	1.349783804395671E-32
2915	1.349783804395671E-32
2916	1.349783804395671E-32
2917	1.349783804395671E-32
2918	1.349783804395671E-32
2919	1.349783804395671E-32
2920	1.349783804395671E-32
2921	1.349783804395671E-32
2922	1.349783804395671E-32
2923	1.349783804395671E-32
2924	1.349783804395671E-32
2925	1.349783804395671E-32
2926	1.349783804395671E-32
2927	1.349783804395671E-32
2928	1.349783804395671E-32
2929	1.349783804395671E-32
2930	1.349783804395671E-32
2931	1.349783804395671E-32
2932	1.349783804395671E-32
2933	1.349783804395671E-32
2934	1.349783804395671E-32
2935	1.349783804395671E-32
2936	1.349783804395671E-32
2937	1.349783804395671E-32
2938	1.349783804395671E-32
2939	1.349783804395671E-32
2940	1.349783804395671E-32
2941	1.349783804395671E-32
2942	1.349783804395671E-32
2943	1.349783804395671E-32
2944	1.349783804395671E-32
2945	1.349783804395671E-32
2946	1.349783804395671E-32
2947	1.349783804395671E-32
2948	1.349783804395671E-32
2949	1.349783804395671E-32
2950	1.349783804395671E-32
2951	1.349783804395671E-32
2952	1.349783804395671E-32
2953	1.349783804395671E-32
2954	1.349783804395671E-32
2955	1.349783804395671E-32
2956	1.349783804395671E-32
2957	1.349783804395671E-32
2958	1.349783804395671E-32
2959	1.349783804395671E-32
2960	1.349783804395671E-32
2961	1.349783804395671E-32
2962	1.349783804395671E-32
2963	1.349783804395671E-32
2964	1.349783804395671E-32
2965	1.349783804395671E-32
2966	1.349783804395671E-32
2967	1.349783804395671E-32
2968	1.349783804395671E-32
2969	1.349783804395671E-32
2970	1.349783804395671E-32
2971	1.349783804395671E-32
2972	1.349783804395671E-32
2973	1.349783804395671E-32
2974	1.349783804395671E-32
2975	1.349783804395671E-32
2976	1.349783804395671E-32
2977	1.349783804395671E-32
2978	1.349783804395671E-32
2979	1.349783804395671E-32
2980	1.349783804395671E-32
2981	1.349783804395671E-32
2982	1.349783804395671E-32
2983	1.349783804395671E-32
2984	1.349783804395671E-32
2985	1.349783804395671E-32
2986	1.349783804395671E-32
2987	1.349783804395671E-32
2988	1.349783804395671E-32
2989	1.349783804395671E-32
2990	1.349783804395671E-32
2991	1.349783804395671E-32
2992	1.349783804395671E-32
2993	1.349783804395671E-32
2994	1.349783804395671E-32
2995	1.349783804395671E-32
2996	1.349783804395671E-32
2997	1.349783804395671E-32
2998	1.349783804395671E-32
2999	1.349783804395671E-32
3000	1.349783804395671E-32
