1	230.1378942404135
2	146.33334663550193
3	74.41122406506355
4	23.549127860496622
5	17.023091205878522
6	14.801938309971867
7	12.738927809727558
8	11.792255236862571
9	9.29738225163996
10	6.594339912941405
11	6.399524845443773
12	6.150973224224752
13	6.150973224224752
14	3.5501362147577207
15	2.8393632195921046
16	2.5865034056054768
17	2.4725797293171183
18	2.2093568667507033
19	1.468864819395328
20	1.1895959809741659
21	1.0796810503877352
22	1.054930010967009
23	1.0301435478086147
24	0.8955897226153525
25	0.6142195224186751
26	0.4898215187816076
27	0.3666146163780647
28	0.33826767271199976
29	0.31392190501599576
30	0.31340072425201654
31	0.31340072425201654
32	0.31340072425201654
33	0.31340072425201654
34	0.31340072425201654
35	0.31340072425201654
36	0.30542240027888934
37	0.18472348718668424
38	0.12778373254705502
39	0.12778373254705502
40	0.12778373254705502
41	0.12778373254705502
42	0.12778373254705502
43	0.12778373254705502
44	0.12778373254705502
45	0.12778373254705502
46	0.1269066148720882
47	0.1269066148720882
48	0.1269066148720882
49	0.1269066148720882
50	0.1269066148720882
51	0.1269066148720882
52	0.1269066148720882
53	0.1269066148720882
54	0.1259454280395062
55	0.12478443694984612
56	0.12140801233962227
57	0.12140801233962227
58	0.12140158234094703
59	0.12123389271486117
60	0.07829577907630565
61	0.07829577907630565
62	0.07829577907630565
63	0.07829577907630565
64	0.07670275717793955
65	0.07670275717793955
66	0.07670275717793955
67	0.07363935771341737
68	0.07363935771341737
69	0.060654027443826516
70	0.060654027443826516
71	0.060654027443826516
72	0.060654027443826516
73	0.060654027443826516
74	0.059379799860288233
75	0.059379799860288233
76	0.05931886941963633
77	0.05931886941963633
78	0.05931886941963633
79	0.05931886941963633
80	0.05931886941963633
81	0.05931886941963633
82	0.058868588399314296
83	0.058868588399314296
84	0.056935937659680316
85	0.05525714613743246
86	0.052857060359547695
87	0.04591422617030152
88	0.04591422617030152
89	0.04591422617030152
90	0.044752426542966815
91	0.044752426542966815
92	0.044752426542966815
93	0.044752426542966815
94	0.044752426542966815
95	0.03963962235386624
96	0.03963962235386624
97	0.03963962235386624
98	0.03963962235386624
99	0.03963962235386624
100	0.03963962235386624
101	0.03963962235386624
102	0.03963962235386624
103	0.03963962235386624
104	0.03789223783522315
105	0.03789223783522315
106	0.03789223783522315
107	0.03789223783522315
108	0.03789223783522315
109	0.03789223783522315
110	0.03789223783522315
111	0.03789223783522315
112	0.03777871243222638
113	0.03777871243222638
114	0.03777871243222638
115	0.03777871243222638
116	0.03777871243222638
117	0.03777871243222638
118	0.03777871243222638
119	0.03777871243222638
120	0.03777871243222638
121	0.03777871243222638
122	0.03777871243222638
123	0.03777871243222638
124	0.03777871243222638
125	0.03777871243222638
126	0.03777871243222638
127	0.03757396707805297
128	0.037555733394372535
129	0.037555733394372535
130	0.037555733394372535
131	0.037555733394372535
132	0.037555733394372535
133	0.037555733394372535
134	0.037555733394372535
135	0.03726408712388855
136	0.03726408712388855
137	0.034935050558136956
138	0.034935050558136956
139	0.034935050558136956
140	0.034935050558136956
141	0.034935050558136956
142	0.034935050558136956
143	0.034935050558136956
144	0.034935050558136956
145	0.034935050558136956
146	0.034935050558136956
147	0.03226801578129953
148	0.018736069976736824
149	0.018736069976736824
150	0.018736069976736824
151	0.018736069976736824
152	0.01873170884955354
153	0.01873170884955354
154	0.01873170884955354
155	0.01873170884955354
156	0.01873170884955354
157	0.01873170884955354
158	0.018485124944054375
159	0.018485124944054375
160	0.018202376868161285
161	0.018202376868161285
162	0.018202376868161285
163	0.018202376868161285
164	0.018202376868161285
165	0.018202376868161285
166	0.018153524539063968
167	0.018153524539063968
168	0.018153524539063968
169	0.018153524539063968
170	0.018153524539063968
171	0.01767281102190082
172	0.01767281102190082
173	0.01767281102190082
174	0.01767281102190082
175	0.01767281102190082
176	0.01767281102190082
177	0.01767281102190082
178	0.01767281102190082
179	0.01767281102190082
180	0.01767281102190082
181	0.017653724657771742
182	0.017653724657771742
183	0.017653724657771742
184	0.017653724657771742
185	0.017653724657771742
186	0.017653724657771742
187	0.017653724657771742
188	0.017653724657771742
189	0.017467001089091102
190	0.017467001089091102
191	0.017467001089091102
192	0.017467001089091102
193	0.015591546520596744
194	0.012880353030916052
195	0.011616631733735833
196	0.010635027972800823
197	0.006556588223492982
198	0.006556588223492982
199	0.006556588223492982
200	0.006556588223492982
201	0.005763707356543898
202	0.005763707356543898
203	0.005763707356543898
204	0.005763707356543898
205	0.005763707356543898
206	0.005695403139795915
207	0.005553259821661049
208	0.005553259821661049
209	0.005553259821661049
210	0.005553259821661049
211	0.005553259821661049
212	0.005553259821661049
213	0.005553259821661049
214	0.005553259821661049
215	0.005553259821661049
216	0.005553259821661049
217	0.005553259821661049
218	0.005400778243214287
219	0.005400778243214287
220	0.005400778243214287
221	0.005400778243214287
222	0.005400778243214287
223	0.005400778243214287
224	0.005400778243214287
225	0.005400778243214287
226	0.005400778243214287
227	0.005400778243214287
228	0.005400778243214287
229	0.005400778243214287
230	0.005400778243214287
231	0.0053806499509730715
232	0.0053806499509730715
233	0.0053806499509730715
234	0.0053806499509730715
235	0.0053806499509730715
236	0.0053806499509730715
237	0.0053806499509730715
238	0.0053806499509730715
239	0.0053806499509730715
240	0.0053783018399708666
241	0.0053783018399708666
242	0.004999068364259662
243	0.004999068364259662
244	0.004999068364259662
245	0.00480939569735113
246	0.00480939569735113
247	0.0042572307754466165
248	0.0042572307754466165
249	0.004240528185034783
250	0.004240528185034783
251	0.004106384318810949
252	0.004102100275915869
253	0.004102100275915869
254	0.004102100275915869
255	0.004102100275915869
256	0.003936657178127183
257	0.003936657178127183
258	0.003936657178127183
259	0.003936657178127183
260	0.003936657178127183
261	0.003936657178127183
262	0.003936657178127183
263	0.003936657178127183
264	0.003936657178127183
265	0.003936657178127183
266	0.003936657178127183
267	0.003936657178127183
268	0.003936657178127183
269	0.003936657178127183
270	0.003936657178127183
271	0.003936657178127183
272	0.003936657178127183
273	0.003936657178127183
274	0.003936657178127183
275	0.003936657178127183
276	0.0039100410932685035
277	0.0039100410932685035
278	0.0039100410932685035
279	0.0039100410932685035
280	0.0039100410932685035
281	0.003885463256471976
282	0.00373793290608485
283	0.00373793290608485
284	0.00373793290608485
285	0.0034147115037970123
286	0.0034147115037970123
287	0.0034147115037970123
288	0.0034147115037970123
289	0.0034147115037970123
290	0.0034147115037970123
291	0.0034147115037970123
292	0.0034147115037970123
293	0.0034147115037970123
294	0.0034147115037970123
295	0.003406990398463004
296	0.003406990398463004
297	0.003406990398463004
298	0.003406990398463004
299	0.003406990398463004
300	0.003406990398463004
301	0.003406990398463004
302	0.0027782118848441364
303	0.0027782118848441364
304	0.0027782118848441364
305	0.0027782118848441364
306	0.0017604430773384484
307	0.0017604430773384484
308	0.0017604430773384484
309	0.0017604430773384484
310	0.0017604430773384484
311	0.0017604430773384484
312	0.0017604430773384484
313	0.0017604430773384484
314	0.0017604430773384484
315	0.0017604430773384484
316	0.0017604430773384484
317	0.0017604430773384484
318	0.0017604430773384484
319	0.0017604430773384484
320	0.0017604430773384484
321	0.0017604430773384484
322	0.0017604430773384484
323	0.0017604430773384484
324	0.0017604430773384484
325	0.0017604430773384484
326	0.0017604430773384484
327	0.0017604430773384484
328	0.0017604430773384484
329	0.0017604430773384484
330	0.0017604430773384484
331	0.0017604430773384484
332	0.0017604430773384484
333	0.0017604430773384484
334	0.0017604430773384484
335	0.0017604430773384484
336	0.0017604430773384484
337	0.0016517553985944881
338	0.0016517553985944881
339	0.001468386742852321
340	0.0013090335288642298
341	0.0013090335288642298
342	0.0012041839941397032
343	0.0012041839941397032
344	0.0012041839941397032
345	0.0012041839941397032
346	0.0012041839941397032
347	0.0012041839941397032
348	0.0012041839941397032
349	0.0012041839941397032
350	0.0012041839941397032
351	0.0012041839941397032
352	0.0012041839941397032
353	0.0012041839941397032
354	0.0012041839941397032
355	0.0012041839941397032
356	0.0010709870001455576
357	0.0010709870001455576
358	0.0010709870001455576
359	0.0010709870001455576
360	0.0010709870001455576
361	0.0010709870001455576
362	0.0010709870001455576
363	0.0010709870001455576
364	0.0010629758102265797
365	0.0010629758102265797
366	9.965848680892496E-4
367	9.965848680892496E-4
368	9.965848680892496E-4
369	9.965848680892496E-4
370	9.965848680892496E-4
371	9.965848680892496E-4
372	9.965848680892496E-4
373	9.965848680892496E-4
374	9.965848680892496E-4
375	9.965848680892496E-4
376	9.965848680892496E-4
377	9.965848680892496E-4
378	9.965848680892496E-4
379	9.965848680892496E-4
380	9.965848680892496E-4
381	9.96123586905456E-4
382	9.96123586905456E-4
383	9.96123586905456E-4
384	9.96123586905456E-4
385	9.96123586905456E-4
386	9.96123586905456E-4
387	9.96123586905456E-4
388	9.96123586905456E-4
389	9.96123586905456E-4
390	9.96123586905456E-4
391	9.96123586905456E-4
392	9.96123586905456E-4
393	9.96123586905456E-4
394	9.96123586905456E-4
395	9.96123586905456E-4
396	9.96123586905456E-4
397	9.96123586905456E-4
398	9.96123586905456E-4
399	9.96123586905456E-4
400	9.96123586905456E-4
401	9.96123586905456E-4
402	9.96123586905456E-4
403	9.96123586905456E-4
404	9.96123586905456E-4
405	9.96123586905456E-4
406	9.96123586905456E-4
407	9.96123586905456E-4
408	9.96123586905456E-4
409	9.698801598572366E-4
410	9.698801598572366E-4
411	9.698801598572366E-4
412	9.698801598572366E-4
413	9.698801598572366E-4
414	9.698801598572366E-4
415	9.698801598572366E-4
416	9.698801598572366E-4
417	9.698801598572366E-4
418	9.698801598572366E-4
419	9.698801598572366E-4
420	9.698801598572366E-4
421	9.698801598572366E-4
422	9.698801598572366E-4
423	9.698801598572366E-4
424	9.698801598572366E-4
425	9.698801598572366E-4
426	9.698801598572366E-4
427	9.698801598572366E-4
428	9.698801598572366E-4
429	9.698801598572366E-4
430	9.698801598572366E-4
431	9.698801598572366E-4
432	9.698801598572366E-4
433	9.698801598572366E-4
434	9.698801598572366E-4
435	9.698801598572366E-4
436	9.698801598572366E-4
437	9.698801598572366E-4
438	9.698801598572366E-4
439	9.698801598572366E-4
440	9.698801598572366E-4
441	9.698801598572366E-4
442	9.698801598572366E-4
443	9.698801598572366E-4
444	9.698801598572366E-4
445	9.698801598572366E-4
446	9.698801598572366E-4
447	9.698801598572366E-4
448	9.698801598572366E-4
449	9.698801598572366E-4
450	9.698801598572366E-4
451	9.698801598572366E-4
452	9.698801598572366E-4
453	9.698801598572366E-4
454	9.698801598572366E-4
455	9.698801598572366E-4
456	9.698801598572366E-4
457	9.698801598572366E-4
458	9.698801598572366E-4
459	9.698801598572366E-4
460	9.698801598572366E-4
461	9.698801598572366E-4
462	9.698801598572366E-4
463	9.698801598572366E-4
464	9.698801598572366E-4
465	9.698801598572366E-4
466	9.698801598572366E-4
467	9.698801598572366E-4
468	9.698801598572366E-4
469	9.698801598572366E-4
470	9.698801598572366E-4
471	9.698801598572366E-4
472	9.698801598572366E-4
473	9.698801598572366E-4
474	9.698801598572366E-4
475	9.698801598572366E-4
476	9.698801598572366E-4
477	9.698801598572366E-4
478	9.698801598572366E-4
479	9.698801598572366E-4
480	9.698801598572366E-4
481	9.698801598572366E-4
482	9.698801598572366E-4
483	9.698801598572366E-4
484	9.698801598572366E-4
485	9.698801598572366E-4
486	9.698801598572366E-4
487	9.698801598572366E-4
488	9.698801598572366E-4
489	9.698801598572366E-4
490	9.698801598572366E-4
491	9.075586285007345E-4
492	9.075586285007345E-4
493	9.075586285007345E-4
494	9.075586285007345E-4
495	9.075586285007345E-4
496	9.075586285007345E-4
497	9.075586285007345E-4
498	9.075586285007345E-4
499	9.075586285007345E-4
500	9.075586285007345E-4
501	9.075586285007345E-4
502	9.075586285007345E-4
503	9.075586285007345E-4
504	9.075586285007345E-4
505	9.075586285007345E-4
506	8.747964593800738E-4
507	8.747964593800738E-4
508	8.747964593800738E-4
509	8.747964593800738E-4
510	8.619085534928732E-4
511	8.619085534928732E-4
512	8.619085534928732E-4
513	8.619085534928732E-4
514	8.619085534928732E-4
515	8.619085534928732E-4
516	8.619085534928732E-4
517	8.619085534928732E-4
518	8.619085534928732E-4
519	8.619085534928732E-4
520	8.619085534928732E-4
521	8.619085534928732E-4
522	8.619085534928732E-4
523	8.619085534928732E-4
524	8.619085534928732E-4
525	8.619085534928732E-4
526	8.619085534928732E-4
527	8.619085534928732E-4
528	8.619085534928732E-4
529	8.619085534928732E-4
530	8.619085534928732E-4
531	8.619085534928732E-4
532	8.619085534928732E-4
533	8.619085534928732E-4
534	8.619085534928732E-4
535	8.619085534928732E-4
536	8.619085534928732E-4
537	8.619085534928732E-4
538	8.619085534928732E-4
539	8.619085534928732E-4
540	8.619085534928732E-4
541	8.619085534928732E-4
542	8.619085534928732E-4
543	8.619085534928732E-4
544	8.619085534928732E-4
545	7.166766030066204E-4
546	7.166766030066204E-4
547	7.166766030066204E-4
548	6.646733113741175E-4
549	6.646733113741175E-4
550	6.646733113741175E-4
551	6.646733113741175E-4
552	6.550535020926565E-4
553	6.550535020926565E-4
554	6.550535020926565E-4
555	6.550535020926565E-4
556	6.550535020926565E-4
557	6.550535020926565E-4
558	6.550535020926565E-4
559	6.550535020926565E-4
560	6.550535020926565E-4
561	6.550535020926565E-4
562	6.550535020926565E-4
563	6.550535020926565E-4
564	6.550535020926565E-4
565	6.550535020926565E-4
566	6.550535020926565E-4
567	6.533723354631265E-4
568	6.533723354631265E-4
569	6.533723354631265E-4
570	6.533723354631265E-4
571	6.533723354631265E-4
572	6.533723354631265E-4
573	6.533723354631265E-4
574	6.533723354631265E-4
575	6.533723354631265E-4
576	6.533723354631265E-4
577	6.533723354631265E-4
578	6.533723354631265E-4
579	6.533723354631265E-4
580	6.533723354631265E-4
581	6.533723354631265E-4
582	6.533723354631265E-4
583	6.533723354631265E-4
584	6.533723354631265E-4
585	6.533723354631265E-4
586	6.533723354631265E-4
587	6.522660640084398E-4
588	6.522660640084398E-4
589	6.522660640084398E-4
590	6.522660640084398E-4
591	6.522660640084398E-4
592	6.522660640084398E-4
593	6.522660640084398E-4
594	6.522660640084398E-4
595	6.522660640084398E-4
596	6.522660640084398E-4
597	6.522660640084398E-4
598	6.522660640084398E-4
599	6.522660640084398E-4
600	6.522660640084398E-4
601	6.522660640084398E-4
602	6.522660640084398E-4
603	6.522660640084398E-4
604	6.522660640084398E-4
605	6.247390624987971E-4
606	6.247390624987971E-4
607	6.247390624987971E-4
608	6.247390624987971E-4
609	6.247390624987971E-4
610	6.247390624987971E-4
611	6.247390624987971E-4
612	6.247390624987971E-4
613	6.247390624987971E-4
614	6.247390624987971E-4
615	6.247390624987971E-4
616	6.247390624987971E-4
617	6.247390624987971E-4
618	6.247390624987971E-4
619	6.247390624987971E-4
620	6.247390624987971E-4
621	6.247390624987971E-4
622	6.247390624987971E-4
623	6.247390624987971E-4
624	6.247390624987971E-4
625	6.247390624987971E-4
626	6.247390624987971E-4
627	6.247390624987971E-4
628	6.247390624987971E-4
629	6.247390624987971E-4
630	6.106363082518302E-4
631	6.106363082518302E-4
632	6.106363082518302E-4
633	6.106363082518302E-4
634	6.106363082518302E-4
635	6.106363082518302E-4
636	6.106363082518302E-4
637	6.106363082518302E-4
638	6.106363082518302E-4
639	6.106363082518302E-4
640	6.106363082518302E-4
641	6.106363082518302E-4
642	6.106363082518302E-4
643	6.106363082518302E-4
644	6.106363082518302E-4
645	6.106363082518302E-4
646	6.106363082518302E-4
647	6.106363082518302E-4
648	6.104058979653355E-4
649	6.104058979653355E-4
650	6.104058979653355E-4
651	6.104058979653355E-4
652	6.104058979653355E-4
653	6.104058979653355E-4
654	6.104058979653355E-4
655	6.104058979653355E-4
656	6.104058979653355E-4
657	6.104058979653355E-4
658	6.104058979653355E-4
659	6.104058979653355E-4
660	6.104058979653355E-4
661	6.104058979653355E-4
662	6.104058979653355E-4
663	6.104058979653355E-4
664	6.104058979653355E-4
665	6.104058979653355E-4
666	6.104058979653355E-4
667	6.104058979653355E-4
668	6.104058979653355E-4
669	6.104058979653355E-4
670	6.104058979653355E-4
671	6.104058979653355E-4
672	6.104058979653355E-4
673	6.104058979653355E-4
674	6.104058979653355E-4
675	6.104058979653355E-4
676	6.104058979653355E-4
677	6.104058979653355E-4
678	6.104058979653355E-4
679	5.056468718790485E-4
680	5.056468718790485E-4
681	5.056468718790485E-4
682	5.056468718790485E-4
683	5.056468718790485E-4
684	5.056468718790485E-4
685	5.056468718790485E-4
686	5.056468718790485E-4
687	5.056468718790485E-4
688	5.056468718790485E-4
689	5.056468718790485E-4
690	5.056468718790485E-4
691	5.056468718790485E-4
692	5.056468718790485E-4
693	5.056468718790485E-4
694	5.056468718790485E-4
695	5.056468718790485E-4
696	5.056468718790485E-4
697	5.056468718790485E-4
698	5.056468718790485E-4
699	5.056468718790485E-4
700	5.056468718790485E-4
701	5.056468718790485E-4
702	5.056468718790485E-4
703	5.056468718790485E-4
704	5.056468718790485E-4
705	5.056468718790485E-4
706	5.056468718790485E-4
707	5.056468718790485E-4
708	5.046795868501321E-4
709	5.027410819187937E-4
710	5.027410819187937E-4
711	5.027410819187937E-4
712	5.027410819187937E-4
713	4.98234243626948E-4
714	4.98234243626948E-4
715	4.98234243626948E-4
716	4.98234243626948E-4
717	4.98234243626948E-4
718	4.98234243626948E-4
719	3.4866221074504464E-4
720	3.4866221074504464E-4
721	3.4866221074504464E-4
722	3.4866221074504464E-4
723	3.4866221074504464E-4
724	3.4866221074504464E-4
725	3.4866221074504464E-4
726	3.455494792686595E-4
727	3.455494792686595E-4
728	3.455494792686595E-4
729	3.455494792686595E-4
730	3.455494792686595E-4
731	3.455494792686595E-4
732	3.455494792686595E-4
733	3.455494792686595E-4
734	3.455494792686595E-4
735	3.455494792686595E-4
736	3.455494792686595E-4
737	3.455494792686595E-4
738	3.455494792686595E-4
739	3.455494792686595E-4
740	3.455494792686595E-4
741	3.443429259157363E-4
742	3.443429259157363E-4
743	3.443429259157363E-4
744	3.443429259157363E-4
745	3.443429259157363E-4
746	3.443429259157363E-4
747	3.443429259157363E-4
748	3.249458535479718E-4
749	3.249458535479718E-4
750	3.249458535479718E-4
751	3.249458535479718E-4
752	3.249458535479718E-4
753	3.135060381191225E-4
754	3.135060381191225E-4
755	3.135060381191225E-4
756	3.135060381191225E-4
757	3.135060381191225E-4
758	3.135060381191225E-4
759	3.135060381191225E-4
760	2.8619066613673125E-4
761	2.8619066613673125E-4
762	2.8619066613673125E-4
763	2.8619066613673125E-4
764	2.8619066613673125E-4
765	2.8619066613673125E-4
766	2.8619066613673125E-4
767	2.8619066613673125E-4
768	2.8388938643109996E-4
769	2.1437667636013227E-4
770	2.1437667636013227E-4
771	2.1437667636013227E-4
772	1.6243557876269302E-4
773	1.6243557876269302E-4
774	1.6243557876269302E-4
775	1.6243557876269302E-4
776	1.6243557876269302E-4
777	1.538768923898245E-4
778	1.538768923898245E-4
779	1.538768923898245E-4
780	1.538768923898245E-4
781	1.538768923898245E-4
782	1.538768923898245E-4
783	1.538768923898245E-4
784	1.538768923898245E-4
785	1.538768923898245E-4
786	1.538768923898245E-4
787	1.538768923898245E-4
788	1.538768923898245E-4
789	1.4937231841950172E-4
790	1.1718517631105527E-4
791	1.1718517631105527E-4
792	1.1718517631105527E-4
793	1.1718517631105527E-4
794	1.1718517631105527E-4
795	1.1718517631105527E-4
796	1.1718517631105527E-4
797	1.1718517631105527E-4
798	1.1718517631105527E-4
799	1.1718517631105527E-4
800	1.1718517631105527E-4
801	1.1718517631105527E-4
802	1.1718517631105527E-4
803	1.1718517631105527E-4
804	1.1718517631105527E-4
805	1.1718517631105527E-4
806	1.1718517631105527E-4
807	1.1718517631105527E-4
808	1.1718517631105527E-4
809	1.1718517631105527E-4
810	1.0332090548986667E-4
811	1.0332090548986667E-4
812	1.0332090548986667E-4
813	1.0332090548986667E-4
814	1.0332090548986667E-4
815	1.0332090548986667E-4
816	1.0332090548986667E-4
817	1.0332090548986667E-4
818	1.0332090548986667E-4
819	1.0332090548986667E-4
820	1.0332090548986667E-4
821	1.0332090548986667E-4
822	1.0332090548986667E-4
823	1.0332090548986667E-4
824	1.0332090548986667E-4
825	1.0332090548986667E-4
826	1.0332090548986667E-4
827	1.0332090548986667E-4
828	1.0332090548986667E-4
829	1.0332090548986667E-4
830	1.0332090548986667E-4
831	1.0332090548986667E-4
832	1.0332090548986667E-4
833	1.0332090548986667E-4
834	1.0332090548986667E-4
835	1.0332090548986667E-4
836	1.0332090548986667E-4
837	1.0332090548986667E-4
838	1.0332090548986667E-4
839	1.0332090548986667E-4
840	1.0332090548986667E-4
841	1.0332090548986667E-4
842	1.0332090548986667E-4
843	1.0332090548986667E-4
844	1.0332090548986667E-4
845	1.0332090548986667E-4
846	1.0332090548986667E-4
847	1.0332090548986667E-4
848	1.0332090548986667E-4
849	1.0332090548986667E-4
850	1.0332090548986667E-4
851	1.0332090548986667E-4
852	1.0332090548986667E-4
853	1.0332090548986667E-4
854	1.0332090548986667E-4
855	9.827737468542137E-5
856	9.827737468542137E-5
857	7.894811716289579E-5
858	7.894811716289579E-5
859	7.894811716289579E-5
860	7.84998277137172E-5
861	7.84998277137172E-5
862	7.84998277137172E-5
863	7.84998277137172E-5
864	7.84998277137172E-5
865	7.834387241768415E-5
866	7.834387241768415E-5
867	7.834387241768415E-5
868	7.834387241768415E-5
869	7.834387241768415E-5
870	7.834387241768415E-5
871	7.834387241768415E-5
872	7.834387241768415E-5
873	7.834387241768415E-5
874	7.311033253327533E-5
875	7.311033253327533E-5
876	7.311033253327533E-5
877	6.841275338824446E-5
878	6.841275338824446E-5
879	6.841275338824446E-5
880	6.841275338824446E-5
881	6.841275338824446E-5
882	6.841275338824446E-5
883	6.841275338824446E-5
884	6.841275338824446E-5
885	6.841275338824446E-5
886	6.841275338824446E-5
887	6.841275338824446E-5
888	6.841275338824446E-5
889	6.841275338824446E-5
890	6.841275338824446E-5
891	6.841275338824446E-5
892	6.841275338824446E-5
893	6.841275338824446E-5
894	6.841275338824446E-5
895	6.841275338824446E-5
896	6.841275338824446E-5
897	6.841275338824446E-5
898	6.841275338824446E-5
899	6.841275338824446E-5
900	6.841275338824446E-5
901	6.841275338824446E-5
902	6.841275338824446E-5
903	6.841275338824446E-5
904	6.841275338824446E-5
905	6.841275338824446E-5
906	6.802759734064666E-5
907	6.802759734064666E-5
908	6.802759734064666E-5
909	6.802759734064666E-5
910	6.802759734064666E-5
911	6.802759734064666E-5
912	6.802759734064666E-5
913	6.802759734064666E-5
914	6.651732785681402E-5
915	6.651732785681402E-5
916	6.651732785681402E-5
917	6.651732785681402E-5
918	6.651732785681402E-5
919	6.651732785681402E-5
920	6.651732785681402E-5
921	6.651732785681402E-5
922	6.651732785681402E-5
923	6.651732785681402E-5
924	6.651732785681402E-5
925	6.651732785681402E-5
926	6.651732785681402E-5
927	6.651732785681402E-5
928	6.651732785681402E-5
929	6.651732785681402E-5
930	6.651732785681402E-5
931	6.651732785681402E-5
932	6.651732785681402E-5
933	6.645197328910154E-5
934	6.645197328910154E-5
935	5.988238453558296E-5
936	5.988238453558296E-5
937	5.988238453558296E-5
938	5.988238453558296E-5
939	5.988238453558296E-5
940	5.988238453558296E-5
941	5.988238453558296E-5
942	5.988238453558296E-5
943	5.988238453558296E-5
944	5.988238453558296E-5
945	5.988238453558296E-5
946	5.988238453558296E-5
947	5.988238453558296E-5
948	5.988238453558296E-5
949	5.988238453558296E-5
950	5.988238453558296E-5
951	5.988238453558296E-5
952	5.988238453558296E-5
953	5.988238453558296E-5
954	5.988238453558296E-5
955	5.988238453558296E-5
956	5.988238453558296E-5
957	5.988238453558296E-5
958	5.988238453558296E-5
959	5.988238453558296E-5
960	5.988238453558296E-5
961	5.988238453558296E-5
962	5.988238453558296E-5
963	5.988238453558296E-5
964	5.988238453558296E-5
965	5.988238453558296E-5
966	5.988238453558296E-5
967	5.988238453558296E-5
968	5.988238453558296E-5
969	5.57599785953668E-5
970	5.57599785953668E-5
971	5.57599785953668E-5
972	5.57599785953668E-5
973	5.5465031982055295E-5
974	5.5465031982055295E-5
975	5.5465031982055295E-5
976	5.5465031982055295E-5
977	5.5465031982055295E-5
978	5.5465031982055295E-5
979	5.5465031982055295E-5
980	5.5465031982055295E-5
981	5.5465031982055295E-5
982	5.5465031982055295E-5
983	5.5465031982055295E-5
984	5.5465031982055295E-5
985	5.5465031982055295E-5
986	5.5465031982055295E-5
987	5.5465031982055295E-5
988	5.5465031982055295E-5
989	5.5465031982055295E-5
990	5.5465031982055295E-5
991	5.5465031982055295E-5
992	5.5465031982055295E-5
993	5.434947157126272E-5
994	5.434947157126272E-5
995	5.434947157126272E-5
996	4.7838158269447805E-5
997	4.7838158269447805E-5
998	4.7838158269447805E-5
999	4.4745534732828844E-5
1000	4.4745534732828844E-5
1001	4.4745534732828844E-5
1002	4.4745534732828844E-5
1003	4.4745534732828844E-5
1004	4.4745534732828844E-5
1005	4.4745534732828844E-5
1006	4.4745534732828844E-5
1007	4.4745534732828844E-5
1008	4.3740724374800355E-5
1009	4.3740724374800355E-5
1010	4.3740724374800355E-5
1011	4.3740724374800355E-5
1012	4.3740724374800355E-5
1013	4.3740724374800355E-5
1014	4.3740724374800355E-5
1015	4.3740724374800355E-5
1016	4.3740724374800355E-5
1017	4.332184195790385E-5
1018	4.332184195790385E-5
1019	4.332184195790385E-5
1020	4.332184195790385E-5
1021	4.329163688672414E-5
1022	4.329163688672414E-5
1023	4.329163688672414E-5
1024	4.329163688672414E-5
1025	4.329163688672414E-5
1026	4.329163688672414E-5
1027	4.329163688672414E-5
1028	4.329163688672414E-5
1029	4.329163688672414E-5
1030	4.329163688672414E-5
1031	4.329163688672414E-5
1032	4.329163688672414E-5
1033	4.329163688672414E-5
1034	4.329163688672414E-5
1035	4.329163688672414E-5
1036	4.329163688672414E-5
1037	4.329163688672414E-5
1038	4.329163688672414E-5
1039	4.329163688672414E-5
1040	4.329163688672414E-5
1041	4.329163688672414E-5
1042	4.303667079740561E-5
1043	4.303667079740561E-5
1044	4.303667079740561E-5
1045	4.303667079740561E-5
1046	4.303667079740561E-5
1047	4.303667079740561E-5
1048	4.303667079740561E-5
1049	4.303667079740561E-5
1050	4.303667079740561E-5
1051	4.303667079740561E-5
1052	4.303667079740561E-5
1053	4.303667079740561E-5
1054	4.303667079740561E-5
1055	4.303667079740561E-5
1056	4.303667079740561E-5
1057	4.303667079740561E-5
1058	4.303667079740561E-5
1059	4.0844264367640054E-5
1060	4.066894842212822E-5
1061	4.066894842212822E-5
1062	4.066894842212822E-5
1063	4.066894842212822E-5
1064	4.066894842212822E-5
1065	4.066894842212822E-5
1066	4.066894842212822E-5
1067	4.066894842212822E-5
1068	4.066894842212822E-5
1069	4.066894842212822E-5
1070	4.066894842212822E-5
1071	4.066894842212822E-5
1072	4.066894842212822E-5
1073	4.066894842212822E-5
1074	4.066894842212822E-5
1075	4.066894842212822E-5
1076	4.066894842212822E-5
1077	4.066894842212822E-5
1078	4.066894842212822E-5
1079	4.066894842212822E-5
1080	4.066894842212822E-5
1081	4.066894842212822E-5
1082	4.066894842212822E-5
1083	4.066894842212822E-5
1084	4.066894842212822E-5
1085	4.066894842212822E-5
1086	4.066894842212822E-5
1087	4.066894842212822E-5
1088	4.066894842212822E-5
1089	4.066894842212822E-5
1090	4.066894842212822E-5
1091	3.5040017722232485E-5
1092	3.5040017722232485E-5
1093	3.5040017722232485E-5
1094	3.5040017722232485E-5
1095	3.5040017722232485E-5
1096	3.5040017722232485E-5
1097	3.5040017722232485E-5
1098	3.5040017722232485E-5
1099	3.5040017722232485E-5
1100	3.503369645037839E-5
1101	3.503369645037839E-5
1102	3.503369645037839E-5
1103	3.503369645037839E-5
1104	3.503369645037839E-5
1105	3.503369645037839E-5
1106	3.503369645037839E-5
1107	3.503369645037839E-5
1108	3.503369645037839E-5
1109	3.494589744855183E-5
1110	3.494589744855183E-5
1111	3.494589744855183E-5
1112	3.494589744855183E-5
1113	3.494589744855183E-5
1114	3.494359684026705E-5
1115	3.494359684026705E-5
1116	3.494359684026705E-5
1117	3.494359684026705E-5
1118	3.494359684026705E-5
1119	3.494359684026705E-5
1120	3.494359684026705E-5
1121	3.494359684026705E-5
1122	3.494359684026705E-5
1123	3.494359684026705E-5
1124	3.494359684026705E-5
1125	3.453807470449493E-5
1126	3.453807470449493E-5
1127	3.453807470449493E-5
1128	3.453807470449493E-5
1129	3.453807470449493E-5
1130	3.453807470449493E-5
1131	3.453807470449493E-5
1132	3.453807470449493E-5
1133	3.453807470449493E-5
1134	3.453807470449493E-5
1135	3.453807470449493E-5
1136	3.453807470449493E-5
1137	3.453807470449493E-5
1138	3.453807470449493E-5
1139	3.453807470449493E-5
1140	3.453807470449493E-5
1141	3.453807470449493E-5
1142	3.419734332970038E-5
1143	3.419734332970038E-5
1144	3.419734332970038E-5
1145	3.419734332970038E-5
1146	3.419734332970038E-5
1147	3.419734332970038E-5
1148	3.419734332970038E-5
1149	3.419734332970038E-5
1150	3.419734332970038E-5
1151	3.419734332970038E-5
1152	3.419734332970038E-5
1153	3.419734332970038E-5
1154	3.419734332970038E-5
1155	3.419734332970038E-5
1156	3.419734332970038E-5
1157	3.419734332970038E-5
1158	3.419734332970038E-5
1159	3.419734332970038E-5
1160	3.419734332970038E-5
1161	3.419734332970038E-5
1162	3.419734332970038E-5
1163	3.419734332970038E-5
1164	3.419734332970038E-5
1165	3.419734332970038E-5
1166	3.419734332970038E-5
1167	3.419734332970038E-5
1168	3.419734332970038E-5
1169	3.419734332970038E-5
1170	3.419734332970038E-5
1171	3.419734332970038E-5
1172	3.419734332970038E-5
1173	3.419734332970038E-5
1174	3.419734332970038E-5
1175	3.419734332970038E-5
1176	3.419734332970038E-5
1177	3.419734332970038E-5
1178	3.419734332970038E-5
1179	2.9355428476136207E-5
1180	2.9355428476136207E-5
1181	2.9355428476136207E-5
1182	2.9355428476136207E-5
1183	2.9355428476136207E-5
1184	2.9355428476136207E-5
1185	2.9355428476136207E-5
1186	2.9338537667787665E-5
1187	2.9338537667787665E-5
1188	2.9338537667787665E-5
1189	2.9338537667787665E-5
1190	2.9338537667787665E-5
1191	2.9338537667787665E-5
1192	2.9338537667787665E-5
1193	2.9338537667787665E-5
1194	2.9338537667787665E-5
1195	2.9338537667787665E-5
1196	2.9338537667787665E-5
1197	2.9338537667787665E-5
1198	2.9338537667787665E-5
1199	2.9338537667787665E-5
1200	2.9338537667787665E-5
1201	2.9338537667787665E-5
1202	2.9338537667787665E-5
1203	2.9338537667787665E-5
1204	2.9338537667787665E-5
1205	2.9338537667787665E-5
1206	2.9338537667787665E-5
1207	2.9338537667787665E-5
1208	2.9338537667787665E-5
1209	2.9338537667787665E-5
1210	2.9338537667787665E-5
1211	2.9338537667787665E-5
1212	2.9338537667787665E-5
1213	2.9338537667787665E-5
1214	2.9338537667787665E-5
1215	2.9338537667787665E-5
1216	2.9338537667787665E-5
1217	2.9338537667787665E-5
1218	2.9338537667787665E-5
1219	2.9338537667787665E-5
1220	2.9338537667787665E-5
1221	2.9338537667787665E-5
1222	2.9338537667787665E-5
1223	2.9338537667787665E-5
1224	2.9338537667787665E-5
1225	2.8246719050591456E-5
1226	2.8246719050591456E-5
1227	2.8246719050591456E-5
1228	2.780893797827507E-5
1229	2.780893797827507E-5
1230	2.780893797827507E-5
1231	2.780893797827507E-5
1232	2.780893797827507E-5
1233	2.780893797827507E-5
1234	2.780893797827507E-5
1235	2.750596324151626E-5
1236	2.750596324151626E-5
1237	2.750596324151626E-5
1238	2.750596324151626E-5
1239	2.7340397144807237E-5
1240	2.7340397144807237E-5
1241	2.7340397144807237E-5
1242	2.7340397144807237E-5
1243	2.725856733295033E-5
1244	2.725856733295033E-5
1245	2.725856733295033E-5
1246	2.595383152018073E-5
1247	2.595383152018073E-5
1248	2.595383152018073E-5
1249	2.595383152018073E-5
1250	2.583794128945954E-5
1251	2.583794128945954E-5
1252	2.583794128945954E-5
1253	2.583794128945954E-5
1254	2.583794128945954E-5
1255	2.583794128945954E-5
1256	2.5306181984427363E-5
1257	2.5306181984427363E-5
1258	2.5306181984427363E-5
1259	2.5306181984427363E-5
1260	2.5306181984427363E-5
1261	2.5306181984427363E-5
1262	2.5306181984427363E-5
1263	2.5306181984427363E-5
1264	2.5306181984427363E-5
1265	2.524998103525059E-5
1266	2.524998103525059E-5
1267	2.4164045142348658E-5
1268	2.0045692686545447E-5
1269	2.0045692686545447E-5
1270	2.0045692686545447E-5
1271	2.0045692686545447E-5
1272	2.0045692686545447E-5
1273	2.0045692686545447E-5
1274	2.0045692686545447E-5
1275	2.0045692686545447E-5
1276	2.0045692686545447E-5
1277	2.0045692686545447E-5
1278	2.0045692686545447E-5
1279	2.0045692686545447E-5
1280	2.0045692686545447E-5
1281	2.0045692686545447E-5
1282	2.0044833990101307E-5
1283	2.0044833990101307E-5
1284	2.0044833990101307E-5
1285	2.0044833990101307E-5
1286	2.0044833990101307E-5
1287	2.0044833990101307E-5
1288	2.0044833990101307E-5
1289	2.0044833990101307E-5
1290	2.0044833990101307E-5
1291	2.0044833990101307E-5
1292	2.0044833990101307E-5
1293	2.0044833990101307E-5
1294	2.0044833990101307E-5
1295	2.0044833990101307E-5
1296	2.0044833990101307E-5
1297	1.822997654355088E-5
1298	1.822997654355088E-5
1299	1.822997654355088E-5
1300	1.822997654355088E-5
1301	1.822997654355088E-5
1302	1.799244445355097E-5
1303	1.799244445355097E-5
1304	1.799244445355097E-5
1305	1.799244445355097E-5
1306	1.799244445355097E-5
1307	1.799244445355097E-5
1308	1.799244445355097E-5
1309	1.799244445355097E-5
1310	1.799244445355097E-5
1311	1.7520891224048684E-5
1312	1.7520891224048684E-5
1313	1.7520891224048684E-5
1314	1.7520891224048684E-5
1315	1.7520891224048684E-5
1316	1.7520891224048684E-5
1317	1.7520891224048684E-5
1318	1.7520891224048684E-5
1319	1.7520891224048684E-5
1320	1.7520891224048684E-5
1321	1.7520891224048684E-5
1322	1.7520891224048684E-5
1323	1.4646382577566198E-5
1324	1.4646382577566198E-5
1325	1.4646382577566198E-5
1326	1.4646382577566198E-5
1327	1.4646382577566198E-5
1328	1.4646382577566198E-5
1329	1.4646382577566198E-5
1330	1.4646382577566198E-5
1331	1.4646382577566198E-5
1332	1.4593736312969527E-5
1333	1.4593736312969527E-5
1334	1.4593736312969527E-5
1335	1.4593736312969527E-5
1336	1.4576946952219286E-5
1337	1.4576946952219286E-5
1338	1.4576946952219286E-5
1339	1.4576946952219286E-5
1340	1.4576946952219286E-5
1341	1.4576946952219286E-5
1342	1.4576946952219286E-5
1343	1.4576946952219286E-5
1344	1.4576946952219286E-5
1345	1.4576946952219286E-5
1346	1.4576946952219286E-5
1347	1.4576946952219286E-5
1348	1.4576946952219286E-5
1349	1.421351288416531E-5
1350	1.421351288416531E-5
1351	1.421351288416531E-5
1352	1.421351288416531E-5
1353	1.4079996359926442E-5
1354	1.4079996359926442E-5
1355	1.4079996359926442E-5
1356	1.4079996359926442E-5
1357	1.4079996359926442E-5
1358	1.4079996359926442E-5
1359	1.4079996359926442E-5
1360	1.4079996359926442E-5
1361	1.4079996359926442E-5
1362	7.671732696246196E-6
1363	7.658339771212967E-6
1364	7.609647781292491E-6
1365	7.609647781292491E-6
1366	7.609647781292491E-6
1367	7.609647781292491E-6
1368	7.405684193588882E-6
1369	7.405684193588882E-6
1370	7.405684193588882E-6
1371	7.405684193588882E-6
1372	7.405684193588882E-6
1373	7.405684193588882E-6
1374	7.405684193588882E-6
1375	7.405684193588882E-6
1376	7.405684193588882E-6
1377	7.405684193588882E-6
1378	7.168246266502534E-6
1379	7.168246266502534E-6
1380	7.168246266502534E-6
1381	7.168246266502534E-6
1382	7.168246266502534E-6
1383	7.168246266502534E-6
1384	7.168246266502534E-6
1385	7.1596862997380586E-6
1386	7.155823756531038E-6
1387	7.155823756531038E-6
1388	7.012945681532698E-6
1389	7.012945681532698E-6
1390	7.012945681532698E-6
1391	7.012945681532698E-6
1392	7.012945681532698E-6
1393	7.012945681532698E-6
1394	7.012945681532698E-6
1395	7.012945681532698E-6
1396	7.012945681532698E-6
1397	7.012945681532698E-6
1398	7.009775784788259E-6
1399	7.009775784788259E-6
1400	7.009775784788259E-6
1401	7.009775784788259E-6
1402	7.009775784788259E-6
1403	6.995076238782236E-6
1404	6.995076238782236E-6
1405	6.995076238782236E-6
1406	6.995076238782236E-6
1407	6.9946256992374E-6
1408	6.9946256992374E-6
1409	6.9946256992374E-6
1410	6.9946256992374E-6
1411	6.8721586693608275E-6
1412	6.8721586693608275E-6
1413	6.8721586693608275E-6
1414	6.8721586693608275E-6
1415	6.8721586693608275E-6
1416	6.8721586693608275E-6
1417	6.8721586693608275E-6
1418	6.8721586693608275E-6
1419	6.8721586693608275E-6
1420	6.871119844550587E-6
1421	6.871119844550587E-6
1422	6.871119844550587E-6
1423	6.871119844550587E-6
1424	6.871119844550587E-6
1425	6.871119844550587E-6
1426	6.871119844550587E-6
1427	6.871119844550587E-6
1428	6.871119844550587E-6
1429	3.815154122361376E-6
1430	3.815154122361376E-6
1431	3.815154122361376E-6
1432	3.815154122361376E-6
1433	3.815154122361376E-6
1434	3.815154122361376E-6
1435	3.815154122361376E-6
1436	3.815154122361376E-6
1437	3.7669484551425912E-6
1438	3.7669484551425912E-6
1439	3.7669484551425912E-6
1440	3.7669484551425912E-6
1441	3.7669484551425912E-6
1442	8.605078568479853E-7
1443	8.605078568479853E-7
1444	8.605078568479853E-7
1445	8.605078568479853E-7
1446	8.605078568479853E-7
1447	8.605078568479853E-7
1448	8.605078568479853E-7
1449	8.605078568479853E-7
1450	8.605078568479853E-7
1451	8.605078568479853E-7
1452	8.605078568479853E-7
1453	8.605078568479853E-7
1454	8.467242076626563E-7
1455	8.467242076626563E-7
1456	8.467242076626563E-7
1457	8.467242076626563E-7
1458	8.467242076626563E-7
1459	8.467242076626563E-7
1460	8.467242076626563E-7
1461	8.043224948647854E-7
1462	8.043224948647854E-7
1463	8.043224948647854E-7
1464	7.550343856202856E-7
1465	7.550343856202856E-7
1466	7.550343856202856E-7
1467	7.548683490939887E-7
1468	7.548683490939887E-7
1469	7.548683490939887E-7
1470	7.548683490939887E-7
1471	7.548683490939887E-7
1472	7.548683490939887E-7
1473	7.507394930997976E-7
1474	7.507394930997976E-7
1475	7.507394930997976E-7
1476	7.507394930997976E-7
1477	7.454320670463599E-7
1478	7.454320670463599E-7
1479	7.454320670463599E-7
1480	7.454320670463599E-7
1481	7.454320670463599E-7
1482	7.454320670463599E-7
1483	7.454320670463599E-7
1484	7.454320670463599E-7
1485	7.454320670463599E-7
1486	7.454320670463599E-7
1487	7.454320670463599E-7
1488	7.450580831140221E-7
1489	7.450580831140221E-7
1490	7.450580831140221E-7
1491	7.450580831140221E-7
1492	7.450580831140221E-7
1493	7.450580831140221E-7
1494	7.450580831140221E-7
1495	7.450580831140221E-7
1496	7.450580831140221E-7
1497	7.450580831140221E-7
1498	7.450580831140221E-7
1499	7.450580831140221E-7
1500	7.450580831140221E-7
1501	7.450580831140221E-7
1502	7.450580831140221E-7
1503	7.450580831140221E-7
1504	7.356100128238878E-7
1505	7.356100128238878E-7
1506	7.356100128238878E-7
1507	7.356100128238878E-7
1508	7.356100128238878E-7
1509	7.356100128238878E-7
1510	7.356100128238878E-7
1511	7.356100128238878E-7
1512	7.356100128238878E-7
1513	7.356100128238878E-7
1514	7.356100128238878E-7
1515	7.356100128238878E-7
1516	7.356100128238878E-7
1517	7.35531814582402E-7
1518	7.35531814582402E-7
1519	7.35531814582402E-7
1520	7.35531814582402E-7
1521	7.35531814582402E-7
1522	7.35531814582402E-7
1523	7.35531814582402E-7
1524	7.35531814582402E-7
1525	7.35531814582402E-7
1526	7.35531814582402E-7
1527	7.35531814582402E-7
1528	7.35531814582402E-7
1529	7.35531814582402E-7
1530	7.35531814582402E-7
1531	7.35531814582402E-7
1532	7.35531814582402E-7
1533	7.35531814582402E-7
1534	7.35531814582402E-7
1535	7.35531814582402E-7
1536	7.35531814582402E-7
1537	7.35531814582402E-7
1538	7.35531814582402E-7
1539	7.35531814582402E-7
1540	7.35531814582402E-7
1541	7.35531814582402E-7
1542	7.35531814582402E-7
1543	6.973643860821826E-7
1544	6.973643860821826E-7
1545	6.973643860821826E-7
1546	6.973643860821826E-7
1547	6.973643860821826E-7
1548	6.973643860821826E-7
1549	6.973643860821826E-7
1550	6.973643860821826E-7
1551	6.973643860821826E-7
1552	6.973643860821826E-7
1553	6.973643860821826E-7
1554	6.973643860821826E-7
1555	6.973643860821826E-7
1556	6.973643860821826E-7
1557	6.973643860821826E-7
1558	6.973643860821826E-7
1559	6.936341117365492E-7
1560	5.12703497316537E-7
1561	5.0264489104205E-7
1562	5.0264489104205E-7
1563	5.0264489104205E-7
1564	5.0264489104205E-7
1565	5.0264489104205E-7
1566	5.0264489104205E-7
1567	5.025319841343845E-7
1568	5.025319841343845E-7
1569	5.025319841343845E-7
1570	5.025319841343845E-7
1571	5.025319841343845E-7
1572	5.025319841343845E-7
1573	5.025319841343845E-7
1574	5.025319841343845E-7
1575	5.025319841343845E-7
1576	5.025319841343845E-7
1577	5.024247819635344E-7
1578	5.024247819635344E-7
1579	5.024247819635344E-7
1580	5.024247819635344E-7
1581	5.024247819635344E-7
1582	5.024247819635344E-7
1583	5.024247819635344E-7
1584	5.024247819635344E-7
1585	5.024247819635344E-7
1586	5.024247819635344E-7
1587	5.024247819635344E-7
1588	5.024247819635344E-7
1589	5.024247819635344E-7
1590	5.024247819635344E-7
1591	5.024247819635344E-7
1592	5.024247819635344E-7
1593	5.024247819635344E-7
1594	5.024247819635344E-7
1595	5.024247819635344E-7
1596	5.024247819635344E-7
1597	5.024247819635344E-7
1598	5.024247819635344E-7
1599	5.024247819635344E-7
1600	5.024247819635344E-7
1601	4.901588986848246E-7
1602	4.901588986848246E-7
1603	4.901588986848246E-7
1604	4.901588986848246E-7
1605	4.901588986848246E-7
1606	4.901588986848246E-7
1607	4.901588986848246E-7
1608	4.901588986848246E-7
1609	4.901588986848246E-7
1610	4.901466608014869E-7
1611	4.901466608014869E-7
1612	4.901466608014869E-7
1613	4.876769605438448E-7
1614	4.876769605438448E-7
1615	4.876769605438448E-7
1616	4.876769605438448E-7
1617	4.876769605438448E-7
1618	4.876769605438448E-7
1619	4.876769605438448E-7
1620	4.876769605438448E-7
1621	4.876769605438448E-7
1622	4.876769605438448E-7
1623	4.876769605438448E-7
1624	4.876769605438448E-7
1625	4.876769605438448E-7
1626	4.876769605438448E-7
1627	4.876769605438448E-7
1628	4.876769605438448E-7
1629	4.873579439885424E-7
1630	4.3959524125394613E-7
1631	4.3959524125394613E-7
1632	4.3959524125394613E-7
1633	4.3959524125394613E-7
1634	4.3696781705438364E-7
1635	4.3696781705438364E-7
1636	4.3696781705438364E-7
1637	4.3696781705438364E-7
1638	4.3696781705438364E-7
1639	4.3696781705438364E-7
1640	4.3696781705438364E-7
1641	4.3696781705438364E-7
1642	4.3696781705438364E-7
1643	4.3696781705438364E-7
1644	4.3696781705438364E-7
1645	4.3696781705438364E-7
1646	4.3696781705438364E-7
1647	4.3696781705438364E-7
1648	4.3696781705438364E-7
1649	4.3696781705438364E-7
1650	4.364537134891619E-7
1651	4.364537134891619E-7
1652	4.364537134891619E-7
1653	4.364537134891619E-7
1654	4.364537134891619E-7
1655	4.364537134891619E-7
1656	4.364537134891619E-7
1657	4.364537134891619E-7
1658	4.364537134891619E-7
1659	4.364537134891619E-7
1660	4.364537134891619E-7
1661	4.364537134891619E-7
1662	4.364537134891619E-7
1663	4.364537134891619E-7
1664	4.364537134891619E-7
1665	4.364537134891619E-7
1666	4.364537134891619E-7
1667	4.364537134891619E-7
1668	4.364537134891619E-7
1669	4.364537134891619E-7
1670	4.364537134891619E-7
1671	4.362469820487793E-7
1672	4.362469820487793E-7
1673	4.1753491533879343E-7
1674	4.1753491533879343E-7
1675	4.084080604574642E-7
1676	4.084080604574642E-7
1677	4.077165750237407E-7
1678	4.077165750237407E-7
1679	4.0758105524260015E-7
1680	4.0758105524260015E-7
1681	4.0758105524260015E-7
1682	4.0758105524260015E-7
1683	4.0758105524260015E-7
1684	4.0758105524260015E-7
1685	4.0758105524260015E-7
1686	4.0758105524260015E-7
1687	4.0758105524260015E-7
1688	4.0758105524260015E-7
1689	4.0758105524260015E-7
1690	4.0758105524260015E-7
1691	4.0758105524260015E-7
1692	4.0758105524260015E-7
1693	4.0758105524260015E-7
1694	4.0758105524260015E-7
1695	4.0758105524260015E-7
1696	4.0758105524260015E-7
1697	3.9503509419658916E-7
1698	3.9503509419658916E-7
1699	3.9503509419658916E-7
1700	3.9503509419658916E-7
1701	3.9503509419658916E-7
1702	3.9503509419658916E-7
1703	3.9503509419658916E-7
1704	3.9503509419658916E-7
1705	3.9503509419658916E-7
1706	3.9503509419658916E-7
1707	3.9503509419658916E-7
1708	3.9503509419658916E-7
1709	3.9503509419658916E-7
1710	3.94508069188132E-7
1711	3.94508069188132E-7
1712	3.94508069188132E-7
1713	3.94508069188132E-7
1714	3.94508069188132E-7
1715	3.94508069188132E-7
1716	3.94508069188132E-7
1717	3.901177760892938E-7
1718	3.901177760892938E-7
1719	3.883046260584045E-7
1720	3.883046260584045E-7
1721	3.883046260584045E-7
1722	3.882724506112576E-7
1723	3.882724506112576E-7
1724	3.882724506112576E-7
1725	3.882724506112576E-7
1726	3.882724506112576E-7
1727	3.862038986964318E-7
1728	3.862038986964318E-7
1729	3.862038986964318E-7
1730	3.862038986964318E-7
1731	3.862038986964318E-7
1732	3.862038986964318E-7
1733	3.862038986964318E-7
1734	3.862038986964318E-7
1735	3.862038986964318E-7
1736	3.862038986964318E-7
1737	3.8615630284583793E-7
1738	3.8615630284583793E-7
1739	3.319604381524538E-7
1740	3.317917948118136E-7
1741	3.317917948118136E-7
1742	3.317917948118136E-7
1743	3.317917948118136E-7
1744	3.300828020497371E-7
1745	3.300828020497371E-7
1746	3.300828020497371E-7
1747	3.300828020497371E-7
1748	3.300828020497371E-7
1749	3.300828020497371E-7
1750	3.300828020497371E-7
1751	3.300828020497371E-7
1752	3.300828020497371E-7
1753	3.300828020497371E-7
1754	3.300828020497371E-7
1755	3.300828020497371E-7
1756	3.300828020497371E-7
1757	3.300828020497371E-7
1758	3.300828020497371E-7
1759	3.300828020497371E-7
1760	3.300828020497371E-7
1761	3.300828020497371E-7
1762	3.152177172231124E-7
1763	3.152177172231124E-7
1764	3.15158067251877E-7
1765	3.15158067251877E-7
1766	3.15158067251877E-7
1767	3.140621885942312E-7
1768	3.140621885942312E-7
1769	3.140621885942312E-7
1770	3.140621885942312E-7
1771	3.140621885942312E-7
1772	3.140621885942312E-7
1773	3.140621885942312E-7
1774	3.140621885942312E-7
1775	3.140621885942312E-7
1776	3.140554345981835E-7
1777	3.140554345981835E-7
1778	3.140554345981835E-7
1779	3.140554345981835E-7
1780	3.140554345981835E-7
1781	3.140554345981835E-7
1782	3.140554345981835E-7
1783	3.1405271129491366E-7
1784	3.1405271129491366E-7
1785	3.1127874418255303E-7
1786	3.1127874418255303E-7
1787	3.1127874418255303E-7
1788	3.1127874418255303E-7
1789	3.1127874418255303E-7
1790	3.1127874418255303E-7
1791	3.0906504267549963E-7
1792	3.0906504267549963E-7
1793	3.0906504267549963E-7
1794	3.0906504267549963E-7
1795	3.0906504267549963E-7
1796	3.0906504267549963E-7
1797	3.0193039410545317E-7
1798	3.0193039410545317E-7
1799	3.0193039410545317E-7
1800	3.0193039410545317E-7
1801	3.019056767357895E-7
1802	3.019056767357895E-7
1803	3.019056767357895E-7
1804	3.019056767357895E-7
1805	3.018929003424909E-7
1806	2.912111619527174E-7
1807	2.912111619527174E-7
1808	2.912111619527174E-7
1809	8.774301984691153E-8
1810	8.774301984691153E-8
1811	7.799606602926173E-8
1812	7.799606602926173E-8
1813	7.799606602926173E-8
1814	7.799606602926173E-8
1815	7.799606602926173E-8
1816	7.084713737468144E-8
1817	7.084713737468144E-8
1818	7.084713737468144E-8
1819	7.084713737468144E-8
1820	7.084713737468144E-8
1821	7.084713737468144E-8
1822	7.084713737468144E-8
1823	7.084713737468144E-8
1824	7.084713737468144E-8
1825	7.084713737468144E-8
1826	7.084713737468144E-8
1827	7.084713737468144E-8
1828	7.084713737468144E-8
1829	6.834530809591689E-8
1830	6.834530809591689E-8
1831	6.834530809591689E-8
1832	6.834530809591689E-8
1833	6.834530809591689E-8
1834	6.834530809591689E-8
1835	6.834530809591689E-8
1836	6.834530809591689E-8
1837	6.834530809591689E-8
1838	6.756929037859324E-8
1839	6.756929037859324E-8
1840	6.599687311941974E-8
1841	6.599687311941974E-8
1842	5.0063400085510244E-8
1843	5.0063400085510244E-8
1844	5.0063400085510244E-8
1845	5.0063400085510244E-8
1846	5.0063400085510244E-8
1847	5.0063400085510244E-8
1848	5.0063400085510244E-8
1849	5.0063400085510244E-8
1850	4.95229119383361E-8
1851	4.95229119383361E-8
1852	4.95229119383361E-8
1853	4.95229119383361E-8
1854	4.95229119383361E-8
1855	4.920926096043097E-8
1856	4.404481731339811E-8
1857	4.404481731339811E-8
1858	4.189434364141574E-8
1859	4.189434364141574E-8
1860	4.189434364141574E-8
1861	4.189434364141574E-8
1862	4.189434364141574E-8
1863	4.189434364141574E-8
1864	4.189434364141574E-8
1865	4.189434364141574E-8
1866	4.189434364141574E-8
1867	4.189434364141574E-8
1868	4.189434364141574E-8
1869	3.466738322890305E-8
1870	3.466738322890305E-8
1871	3.466738322890305E-8
1872	3.466738322890305E-8
1873	3.466738322890305E-8
1874	3.466738322890305E-8
1875	3.466738322890305E-8
1876	3.466738322890305E-8
1877	3.459541756297999E-8
1878	3.459541756297999E-8
1879	3.459541756297999E-8
1880	3.459541756297999E-8
1881	3.459541756297999E-8
1882	3.459541756297999E-8
1883	3.459541756297999E-8
1884	3.459541756297999E-8
1885	3.459541756297999E-8
1886	3.452937088967916E-8
1887	3.452937088967916E-8
1888	3.452937088967916E-8
1889	3.452937088967916E-8
1890	3.4082710285648833E-8
1891	3.4082710285648833E-8
1892	3.4082710285648833E-8
1893	3.386609224351683E-8
1894	3.209106921151958E-8
1895	3.209106921151958E-8
1896	3.209106921151958E-8
1897	3.209106921151958E-8
1898	3.209106921151958E-8
1899	3.209106921151958E-8
1900	3.208830180069249E-8
1901	3.208830180069249E-8
1902	3.208830180069249E-8
1903	3.208830180069249E-8
1904	3.208830180069249E-8
1905	3.208830180069249E-8
1906	3.208830180069249E-8
1907	3.2087668689965056E-8
1908	3.2087668689965056E-8
1909	3.2087668689965056E-8
1910	3.2087668689965056E-8
1911	3.2087668689965056E-8
1912	3.2087668689965056E-8
1913	3.2087668689965056E-8
1914	3.2087668689965056E-8
1915	3.2087668689965056E-8
1916	3.2087668689965056E-8
1917	3.2084150175346977E-8
1918	3.208344521008778E-8
1919	3.208344521008778E-8
1920	3.208344521008778E-8
1921	3.208344521008778E-8
1922	3.205868966935646E-8
1923	3.205868966935646E-8
1924	3.205868966935646E-8
1925	3.205868966935646E-8
1926	3.205868966935646E-8
1927	3.205868966935646E-8
1928	3.204985147222657E-8
1929	3.204985147222657E-8
1930	1.9495654578220447E-8
1931	1.9495654578220447E-8
1932	1.949556044260168E-8
1933	1.5227440989598263E-8
1934	1.5227440989598263E-8
1935	1.5227440989598263E-8
1936	1.5227440989598263E-8
1937	1.5227440989598263E-8
1938	1.5160497213690446E-8
1939	1.5160497213690446E-8
1940	1.5160497213690446E-8
1941	1.5160497213690446E-8
1942	1.5159297646664755E-8
1943	1.5159297646664755E-8
1944	1.5159297646664755E-8
1945	1.5159297646664755E-8
1946	1.5159297646664755E-8
1947	1.5159297646664755E-8
1948	1.5159297646664755E-8
1949	1.510028369043328E-8
1950	1.510028369043328E-8
1951	1.510028369043328E-8
1952	1.510028369043328E-8
1953	1.510028369043328E-8
1954	1.510028369043328E-8
1955	1.510028369043328E-8
1956	1.510028369043328E-8
1957	1.510028369043328E-8
1958	1.510028369043328E-8
1959	1.510028369043328E-8
1960	1.510028369043328E-8
1961	1.510028369043328E-8
1962	1.510028369043328E-8
1963	1.510028369043328E-8
1964	1.510028369043328E-8
1965	1.510028369043328E-8
1966	1.510028369043328E-8
1967	1.510028369043328E-8
1968	8.859118612002038E-9
1969	8.858143279662691E-9
1970	8.854641007025449E-9
1971	8.854641007025449E-9
1972	8.854641007025449E-9
1973	8.854641007025449E-9
1974	8.854641007025449E-9
1975	7.25107832185401E-9
1976	7.25107832185401E-9
1977	7.25107832185401E-9
1978	7.25107832185401E-9
1979	6.9437880291386475E-9
1980	6.905034070090768E-9
1981	6.905034070090768E-9
1982	6.905034070090768E-9
1983	6.905034070090768E-9
1984	6.905034070090768E-9
1985	6.905034070090768E-9
1986	6.905034070090768E-9
1987	6.905034070090768E-9
1988	6.905034070090768E-9
1989	6.905034070090768E-9
1990	6.905034070090768E-9
1991	6.905034070090768E-9
1992	6.905034070090768E-9
1993	6.905034070090768E-9
1994	6.905034070090768E-9
1995	6.905034070090768E-9
1996	6.905034070090768E-9
1997	6.905034070090768E-9
1998	6.905034070090768E-9
1999	6.905034070090768E-9
2000	6.905034070090768E-9
2001	6.905034070090768E-9
2002	6.905034070090768E-9
2003	6.905034070090768E-9
2004	6.905034070090768E-9
2005	6.905034070090768E-9
2006	6.905034070090768E-9
2007	6.817237903855096E-9
2008	6.817237903855096E-9
2009	6.817237903855096E-9
2010	6.817237903855096E-9
2011	6.7486357716910375E-9
2012	6.7486357716910375E-9
2013	6.7486357716910375E-9
2014	6.7486357716910375E-9
2015	6.7486357716910375E-9
2016	6.7486357716910375E-9
2017	6.7486357716910375E-9
2018	6.7486357716910375E-9
2019	6.7486357716910375E-9
2020	6.7486357716910375E-9
2021	6.734375990995739E-9
2022	6.734375990995739E-9
2023	6.722554981400873E-9
2024	6.722554981400873E-9
2025	6.722554981400873E-9
2026	6.722554981400873E-9
2027	6.722554981400873E-9
2028	6.722554981400873E-9
2029	6.722554981400873E-9
2030	6.722554981400873E-9
2031	6.722554981400873E-9
2032	6.722554981400873E-9
2033	6.722554981400873E-9
2034	6.722554981400873E-9
2035	6.722554981400873E-9
2036	6.722554981400873E-9
2037	6.722554981400873E-9
2038	6.722554981400873E-9
2039	6.722554981400873E-9
2040	6.722554981400873E-9
2041	6.699471390447343E-9
2042	6.0922772917174454E-9
2043	6.0922772917174454E-9
2044	6.0922772917174454E-9
2045	6.0922772917174454E-9
2046	6.0922772917174454E-9
2047	6.0922772917174454E-9
2048	6.0922772917174454E-9
2049	6.0922772917174454E-9
2050	6.0922772917174454E-9
2051	6.0196429982292195E-9
2052	6.0196429982292195E-9
2053	6.0196429982292195E-9
2054	6.0196429982292195E-9
2055	6.0196429982292195E-9
2056	6.0196429982292195E-9
2057	6.0196429982292195E-9
2058	6.0196429982292195E-9
2059	6.0196429982292195E-9
2060	6.0196429982292195E-9
2061	6.004755481154688E-9
2062	6.004755481154688E-9
2063	6.004409621359581E-9
2064	6.004409621359581E-9
2065	6.004409621359581E-9
2066	6.004409621359581E-9
2067	6.004409621359581E-9
2068	6.004409621359581E-9
2069	6.004409621359581E-9
2070	6.004409621359581E-9
2071	6.004409621359581E-9
2072	6.004409621359581E-9
2073	5.926394758594792E-9
2074	5.926394758594792E-9
2075	5.926394758594792E-9
2076	5.926394758594792E-9
2077	5.926394758594792E-9
2078	5.926394758594792E-9
2079	5.926394758594792E-9
2080	5.926394758594792E-9
2081	5.926394758594792E-9
2082	5.926394758594792E-9
2083	5.926394758594792E-9
2084	5.926394758594792E-9
2085	5.926394758594792E-9
2086	5.92539317801766E-9
2087	5.760155408469091E-9
2088	5.760155408469091E-9
2089	5.760155408469091E-9
2090	5.742437890519256E-9
2091	5.742437890519256E-9
2092	5.7390333134042914E-9
2093	5.7390333134042914E-9
2094	5.7390333134042914E-9
2095	1.8186654405484843E-9
2096	1.8186654405484843E-9
2097	1.8186654405484843E-9
2098	1.8186654405484843E-9
2099	1.8186654405484843E-9
2100	1.8186654405484843E-9
2101	1.8186654405484843E-9
2102	1.8186654405484843E-9
2103	1.7360561692890602E-9
2104	1.7360561692890602E-9
2105	1.7359719754807943E-9
2106	1.7359719754807943E-9
2107	1.7359719754807943E-9
2108	1.7359719754807943E-9
2109	1.727713816504576E-9
2110	1.727713816504576E-9
2111	1.6396809129601336E-9
2112	1.6396809129601336E-9
2113	1.6396809129601336E-9
2114	1.6396809129601336E-9
2115	1.6396809129601336E-9
2116	1.6396809129601336E-9
2117	1.6396809129601336E-9
2118	1.6396809129601336E-9
2119	1.6389613804795963E-9
2120	1.63886085066361E-9
2121	1.63886085066361E-9
2122	1.6356997425443074E-9
2123	1.6356997425443074E-9
2124	1.6356997425443074E-9
2125	1.6356997425443074E-9
2126	1.6356997425443074E-9
2127	1.6356997425443074E-9
2128	1.6356997425443074E-9
2129	1.6356997425443074E-9
2130	1.6356997425443074E-9
2131	1.6343572809024555E-9
2132	1.6343572809024555E-9
2133	1.6338648176050346E-9
2134	1.6294150262780046E-9
2135	1.6294150262780046E-9
2136	1.6294150262780046E-9
2137	1.627433997350218E-9
2138	1.627076064289699E-9
2139	1.627076064289699E-9
2140	1.627076064289699E-9
2141	1.627076064289699E-9
2142	1.6267524696186274E-9
2143	1.6267524696186274E-9
2144	1.6267524696186274E-9
2145	1.6267524696186274E-9
2146	1.6267524696186274E-9
2147	1.6267524696186274E-9
2148	1.6226061103664953E-9
2149	1.6226061103664953E-9
2150	1.621405099008514E-9
2151	1.6191069479234111E-9
2152	1.6191069479234111E-9
2153	1.6191069479234111E-9
2154	1.6191069479234111E-9
2155	1.6191069479234111E-9
2156	1.6191069479234111E-9
2157	1.6182790715880086E-9
2158	1.6182790715880086E-9
2159	1.6182790715880086E-9
2160	1.6182790715880086E-9
2161	1.6182790715880086E-9
2162	1.6162290793976187E-9
2163	1.6162290793976187E-9
2164	1.6162290793976187E-9
2165	1.6162290793976187E-9
2166	1.6162290793976187E-9
2167	1.6162290793976187E-9
2168	1.6162290793976187E-9
2169	1.6162290793976187E-9
2170	1.6162290793976187E-9
2171	1.6162290793976187E-9
2172	1.6162290793976187E-9
2173	1.6162290793976187E-9
2174	1.6162290793976187E-9
2175	1.6162290793976187E-9
2176	1.6162290793976187E-9
2177	1.6162290793976187E-9
2178	1.6162290793976187E-9
2179	1.6162290793976187E-9
2180	1.6162290793976187E-9
2181	1.6162290793976187E-9
2182	1.6129122959332758E-9
2183	1.6129122959332758E-9
2184	1.6129122959332758E-9
2185	1.5668581102780633E-9
2186	1.5668581102780633E-9
2187	1.5668581102780633E-9
2188	1.5668581102780633E-9
2189	1.5668581102780633E-9
2190	1.5668581102780633E-9
2191	1.5668581102780633E-9
2192	1.5651604898414391E-9
2193	1.5651604898414391E-9
2194	1.5645160762666839E-9
2195	1.5645160762666839E-9
2196	1.539184845752463E-9
2197	1.539184845752463E-9
2198	1.5384683361609735E-9
2199	1.5384683361609735E-9
2200	1.5384683361609735E-9
2201	1.5384683361609735E-9
2202	1.5384683361609735E-9
2203	1.5384683361609735E-9
2204	1.5384683361609735E-9
2205	1.5384683361609735E-9
2206	1.5384683361609735E-9
2207	1.538409264318251E-9
2208	1.538409264318251E-9
2209	1.538409264318251E-9
2210	1.536966705498385E-9
2211	1.536966705498385E-9
2212	1.5368581444432306E-9
2213	1.5368581444432306E-9
2214	1.5368581444432306E-9
2215	1.4978476289158166E-9
2216	1.4978476289158166E-9
2217	1.4978476289158166E-9
2218	1.4978476289158166E-9
2219	1.4937024247099171E-9
2220	1.4937024247099171E-9
2221	1.4937024247099171E-9
2222	1.4937024247099171E-9
2223	1.4937024247099171E-9
2224	1.4937024247099171E-9
2225	1.4937024247099171E-9
2226	1.4937024247099171E-9
2227	1.4937024247099171E-9
2228	1.4937024247099171E-9
2229	1.4937024247099171E-9
2230	1.4937024247099171E-9
2231	1.4937024247099171E-9
2232	1.4936248461642756E-9
2233	1.4936248461642756E-9
2234	1.4936248461642756E-9
2235	1.4936248461642756E-9
2236	1.4936248461642756E-9
2237	1.4560902990876266E-9
2238	1.4560902990876266E-9
2239	1.3946172346814365E-9
2240	1.3946172346814365E-9
2241	1.3946172346814365E-9
2242	1.3946172346814365E-9
2243	1.3946172346814365E-9
2244	1.3946172346814365E-9
2245	1.3946172346814365E-9
2246	8.230185541603102E-10
2247	8.230185541603102E-10
2248	8.230185541603102E-10
2249	8.230185541603102E-10
2250	8.230185541603102E-10
2251	6.759040521499813E-10
2252	6.759040521499813E-10
2253	6.759040521499813E-10
2254	6.759040521499813E-10
2255	6.759040521499813E-10
2256	6.759040521499813E-10
2257	6.759040521499813E-10
2258	6.759040521499813E-10
2259	6.759040521499813E-10
2260	6.759040521499813E-10
2261	6.759040521499813E-10
2262	6.759040521499813E-10
2263	6.756419162760329E-10
2264	6.756419162760329E-10
2265	6.756328338870279E-10
2266	6.756328338870279E-10
2267	6.756328338870279E-10
2268	6.756328338870279E-10
2269	6.756328338870279E-10
2270	6.731425796967223E-10
2271	6.731425796967223E-10
2272	6.731425796967223E-10
2273	6.731425796967223E-10
2274	6.731425796967223E-10
2275	6.596181390318775E-10
2276	6.596181390318775E-10
2277	6.596181390318775E-10
2278	6.596181390318775E-10
2279	6.596181390318775E-10
2280	6.596181390318775E-10
2281	6.596181390318775E-10
2282	6.596181390318775E-10
2283	6.505251451762088E-10
2284	6.505251451762088E-10
2285	6.505251451762088E-10
2286	6.500046436961801E-10
2287	6.500046436961801E-10
2288	6.500046436961801E-10
2289	4.223043304504274E-10
2290	4.223043304504274E-10
2291	4.223043304504274E-10
2292	4.218380371090545E-10
2293	4.2178971359198554E-10
2294	2.9633814693717685E-10
2295	2.9633814693717685E-10
2296	2.9633814693717685E-10
2297	2.9633814693717685E-10
2298	2.9633814693717685E-10
2299	2.9633814693717685E-10
2300	2.9633814693717685E-10
2301	2.9633814693717685E-10
2302	2.9633814693717685E-10
2303	2.963350287873587E-10
2304	2.963350287873587E-10
2305	2.963350287873587E-10
2306	2.963350287873587E-10
2307	2.963350287873587E-10
2308	2.963350287873587E-10
2309	2.963187260812145E-10
2310	2.963187260812145E-10
2311	2.963187260812145E-10
2312	2.963187260812145E-10
2313	2.963187260812145E-10
2314	2.963187260812145E-10
2315	2.963187260812145E-10
2316	2.963187260812145E-10
2317	2.963187260812145E-10
2318	2.963187260812145E-10
2319	2.963187260812145E-10
2320	2.9631229078658817E-10
2321	2.9630835127619635E-10
2322	2.9630835127619635E-10
2323	2.9630835127619635E-10
2324	2.9630235237074174E-10
2325	2.9630235237074174E-10
2326	2.9630235237074174E-10
2327	2.9630235237074174E-10
2328	2.9630235237074174E-10
2329	2.9630235237074174E-10
2330	2.9630235237074174E-10
2331	2.9630235237074174E-10
2332	2.9630235237074174E-10
2333	2.9630235237074174E-10
2334	2.9630235237074174E-10
2335	2.9630235237074174E-10
2336	2.9630235237074174E-10
2337	2.9630235237074174E-10
2338	2.9630235237074174E-10
2339	2.9630235237074174E-10
2340	2.9630235237074174E-10
2341	2.9630235237074174E-10
2342	2.9630235237074174E-10
2343	2.9630128935951303E-10
2344	2.9630128935951303E-10
2345	2.9630128935951303E-10
2346	2.960029079487319E-10
2347	2.960029079487319E-10
2348	2.960029079487319E-10
2349	2.960029079487319E-10
2350	2.959464040570622E-10
2351	2.959464040570622E-10
2352	2.887665723750522E-10
2353	2.8872810584235005E-10
2354	2.8872810584235005E-10
2355	2.8872810584235005E-10
2356	2.8872810584235005E-10
2357	2.8872387985830115E-10
2358	2.8872387985830115E-10
2359	2.8872387985830115E-10
2360	2.8872387985830115E-10
2361	2.8872387985830115E-10
2362	2.8790605636353294E-10
2363	2.8790605636353294E-10
2364	2.8786462408850094E-10
2365	2.875258398552973E-10
2366	2.875258398552973E-10
2367	2.875258398552973E-10
2368	1.309533194799732E-10
2369	1.309533194799732E-10
2370	1.309533194799732E-10
2371	1.309533194799732E-10
2372	1.309533194799732E-10
2373	1.309533194799732E-10
2374	1.309533194799732E-10
2375	1.3092291447963495E-10
2376	1.3092291447963495E-10
2377	1.3092291447963495E-10
2378	1.3092291447963495E-10
2379	1.3092291447963495E-10
2380	1.3092291447963495E-10
2381	1.3092291447963495E-10
2382	1.3090578941707057E-10
2383	1.3090578941707057E-10
2384	1.3090578941707057E-10
2385	1.308908562653189E-10
2386	1.307893341483463E-10
2387	1.307893341483463E-10
2388	1.307893341483463E-10
2389	1.307893341483463E-10
2390	1.2934772337677974E-10
2391	1.293459479721018E-10
2392	1.293459479721018E-10
2393	1.293459479721018E-10
2394	1.293459479721018E-10
2395	1.293459479721018E-10
2396	1.293459479721018E-10
2397	1.293459479721018E-10
2398	1.293459479721018E-10
2399	1.293459479721018E-10
2400	1.2934564397162754E-10
2401	1.2934564397162754E-10
2402	1.293427474946037E-10
2403	1.2934077815727853E-10
2404	1.2934077815727853E-10
2405	1.2934077815727853E-10
2406	1.2934077815727853E-10
2407	1.2931736839906386E-10
2408	1.2931736839906386E-10
2409	1.2931736839906386E-10
2410	1.2931736839906386E-10
2411	1.2931736839906386E-10
2412	1.2931736839906386E-10
2413	1.293166444035522E-10
2414	1.293166444035522E-10
2415	1.293166444035522E-10
2416	1.2930280274607926E-10
2417	1.2930280274607926E-10
2418	1.2930280274607926E-10
2419	1.2924050927404968E-10
2420	1.2924050927404968E-10
2421	1.2924050927404968E-10
2422	1.2924050927404968E-10
2423	1.2923566140467886E-10
2424	1.2923519917685914E-10
2425	1.2923519917685914E-10
2426	1.2923519917685914E-10
2427	1.2923519917685914E-10
2428	1.2923519917685914E-10
2429	1.2923519917685914E-10
2430	1.0193309667240025E-10
2431	1.0193309667240025E-10
2432	1.0193309667240025E-10
2433	1.0193309667240025E-10
2434	1.0138128281495383E-10
2435	1.013699187591525E-10
2436	1.013699187591525E-10
2437	1.0135792996509916E-10
2438	1.0135792996509916E-10
2439	1.0135792996509916E-10
2440	3.694032370595E-11
2441	3.6939913840627447E-11
2442	3.683330068357044E-11
2443	9.109201602875101E-12
2444	9.109201602875101E-12
2445	9.109201602875101E-12
2446	9.109201602875101E-12
2447	9.109201602875101E-12
2448	9.109201602875101E-12
2449	9.109201602875101E-12
2450	9.09766506339615E-12
2451	9.09766506339615E-12
2452	9.09766506339615E-12
2453	9.09766506339615E-12
2454	9.089085502554219E-12
2455	9.089085502554219E-12
2456	9.089085502554219E-12
2457	9.089085502554219E-12
2458	9.089085502554219E-12
2459	9.089085502554219E-12
2460	9.089085502554219E-12
2461	9.089085502554219E-12
2462	9.089085502554219E-12
2463	9.089044940677832E-12
2464	9.089044940677832E-12
2465	9.089044940677832E-12
2466	9.089044940677832E-12
2467	9.088100307172675E-12
2468	9.088100307172675E-12
2469	9.088100307172675E-12
2470	9.088100307172675E-12
2471	9.088100307172675E-12
2472	9.088009684268352E-12
2473	9.06761846697935E-12
2474	9.06761846697935E-12
2475	9.06761846697935E-12
2476	9.06761846697935E-12
2477	9.066363196312033E-12
2478	9.066363196312033E-12
2479	9.066363196312033E-12
2480	9.066363196312033E-12
2481	9.066363196312033E-12
2482	4.8181762920274465E-12
2483	4.8181762920274465E-12
2484	4.8181762920274465E-12
2485	4.8181762920274465E-12
2486	4.8118030563469895E-12
2487	4.5895997053326625E-12
2488	4.565041427435764E-12
2489	4.565041427435764E-12
2490	4.387526124766727E-12
2491	4.387526124766727E-12
2492	4.238876636451901E-12
2493	4.238876636451901E-12
2494	4.236307790871927E-12
2495	4.236307790871927E-12
2496	4.236307790871927E-12
2497	4.236307790871927E-12
2498	4.236307790871927E-12
2499	4.236307790871927E-12
2500	4.236307790871927E-12
2501	4.236307790871927E-12
2502	4.236307790871927E-12
2503	4.236307790871927E-12
2504	3.968748619438252E-12
2505	3.953416828876414E-12
2506	3.953416828876414E-12
2507	3.953416828876414E-12
2508	3.953416828876414E-12
2509	3.953416828876414E-12
2510	3.953416828876414E-12
2511	3.772960789314076E-12
2512	3.772623170985738E-12
2513	3.772623170985738E-12
2514	3.772623170985738E-12
2515	3.772623170985738E-12
2516	3.772623170985738E-12
2517	3.772623170985738E-12
2518	3.772623170985738E-12
2519	3.770313383691325E-12
2520	3.757581686557282E-12
2521	3.757581686557282E-12
2522	3.757581686557282E-12
2523	3.757581686557282E-12
2524	3.757581686557282E-12
2525	3.757581686557282E-12
2526	3.757581686557282E-12
2527	3.757581686557282E-12
2528	3.757581686557282E-12
2529	3.757581686557282E-12
2530	3.757581686557282E-12
2531	3.757475034239623E-12
2532	1.9008887541418433E-12
2533	1.9008887541418433E-12
2534	1.9008887541418433E-12
2535	1.9008887541418433E-12
2536	1.8899528563393305E-12
2537	1.8899528563393305E-12
2538	1.8899528563393305E-12
2539	1.8899528563393305E-12
2540	1.8899528563393305E-12
2541	1.8899528563393305E-12
2542	1.8899528563393305E-12
2543	1.8899528563393305E-12
2544	1.8899528563393305E-12
2545	1.8899528563393305E-12
2546	1.8899528563393305E-12
2547	1.8899528563393305E-12
2548	1.8899528563393305E-12
2549	1.8896456463067303E-12
2550	1.888823241483054E-12
2551	1.821825872674838E-12
2552	1.821825872674838E-12
2553	1.4638583046822326E-12
2554	1.4638583046822326E-12
2555	1.4638583046822326E-12
2556	1.4638583046822326E-12
2557	1.4638583046822326E-12
2558	1.4638583046822326E-12
2559	1.4638583046822326E-12
2560	1.4568528305156848E-12
2561	1.4568528305156848E-12
2562	1.4568528305156848E-12
2563	1.4568528305156848E-12
2564	1.4568528305156848E-12
2565	1.4568528305156848E-12
2566	1.4568528305156848E-12
2567	1.4568528305156848E-12
2568	1.4568528305156848E-12
2569	1.4568528305156848E-12
2570	1.4568528305156848E-12
2571	1.4568528305156848E-12
2572	1.4568528305156848E-12
2573	1.4539013804789512E-12
2574	1.4539013804789512E-12
2575	1.4538621022066531E-12
2576	1.4538621022066531E-12
2577	1.4538621022066531E-12
2578	1.4538621022066531E-12
2579	1.4538621022066531E-12
2580	1.4493338765569672E-12
2581	1.4493338765569672E-12
2582	1.4493338765569672E-12
2583	1.4493338765569672E-12
2584	1.4493338765569672E-12
2585	1.4493338765569672E-12
2586	1.4493338765569672E-12
2587	1.4493338765569672E-12
2588	1.4493338765569672E-12
2589	1.4493338765569672E-12
2590	1.1645408139319951E-12
2591	1.1645408139319951E-12
2592	1.154847712227222E-12
2593	1.154847712227222E-12
2594	1.154847712227222E-12
2595	1.147850447095824E-12
2596	1.147850447095824E-12
2597	1.147850447095824E-12
2598	1.147850447095824E-12
2599	1.147850447095824E-12
2600	1.147850447095824E-12
2601	1.1222355682567269E-12
2602	1.1222355682567269E-12
2603	1.1220973979166846E-12
2604	1.1204060344333781E-12
2605	1.1204060344333781E-12
2606	1.1204060344333781E-12
2607	1.1152948920331505E-12
2608	1.1152948920331505E-12
2609	1.115193798316936E-12
2610	1.115193798316936E-12
2611	1.115193798316936E-12
2612	1.115193798316936E-12
2613	1.115193798316936E-12
2614	1.1147479245262881E-12
2615	1.1118609616750311E-12
2616	1.1118609616750311E-12
2617	1.1118609616750311E-12
2618	1.1118609616750311E-12
2619	1.1118609616750311E-12
2620	1.1118609616750311E-12
2621	1.1116195032273291E-12
2622	1.1116195032273291E-12
2623	1.1115451612718103E-12
2624	1.1115451612718103E-12
2625	1.1115451612718103E-12
2626	1.1099278152517452E-12
2627	1.1099278152517452E-12
2628	1.1099278152517452E-12
2629	1.1098706407256687E-12
2630	1.1098706407256687E-12
2631	1.1098706407256687E-12
2632	1.1098706407256687E-12
2633	1.1098706407256687E-12
2634	1.1092165933875926E-12
2635	1.108940545134869E-12
2636	1.108940545134869E-12
2637	1.108940545134869E-12
2638	1.108940545134869E-12
2639	1.108940545134869E-12
2640	1.108940545134869E-12
2641	1.108940545134869E-12
2642	1.108940545134869E-12
2643	1.1066367873038047E-12
2644	1.1066181192062775E-12
2645	1.1066181192062775E-12
2646	1.1066181192062775E-12
2647	1.1066181192062775E-12
2648	1.1066181192062775E-12
2649	1.1066181192062775E-12
2650	1.1066181192062775E-12
2651	1.1066181192062775E-12
2652	1.1066181115069534E-12
2653	1.1066181115069534E-12
2654	1.1062580952912543E-12
2655	1.1062580952912543E-12
2656	1.1062580952912543E-12
2657	1.1061046258997818E-12
2658	1.1061046258997818E-12
2659	1.1058003890664965E-12
2660	1.1058003890664965E-12
2661	1.1058003890664965E-12
2662	1.1058003890664965E-12
2663	1.1057936571880448E-12
2664	1.1057936571880448E-12
2665	1.1057936571880448E-12
2666	1.046859239121512E-12
2667	1.0468583490700845E-12
2668	1.0468583490700845E-12
2669	1.0468583490700845E-12
2670	1.0468583490700845E-12
2671	1.0468583490700845E-12
2672	1.0468583490700845E-12
2673	1.0468583490700845E-12
2674	1.0468581590724711E-12
2675	1.0468581590724711E-12
2676	1.0468581590724711E-12
2677	9.00229224946755E-14
2678	9.00229224946755E-14
2679	9.00229224946755E-14
2680	8.903321493643704E-14
2681	8.903321493643704E-14
2682	8.903321493643704E-14
2683	8.903321493643704E-14
2684	8.903321493643704E-14
2685	8.903321493643704E-14
2686	8.550052846717545E-14
2687	8.550052846717545E-14
2688	7.649302231890786E-14
2689	7.649302231890786E-14
2690	7.649302231890786E-14
2691	7.642861388866105E-14
2692	7.642861388866105E-14
2693	7.642861388866105E-14
2694	7.62820071305781E-14
2695	7.62820071305781E-14
2696	7.62820071305781E-14
2697	7.62820071305781E-14
2698	7.62820071305781E-14
2699	7.62820071305781E-14
2700	7.62820071305781E-14
2701	7.62820071305781E-14
2702	7.62820071305781E-14
2703	7.62820071305781E-14
2704	7.62820071305781E-14
2705	7.627671318330169E-14
2706	7.48438519705753E-14
2707	7.478184854992306E-14
2708	7.478184854992306E-14
2709	7.478184854992306E-14
2710	7.478184854992306E-14
2711	7.478184854992306E-14
2712	4.955941917400812E-14
2713	4.955941917400812E-14
2714	4.945383570658447E-14
2715	4.945383570658447E-14
2716	4.945383570658447E-14
2717	4.945383570658447E-14
2718	4.944629533625657E-14
2719	4.944101785516491E-14
2720	4.944101785516491E-14
2721	4.944101785516491E-14
2722	4.944101785516491E-14
2723	4.944101785516491E-14
2724	4.944101785516491E-14
2725	4.944101785516491E-14
2726	4.944101785516491E-14
2727	4.944101785516491E-14
2728	4.944101785516491E-14
2729	4.940138794577005E-14
2730	4.932676552406689E-14
2731	4.806284294803058E-14
2732	4.806284294803058E-14
2733	4.806284294803058E-14
2734	4.806279128570784E-14
2735	4.806279128570784E-14
2736	4.1323553980514535E-14
2737	4.1323553980514535E-14
2738	4.018219537179482E-14
2739	4.018219537179482E-14
2740	3.996480784350425E-14
2741	3.996480784350425E-14
2742	3.996480784350425E-14
2743	3.996480784350425E-14
2744	3.996480784350425E-14
2745	3.996480784350425E-14
2746	3.996480784350425E-14
2747	3.996480784350425E-14
2748	3.978603599764263E-14
2749	3.978603599764263E-14
2750	3.978603599764263E-14
2751	3.978554042682314E-14
2752	3.974864642875717E-14
2753	3.967589900766858E-14
2754	3.967589900766858E-14
2755	3.656173507279119E-14
2756	3.6516018045149914E-14
2757	3.6516018045149914E-14
2758	3.6516018045149914E-14
2759	3.6516018045149914E-14
2760	3.6516018045149914E-14
2761	3.6516018045149914E-14
2762	3.6516018045149914E-14
2763	3.6516018045149914E-14
2764	3.6516018045149914E-14
2765	3.6516018045149914E-14
2766	3.635841088547797E-14
2767	3.635819176432629E-14
2768	3.635819176432629E-14
2769	3.635819176432629E-14
2770	3.4745491496650696E-14
2771	3.4745491496650696E-14
2772	3.4745491496650696E-14
2773	3.4745491496650696E-14
2774	3.4745491496650696E-14
2775	3.4745491496650696E-14
2776	3.25481012177506E-14
2777	3.248714602844908E-14
2778	3.230581783849056E-14
2779	3.230581783849056E-14
2780	3.230581783849056E-14
2781	3.230581783849056E-14
2782	3.1415822198613436E-14
2783	3.1415822198613436E-14
2784	3.1415822198613436E-14
2785	3.1415822198613436E-14
2786	3.1415822198613436E-14
2787	3.1415822198613436E-14
2788	3.1415822198613436E-14
2789	3.1415822198613436E-14
2790	3.1415732500205106E-14
2791	3.1415732500205106E-14
2792	3.133216439244616E-14
2793	3.133216439244616E-14
2794	3.133216439244616E-14
2795	3.133216439244616E-14
2796	3.133216439244616E-14
2797	3.133216439244616E-14
2798	3.133216439244616E-14
2799	3.1329497598824105E-14
2800	3.1329497598824105E-14
2801	3.1329497598824105E-14
2802	3.132179679288119E-14
2803	3.132179679288119E-14
2804	3.132179679288119E-14
2805	3.1320632487675464E-14
2806	3.1320632487675464E-14
2807	3.1320632487675464E-14
2808	3.1320632487675464E-14
2809	2.988905554792384E-14
2810	2.988056953395784E-14
2811	2.988056953395784E-14
2812	2.988056953395784E-14
2813	2.988056953395784E-14
2814	2.988056953395784E-14
2815	2.9869732482257544E-14
2816	2.9869732482257544E-14
2817	2.9869732482257544E-14
2818	2.9869732482257544E-14
2819	2.9869732482257544E-14
2820	2.986025080088667E-14
2821	2.986025080088667E-14
2822	2.97945066984304E-14
2823	2.97945066984304E-14
2824	2.97945066984304E-14
2825	2.97945066984304E-14
2826	2.97945066984304E-14
2827	2.97945066984304E-14
2828	2.9748097239998165E-14
2829	2.9748097239998165E-14
2830	2.9748097239998165E-14
2831	2.9748097239998165E-14
2832	2.9748097239998165E-14
2833	2.9748097239998165E-14
2834	2.9748097239998165E-14
2835	2.5894990238819916E-14
2836	2.5894990238819916E-14
2837	2.5858846855159624E-14
2838	2.5858846855159624E-14
2839	2.5858846855159624E-14
2840	2.5858846855159624E-14
2841	2.5858846855159624E-14
2842	2.5858846855159624E-14
2843	2.5858846855159624E-14
2844	2.5858846855159624E-14
2845	2.5858846855159624E-14
2846	2.5858846855159624E-14
2847	2.5858846855159624E-14
2848	2.585879859576071E-14
2849	2.5858528542969E-14
2850	2.5858528542969E-14
2851	2.5858528542969E-14
2852	2.5858528542969E-14
2853	2.5858528542969E-14
2854	2.5858528542969E-14
2855	2.5858528542969E-14
2856	2.5858528542969E-14
2857	2.5858528542969E-14
2858	2.5858501536702957E-14
2859	2.5858501536702957E-14
2860	2.5858501536702957E-14
2861	2.5858501536702957E-14
2862	2.5858501536702957E-14
2863	2.5858501536702957E-14
2864	2.5858501536702957E-14
2865	2.5858501536702957E-14
2866	2.5858501536702957E-14
2867	2.5858501536702957E-14
2868	2.5858320417381637E-14
2869	2.5858320417381637E-14
2870	2.5857128420868138E-14
2871	2.5857128420868138E-14
2872	2.5857128420868138E-14
2873	2.5857128420868138E-14
2874	2.5857128420868138E-14
2875	2.5857128420868138E-14
2876	2.5849201013334952E-14
2877	2.5842795467225703E-14
2878	4.769389299007678E-15
2879	4.769389299007678E-15
2880	4.733793806079273E-15
2881	3.9214705029100275E-15
2882	3.9214705029100275E-15
2883	3.9214705029100275E-15
2884	3.9214705029100275E-15
2885	3.9214705029100275E-15
2886	3.9214705029100275E-15
2887	3.9214705029100275E-15
2888	3.9214705029100275E-15
2889	3.9214705029100275E-15
2890	3.919246692862366E-15
2891	3.919246692862366E-15
2892	3.919246692862366E-15
2893	3.919118212750724E-15
2894	3.919118212750724E-15
2895	3.919118212750724E-15
2896	3.919118212750724E-15
2897	3.918803825891588E-15
2898	3.918803825891588E-15
2899	3.904984165584006E-15
2900	3.904984165584006E-15
2901	3.904984165584006E-15
2902	3.904984165584006E-15
2903	3.904984165584006E-15
2904	3.677336318297424E-15
2905	3.677336318297424E-15
2906	3.677336318297424E-15
2907	3.677336318297424E-15
2908	3.677336318297424E-15
2909	3.676996287508913E-15
2910	3.676996287508913E-15
2911	3.676996287508913E-15
2912	3.676996287508913E-15
2913	3.676996287508913E-15
2914	3.676996287508913E-15
2915	3.676996287508913E-15
2916	3.676996287508913E-15
2917	3.676996287508913E-15
2918	3.676996287508913E-15
2919	3.656213095790961E-15
2920	3.653883581961952E-15
2921	3.653883581961952E-15
2922	3.653883581961952E-15
2923	3.5805601286985956E-15
2924	3.580262730548036E-15
2925	3.572766657659663E-15
2926	3.572766657659663E-15
2927	3.572766657659663E-15
2928	3.571769388741281E-15
2929	3.571769388741281E-15
2930	3.571769388741281E-15
2931	3.571765735717775E-15
2932	3.571765735717775E-15
2933	3.571765735717775E-15
2934	3.571765735717775E-15
2935	3.571765735717775E-15
2936	3.571765735717775E-15
2937	3.571765735717775E-15
2938	3.571765735717775E-15
2939	3.571765735717775E-15
2940	3.571743646189248E-15
2941	3.571640542356195E-15
2942	3.567093347078453E-15
2943	3.567093347078453E-15
2944	3.567093347078453E-15
2945	3.567093347078453E-15
2946	2.9005757745581948E-15
2947	2.8887290313552986E-15
2948	2.8887290313552986E-15
2949	2.8887290313552986E-15
2950	6.5250394569626E-16
2951	6.525010365488977E-16
2952	6.525010365488977E-16
2953	6.525010365488977E-16
2954	6.525010365488977E-16
2955	6.522859177898714E-16
2956	6.522859177898714E-16
2957	6.516517933394564E-16
2958	6.501440335413607E-16
2959	6.501440335413607E-16
2960	6.500960459888119E-16
2961	6.500960459888119E-16
2962	6.500960459888119E-16
2963	6.500960459888119E-16
2964	6.500960459888119E-16
2965	6.50090940525058E-16
2966	6.50090940525058E-16
2967	6.50090940525058E-16
2968	6.50090940525058E-16
2969	6.50090940525058E-16
2970	6.500517419981019E-16
2971	6.500517419981019E-16
2972	6.500302604536865E-16
2973	6.500302604536865E-16
2974	6.490806800942726E-16
2975	6.4907679198614E-16
2976	6.4907679198614E-16
2977	6.4907679198614E-16
2978	6.4907679198614E-16
2979	6.490759716862626E-16
2980	6.490759716862626E-16
2981	6.490591983640268E-16
2982	6.490591983640268E-16
2983	6.140329318140784E-16
2984	4.738486146098474E-16
2985	4.738486146098474E-16
2986	4.738486146098474E-16
2987	4.738486146098474E-16
2988	3.820720237221423E-16
2989	3.820720237221423E-16
2990	3.820720237221423E-16
2991	3.820654981508575E-16
2992	3.820654981508575E-16
2993	3.820654981508575E-16
2994	3.820654981508575E-16
2995	3.43473802494133E-16
2996	3.4340402057572734E-16
2997	3.4340402057572734E-16
2998	3.4340402057572734E-16
2999	3.4340386567908944E-16
3000	3.4340386567908944E-16
