1	1.562484607643056E8
2	1.2968767062012532E8
3	1.1410463015849113E8
4	9.529886681161879E7
5	8.478147380706008E7
6	7.932732026811808E7
7	7.315860494370869E7
8	6.788279017781277E7
9	6.437049860027747E7
10	5.797207868874981E7
11	5.344449365867411E7
12	4.837324688103662E7
13	4.6214113563238956E7
14	4.46358288801829E7
15	4.342665996422059E7
16	4.218109171763504E7
17	3.931287072308323E7
18	3.730706593950137E7
19	3.378010526838826E7
20	3.3222421490703415E7
21	3.056888062373586E7
22	2.941477445527089E7
23	2.8062443236954797E7
24	2.584236603789361E7
25	2.5099001517950192E7
26	2.4128167992614012E7
27	2.2677333796330705E7
28	2.0251103224094514E7
29	1.9606381583311155E7
30	1.8811978533630725E7
31	1.7516849419137035E7
32	1.6258157430500723E7
33	1.5529445891054498E7
34	1.5126790607326167E7
35	1.451013406798079E7
36	1.3725151558364451E7
37	1.2258080330670845E7
38	1.1894240483016651E7
39	1.1156628761475224E7
40	1.1053239491799276E7
41	1.0772471518407112E7
42	1.0576922213125609E7
43	1.0574658555026598E7
44	1.0404924640310746E7
45	9633212.09053253
46	8992389.539132452
47	8316124.756926838
48	8278151.44675714
49	7948260.426383365
50	7572982.17704289
51	7198452.489061121
52	7179858.652009767
53	7077045.66523572
54	6901965.006918872
55	6518445.826983184
56	6216469.107054933
57	6002943.488149027
58	5747826.253305961
59	5393923.012877691
60	5122303.219818028
61	4875487.77616339
62	4581103.806647872
63	4574863.947825817
64	4145627.957035205
65	3955399.850759121
66	3896861.1600202867
67	3723775.9661529255
68	3566378.281131299
69	3315937.898292425
70	3163904.3535277587
71	3107367.236420282
72	3030712.7248117146
73	2796670.7103309394
74	2550395.3029792113
75	2435935.4946688996
76	2323608.723268571
77	2209063.8172144685
78	1984564.3964773992
79	1954459.2889605686
80	1781286.8711695326
81	1771562.0097521858
82	1655635.484913144
83	1608029.2807574782
84	1544461.3580101924
85	1434609.2166546732
86	1313889.275039109
87	1294957.1760956524
88	1271491.208013448
89	1250254.356383866
90	1227333.8054426236
91	1165042.2434515462
92	1019114.6687897231
93	1017497.8336787053
94	946969.0323517586
95	889316.9348728961
96	844110.0828779092
97	812833.681179004
98	769148.4811097131
99	758753.9549561958
100	717460.8342599801
101	685049.2434181634
102	648644.6533557841
103	612707.19283726
104	571787.6226144334
105	562580.1439378596
106	535433.6471277523
107	526496.6654907129
108	524473.1050366209
109	495697.24528399913
110	458771.8907281825
111	432255.9159118681
112	410771.1783733591
113	402416.87076688657
114	366992.4562999793
115	352736.8818960022
116	338438.57505208254
117	320189.1567404555
118	304259.36439547624
119	286082.9691508945
120	276033.83760016697
121	244916.22636626742
122	236135.1600421039
123	232845.22822301736
124	221795.45220050748
125	212073.38606657993
126	199679.48751833683
127	187042.40362767296
128	174538.5529850224
129	161616.57264374496
130	157005.32846289343
131	152937.48118746275
132	150705.78066318954
133	146895.4081438024
134	144996.74137738248
135	133903.27216222408
136	132459.78286891946
137	122591.12869053363
138	117823.13847971302
139	112729.3461130531
140	108458.79052597088
141	100706.627845494
142	96000.15138095133
143	91293.49864945501
144	84060.67645794034
145	78919.1758120428
146	77064.99415923207
147	75953.72899029087
148	74243.47166504685
149	72320.96377011437
150	65774.88578728154
151	64840.06684316603
152	62909.44644904765
153	61685.677623747084
154	60298.907146339625
155	59070.95187239006
156	55514.0765417237
157	53679.573668858386
158	51792.00743168293
159	50971.50558050812
160	47744.02104469765
161	44750.18966694761
162	42090.62081161734
163	41632.59740777977
164	40709.12412251129
165	39123.00045160832
166	38042.59896220977
167	36486.43434325071
168	34439.38090625066
169	33596.25484472668
170	30758.951101933326
171	29254.999811170794
172	28169.950599531505
173	27902.7570251403
174	26411.86462074055
175	26123.912669167894
176	24945.126289657626
177	24341.87390937783
178	23245.58144125339
179	22267.769619365918
180	21742.429402716152
181	21399.45889833262
182	20414.19001278536
183	19953.735551423033
184	19274.173631799225
185	18338.017200798855
186	16703.834448409416
187	16035.451213125507
188	15889.90003831105
189	14921.138811680163
190	14518.207457055703
191	13788.747486539365
192	13151.355884501072
193	12834.602490556863
194	12323.909573274512
195	12232.419486018563
196	11769.168054201964
197	11159.599295253121
198	10933.638140468454
199	10929.644543364118
200	10626.69298255495
201	10296.850370652575
202	9640.258449722305
203	9329.52647832951
204	8676.260779861694
205	8411.80857990345
206	7906.659952973106
207	7563.846464566026
208	7356.480636122487
209	7051.205032552075
210	7023.409366767609
211	6941.138875830021
212	6700.173008909272
213	6429.964138927718
214	6257.218171059062
215	5920.582534808128
216	5600.111188902223
217	5356.8597197116815
218	5174.360958094075
219	4934.048737548272
220	4846.12592420198
221	4798.138193118576
222	4675.990443525971
223	4397.283919493367
224	4280.407557070151
225	4098.831438455645
226	3979.2622157948717
227	3817.089630215579
228	3777.4450813804756
229	3651.513839633718
230	3579.3912458588197
231	3381.125106884571
232	3343.3451643420767
233	3291.938657899481
234	3164.2383889244497
235	3077.4143770159603
236	3016.1306139837593
237	3014.069610833074
238	2923.5522123675164
239	2812.777063355149
240	2672.007188884546
241	2583.7755998359426
242	2446.7625739951495
243	2346.493184645176
244	2295.1149324424528
245	2171.500244358654
246	2132.4460096700786
247	2070.4096643441653
248	2025.238856451587
249	1927.6765151975285
250	1905.3206830997822
251	1870.8531174893935
252	1806.37442572341
253	1770.7585916723538
254	1727.9838493930376
255	1698.5416151652291
256	1646.8545966963634
257	1625.9856289403356
258	1588.5163720004464
259	1468.8791539898027
260	1446.6101485319823
261	1385.8457519209571
262	1364.0444146673992
263	1323.084703776854
264	1322.368290981938
265	1305.20992847971
266	1274.9210776611683
267	1173.7346728671607
268	1142.2037420275149
269	1103.1709424660182
270	1068.0871537937394
271	1046.8055083343468
272	1046.8055083343468
273	1036.1099383856122
274	989.4834478021863
275	963.388242703583
276	910.0745039509333
277	877.7150179273991
278	849.7031973739573
279	805.6021308425193
280	791.6570830931431
281	781.6481042182345
282	768.1196846077805
283	731.6717945438776
284	720.7766823121527
285	707.5475718086467
286	679.4033954036418
287	659.2322939803514
288	653.7077230514268
289	640.7931223498176
290	620.4808722079594
291	608.1304424962304
292	600.7061651371182
293	586.3861551361128
294	564.7984824425913
295	560.4609167352274
296	550.3645152931819
297	525.8787227865828
298	524.4910559395729
299	516.4340614278891
300	508.4341553634711
301	500.7157994297519
302	487.58401435425293
303	483.57495013616136
304	474.50923847438384
305	468.96203165321384
306	453.8576232090564
307	444.6472518281206
308	437.53712521845875
309	430.319512037395
310	417.2801426273947
311	408.9528324511943
312	398.24557131906994
313	389.5296229389985
314	380.2540969601351
315	373.891714408052
316	367.2824628727529
317	365.7109062625124
318	359.3267370217206
319	353.8728739065737
320	353.66127965731107
321	344.29353181705375
322	330.3802952897961
323	320.5008204395795
324	306.3511392358384
325	299.3767680140355
326	296.7781721588423
327	295.5534762456007
328	293.56786827257423
329	288.6202297793279
330	286.81005447664495
331	283.7571509094943
332	277.3899390972385
333	271.26675874923734
334	268.3427274801486
335	266.52028074946213
336	258.18149882465866
337	251.6661673134216
338	247.99569026211503
339	241.92833834758588
340	240.090463554984
341	235.9919774040243
342	230.17563187651658
343	225.82251580035793
344	217.8218769620716
345	214.01540798613715
346	207.17862657991554
347	205.1176414979807
348	202.0746523456466
349	200.2113936674332
350	195.87987863936237
351	189.66368821269194
352	184.98929906941245
353	184.58181654309686
354	179.38558703405704
355	176.93863582712748
356	175.58403302016856
357	173.7614817332128
358	168.9260715487836
359	165.80509434793336
360	165.4309501891363
361	163.14450981975688
362	162.86685045941744
363	158.6844257040216
364	157.21100517241652
365	154.9028825500266
366	149.00435813033556
367	146.72115546263007
368	144.2022928527151
369	142.95628362275724
370	140.4992836770703
371	137.79982921574518
372	135.65163349756392
373	133.88660850535092
374	130.86536201477222
375	129.54750750005593
376	128.51463625716417
377	127.39859625424978
378	125.75575905793626
379	123.22133814376046
380	119.54190646242427
381	116.90542227993802
382	114.69440777157293
383	112.64194702001487
384	111.79664734021215
385	109.27975532527493
386	107.62695836312432
387	105.987388894995
388	105.0951517910347
389	105.01764375139345
390	103.27300271933092
391	102.10598717833902
392	101.48107250700372
393	100.04524458131783
394	99.1328257169551
395	97.65022463552643
396	96.58465991837322
397	95.2772074639568
398	93.49702040509382
399	92.94823818182394
400	90.63813537182718
401	87.66476643642692
402	86.24186971834145
403	85.40063067020824
404	83.75094594807898
405	82.39202143378778
406	81.72834277435409
407	81.37083238427483
408	79.88831182285851
409	78.59520016235976
410	77.73899072353288
411	76.52547840049463
412	75.96518856844406
413	74.38845398856871
414	73.24552444628327
415	70.11214196108126
416	69.1699969399129
417	68.50137857563202
418	67.87013018725679
419	67.0982242048245
420	66.60703118590064
421	65.722619734578
422	65.22364382196534
423	64.8221738606361
424	64.4120739726731
425	63.57565377001666
426	63.394440571759475
427	61.87587782616422
428	60.958536147160046
429	59.939830570552786
430	59.48666231751982
431	58.712036496582286
432	58.07161017697313
433	56.453599101971626
434	56.15232645267193
435	55.760796756474406
436	55.12128621853344
437	54.649651698542826
438	53.44884702791819
439	53.23937237606536
440	53.15991321767501
441	52.988703162305065
442	52.75131062415303
443	52.08549145411253
444	51.697498284230846
445	50.93756199480125
446	50.522976550041754
447	50.13865115758838
448	49.530686862433235
449	49.27447530290359
450	49.25786495669688
451	48.46372892698926
452	48.20966113530614
453	47.539073813005544
454	47.17888930121161
455	46.58669626595357
456	46.23704908123957
457	45.89844140292402
458	45.51761601001254
459	45.252033414667075
460	44.94735742191058
461	44.67247389338794
462	44.42000800890822
463	44.237817324127455
464	43.59192881865344
465	43.30647057482886
466	43.026068905161345
467	42.84292745100496
468	42.484059677693516
469	41.981849380998845
470	41.33040908135866
471	41.210909027537646
472	40.84892072430849
473	40.28940184598831
474	40.210030543482596
475	39.96302053413012
476	39.669217696667666
477	39.56934191504149
478	39.09353566611478
479	38.868607344765536
480	38.70687692947408
481	38.57442568663115
482	38.23419238140239
483	37.996337296131586
484	37.957096241484365
485	37.657014457390936
486	37.381336832704875
487	37.19122029182188
488	36.990731611918385
489	36.71553533847702
490	36.59443464812184
491	36.48090703734005
492	36.27559565265605
493	36.26163981592069
494	36.08353249098489
495	35.78134164769465
496	35.60951955381339
497	35.48240827585285
498	35.41066574976196
499	35.3745618189509
500	35.260436037978984
501	35.043875419296334
502	34.87308343874682
503	34.81160901853441
504	34.605195281273815
505	34.469264080505
506	34.445638889222685
507	34.2735942653346
508	34.14668057320609
509	34.01732129716821
510	33.84901952414419
511	33.66385249067945
512	33.3037479431596
513	33.26309142989221
514	33.219149990546995
515	33.17917502243172
516	33.12277473564369
517	32.97062884958069
518	32.95316398090953
519	32.862146063786646
520	32.78396033096213
521	32.558818214194055
522	32.4479642388629
523	32.364125095286575
524	32.28654285513478
525	32.06134776300817
526	31.97543408333915
527	31.915092841964785
528	31.7786391566797
529	31.711264363606677
530	31.69494333524748
531	31.334992909575046
532	31.287906708340742
533	31.16328617683679
534	31.10685753997511
535	31.00921578654117
536	30.973833260774878
537	30.681666304451806
538	30.552810820433102
539	30.492523287199802
540	30.48123047192167
541	30.36585880001723
542	30.33306506657751
543	30.332523376664376
544	30.289605122035855
545	30.067026878345423
546	30.02903188211958
547	29.987070164287484
548	29.88976860453322
549	29.858824337013193
550	29.81560825825273
551	29.787502472824706
552	29.722932512509335
553	29.628981374835586
554	29.5808052432116
555	29.473249943925563
556	29.432921862574016
557	29.393002021042822
558	29.21998680045042
559	29.19481535889516
560	29.17810203782614
561	28.995911758188544
562	28.924547566833212
563	28.906324761931124
564	28.88523215314603
565	28.846871202990872
566	28.783636590320803
567	28.76389240985513
568	28.731261749852433
569	28.66619677924074
570	28.65970887089112
571	28.62831043803757
572	28.468363518811362
573	28.4331431860984
574	28.411271709620568
575	28.331834671428876
576	28.320130866766526
577	28.294644637317724
578	28.257705294274384
579	28.25047352517747
580	28.216859984493098
581	28.169872255282517
582	28.135088165806916
583	28.099679641021854
584	28.092576980973718
585	27.982074903383445
586	27.964968342242667
587	27.91449348549757
588	27.899484513802747
589	27.889336436634053
590	27.80912796287381
591	27.78578737558889
592	27.747727073952387
593	27.728736473342057
594	27.69340656770346
595	27.650868120441892
596	27.62299122693455
597	27.59900026912179
598	27.592201604327464
599	27.58392608562108
600	27.570696244650204
601	27.561188688707144
602	27.522174026620874
603	27.48357758135511
604	27.464927219203012
605	27.441791831685748
606	27.390651844324395
607	27.34976557897755
608	27.323628894952915
609	27.26738440003947
610	27.255016399460903
611	27.228872797012272
612	27.188856823809267
613	27.162323346798317
614	27.135889480278284
615	27.10214601279
616	27.06305968530362
617	27.05969507061204
618	27.046408013494844
619	27.027339819705666
620	27.004719519344714
621	26.99105648493276
622	26.937961974763734
623	26.91681816821068
624	26.896205943702196
625	26.874118562397335
626	26.858291328235648
627	26.844907621274427
628	26.835965237397694
629	26.801813277786586
630	26.78610326401878
631	26.77424471127258
632	26.75521505240061
633	26.74497200558807
634	26.715318708657943
635	26.683908120915195
636	26.677795597096043
637	26.657158593525914
638	26.625877563924178
639	26.605537750767045
640	26.599839541606546
641	26.586075732679475
642	26.554959721406544
643	26.550390157031917
644	26.54054513435308
645	26.514655599229524
646	26.50749099832468
647	26.491402917726173
648	26.464026307153258
649	26.45251122203735
650	26.43238774398703
651	26.419238521605067
652	26.404378457989765
653	26.390930574552655
654	26.36508373083785
655	26.326696962733674
656	26.31327952559945
657	26.30671656340223
658	26.29354095933718
659	26.27513408709071
660	26.258350945268088
661	26.242243830810438
662	26.217743747439112
663	26.204255662043863
664	26.186426896144656
665	26.17398747733954
666	26.165789079957513
667	26.14756886734532
668	26.13405048430885
669	26.12169777971105
670	26.103156262235263
671	26.0837359396515
672	26.03835626133253
673	26.02737688766275
674	26.009787094433417
675	25.9907891108776
676	25.9756340464579
677	25.96766581774448
678	25.95180405449308
679	25.945008447300218
680	25.932227186873046
681	25.916525194653598
682	25.90723360925493
683	25.890324588724493
684	25.869744074038636
685	25.860636995127965
686	25.850232835662197
687	25.82324063070636
688	25.80904473171457
689	25.796343195011655
690	25.78112777454622
691	25.76265037417259
692	25.745668414499907
693	25.72744743843201
694	25.710829521621825
695	25.7044439536133
696	25.697080220479343
697	25.674187279099172
698	25.656309088132698
699	25.65148739983439
700	25.63994907777542
701	25.622541898120247
702	25.60588676100759
703	25.57968249389034
704	25.57353381279803
705	25.55782367255018
706	25.537740838076136
707	25.526014984089315
708	25.508614541345143
709	25.484175173984134
710	25.47642764845084
711	25.464887230304345
712	25.453229294220833
713	25.445554424820713
714	25.428022628585303
715	25.419502703939052
716	25.404105284184933
717	25.38934552089807
718	25.37495887727077
719	25.36334042085223
720	25.353092151983155
721	25.333241630127493
722	25.318577725176745
723	25.304831684917527
724	25.295604677515055
725	25.282352599485368
726	25.26072251144297
727	25.241139148641473
728	25.23636491229538
729	25.22227103042153
730	25.20155188273579
731	25.188760090245868
732	25.16591713276562
733	25.155174582224483
734	25.146083307691754
735	25.13254390004175
736	25.119565708205986
737	25.105255128870983
738	25.089144045887824
739	25.074381329907546
740	25.060125004025824
741	25.05365347495233
742	25.039358487191212
743	25.023235996029726
744	25.004080546867723
745	24.994088647195333
746	24.984557730934437
747	24.97493405604897
748	24.965184720419618
749	24.957446636064866
750	24.947932310576782
751	24.93559364034371
752	24.923255174751016
753	24.890768643381122
754	24.880718727493164
755	24.867999563798485
756	24.85439481509905
757	24.84338303005935
758	24.82462980726904
759	24.80482871538691
760	24.793905940805335
761	24.780255555780865
762	24.76966906101559
763	24.754719589593766
764	24.736655038913266
765	24.729689373427675
766	24.723892181823512
767	24.70714784704341
768	24.694567332141197
769	24.68298846003152
770	24.676627928813723
771	24.670512752287003
772	24.655724853958393
773	24.63960821083026
774	24.622413525857198
775	24.606582478609376
776	24.59928982284426
777	24.580071304012822
778	24.563446381371953
779	24.546090828937626
780	24.532749463143865
781	24.526140646481124
782	24.51822255551988
783	24.51122930985526
784	24.499431970040362
785	24.49143589920698
786	24.476606796600812
787	24.465218968284553
788	24.452314171972827
789	24.442011514301395
790	24.43198638196351
791	24.422498732508597
792	24.408269137933168
793	24.38731458301439
794	24.383840168175084
795	24.373584418473737
796	24.362244864455032
797	24.341687956865652
798	24.33375851221921
799	24.325914147850312
800	24.315539499602647
801	24.306889625425786
802	24.28098466751583
803	24.26083754602882
804	24.246573508819708
805	24.237831422495905
806	24.22245207888001
807	24.211600390731885
808	24.20911583648357
809	24.195068634042006
810	24.177486388256753
811	24.16274379993063
812	24.14857447866469
813	24.135246451273368
814	24.13013895102952
815	24.125259418375453
816	24.10625196739054
817	24.09973556598874
818	24.093934896408022
819	24.0786054969603
820	24.055744948705954
821	24.04688424045204
822	24.03719611682747
823	24.027333282248613
824	24.020208929711405
825	24.003584767342414
826	23.99543820100307
827	23.98975362677766
828	23.97470350459264
829	23.96674349516834
830	23.95971493108076
831	23.94344888341701
832	23.93362761851919
833	23.908632707380534
834	23.889397930023602
835	23.882878160867143
836	23.87503781290544
837	23.86972888156972
838	23.861884140687128
839	23.85059648818586
840	23.82787972312701
841	23.81036376579044
842	23.79897729007943
843	23.797320492366687
844	23.79225626171204
845	23.77987840231834
846	23.771870577387475
847	23.76469189193262
848	23.755235508827802
849	23.745060838118956
850	23.732583604296625
851	23.721522766074177
852	23.709800761868557
853	23.691490907244702
854	23.68080409083172
855	23.66556404978887
856	23.656714150729922
857	23.64592873143382
858	23.630028623267435
859	23.62103359178189
860	23.613994534459547
861	23.600719187063117
862	23.594138777553724
863	23.57454329971683
864	23.568129418912505
865	23.56047093535315
866	23.54962641759083
867	23.53610519503894
868	23.531098767471278
869	23.518841855525952
870	23.508328640458696
871	23.48968116033712
872	23.478517875551265
873	23.470746038426668
874	23.46640802497127
875	23.456375883992326
876	23.442047748424713
877	23.430575622262406
878	23.418226440068644
879	23.406739772057392
880	23.40044444218564
881	23.388205864082916
882	23.370023180000327
883	23.34731836433135
884	23.340285283058183
885	23.329059587817763
886	23.321474782783145
887	23.305751597093703
888	23.29232043146065
889	23.278833180689215
890	23.27055565458199
891	23.262142630947746
892	23.256733664121377
893	23.242724176146126
894	23.22898747888335
895	23.223366025984188
896	23.21647018484452
897	23.20430102929829
898	23.191408772666453
899	23.178733287712692
900	23.164468312879535
901	23.154547279303127
902	23.1249710798963
903	23.12156466340036
904	23.11337614761923
905	23.10884701731
906	23.093115331797392
907	23.078204057846662
908	23.06659077170404
909	23.060429084214693
910	23.04896321666098
911	23.042273984273226
912	23.023893441587713
913	23.010379053431578
914	23.00362879819785
915	22.993856944953865
916	22.987256534083254
917	22.974997507892557
918	22.95898185200865
919	22.952324690574844
920	22.937169956820846
921	22.931995943821605
922	22.92187110128685
923	22.91000872371283
924	22.90366493622897
925	22.897438849040842
926	22.886286713833552
927	22.87711479740089
928	22.866008704865276
929	22.854916373195447
930	22.847770909920623
931	22.830464671113848
932	22.821414029081197
933	22.811998382718972
934	22.8075897112917
935	22.800309732977393
936	22.78010214017443
937	22.767920289674393
938	22.758870013087922
939	22.7477027514146
940	22.730567625904733
941	22.7170303073736
942	22.7117211224827
943	22.68653857688286
944	22.67560195077122
945	22.667501325707594
946	22.649156649769644
947	22.643900598783183
948	22.635442633106173
949	22.624190634236925
950	22.60965575652864
951	22.59818298652938
952	22.581781995514334
953	22.567781830400587
954	22.56303203935013
955	22.557780371756948
956	22.54612512599109
957	22.531677935189013
958	22.51916997191582
959	22.50546310433608
960	22.49257796192663
961	22.478062077990575
962	22.464175672846025
963	22.455144560738677
964	22.4441511398885
965	22.43567386548085
966	22.42954999335978
967	22.425004018499614
968	22.414872650293184
969	22.404828244758736
970	22.390629445088525
971	22.376945739440952
972	22.3678902494644
973	22.3557960107871
974	22.347824907508627
975	22.343273247613944
976	22.319860866569684
977	22.31693503033662
978	22.305057243324775
979	22.29724404072147
980	22.274470451727318
981	22.267366676545684
982	22.24916162359791
983	22.238445111562655
984	22.229204178407098
985	22.214629125047402
986	22.202774271396166
987	22.193125753814048
988	22.183943751657292
989	22.176537578151002
990	22.158071041594102
991	22.15122646351829
992	22.140900097265032
993	22.13188947822996
994	22.122610910927225
995	22.11017214887175
996	22.105500434839254
997	22.094528725201815
998	22.08743601426141
999	22.07152837809866
1000	22.063742147047584
1001	22.05802323131449
1002	22.05099855808719
1003	22.040821387846407
1004	22.027026294709547
1005	22.010270776230428
1006	22.002697444293446
1007	21.994579589207532
1008	21.983972565717472
1009	21.97201889107437
1010	21.961304644512243
1011	21.946798975394966
1012	21.941210896698017
1013	21.92609057681351
1014	21.918674400236274
1015	21.90175206640189
1016	21.890677242961143
1017	21.879856956067112
1018	21.863874679707955
1019	21.857885456565416
1020	21.84685474188825
1021	21.838620304240674
1022	21.82967095167661
1023	21.815731244554513
1024	21.802123835266304
1025	21.791452627616323
1026	21.779543454526127
1027	21.771931860475085
1028	21.764653594566248
1029	21.753142456771386
1030	21.751351324251168
1031	21.738195228538252
1032	21.719765662865708
1033	21.708692638719633
1034	21.703056479033553
1035	21.690817608011574
1036	21.686437967808608
1037	21.678988061255605
1038	21.656209316927562
1039	21.645366929537104
1040	21.637799844332783
1041	21.627825162325262
1042	21.619398961981275
1043	21.61218552825443
1044	21.590704696065313
1045	21.585575887558267
1046	21.5770584843047
1047	21.56862990938071
1048	21.55138102697294
1049	21.542862501060362
1050	21.531412392403908
1051	21.516379892427675
1052	21.507984649457384
1053	21.48540571025724
1054	21.477289147894716
1055	21.47227496746383
1056	21.46990604533376
1057	21.449860218810223
1058	21.436589266211413
1059	21.427327502447778
1060	21.415580050030528
1061	21.400656325671672
1062	21.38546760751742
1063	21.372588008508654
1064	21.364569535498728
1065	21.354333888074514
1066	21.344581539025437
1067	21.33709901072898
1068	21.329435343370694
1069	21.31990472482772
1070	21.31029273997813
1071	21.29648319805668
1072	21.282430045614344
1073	21.276007874223396
1074	21.270132117326384
1075	21.259894543973747
1076	21.246784987943965
1077	21.225193076245887
1078	21.218350976831424
1079	21.205975966279734
1080	21.194594361188532
1081	21.185176875877872
1082	21.176325919313236
1083	21.168933467855076
1084	21.159712784790045
1085	21.141694338028778
1086	21.130275532430463
1087	21.120513415733235
1088	21.111628088899163
1089	21.103285312027573
1090	21.09550763490752
1091	21.086091635987234
1092	21.081778301681627
1093	21.071769094893423
1094	21.05802579016254
1095	21.043454445304352
1096	21.0247411802937
1097	21.01717167477102
1098	21.005256714223297
1099	20.993522127707305
1100	20.982886674017333
1101	20.96627170296119
1102	20.958445840613372
1103	20.95176955357807
1104	20.944911862830153
1105	20.933599876309852
1106	20.918718324138826
1107	20.907228653379132
1108	20.89272412451488
1109	20.88282544516274
1110	20.871645053275184
1111	20.863981103128488
1112	20.848610336988624
1113	20.84124184348007
1114	20.82716727564722
1115	20.820128990347587
1116	20.810051586569703
1117	20.800782730617392
1118	20.793348567071327
1119	20.77531634259168
1120	20.76316042541944
1121	20.755365213054024
1122	20.74529185226971
1123	20.732358709300424
1124	20.719464299497467
1125	20.716429364001318
1126	20.70306248785616
1127	20.693081824793573
1128	20.684104768716292
1129	20.66457150585139
1130	20.66154610455923
1131	20.64735085206238
1132	20.629477453449876
1133	20.61375328965862
1134	20.60357055087151
1135	20.59556967886619
1136	20.590278070468127
1137	20.585827639420817
1138	20.578583447028016
1139	20.571861468069567
1140	20.565281874323677
1141	20.55360499972698
1142	20.53559675580265
1143	20.52500296017159
1144	20.51445611617344
1145	20.503746855170434
1146	20.49196198205972
1147	20.47866779412903
1148	20.4668277179579
1149	20.456784676613594
1150	20.45070130000885
1151	20.440995969886817
1152	20.4342109353642
1153	20.422909827045114
1154	20.406127375354036
1155	20.39369433270268
1156	20.38152342707335
1157	20.366877245044254
1158	20.358584679632575
1159	20.352624454180663
1160	20.331117282245877
1161	20.32275909051898
1162	20.31411561812633
1163	20.303628287614476
1164	20.2963424514715
1165	20.2745045612067
1166	20.26205802713053
1167	20.251704980076774
1168	20.242560728161035
1169	20.234736707301376
1170	20.230557821189212
1171	20.21639890119747
1172	20.201051600721666
1173	20.19055760527956
1174	20.183864681079843
1175	20.162683014899933
1176	20.145321650609695
1177	20.14133589327591
1178	20.127881121077145
1179	20.115490542205325
1180	20.106949283075792
1181	20.081676831794514
1182	20.071914352244395
1183	20.06527459263457
1184	20.050859627640225
1185	20.041142606377132
1186	20.035513670701185
1187	20.025200323509917
1188	20.018672375533665
1189	20.0134932106983
1190	20.000600975456276
1191	19.985533313067467
1192	19.972085031472904
1193	19.96305284671104
1194	19.953280306760007
1195	19.94533927129107
1196	19.93818992092315
1197	19.920426334600236
1198	19.91527252839662
1199	19.90852589880831
1200	19.903327648120364
1201	19.893531944059088
1202	19.878384674373898
1203	19.86257468051613
1204	19.851101482073936
1205	19.837475271872975
1206	19.820704122093552
1207	19.813688668579687
1208	19.81064105684559
1209	19.804570766235607
1210	19.798106743356072
1211	19.783332418114696
1212	19.778896426572622
1213	19.770111410050763
1214	19.75156052842935
1215	19.745905692141903
1216	19.732082772390317
1217	19.72230902599315
1218	19.709735055226318
1219	19.702841002107885
1220	19.688277236727682
1221	19.6755963922738
1222	19.659340922950687
1223	19.64510224186761
1224	19.62790327249318
1225	19.61269507879727
1226	19.60633063297131
1227	19.59914517511481
1228	19.593130152195148
1229	19.57294422775802
1230	19.56563601744431
1231	19.55323672056967
1232	19.546759308473558
1233	19.541351934618067
1234	19.536699941772397
1235	19.526427431472023
1236	19.514413393634996
1237	19.502282638864177
1238	19.48480263951133
1239	19.472958919844565
1240	19.46772780433715
1241	19.456762739098497
1242	19.447930237334525
1243	19.430851529207303
1244	19.422406898571868
1245	19.416751480771264
1246	19.40510825945071
1247	19.393798521811668
1248	19.383702051053966
1249	19.372733829141485
1250	19.361640176724446
1251	19.34944903649449
1252	19.337926184555293
1253	19.33013346166687
1254	19.324357704586465
1255	19.314940224244133
1256	19.30806591474459
1257	19.30014402091512
1258	19.2924237484601
1259	19.28763231188954
1260	19.274737647917572
1261	19.262528185361347
1262	19.253100428543256
1263	19.237655630590925
1264	19.226644179706106
1265	19.211461145382412
1266	19.201549613399
1267	19.196342180602375
1268	19.190541482390504
1269	19.173543819495695
1270	19.16307005994958
1271	19.157206520492423
1272	19.14745220292965
1273	19.133864279735537
1274	19.11938603366921
1275	19.107016342855424
1276	19.100287845435687
1277	19.09492180569342
1278	19.08726059761045
1279	19.072506017232925
1280	19.057419914049955
1281	19.048063946862086
1282	19.029657721535564
1283	19.015390182066813
1284	19.00714119961196
1285	18.998310749209836
1286	18.987474060361745
1287	18.97976868358472
1288	18.966694920500217
1289	18.955646656625664
1290	18.948047368585947
1291	18.941803964520236
1292	18.936052256542688
1293	18.92250760443483
1294	18.915945286297838
1295	18.899899052510907
1296	18.882247013226323
1297	18.872761231321594
1298	18.855207931943298
1299	18.84043809519977
1300	18.825974465603615
1301	18.817089038793245
1302	18.80965102215018
1303	18.800936569774002
1304	18.7869382198627
1305	18.777793212360525
1306	18.760865124943976
1307	18.752717522841476
1308	18.742971355699055
1309	18.736472416714033
1310	18.727943844679046
1311	18.720498433422456
1312	18.711008400327394
1313	18.700983371653866
1314	18.694330117451106
1315	18.683169572408485
1316	18.668829639743027
1317	18.66472215130523
1318	18.661582923399372
1319	18.64438254856104
1320	18.631210804606674
1321	18.61276835573985
1322	18.605241725919484
1323	18.592803806279885
1324	18.588994458874833
1325	18.578189170965338
1326	18.570792163347857
1327	18.55880432088437
1328	18.546905401380236
1329	18.53867230241988
1330	18.532162283803178
1331	18.524458313023462
1332	18.515929806013197
1333	18.50712297480755
1334	18.50003382098656
1335	18.489601430538567
1336	18.48179909798614
1337	18.464654802487324
1338	18.45456889026751
1339	18.44661663504892
1340	18.44204220138344
1341	18.433894945327744
1342	18.421036405320606
1343	18.409873447614967
1344	18.40288203314556
1345	18.39163940581458
1346	18.385175003034544
1347	18.374211013072262
1348	18.3597414763086
1349	18.356831368965157
1350	18.34768693161883
1351	18.34173594117133
1352	18.333339340879274
1353	18.323689068783093
1354	18.317019039297794
1355	18.305148454680907
1356	18.294141440085916
1357	18.281856619609183
1358	18.279876709972488
1359	18.268211738047828
1360	18.256880854137457
1361	18.246396440873404
1362	18.236555104862266
1363	18.224616917985816
1364	18.216983912156877
1365	18.211206914699762
1366	18.196686064114907
1367	18.181567677167596
1368	18.175616949206407
1369	18.170969565076028
1370	18.161515035750572
1371	18.144034991651797
1372	18.13330007976372
1373	18.12274752969439
1374	18.108968510586212
1375	18.10095640188205
1376	18.08278417627285
1377	18.072990284828748
1378	18.06415843510756
1379	18.050565401507967
1380	18.046471922945695
1381	18.036994898674276
1382	18.028098904083382
1383	18.01604046554378
1384	18.012078428589625
1385	17.994582479251115
1386	17.984877261824707
1387	17.97625496383345
1388	17.966190077436625
1389	17.96005065221101
1390	17.948556820003223
1391	17.93340850428886
1392	17.927064642337992
1393	17.91433369811082
1394	17.90277769669226
1395	17.89288938279202
1396	17.883534791490185
1397	17.871756752948663
1398	17.860235193619342
1399	17.848270231473712
1400	17.841046330497377
1401	17.830090519248213
1402	17.81744976834348
1403	17.81309968720678
1404	17.797531090896335
1405	17.790324249903474
1406	17.780209583000865
1407	17.76354200723519
1408	17.745218317295116
1409	17.739824093053205
1410	17.731372985311598
1411	17.72797985058151
1412	17.716150897925292
1413	17.703332635405296
1414	17.695141463566188
1415	17.689595144179744
1416	17.682996479016772
1417	17.67273552634236
1418	17.66427925537038
1419	17.653325501086197
1420	17.64315312387645
1421	17.62227113606495
1422	17.614630647467674
1423	17.595821506616335
1424	17.591652363846233
1425	17.58247273327469
1426	17.574974775832484
1427	17.56399461612615
1428	17.555829063281074
1429	17.545336922694908
1430	17.532578839841324
1431	17.52402267478129
1432	17.515845250222974
1433	17.50652236164044
1434	17.495289951429548
1435	17.481631005062493
1436	17.466159736744967
1437	17.457933479916576
1438	17.444129994244076
1439	17.43853120619705
1440	17.434547848612667
1441	17.42672761798457
1442	17.418152646659202
1443	17.4091760392058
1444	17.399186946221274
1445	17.385951217394755
1446	17.37681133562557
1447	17.367799883638845
1448	17.346281628475406
1449	17.330288948466166
1450	17.32213282664186
1451	17.314115848131962
1452	17.302767786517656
1453	17.29335499715941
1454	17.28055275706612
1455	17.268560396815708
1456	17.25086219641902
1457	17.24228514214756
1458	17.2277903881992
1459	17.216672769720663
1460	17.205762135653035
1461	17.198550650936777
1462	17.18743121122251
1463	17.17981730809432
1464	17.168610411245524
1465	17.158101878941373
1466	17.138934346890082
1467	17.128292585946237
1468	17.117093365881363
1469	17.10665439440442
1470	17.090837867763447
1471	17.07964551825216
1472	17.07003884792705
1473	17.06458838186914
1474	17.0592159550808
1475	17.04980020093733
1476	17.04462668415014
1477	17.03677307363187
1478	17.022648912598097
1479	17.01244577186522
1480	16.999769804573308
1481	16.988456041595786
1482	16.97627269497264
1483	16.970053198945973
1484	16.95580927249272
1485	16.938447407819297
1486	16.93103441998469
1487	16.921072667884832
1488	16.905284605080443
1489	16.895028094622894
1490	16.883114191937608
1491	16.87455004793308
1492	16.859875231493486
1493	16.84954736571352
1494	16.84493310696699
1495	16.835319323709992
1496	16.816337079593293
1497	16.806774011504757
1498	16.79568379042709
1499	16.78575885267268
1500	16.764932539292023
1501	16.75638532311969
1502	16.748055414334583
1503	16.73951732325479
1504	16.727729562027083
1505	16.724159288612665
1506	16.71536724208841
1507	16.704515615033543
1508	16.684687230775417
1509	16.67481615293044
1510	16.66614819347777
1511	16.65916659904945
1512	16.640818985581056
1513	16.628327865263003
1514	16.61652621057911
1515	16.611580184378916
1516	16.588186680675005
1517	16.58009482232006
1518	16.56862407611414
1519	16.562077417653004
1520	16.55333294507751
1521	16.54642631292237
1522	16.54187658877892
1523	16.529778261034902
1524	16.51675114064611
1525	16.503756612590703
1526	16.48626907319041
1527	16.4812049478517
1528	16.468565128098064
1529	16.45110067959801
1530	16.444874533714685
1531	16.432393902923142
1532	16.423790432696606
1533	16.408972000861514
1534	16.39544240427401
1535	16.38295768509416
1536	16.372438288997863
1537	16.36123132282099
1538	16.350206024230825
1539	16.340933834647203
1540	16.332684566735242
1541	16.317265927433482
1542	16.305853085213524
1543	16.29008142652271
1544	16.285057411375384
1545	16.27199848101643
1546	16.260659929608355
1547	16.245878080254233
1548	16.244187562165877
1549	16.235355307893705
1550	16.22324597332189
1551	16.216907004166515
1552	16.20554163050149
1553	16.18664124652803
1554	16.177996298773667
1555	16.166855877134722
1556	16.16100480296249
1557	16.15411563820801
1558	16.145122144930482
1559	16.13022972034222
1560	16.119740512851855
1561	16.1102327552412
1562	16.09245126673657
1563	16.085658071535644
1564	16.080321537740435
1565	16.066342511880325
1566	16.045631119100076
1567	16.028127148249776
1568	16.021184712247347
1569	16.01062128134345
1570	16.003854298059224
1571	15.988992493154287
1572	15.984153083107682
1573	15.966961401287135
1574	15.947520360013243
1575	15.93886101158757
1576	15.928934997486131
1577	15.919852297891019
1578	15.913286854384863
1579	15.908455552443607
1580	15.900756485190906
1581	15.889381297985103
1582	15.86930927252854
1583	15.86389148658311
1584	15.850301344804508
1585	15.839017215193753
1586	15.83137465840789
1587	15.823244449165383
1588	15.80690135175158
1589	15.799336901847434
1590	15.782557292518142
1591	15.768127724113977
1592	15.758009766746628
1593	15.744543867118246
1594	15.724413239155561
1595	15.718926101014207
1596	15.705896269520382
1597	15.694799211132473
1598	15.691074047157013
1599	15.676530570108884
1600	15.656220608041007
1601	15.647323302397162
1602	15.639796573355742
1603	15.630570507813443
1604	15.616219045395013
1605	15.608592825958647
1606	15.592032323797612
1607	15.589994529689273
1608	15.576945736459841
1609	15.572198804518287
1610	15.558816200705973
1611	15.54612607107023
1612	15.532991955732337
1613	15.525821104833286
1614	15.522428189714681
1615	15.514667114621277
1616	15.501135094597851
1617	15.493369342817054
1618	15.477986512360879
1619	15.469470166385516
1620	15.458525547826989
1621	15.452156235506909
1622	15.441518537550026
1623	15.435952606540116
1624	15.426214210589189
1625	15.41052939416591
1626	15.400309596819206
1627	15.391296126561965
1628	15.378696148845576
1629	15.364573089829683
1630	15.355889690763451
1631	15.34011505497028
1632	15.329974200443724
1633	15.324279621546468
1634	15.315533795238629
1635	15.306038380448602
1636	15.293133573889547
1637	15.277493961959028
1638	15.261976454331991
1639	15.254372099932029
1640	15.246435203691883
1641	15.225994940821664
1642	15.222147282586954
1643	15.213576657823676
1644	15.193569282824049
1645	15.18117416271506
1646	15.171450381010226
1647	15.162259683114817
1648	15.157921727276358
1649	15.14676123296457
1650	15.136491461717549
1651	15.126444205386592
1652	15.109901826684371
1653	15.10036644848238
1654	15.086010832265794
1655	15.078821694790395
1656	15.069493497328692
1657	15.058595286165188
1658	15.043293514424784
1659	15.030120697501053
1660	15.026247555475967
1661	15.018926747715906
1662	15.006117125780486
1663	14.99134453603572
1664	14.976192204207727
1665	14.968756756655221
1666	14.959829262962561
1667	14.954017147781483
1668	14.945965815803364
1669	14.934446810869076
1670	14.92725950831593
1671	14.91951455755581
1672	14.910913092757276
1673	14.89859281610717
1674	14.890583481726116
1675	14.87574053375976
1676	14.8644278125072
1677	14.855178940427262
1678	14.841416098156163
1679	14.837393299465184
1680	14.819674007981842
1681	14.808028521189717
1682	14.794044286656845
1683	14.789307718703386
1684	14.782600659081204
1685	14.774051064827178
1686	14.765786558352607
1687	14.755587876812017
1688	14.746648404004498
1689	14.734915777046904
1690	14.720956087195175
1691	14.711161736932798
1692	14.705781889231641
1693	14.687242580065778
1694	14.676005847246554
1695	14.6666304508882
1696	14.652146523112979
1697	14.637695898553293
1698	14.62501846903242
1699	14.60746210136004
1700	14.595164216186209
1701	14.588658355404757
1702	14.572163389075932
1703	14.563148200053119
1704	14.551178597017444
1705	14.540730257548669
1706	14.535111310912841
1707	14.527139984156582
1708	14.522499812916385
1709	14.511262321786528
1710	14.508136307816455
1711	14.494780121305487
1712	14.483085466154035
1713	14.475879951994605
1714	14.463293405466311
1715	14.457847501874065
1716	14.439588097070754
1717	14.434601277518068
1718	14.42492798868074
1719	14.414736766146962
1720	14.410023477078392
1721	14.400065273785168
1722	14.385497211276498
1723	14.377368123291548
1724	14.36773251198262
1725	14.357982835513607
1726	14.34624133707303
1727	14.337617200454497
1728	14.325073764946312
1729	14.321833256752882
1730	14.307663849256107
1731	14.298179268258462
1732	14.292966076027165
1733	14.28381416674768
1734	14.275592792012876
1735	14.265789222804921
1736	14.249394041923663
1737	14.246671796508695
1738	14.235892777133607
1739	14.229263139112874
1740	14.208162163576777
1741	14.194615665926602
1742	14.182316196152701
1743	14.178066968498388
1744	14.164129401132163
1745	14.150672522346724
1746	14.140168058327522
1747	14.130726319695016
1748	14.125958866312363
1749	14.108599371951705
1750	14.104626079388998
1751	14.097004015040756
1752	14.084165087515919
1753	14.05881200193571
1754	14.050480989819961
1755	14.046152804846592
1756	14.03663046843511
1757	14.026183088917412
1758	14.017596104092506
1759	14.003929366089762
1760	13.992924157362063
1761	13.979401901602907
1762	13.960688796993095
1763	13.957921159237822
1764	13.944224611212743
1765	13.934224268138337
1766	13.924543936528302
1767	13.914132640524832
1768	13.90850425519907
1769	13.900455685114888
1770	13.887845984919863
1771	13.87975419149801
1772	13.869267588528688
1773	13.857473171245212
1774	13.845648976309361
1775	13.841161872062486
1776	13.827865031870402
1777	13.81663187906325
1778	13.79833997537089
1779	13.791282335207848
1780	13.785185087219237
1781	13.769251205872115
1782	13.755545167665934
1783	13.740823116294283
1784	13.733579700475472
1785	13.716928502892726
1786	13.709840244846482
1787	13.705512768918444
1788	13.702899937956996
1789	13.687790871036253
1790	13.679628813584635
1791	13.665083103145456
1792	13.656815858196838
1793	13.653219500181562
1794	13.63660042909388
1795	13.624167061442417
1796	13.612272254720711
1797	13.600932548565522
1798	13.587585337458483
1799	13.582473720193823
1800	13.569474524723264
1801	13.563710099952702
1802	13.54372853309752
1803	13.538846968140698
1804	13.529343237350288
1805	13.526008527440748
1806	13.519451684915389
1807	13.50870300115313
1808	13.496360602248634
1809	13.477461303551102
1810	13.464972970371175
1811	13.45649377032618
1812	13.440421604088634
1813	13.43047083507584
1814	13.421911769092224
1815	13.416545596117793
1816	13.403538031692252
1817	13.39180729209456
1818	13.387079857998714
1819	13.37478723144338
1820	13.364717068279406
1821	13.358527555543883
1822	13.344502099531619
1823	13.332258092263297
1824	13.3211567807113
1825	13.312627792824653
1826	13.30498130548636
1827	13.296326674427096
1828	13.274076021607458
1829	13.259499794140702
1830	13.244640813804638
1831	13.230007156131073
1832	13.22970031767381
1833	13.222605619160635
1834	13.215810010135296
1835	13.201522225230175
1836	13.195249306930004
1837	13.186665581129274
1838	13.174538770073717
1839	13.16965812497905
1840	13.159128876014512
1841	13.147892849641357
1842	13.13945515577903
1843	13.133523648687374
1844	13.118571383411886
1845	13.110019702377274
1846	13.095323328833667
1847	13.08252963935453
1848	13.072335705662168
1849	13.067507832002441
1850	13.053696646842385
1851	13.042078108989639
1852	13.033222874993786
1853	13.013884836158294
1854	13.007277541665761
1855	12.996124871940664
1856	12.966138359706841
1857	12.952697758684852
1858	12.943363153216541
1859	12.933685945195641
1860	12.921883388920437
1861	12.911383129278905
1862	12.906132482340935
1863	12.892743887383318
1864	12.875567801822116
1865	12.869212238554237
1866	12.860909341684293
1867	12.854787559981348
1868	12.842275508489998
1869	12.835509463608805
1870	12.831620503314435
1871	12.825373562771862
1872	12.815610200809152
1873	12.802214261688787
1874	12.787455084467352
1875	12.770489924150956
1876	12.76184607314915
1877	12.750139159398438
1878	12.739469249023635
1879	12.735654770039963
1880	12.722442484585981
1881	12.713278472164227
1882	12.701313241488727
1883	12.69426120333934
1884	12.686972261029032
1885	12.679904606197363
1886	12.670386289575259
1887	12.658072636522176
1888	12.649421056788235
1889	12.632177898570351
1890	12.61454388691362
1891	12.611254059671491
1892	12.6023054672545
1893	12.595608520753242
1894	12.584590509735936
1895	12.569290288640483
1896	12.560158934699906
1897	12.551852908839088
1898	12.537075158096874
1899	12.526382636794493
1900	12.513562881700471
1901	12.504470111946828
1902	12.500836610413785
1903	12.490022195983208
1904	12.476279483828886
1905	12.468388655223524
1906	12.460480937057664
1907	12.450306385847846
1908	12.443222785342273
1909	12.438068737352845
1910	12.43111389793819
1911	12.410850342962824
1912	12.40041235834035
1913	12.394863851895385
1914	12.380831658200018
1915	12.358739851222396
1916	12.346398545522685
1917	12.339241938932325
1918	12.328402634669237
1919	12.31068251546348
1920	12.300892918101935
1921	12.29519659528472
1922	12.284148449584599
1923	12.276692388023472
1924	12.272010715204658
1925	12.263394055017619
1926	12.252634262780653
1927	12.245353735081826
1928	12.236112665709756
1929	12.222037471661988
1930	12.211385953603807
1931	12.205133981927911
1932	12.195001695548232
1933	12.183307048392129
1934	12.165439963551474
1935	12.15535096835759
1936	12.147056240172505
1937	12.137084037347783
1938	12.127237987637605
1939	12.115344751118812
1940	12.107871719173694
1941	12.097900499243405
1942	12.08879151796143
1943	12.072235022405273
1944	12.066248395099056
1945	12.05317193962202
1946	12.040472825407404
1947	12.02945449029188
1948	12.018134693459679
1949	12.00835337149366
1950	12.002766881301179
1951	11.993779104354434
1952	11.985863306160523
1953	11.97544871222913
1954	11.971474985548785
1955	11.95702602453782
1956	11.94602475585727
1957	11.93363916121616
1958	11.923365421601988
1959	11.911481536559121
1960	11.895696351810715
1961	11.886719490432366
1962	11.880007388018281
1963	11.87291382361348
1964	11.854172955782987
1965	11.852109593242401
1966	11.84188401224299
1967	11.828529124493295
1968	11.810346049563062
1969	11.804816382486198
1970	11.800864171104179
1971	11.788066917724484
1972	11.77598075840396
1973	11.767006256909797
1974	11.760415025167955
1975	11.753317682842045
1976	11.744382287329946
1977	11.737222601055068
1978	11.718815394005714
1979	11.712353316238687
1980	11.701342728346217
1981	11.679557078627958
1982	11.67185267189712
1983	11.66313647471922
1984	11.659837019054418
1985	11.645724139253238
1986	11.638056715990542
1987	11.630195360632875
1988	11.624065468090691
1989	11.613658752978724
1990	11.601320080503353
1991	11.59106660365901
1992	11.58236143319039
1993	11.56470351680823
1994	11.55555677417871
1995	11.541793883434531
1996	11.534579226347809
1997	11.525820240678796
1998	11.516454036565078
1999	11.507941110266376
2000	11.494854194337881
2001	11.48478476811997
2002	11.471777323804654
2003	11.462898124795583
2004	11.445492501631419
2005	11.433242786665762
2006	11.423296834501866
2007	11.416639694316437
2008	11.40531902308777
2009	11.395921071892706
2010	11.378288490291702
2011	11.36942700057688
2012	11.35510326943882
2013	11.345760203230064
2014	11.336045200038972
2015	11.32351363268764
2016	11.312601414195223
2017	11.309759044869898
2018	11.294793058355488
2019	11.285999069123177
2020	11.277412676119244
2021	11.269999355802202
2022	11.257703859892802
2023	11.238269888562705
2024	11.223508866476307
2025	11.219086821330547
2026	11.210388745435766
2027	11.200293625427545
2028	11.184211202437604
2029	11.168615765057293
2030	11.160828050444008
2031	11.15552295222448
2032	11.143383907484132
2033	11.130241774618776
2034	11.124050424960362
2035	11.114792671670777
2036	11.10271969391318
2037	11.085694978356383
2038	11.075125784320665
2039	11.068114987186878
2040	11.057988463504078
2041	11.042865132409718
2042	11.035184849169466
2043	11.02679717647641
2044	11.01463914701396
2045	10.997504281076548
2046	10.98826604034175
2047	10.971989220056681
2048	10.963877277870228
2049	10.95358280267221
2050	10.935247068244207
2051	10.92773928266656
2052	10.921697526498198
2053	10.910049219889109
2054	10.895841146749977
2055	10.887738940403432
2056	10.87999805533661
2057	10.863959819075552
2058	10.855913185835883
2059	10.841614216920416
2060	10.837016081577303
2061	10.827856221760083
2062	10.818483522939468
2063	10.80924795395682
2064	10.80116431443673
2065	10.791444434478331
2066	10.784138163629963
2067	10.773007270282477
2068	10.759271766508203
2069	10.749207486971748
2070	10.731987517774977
2071	10.723853916383076
2072	10.719098491014812
2073	10.70928739188749
2074	10.704023791125747
2075	10.69047461502496
2076	10.673021718052139
2077	10.664859483091186
2078	10.646577309268498
2079	10.638030927366934
2080	10.626719170913372
2081	10.620776787985703
2082	10.603368457320185
2083	10.589930742080691
2084	10.580218538688554
2085	10.571532068639756
2086	10.565468003708435
2087	10.552483317987193
2088	10.542781645168663
2089	10.530450311422719
2090	10.523693516947393
2091	10.511990373444496
2092	10.500232208117813
2093	10.489726021336674
2094	10.479628540728754
2095	10.472389654363173
2096	10.45618957902327
2097	10.447920931125335
2098	10.433989889579916
2099	10.419961022255785
2100	10.407773295910065
2101	10.398820541849643
2102	10.383532984053364
2103	10.370172795707884
2104	10.35315899511321
2105	10.346250077179114
2106	10.33718353276755
2107	10.322512482063777
2108	10.312525937904073
2109	10.301526054628615
2110	10.29406857519791
2111	10.27909611207629
2112	10.272224342391217
2113	10.268250681839666
2114	10.262456338547784
2115	10.24315764159085
2116	10.229698480400424
2117	10.211003156487378
2118	10.196713765049948
2119	10.192533677552653
2120	10.186212438810754
2121	10.168923162029223
2122	10.15595848380773
2123	10.152560876898457
2124	10.142168363652413
2125	10.129269727329874
2126	10.107967508053076
2127	10.096924587598181
2128	10.093559359279185
2129	10.085111801862315
2130	10.072879696348592
2131	10.05578761690028
2132	10.044814813199316
2133	10.03577562797054
2134	10.02766990285391
2135	10.012760424611823
2136	10.003179489604399
2137	9.989197578841495
2138	9.97533437282193
2139	9.968900886812873
2140	9.96458631912457
2141	9.946434494014909
2142	9.94078938321996
2143	9.928833244255822
2144	9.926385418614334
2145	9.917883151052331
2146	9.900577238895531
2147	9.891964340121453
2148	9.883035537737328
2149	9.864072100562618
2150	9.86167376077704
2151	9.853060404655976
2152	9.845693742819039
2153	9.835376399948748
2154	9.826385917778644
2155	9.819933578924967
2156	9.802888036109751
2157	9.790105775977512
2158	9.782293263460199
2159	9.772293021034395
2160	9.756060104575347
2161	9.748983669736118
2162	9.737382238525267
2163	9.726701512688495
2164	9.72206243106538
2165	9.7134714494955
2166	9.704634467698709
2167	9.691723197520647
2168	9.676971093108245
2169	9.666341099521414
2170	9.651777075176977
2171	9.63913874300526
2172	9.63050430752503
2173	9.612039282548798
2174	9.606555267189302
2175	9.594647502890338
2176	9.583557225640336
2177	9.573786868054869
2178	9.558559936531166
2179	9.551687055731955
2180	9.545676061141876
2181	9.527077034275385
2182	9.517485692174231
2183	9.510915357884974
2184	9.50105048341731
2185	9.482946412277363
2186	9.47520433535912
2187	9.469121115938911
2188	9.455670759557131
2189	9.441274950632044
2190	9.431728658049472
2191	9.41880949541147
2192	9.407192734985365
2193	9.397033878564779
2194	9.38906210404506
2195	9.379506057181034
2196	9.365420183133926
2197	9.349388052081837
2198	9.339951603686615
2199	9.325247916113995
2200	9.314518901441067
2201	9.290053618699032
2202	9.28097928095343
2203	9.270321219941527
2204	9.263705351883033
2205	9.255601290507508
2206	9.243664404959032
2207	9.238079962736347
2208	9.228264089092795
2209	9.221111451475975
2210	9.20495208847196
2211	9.192914578846127
2212	9.183867157833001
2213	9.173868635227565
2214	9.163974532020811
2215	9.152796624987447
2216	9.14151496180344
2217	9.126747096058573
2218	9.115843954025438
2219	9.102268312452537
2220	9.091646594454602
2221	9.076689258352202
2222	9.055658463400153
2223	9.048122829244313
2224	9.03775163784519
2225	9.032247523006836
2226	9.025589685952971
2227	9.014618217443207
2228	9.001063005834975
2229	8.992766822816227
2230	8.978184198546895
2231	8.968983704278596
2232	8.959542750670293
2233	8.948665189721407
2234	8.942507744141047
2235	8.933476421155296
2236	8.91702485960582
2237	8.904161118238196
2238	8.892981181192038
2239	8.883228043024051
2240	8.877491727332398
2241	8.86412317322309
2242	8.84554157346206
2243	8.834601589328512
2244	8.826070602707434
2245	8.8231232547398
2246	8.811630957518794
2247	8.80247563614204
2248	8.787229123700097
2249	8.771720568400967
2250	8.759852477014062
2251	8.754504327371222
2252	8.744345300422848
2253	8.736643590897081
2254	8.726671269202178
2255	8.718769094855897
2256	8.712548160522308
2257	8.702037827370095
2258	8.69198270459202
2259	8.679563190739422
2260	8.666881858908662
2261	8.650462391193638
2262	8.636811705148277
2263	8.628352293195851
2264	8.616468969373416
2265	8.608703836751653
2266	8.600576735300988
2267	8.579098372035753
2268	8.562983712414571
2269	8.545559022673773
2270	8.53619220036467
2271	8.529808005325917
2272	8.524811105392105
2273	8.50707439211333
2274	8.500660696968431
2275	8.482644324483902
2276	8.470936915463083
2277	8.457367376409831
2278	8.449607141271192
2279	8.442224689955975
2280	8.434865725979817
2281	8.428805860825825
2282	8.420791709934802
2283	8.405650252320415
2284	8.401235733569433
2285	8.391468032877473
2286	8.384603446750718
2287	8.378375452529323
2288	8.365908137003059
2289	8.353586363748077
2290	8.347578867517054
2291	8.34009387929106
2292	8.325391451246912
2293	8.312672322444389
2294	8.30105756966753
2295	8.283501880582381
2296	8.267283344294702
2297	8.256141160226973
2298	8.244629266125477
2299	8.231917796458099
2300	8.219605924358289
2301	8.213310478762581
2302	8.210542771963613
2303	8.191621983519621
2304	8.18671260704312
2305	8.175006489119033
2306	8.159860426108791
2307	8.15088738906289
2308	8.140476767597745
2309	8.126613849514685
2310	8.11607516297585
2311	8.108761561316006
2312	8.102395335741686
2313	8.094164673191573
2314	8.081545502567838
2315	8.062854183818533
2316	8.05852347736904
2317	8.049499827791625
2318	8.040786727333844
2319	8.027927132192987
2320	8.018728339033274
2321	8.010898625293338
2322	8.001573551614031
2323	7.988466860911886
2324	7.978614008867196
2325	7.97226313336699
2326	7.965705808982223
2327	7.950461215099774
2328	7.943553363677538
2329	7.940926115623997
2330	7.93207181185409
2331	7.920827060390152
2332	7.905786157237685
2333	7.89001951183402
2334	7.875436283329731
2335	7.871475543865399
2336	7.856633539918477
2337	7.851933781292276
2338	7.84780026345003
2339	7.834776834635067
2340	7.824640448218931
2341	7.805911667678521
2342	7.792930553456449
2343	7.7875429376539635
2344	7.772811729460455
2345	7.767409302891488
2346	7.758240410142519
2347	7.748644735813438
2348	7.743022574639201
2349	7.727000968567259
2350	7.713686372614634
2351	7.708633367637096
2352	7.696937377024175
2353	7.676438804250345
2354	7.658629173906192
2355	7.652205590051903
2356	7.639822533283689
2357	7.62365902365391
2358	7.619990483686315
2359	7.612411865003017
2360	7.602749791175837
2361	7.594439827005601
2362	7.5751224957057195
2363	7.569759057942481
2364	7.555043526474046
2365	7.551563634061691
2366	7.538526214041608
2367	7.530917278950006
2368	7.525968658419716
2369	7.5181561586665975
2370	7.516295972849733
2371	7.500955621284467
2372	7.4923637027941625
2373	7.475924570175311
2374	7.471374258339528
2375	7.462023706853386
2376	7.4546626361259944
2377	7.442101516100796
2378	7.426081354973481
2379	7.413305389220454
2380	7.410540265043123
2381	7.3959518819960355
2382	7.388444716845863
2383	7.386484881983496
2384	7.383659672015507
2385	7.369819007011649
2386	7.362974395007165
2387	7.3568893385678455
2388	7.346984230873859
2389	7.335369714882392
2390	7.326012312603407
2391	7.31619622139854
2392	7.2985704885605704
2393	7.288392716496789
2394	7.277481908079683
2395	7.269336475760957
2396	7.26075477021988
2397	7.25272940358448
2398	7.250069264282353
2399	7.233421061763408
2400	7.227708174944207
2401	7.221328642591375
2402	7.214390628343285
2403	7.195487427809902
2404	7.192125820225027
2405	7.179969064870375
2406	7.1585221487535495
2407	7.152519643726692
2408	7.142982922797535
2409	7.132351136800776
2410	7.124801673390087
2411	7.1122492445033
2412	7.108466127218454
2413	7.100307286728539
2414	7.085884933768724
2415	7.078004662158194
2416	7.070433844970785
2417	7.058420812804206
2418	7.0509921867987035
2419	7.031856414553966
2420	7.0254802655011765
2421	7.014433644007263
2422	7.006674657869671
2423	6.998914086651085
2424	6.993305659809355
2425	6.98627994556759
2426	6.979172210677804
2427	6.962870341892836
2428	6.956966030637224
2429	6.9466046582641985
2430	6.9292560569419015
2431	6.910932896697434
2432	6.903524757235352
2433	6.896887370516284
2434	6.8815868031862415
2435	6.872684934180979
2436	6.855185997769453
2437	6.845691219937106
2438	6.837376365426819
2439	6.834712326794627
2440	6.823451167897217
2441	6.812908850329805
2442	6.8055412567031635
2443	6.80050629877939
2444	6.789095752321429
2445	6.776981234200124
2446	6.770038088120821
2447	6.761669067924628
2448	6.750382524732681
2449	6.733840578013893
2450	6.721008768924958
2451	6.716570132116648
2452	6.705058434475289
2453	6.690152653759672
2454	6.680997707025886
2455	6.670964214455107
2456	6.666212271587254
2457	6.654129446758438
2458	6.643713838524907
2459	6.6343108956892936
2460	6.62625233705221
2461	6.611959315348783
2462	6.604524528598408
2463	6.587192631558141
2464	6.577747540448907
2465	6.5650917620893114
2466	6.561997135218903
2467	6.5489213173198415
2468	6.544522896802734
2469	6.529573622203513
2470	6.51797953041925
2471	6.512858292796937
2472	6.501393041679476
2473	6.4878050065255515
2474	6.474223248235813
2475	6.465570912968668
2476	6.455744290776322
2477	6.447547479029896
2478	6.441007453433133
2479	6.426627743655309
2480	6.413725832418111
2481	6.400942817264419
2482	6.385755844596742
2483	6.37693559470224
2484	6.35693101303479
2485	6.343348265831535
2486	6.338163147628326
2487	6.3334754120843835
2488	6.321340581856006
2489	6.312618738450332
2490	6.293520409722475
2491	6.287978429760329
2492	6.27989990749293
2493	6.270706208366675
2494	6.257422372761792
2495	6.246112456902157
2496	6.238913319534375
2497	6.232183853328341
2498	6.212910295903066
2499	6.209528479962739
2500	6.198780442548263
2501	6.187979980694515
2502	6.168416952560597
2503	6.156821505542421
2504	6.138659263518126
2505	6.129472929889123
2506	6.119391462424327
2507	6.111055592469795
2508	6.103888432020212
2509	6.099665673623927
2510	6.0857943691808805
2511	6.076523259432463
2512	6.054828365497347
2513	6.041363955068998
2514	6.031072716266881
2515	6.024092396220553
2516	6.0181900757076505
2517	6.005734596010977
2518	5.995647074214833
2519	5.9858550367840015
2520	5.976738147008302
2521	5.949925870215315
2522	5.945689622711851
2523	5.936203381579025
2524	5.927025932697052
2525	5.9129053813729895
2526	5.903591253668087
2527	5.900471135844627
2528	5.889974349265393
2529	5.883432090947719
2530	5.873518213759349
2531	5.866046204873569
2532	5.850761362152345
2533	5.833649783793931
2534	5.826425673946576
2535	5.819549156411485
2536	5.8111410317851355
2537	5.804348015870644
2538	5.791495221289815
2539	5.783656682304426
2540	5.767846269241077
2541	5.757114987557997
2542	5.738036643070726
2543	5.730204525973961
2544	5.711233270599844
2545	5.703029015208107
2546	5.689737142926629
2547	5.681620512839105
2548	5.675452979960023
2549	5.666739242907227
2550	5.653635067659692
2551	5.639572496406049
2552	5.62744396515072
2553	5.6216916238186165
2554	5.612934425554532
2555	5.600785534329616
2556	5.586218199295516
2557	5.576798782987278
2558	5.564003320377055
2559	5.55927186008879
2560	5.543972373693435
2561	5.534636519265187
2562	5.5277998003192765
2563	5.525224362576169
2564	5.512546012671306
2565	5.500564241830871
2566	5.493996879939339
2567	5.484203014823789
2568	5.475740178109325
2569	5.462859112419715
2570	5.45008339725382
2571	5.435679079936549
2572	5.424055998685104
2573	5.415530542206083
2574	5.394122582182742
2575	5.386178418039431
2576	5.372087507910064
2577	5.36081504264486
2578	5.358411615550591
2579	5.3522598605250105
2580	5.343212817845875
2581	5.3365970408685355
2582	5.3176207879033175
2583	5.308665421626381
2584	5.295522259872069
2585	5.285720287510759
2586	5.276600327044306
2587	5.267961119577132
2588	5.259328163170669
2589	5.2483696451444155
2590	5.240505332488557
2591	5.22191448601532
2592	5.2060077623667445
2593	5.195531696651443
2594	5.1850434420513585
2595	5.177831306921178
2596	5.171603746145587
2597	5.166998029728136
2598	5.15332760616956
2599	5.146554979342176
2600	5.132862853497131
2601	5.12256145721227
2602	5.105071799175624
2603	5.09679363121157
2604	5.084187230373048
2605	5.069983918849397
2606	5.060477404813546
2607	5.054549685699252
2608	5.047050143402212
2609	5.034400525314395
2610	5.024138058671413
2611	5.011346834226795
2612	5.006320316066122
2613	5.0004472518789305
2614	4.994031384953696
2615	4.981357617799253
2616	4.970204796341279
2617	4.956383244795233
2618	4.943726597248181
2619	4.927544751179482
2620	4.9110445196476356
2621	4.903667877257683
2622	4.891043453909946
2623	4.881936591333183
2624	4.874227930991129
2625	4.869368701731242
2626	4.86085812735192
2627	4.848563525388815
2628	4.8333975999290475
2629	4.8179257323640305
2630	4.8051319624755475
2631	4.792760917923581
2632	4.776861351956139
2633	4.762854850411527
2634	4.753792678449505
2635	4.749291221985026
2636	4.735330547656518
2637	4.724755352026372
2638	4.719425076341063
2639	4.705441644745318
2640	4.686855072869408
2641	4.678136473415644
2642	4.672012717217709
2643	4.655945167542716
2644	4.6459665220751285
2645	4.637777140429848
2646	4.626843755694155
2647	4.612882213229378
2648	4.600945430045704
2649	4.5901275217694035
2650	4.575370883141038
2651	4.566475428299228
2652	4.556659803142906
2653	4.551196148441649
2654	4.538752567651934
2655	4.533184211513239
2656	4.517372204628214
2657	4.512125920569905
2658	4.502389453749923
2659	4.496563572596055
2660	4.486898190212688
2661	4.475084639407923
2662	4.4700163176564
2663	4.453778070365333
2664	4.4499820200101885
2665	4.434895903758973
2666	4.426435804487807
2667	4.408403736583775
2668	4.394122473692613
2669	4.386848799538102
2670	4.379536028797859
2671	4.36404986316455
2672	4.352474997142211
2673	4.342694004121868
2674	4.332016253277421
2675	4.316439321733749
2676	4.308425478798244
2677	4.30350089325073
2678	4.292754386058151
2679	4.277578565753809
2680	4.269588534161069
2681	4.259880072276514
2682	4.250916892064064
2683	4.236850297777831
2684	4.221894657225928
2685	4.217239947012285
2686	4.20732573010711
2687	4.19551539722961
2688	4.184978698969259
2689	4.176447060156969
2690	4.167575621169602
2691	4.1554507644280845
2692	4.135515510884023
2693	4.126086220393629
2694	4.116074005237904
2695	4.111304218611402
2696	4.099371904453528
2697	4.0941463385675
2698	4.08092571616422
2699	4.070528448522278
2700	4.0563940245894665
2701	4.035788789442643
2702	4.028994799965782
2703	4.020507746260239
2704	4.015637494408787
2705	3.998518842777551
2706	3.9844650712964955
2707	3.972368242701772
2708	3.9642723124374997
2709	3.9579405583745677
2710	3.94767794478352
2711	3.9406540119568496
2712	3.9371780047286675
2713	3.9291200163716287
2714	3.921791578856021
2715	3.9035884179565516
2716	3.896730422070874
2717	3.8822965043845064
2718	3.8712895941534
2719	3.86184787712253
2720	3.8568846287936944
2721	3.842767497954978
2722	3.8353765462145
2723	3.824792139913872
2724	3.8149751038643633
2725	3.8097087219753245
2726	3.8014228645646857
2727	3.793509682428372
2728	3.7797117770806006
2729	3.768489917410049
2730	3.7537428352586346
2731	3.746910890373576
2732	3.7433573969327454
2733	3.73737403903436
2734	3.7302064093270535
2735	3.725282446489543
2736	3.714891010160258
2737	3.707725618641869
2738	3.6952277650258902
2739	3.681722395519005
2740	3.6699442476339486
2741	3.6588653364779478
2742	3.6440408868286314
2743	3.6376217028408906
2744	3.6310367846835776
2745	3.6179117410793973
2746	3.60994650152776
2747	3.6027764280265355
2748	3.5984092858092223
2749	3.5770785848046347
2750	3.5699248948092857
2751	3.5640961831726625
2752	3.5580405794042056
2753	3.5446307511026753
2754	3.530313580037425
2755	3.520423868761162
2756	3.510866630010931
2757	3.5017018588456486
2758	3.493802254806325
2759	3.4821148825303165
2760	3.475195986386589
2761	3.4713582584838014
2762	3.464784944710494
2763	3.4489130031580513
2764	3.436160707225233
2765	3.4206646464241413
2766	3.415054353955923
2767	3.401143343196755
2768	3.3985288708418153
2769	3.3887516409223255
2770	3.383316319822194
2771	3.373762572616808
2772	3.359257428199465
2773	3.3450490736268654
2774	3.3297584370973454
2775	3.321918264280773
2776	3.3062973494757624
2777	3.288201612914748
2778	3.2797445452479037
2779	3.2690364535429195
2780	3.2645863707428444
2781	3.2579433677428318
2782	3.251792301739308
2783	3.239907897325493
2784	3.2285780754792337
2785	3.2158688366798036
2786	3.20433904685443
2787	3.1944600993938086
2788	3.1867318733539336
2789	3.1754088408377372
2790	3.162126286810295
2791	3.1540457854130817
2792	3.1434699903338155
2793	3.1378544591392177
2794	3.128858280348296
2795	3.120186115896242
2796	3.1109988488471227
2797	3.1046757456380436
2798	3.095829056417332
2799	3.0839150202708057
2800	3.0643148105583573
2801	3.0463712605884212
2802	3.036282383584363
2803	3.024384822285133
2804	3.0138032300887923
2805	3.006429225568883
2806	3.003104908129673
2807	2.9893069844424494
2808	2.9844058202558115
2809	2.9747527856912686
2810	2.9709781059642375
2811	2.955209178608967
2812	2.9475725590801223
2813	2.9320692078803705
2814	2.927451012038971
2815	2.9186123849775845
2816	2.914299886680901
2817	2.9037034457550974
2818	2.8983804986806456
2819	2.8918400092738
2820	2.8778851203569826
2821	2.871169941864321
2822	2.8667410105996485
2823	2.855488072761585
2824	2.840629947034702
2825	2.835982659391148
2826	2.826532943750004
2827	2.818343601314178
2828	2.804224147071022
2829	2.790102654838836
2830	2.7849127198204857
2831	2.777316614446434
2832	2.7695000946111934
2833	2.759578679187004
2834	2.7399613527219215
2835	2.7302352655031727
2836	2.7225474488161314
2837	2.71793915653543
2838	2.7107845370620023
2839	2.702959223685277
2840	2.6922973058440767
2841	2.681495786895005
2842	2.669357416038498
2843	2.65338153039845
2844	2.6374001987743267
2845	2.6324705989429953
2846	2.6263867077621925
2847	2.6225736431441047
2848	2.617034569984479
2849	2.6040704920242077
2850	2.5864661662741466
2851	2.5761467574965
2852	2.5684722859889138
2853	2.560190357522997
2854	2.5448712222329744
2855	2.542486898792901
2856	2.5391779995233015
2857	2.5316266827180525
2858	2.5171523889298513
2859	2.5016365066391852
2860	2.493550266319558
2861	2.4881769111178493
2862	2.483340040349007
2863	2.481087519663263
2864	2.47147923438669
2865	2.4580665881988453
2866	2.448427254974025
2867	2.4378563734292262
2868	2.4304458622809695
2869	2.4188697174642217
2870	2.41103475422973
2871	2.4067735302768765
2872	2.3963380612525174
2873	2.385413194879986
2874	2.3794210189771836
2875	2.368112356805403
2876	2.360053200897313
2877	2.3538619301185566
2878	2.3420015854363863
2879	2.3360757834996737
2880	2.3276522235825556
2881	2.317887241153106
2882	2.30796010967406
2883	2.299516104985871
2884	2.295103517562479
2885	2.2891050024626702
2886	2.274725304223858
2887	2.262428444952354
2888	2.2537192317205617
2889	2.2389178216490406
2890	2.2316569427219464
2891	2.225833974570605
2892	2.2133789344888593
2893	2.2042770966888487
2894	2.202389300351825
2895	2.1981212570682644
2896	2.182150182469359
2897	2.178095947169903
2898	2.1675401667764147
2899	2.1623867072537126
2900	2.151108945306641
2901	2.134535885041062
2902	2.124735381237969
2903	2.121847780990547
2904	2.1182657465296137
2905	2.10780261141108
2906	2.098917024140271
2907	2.0915394751598444
2908	2.083381258362272
2909	2.072933450735024
2910	2.064224406113953
2911	2.062837949028256
2912	2.0555563411560613
2913	2.049092973021946
2914	2.045331644081079
2915	2.0289833116141174
2916	2.013021113383937
2917	2.007373849930549
2918	2.002993491365951
2919	1.9885626490914075
2920	1.983873486043955
2921	1.9799855493908536
2922	1.9750260285164691
2923	1.9702546214158683
2924	1.9610911057787241
2925	1.9526192679768968
2926	1.9424019764542506
2927	1.9349947989280414
2928	1.9249984852374888
2929	1.92055419518936
2930	1.909268432005913
2931	1.8975856526706232
2932	1.8858286305179888
2933	1.8781255547888382
2934	1.8727645419429115
2935	1.8702293955843277
2936	1.8627346200750998
2937	1.857330570919896
2938	1.8469518342852
2939	1.840540095687259
2940	1.8329388669994118
2941	1.8277875357126778
2942	1.825238234218831
2943	1.8205398880264463
2944	1.80397312471596
2945	1.7974579580816827
2946	1.791961441284524
2947	1.7870128678695296
2948	1.78330925932477
2949	1.7777723406613726
2950	1.7687144566155273
2951	1.7640050253073647
2952	1.7539740615813348
2953	1.746608033731621
2954	1.7344283381654118
2955	1.7258224435912066
2956	1.7188792015369867
2957	1.7056563429973837
2958	1.6955723732818635
2959	1.6876420963224577
2960	1.681951746270486
2961	1.670345643846813
2962	1.6601442001883115
2963	1.6565250987798068
2964	1.6497789299700603
2965	1.6425080594890071
2966	1.6386636065763063
2967	1.6302473232435444
2968	1.6218606661600767
2969	1.6142079985873758
2970	1.6124699585681845
2971	1.5990179107716374
2972	1.58899001056032
2973	1.5848135178817655
2974	1.576231502710642
2975	1.5750258656068181
2976	1.5645213086116718
2977	1.559763201132793
2978	1.5531286479354411
2979	1.5393181456962257
2980	1.528279401253136
2981	1.5172397392576256
2982	1.5040963999800046
2983	1.5034493355227567
2984	1.4970660829182865
2985	1.4925376296531423
2986	1.4771658343138978
2987	1.4732090391985764
2988	1.4627875738721643
2989	1.4543895229646304
2990	1.4523478374057086
2991	1.4453576320041923
2992	1.4388471735609614
2993	1.4350609021269114
2994	1.424612349617932
2995	1.4155880539922476
2996	1.4041238067101633
2997	1.396238668125125
2998	1.39190611844799
2999	1.3868911026657051
3000	1.3813575031381038
