1	9488.740851446895
2	9341.650062219913
3	9317.978507047641
4	9285.494850478313
5	9266.058597336161
6	9224.50991096607
7	9188.886231832155
8	9161.176376904046
9	9158.851493718223
10	9142.625008458957
11	9050.559706329168
12	9050.559706329168
13	9017.761447662859
14	8985.135197074786
15	8950.144185967856
16	8943.827975301287
17	8918.422180449697
18	8918.422180449697
19	8918.422180449697
20	8900.184215928091
21	8896.918509664732
22	8894.33336909836
23	8894.33336909836
24	8863.155886955938
25	8842.63328596052
26	8842.63328596052
27	8821.506861356604
28	8821.506861356604
29	8820.360577413254
30	8796.142642369485
31	8796.142642369485
32	8779.957535097792
33	8779.957535097792
34	8779.957535097792
35	8778.8802973493
36	8778.8802973493
37	8776.711913178891
38	8767.592096675178
39	8749.479054193615
40	8749.479054193615
41	8741.272439525397
42	8720.499805766904
43	8720.499805766904
44	8716.55529461876
45	8715.323748516032
46	8648.637013687623
47	8648.637013687623
48	8648.637013687623
49	8648.637013687623
50	8642.128380484439
51	8629.21040343143
52	8629.21040343143
53	8622.889499758221
54	8602.519680506428
55	8602.519680506428
56	8602.519680506428
57	8602.519680506428
58	8602.519680506428
59	8589.268223258841
60	8589.268223258841
61	8589.268223258841
62	8589.268223258841
63	8589.268223258841
64	8584.781385425464
65	8581.076895660319
66	8577.63212456328
67	8577.63212456328
68	8577.63212456328
69	8577.63212456328
70	8558.939742297242
71	8554.717898213083
72	8553.323875138902
73	8548.71406712533
74	8511.403822329848
75	8510.01299545121
76	8508.194131383063
77	8508.194131383063
78	8508.194131383063
79	8505.246162652045
80	8505.246162652045
81	8505.246162652045
82	8499.076845361507
83	8499.076845361507
84	8499.076845361507
85	8499.076845361507
86	8495.426945426454
87	8464.999210967453
88	8454.310916686538
89	8454.310916686538
90	8454.310916686538
91	8454.310916686538
92	8454.310916686538
93	8454.310916686538
94	8454.310916686538
95	8454.310916686538
96	8454.310916686538
97	8454.310916686538
98	8454.310916686538
99	8451.297621137588
100	8451.297621137588
101	8451.297621137588
102	8438.489417988498
103	8438.489417988498
104	8438.489417988498
105	8438.489417988498
106	8438.489417988498
107	8423.985502764363
108	8423.985502764363
109	8420.707114034894
110	8420.707114034894
111	8420.707114034894
112	8414.164349753462
113	8392.218263309518
114	8377.662227259427
115	8377.662227259427
116	8377.662227259427
117	8377.662227259427
118	8377.662227259427
119	8377.662227259427
120	8377.475197441838
121	8377.475197441838
122	8377.475197441838
123	8357.83154740744
124	8357.83154740744
125	8357.83154740744
126	8357.83154740744
127	8357.83154740744
128	8353.493015483886
129	8353.493015483886
130	8353.493015483886
131	8351.10142779268
132	8351.10142779268
133	8351.10142779268
134	8346.300305795992
135	8346.300305795992
136	8340.295975459629
137	8340.295975459629
138	8340.295975459629
139	8340.295975459629
140	8340.295975459629
141	8340.295975459629
142	8340.295975459629
143	8340.295975459629
144	8340.295975459629
145	8330.52436949124
146	8330.52436949124
147	8318.338364372652
148	8318.338364372652
149	8318.338364372652
150	8307.833198660051
151	8307.833198660051
152	8307.833198660051
153	8307.833198660051
154	8303.642531381904
155	8303.642531381904
156	8303.642531381904
157	8303.642531381904
158	8279.884342421965
159	8279.884342421965
160	8279.884342421965
161	8279.884342421965
162	8279.884342421965
163	8279.884342421965
164	8279.884342421965
165	8279.884342421965
166	8279.884342421965
167	8279.884342421965
168	8279.884342421965
169	8279.884342421965
170	8279.884342421965
171	8279.884342421965
172	8279.884342421965
173	8279.884342421965
174	8279.884342421965
175	8279.884342421965
176	8275.990085083358
177	8275.990085083358
178	8275.990085083358
179	8268.096273221285
180	8254.27774456064
181	8254.27774456064
182	8254.27774456064
183	8254.27774456064
184	8254.27774456064
185	8254.27774456064
186	8244.21949969006
187	8244.21949969006
188	8244.21949969006
189	8244.21949969006
190	8244.21949969006
191	8244.21949969006
192	8244.21949969006
193	8244.21949969006
194	8244.21949969006
195	8244.21949969006
196	8235.567324446518
197	8231.155147115214
198	8231.155147115214
199	8231.155147115214
200	8231.155147115214
201	8222.607250841502
202	8222.607250841502
203	8222.607250841502
204	8222.607250841502
205	8218.572544538763
206	8218.572544538763
207	8218.572544538763
208	8218.572544538763
209	8218.572544538763
210	8218.572544538763
211	8218.572544538763
212	8218.572544538763
213	8218.572544538763
214	8218.572544538763
215	8218.572544538763
216	8218.572544538763
217	8206.83529160448
218	8206.83529160448
219	8204.251209210195
220	8204.251209210195
221	8203.809358141107
222	8203.809358141107
223	8203.809358141107
224	8203.809358141107
225	8203.809358141107
226	8203.809358141107
227	8203.602263571054
228	8203.602263571054
229	8203.602263571054
230	8186.998531439325
231	8186.998531439325
232	8178.628463022115
233	8178.628463022115
234	8178.628463022115
235	8178.628463022115
236	8157.802720323561
237	8157.802720323561
238	8157.802720323561
239	8154.144797357568
240	8154.144797357568
241	8154.144797357568
242	8154.144797357568
243	8154.144797357568
244	8154.144797357568
245	8154.144797357568
246	8154.144797357568
247	8153.09098131084
248	8153.09098131084
249	8151.415201379923
250	8151.415201379923
251	8151.415201379923
252	8151.415201379923
253	8151.415201379923
254	8140.066628569285
255	8140.066628569285
256	8140.066628569285
257	8140.066628569285
258	8140.066628569285
259	8125.540649698837
260	8125.540649698837
261	8125.540649698837
262	8125.540649698837
263	8125.540649698837
264	8125.540649698837
265	8120.171685317046
266	8120.171685317046
267	8120.171685317046
268	8120.171685317046
269	8120.171685317046
270	8120.171685317046
271	8120.171685317046
272	8120.171685317046
273	8120.171685317046
274	8120.171685317046
275	8120.171685317046
276	8118.627773354113
277	8118.627773354113
278	8118.627773354113
279	8118.627773354113
280	8115.5510283299855
281	8112.354953530827
282	8112.354953530827
283	8112.354953530827
284	8112.354953530827
285	8112.354953530827
286	8112.354953530827
287	8112.354953530827
288	8112.354953530827
289	8112.354953530827
290	8112.354953530827
291	8102.109605087998
292	8102.109605087998
293	8102.109605087998
294	8102.109605087998
295	8094.25224036238
296	8090.578427022678
297	8090.578427022678
298	8090.578427022678
299	8090.578427022678
300	8090.578427022678
301	8090.578427022678
302	8090.578427022678
303	8090.578427022678
304	8090.578427022678
305	8090.578427022678
306	8090.578427022678
307	8090.578427022678
308	8090.578427022678
309	8090.578427022678
310	8090.578427022678
311	8090.578427022678
312	8090.578427022678
313	8090.578427022678
314	8090.578427022678
315	8090.578427022678
316	8090.578427022678
317	8090.578427022678
318	8090.578427022678
319	8090.578427022678
320	8090.578427022678
321	8090.578427022678
322	8090.578427022678
323	8090.578427022678
324	8090.578427022678
325	8090.578427022678
326	8082.150197127435
327	8082.150197127435
328	8082.150197127435
329	8082.150197127435
330	8082.150197127435
331	8063.593341409955
332	8063.593341409955
333	8063.593341409955
334	8056.755785229567
335	8052.289731135732
336	8052.289731135732
337	8052.289731135732
338	8052.289731135732
339	8052.289731135732
340	8052.289731135732
341	8052.289731135732
342	8052.289731135732
343	8052.289731135732
344	8052.289731135732
345	8052.289731135732
346	8052.289731135732
347	8052.289731135732
348	8033.714308184192
349	8033.714308184192
350	8033.714308184192
351	8033.714308184192
352	8033.714308184192
353	8033.714308184192
354	8033.714308184192
355	8033.714308184192
356	8033.714308184192
357	8033.714308184192
358	8033.714308184192
359	8033.714308184192
360	8033.714308184192
361	8033.714308184192
362	8033.714308184192
363	8018.0451413330065
364	8018.0451413330065
365	8018.0451413330065
366	8018.0451413330065
367	8018.0451413330065
368	8018.0451413330065
369	8018.0451413330065
370	8018.0451413330065
371	8018.0451413330065
372	8018.0451413330065
373	8017.870639703089
374	8017.870639703089
375	8017.870639703089
376	8017.870639703089
377	8017.870639703089
378	8017.870639703089
379	8017.870639703089
380	7994.821939331921
381	7993.74366617583
382	7993.74366617583
383	7993.74366617583
384	7993.74366617583
385	7993.74366617583
386	7993.74366617583
387	7993.74366617583
388	7993.74366617583
389	7993.74366617583
390	7987.312931671518
391	7987.312931671518
392	7987.312931671518
393	7987.312931671518
394	7987.312931671518
395	7987.312931671518
396	7987.312931671518
397	7984.912946413784
398	7984.912946413784
399	7984.912946413784
400	7984.912946413784
401	7984.912946413784
402	7984.912946413784
403	7984.912946413784
404	7984.912946413784
405	7984.912946413784
406	7981.910729447215
407	7981.910729447215
408	7981.910729447215
409	7978.380609775735
410	7978.380609775735
411	7978.380609775735
412	7978.380609775735
413	7969.926812344996
414	7969.926812344996
415	7968.040184104012
416	7968.040184104012
417	7968.040184104012
418	7968.040184104012
419	7968.040184104012
420	7968.040184104012
421	7968.040184104012
422	7968.040184104012
423	7968.040184104012
424	7968.040184104012
425	7968.040184104012
426	7968.040184104012
427	7968.040184104012
428	7968.040184104012
429	7968.040184104012
430	7968.040184104012
431	7968.040184104012
432	7968.040184104012
433	7968.040184104012
434	7968.040184104012
435	7968.040184104012
436	7968.040184104012
437	7968.040184104012
438	7963.29983636233
439	7963.29983636233
440	7963.29983636233
441	7963.29983636233
442	7963.29983636233
443	7963.29983636233
444	7963.29983636233
445	7963.29983636233
446	7963.29983636233
447	7963.29983636233
448	7963.29983636233
449	7963.29983636233
450	7963.29983636233
451	7963.29983636233
452	7963.29983636233
453	7963.29983636233
454	7963.29983636233
455	7963.29983636233
456	7963.29983636233
457	7963.29983636233
458	7963.29983636233
459	7963.29983636233
460	7963.29983636233
461	7963.29983636233
462	7963.29983636233
463	7963.29983636233
464	7963.29983636233
465	7963.29983636233
466	7963.29983636233
467	7963.29983636233
468	7963.29983636233
469	7963.29983636233
470	7963.29983636233
471	7963.29983636233
472	7963.29983636233
473	7963.29983636233
474	7963.29983636233
475	7963.29983636233
476	7963.29983636233
477	7963.29983636233
478	7963.29983636233
479	7963.29983636233
480	7963.29983636233
481	7963.29983636233
482	7963.29983636233
483	7963.29983636233
484	7963.29983636233
485	7963.29983636233
486	7963.29983636233
487	7962.734067009228
488	7962.734067009228
489	7962.734067009228
490	7962.734067009228
491	7962.734067009228
492	7962.734067009228
493	7962.734067009228
494	7962.734067009228
495	7962.734067009228
496	7962.734067009228
497	7962.734067009228
498	7962.734067009228
499	7962.734067009228
500	7957.5815149044465
501	7957.5815149044465
502	7957.5815149044465
503	7956.255443035462
504	7956.255443035462
505	7956.255443035462
506	7956.255443035462
507	7956.255443035462
508	7956.255443035462
509	7956.255443035462
510	7956.255443035462
511	7956.255443035462
512	7956.255443035462
513	7956.255443035462
514	7956.255443035462
515	7956.255443035462
516	7956.255443035462
517	7956.255443035462
518	7956.255443035462
519	7956.255443035462
520	7956.255443035462
521	7946.531735184447
522	7946.531735184447
523	7946.531735184447
524	7946.531735184447
525	7946.531735184447
526	7946.531735184447
527	7946.531735184447
528	7946.531735184447
529	7946.531735184447
530	7946.531735184447
531	7946.531735184447
532	7946.531735184447
533	7946.531735184447
534	7946.531735184447
535	7946.531735184447
536	7943.348896497258
537	7943.348896497258
538	7943.348896497258
539	7943.348896497258
540	7943.348896497258
541	7943.348896497258
542	7943.348896497258
543	7943.348896497258
544	7943.348896497258
545	7943.348896497258
546	7943.348896497258
547	7943.348896497258
548	7943.348896497258
549	7943.348896497258
550	7943.348896497258
551	7943.348896497258
552	7896.276866882611
553	7896.276866882611
554	7896.276866882611
555	7896.276866882611
556	7896.276866882611
557	7896.276866882611
558	7896.276866882611
559	7896.276866882611
560	7896.276866882611
561	7896.276866882611
562	7896.276866882611
563	7896.276866882611
564	7896.276866882611
565	7896.276866882611
566	7896.276866882611
567	7896.276866882611
568	7892.871149115458
569	7892.871149115458
570	7892.871149115458
571	7892.871149115458
572	7892.871149115458
573	7892.871149115458
574	7892.871149115458
575	7892.871149115458
576	7892.871149115458
577	7892.871149115458
578	7892.871149115458
579	7892.871149115458
580	7892.871149115458
581	7892.871149115458
582	7892.871149115458
583	7892.871149115458
584	7892.871149115458
585	7892.871149115458
586	7892.871149115458
587	7892.871149115458
588	7892.871149115458
589	7891.846114857561
590	7891.846114857561
591	7891.846114857561
592	7891.846114857561
593	7891.846114857561
594	7891.846114857561
595	7891.846114857561
596	7891.846114857561
597	7891.846114857561
598	7891.846114857561
599	7891.846114857561
600	7891.846114857561
601	7891.846114857561
602	7865.4282837929895
603	7865.4282837929895
604	7856.016824490937
605	7856.016824490937
606	7856.016824490937
607	7820.175216864676
608	7820.175216864676
609	7809.47278877825
610	7809.47278877825
611	7809.47278877825
612	7809.47278877825
613	7809.47278877825
614	7809.47278877825
615	7809.47278877825
616	7809.47278877825
617	7809.47278877825
618	7809.47278877825
619	7809.47278877825
620	7809.47278877825
621	7809.47278877825
622	7809.47278877825
623	7809.47278877825
624	7809.47278877825
625	7809.47278877825
626	7809.47278877825
627	7809.47278877825
628	7809.47278877825
629	7809.47278877825
630	7809.47278877825
631	7809.47278877825
632	7809.47278877825
633	7798.984927396191
634	7798.984927396191
635	7798.984927396191
636	7798.984927396191
637	7798.984927396191
638	7798.984927396191
639	7798.984927396191
640	7798.984927396191
641	7798.984927396191
642	7798.984927396191
643	7798.984927396191
644	7798.984927396191
645	7798.984927396191
646	7798.984927396191
647	7798.984927396191
648	7798.984927396191
649	7781.934615980429
650	7781.934615980429
651	7781.934615980429
652	7781.934615980429
653	7781.934615980429
654	7781.934615980429
655	7781.934615980429
656	7781.934615980429
657	7741.385808801834
658	7741.385808801834
659	7741.385808801834
660	7741.385808801834
661	7741.385808801834
662	7741.385808801834
663	7741.385808801834
664	7741.385808801834
665	7741.385808801834
666	7741.385808801834
667	7741.385808801834
668	7741.385808801834
669	7741.385808801834
670	7741.385808801834
671	7741.385808801834
672	7741.385808801834
673	7741.385808801834
674	7741.385808801834
675	7728.690257011203
676	7728.690257011203
677	7728.690257011203
678	7728.690257011203
679	7728.690257011203
680	7728.690257011203
681	7728.690257011203
682	7728.690257011203
683	7728.690257011203
684	7728.690257011203
685	7726.5197862752875
686	7726.5197862752875
687	7726.5197862752875
688	7726.5197862752875
689	7726.5197862752875
690	7726.5197862752875
691	7724.957284331932
692	7724.957284331932
693	7724.957284331932
694	7724.957284331932
695	7724.957284331932
696	7724.957284331932
697	7724.957284331932
698	7724.957284331932
699	7724.957284331932
700	7724.957284331932
701	7724.957284331932
702	7724.957284331932
703	7724.957284331932
704	7724.957284331932
705	7724.957284331932
706	7724.957284331932
707	7724.957284331932
708	7724.957284331932
709	7724.957284331932
710	7724.957284331932
711	7724.957284331932
712	7724.957284331932
713	7724.957284331932
714	7724.957284331932
715	7724.957284331932
716	7724.957284331932
717	7724.957284331932
718	7724.957284331932
719	7724.957284331932
720	7724.957284331932
721	7701.6206786404355
722	7701.6206786404355
723	7701.6206786404355
724	7701.6206786404355
725	7701.6206786404355
726	7701.6206786404355
727	7701.6206786404355
728	7701.6206786404355
729	7701.6206786404355
730	7701.6206786404355
731	7701.6206786404355
732	7701.6206786404355
733	7701.6206786404355
734	7701.6206786404355
735	7701.6206786404355
736	7701.6206786404355
737	7701.6206786404355
738	7701.074800566954
739	7701.074800566954
740	7701.074800566954
741	7701.074800566954
742	7701.074800566954
743	7701.074800566954
744	7701.074800566954
745	7701.074800566954
746	7701.074800566954
747	7701.074800566954
748	7701.074800566954
749	7701.074800566954
750	7701.074800566954
751	7701.074800566954
752	7701.074800566954
753	7701.074800566954
754	7701.074800566954
755	7701.074800566954
756	7701.074800566954
757	7701.074800566954
758	7701.074800566954
759	7701.074800566954
760	7701.074800566954
761	7701.074800566954
762	7701.074800566954
763	7701.074800566954
764	7701.074800566954
765	7701.074800566954
766	7701.074800566954
767	7701.074800566954
768	7701.074800566954
769	7701.074800566954
770	7701.074800566954
771	7701.074800566954
772	7701.074800566954
773	7701.074800566954
774	7701.074800566954
775	7701.074800566954
776	7701.074800566954
777	7701.074800566954
778	7701.074800566954
779	7701.074800566954
780	7699.633040177606
781	7699.633040177606
782	7699.633040177606
783	7699.633040177606
784	7696.342829523378
785	7696.342829523378
786	7696.342829523378
787	7696.342829523378
788	7696.342829523378
789	7696.342829523378
790	7696.342829523378
791	7696.342829523378
792	7696.342829523378
793	7696.342829523378
794	7696.342829523378
795	7696.342829523378
796	7696.342829523378
797	7696.342829523378
798	7696.342829523378
799	7696.342829523378
800	7696.342829523378
801	7674.835222750205
802	7674.835222750205
803	7674.835222750205
804	7674.835222750205
805	7674.835222750205
806	7674.835222750205
807	7674.835222750205
808	7674.835222750205
809	7674.835222750205
810	7674.835222750205
811	7674.835222750205
812	7674.835222750205
813	7674.835222750205
814	7674.835222750205
815	7674.835222750205
816	7673.890655872432
817	7673.890655872432
818	7673.890655872432
819	7673.890655872432
820	7673.890655872432
821	7673.890655872432
822	7673.890655872432
823	7673.890655872432
824	7673.890655872432
825	7673.890655872432
826	7665.520118644006
827	7665.520118644006
828	7665.520118644006
829	7665.520118644006
830	7665.520118644006
831	7665.520118644006
832	7665.520118644006
833	7665.520118644006
834	7665.520118644006
835	7665.520118644006
836	7665.157374947041
837	7665.157374947041
838	7665.157374947041
839	7665.157374947041
840	7665.157374947041
841	7665.157374947041
842	7665.157374947041
843	7665.157374947041
844	7665.157374947041
845	7665.157374947041
846	7665.157374947041
847	7657.325149899857
848	7651.182144125365
849	7651.182144125365
850	7651.182144125365
851	7651.182144125365
852	7651.182144125365
853	7651.182144125365
854	7651.182144125365
855	7651.182144125365
856	7651.182144125365
857	7651.182144125365
858	7651.182144125365
859	7651.182144125365
860	7651.182144125365
861	7651.182144125365
862	7651.182144125365
863	7651.182144125365
864	7651.182144125365
865	7651.182144125365
866	7651.182144125365
867	7651.182144125365
868	7651.182144125365
869	7651.182144125365
870	7651.182144125365
871	7651.182144125365
872	7651.182144125365
873	7651.182144125365
874	7651.182144125365
875	7651.182144125365
876	7651.182144125365
877	7651.182144125365
878	7651.182144125365
879	7651.182144125365
880	7651.182144125365
881	7651.182144125365
882	7651.182144125365
883	7651.182144125365
884	7651.182144125365
885	7651.182144125365
886	7651.182144125365
887	7651.182144125365
888	7651.182144125365
889	7651.182144125365
890	7651.182144125365
891	7651.182144125365
892	7651.182144125365
893	7651.182144125365
894	7651.182144125365
895	7651.182144125365
896	7651.182144125365
897	7651.182144125365
898	7651.182144125365
899	7647.550938110495
900	7647.550938110495
901	7647.550938110495
902	7647.550938110495
903	7647.550938110495
904	7647.550938110495
905	7647.550938110495
906	7647.550938110495
907	7647.550938110495
908	7647.550938110495
909	7647.550938110495
910	7647.550938110495
911	7647.152741206188
912	7647.152741206188
913	7647.152741206188
914	7647.152741206188
915	7647.152741206188
916	7647.152741206188
917	7647.152741206188
918	7628.617276323914
919	7628.617276323914
920	7628.617276323914
921	7628.617276323914
922	7628.617276323914
923	7628.617276323914
924	7628.617276323914
925	7628.617276323914
926	7628.617276323914
927	7628.617276323914
928	7628.617276323914
929	7628.617276323914
930	7628.617276323914
931	7628.617276323914
932	7628.617276323914
933	7625.630594824376
934	7625.630594824376
935	7625.630594824376
936	7625.630594824376
937	7625.630594824376
938	7625.630594824376
939	7625.630594824376
940	7625.630594824376
941	7625.630594824376
942	7625.630594824376
943	7625.630594824376
944	7625.630594824376
945	7625.630594824376
946	7625.630594824376
947	7625.630594824376
948	7625.630594824376
949	7625.630594824376
950	7625.630594824376
951	7625.630594824376
952	7625.630594824376
953	7614.291503686089
954	7614.291503686089
955	7614.291503686089
956	7614.291503686089
957	7614.291503686089
958	7614.291503686089
959	7614.291503686089
960	7614.291503686089
961	7614.291503686089
962	7614.291503686089
963	7614.291503686089
964	7614.291503686089
965	7614.291503686089
966	7614.291503686089
967	7614.291503686089
968	7614.291503686089
969	7614.291503686089
970	7614.291503686089
971	7614.291503686089
972	7614.291503686089
973	7614.291503686089
974	7614.291503686089
975	7614.291503686089
976	7614.291503686089
977	7614.291503686089
978	7614.291503686089
979	7614.291503686089
980	7614.291503686089
981	7614.291503686089
982	7614.291503686089
983	7614.291503686089
984	7614.291503686089
985	7614.291503686089
986	7614.291503686089
987	7614.291503686089
988	7614.291503686089
989	7614.291503686089
990	7614.291503686089
991	7614.291503686089
992	7614.291503686089
993	7614.291503686089
994	7614.291503686089
995	7614.291503686089
996	7614.291503686089
997	7614.291503686089
998	7614.291503686089
999	7614.291503686089
1000	7614.291503686089
1001	7614.291503686089
1002	7614.291503686089
1003	7614.291503686089
1004	7614.291503686089
1005	7614.291503686089
1006	7614.291503686089
1007	7614.291503686089
1008	7614.291503686089
1009	7614.291503686089
1010	7597.511528824972
1011	7597.511528824972
1012	7597.511528824972
1013	7597.511528824972
1014	7597.511528824972
1015	7597.511528824972
1016	7597.511528824972
1017	7597.511528824972
1018	7597.511528824972
1019	7597.511528824972
1020	7597.511528824972
1021	7597.511528824972
1022	7597.511528824972
1023	7597.511528824972
1024	7597.511528824972
1025	7597.511528824972
1026	7597.511528824972
1027	7597.511528824972
1028	7597.511528824972
1029	7597.511528824972
1030	7597.511528824972
1031	7597.511528824972
1032	7597.511528824972
1033	7597.511528824972
1034	7597.511528824972
1035	7597.511528824972
1036	7597.511528824972
1037	7597.511528824972
1038	7597.511528824972
1039	7597.511528824972
1040	7597.511528824972
1041	7597.511528824972
1042	7597.511528824972
1043	7597.511528824972
1044	7597.511528824972
1045	7597.511528824972
1046	7597.511528824972
1047	7597.511528824972
1048	7597.511528824972
1049	7597.511528824972
1050	7597.511528824972
1051	7597.511528824972
1052	7597.511528824972
1053	7597.511528824972
1054	7597.511528824972
1055	7597.511528824972
1056	7597.511528824972
1057	7597.511528824972
1058	7597.511528824972
1059	7597.511528824972
1060	7597.511528824972
1061	7597.511528824972
1062	7597.511528824972
1063	7597.511528824972
1064	7597.511528824972
1065	7597.511528824972
1066	7597.511528824972
1067	7597.511528824972
1068	7597.511528824972
1069	7597.511528824972
1070	7597.511528824972
1071	7597.511528824972
1072	7597.511528824972
1073	7597.511528824972
1074	7597.511528824972
1075	7597.511528824972
1076	7597.511528824972
1077	7597.511528824972
1078	7597.511528824972
1079	7597.511528824972
1080	7597.511528824972
1081	7597.511528824972
1082	7597.511528824972
1083	7597.511528824972
1084	7597.511528824972
1085	7597.511528824972
1086	7597.511528824972
1087	7597.511528824972
1088	7597.511528824972
1089	7597.511528824972
1090	7597.511528824972
1091	7597.511528824972
1092	7597.511528824972
1093	7597.511528824972
1094	7597.511528824972
1095	7597.511528824972
1096	7597.511528824972
1097	7597.511528824972
1098	7597.511528824972
1099	7597.511528824972
1100	7597.511528824972
1101	7597.511528824972
1102	7597.511528824972
1103	7591.466879676218
1104	7591.466879676218
1105	7591.466879676218
1106	7591.466879676218
1107	7591.466879676218
1108	7591.466879676218
1109	7591.466879676218
1110	7591.466879676218
1111	7591.466879676218
1112	7591.466879676218
1113	7591.466879676218
1114	7591.466879676218
1115	7591.466879676218
1116	7591.466879676218
1117	7591.466879676218
1118	7591.466879676218
1119	7591.466879676218
1120	7591.466879676218
1121	7591.466879676218
1122	7591.466879676218
1123	7591.466879676218
1124	7591.466879676218
1125	7591.466879676218
1126	7591.466879676218
1127	7591.466879676218
1128	7591.466879676218
1129	7591.466879676218
1130	7591.466879676218
1131	7591.466879676218
1132	7591.466879676218
1133	7591.466879676218
1134	7591.466879676218
1135	7591.466879676218
1136	7591.466879676218
1137	7591.466879676218
1138	7591.466879676218
1139	7591.466879676218
1140	7591.466879676218
1141	7591.466879676218
1142	7591.466879676218
1143	7591.466879676218
1144	7591.466879676218
1145	7591.466879676218
1146	7591.466879676218
1147	7585.056000985771
1148	7585.056000985771
1149	7585.056000985771
1150	7585.056000985771
1151	7585.056000985771
1152	7585.056000985771
1153	7585.056000985771
1154	7585.056000985771
1155	7585.056000985771
1156	7585.056000985771
1157	7585.056000985771
1158	7585.056000985771
1159	7585.056000985771
1160	7585.056000985771
1161	7585.056000985771
1162	7585.056000985771
1163	7585.056000985771
1164	7585.056000985771
1165	7585.056000985771
1166	7585.056000985771
1167	7585.056000985771
1168	7585.056000985771
1169	7585.056000985771
1170	7585.056000985771
1171	7585.056000985771
1172	7585.056000985771
1173	7585.056000985771
1174	7585.056000985771
1175	7585.056000985771
1176	7585.056000985771
1177	7585.056000985771
1178	7585.056000985771
1179	7585.056000985771
1180	7585.056000985771
1181	7585.056000985771
1182	7585.056000985771
1183	7585.056000985771
1184	7585.056000985771
1185	7585.056000985771
1186	7585.056000985771
1187	7585.056000985771
1188	7565.033643572307
1189	7565.033643572307
1190	7565.033643572307
1191	7565.033643572307
1192	7565.033643572307
1193	7565.033643572307
1194	7565.033643572307
1195	7565.033643572307
1196	7565.033643572307
1197	7565.033643572307
1198	7565.033643572307
1199	7565.033643572307
1200	7565.033643572307
1201	7565.033643572307
1202	7565.033643572307
1203	7565.033643572307
1204	7565.033643572307
1205	7551.825799721094
1206	7551.825799721094
1207	7551.825799721094
1208	7551.825799721094
1209	7551.825799721094
1210	7551.825799721094
1211	7551.825799721094
1212	7551.825799721094
1213	7551.825799721094
1214	7551.825799721094
1215	7551.825799721094
1216	7551.825799721094
1217	7551.825799721094
1218	7551.825799721094
1219	7551.825799721094
1220	7551.825799721094
1221	7551.825799721094
1222	7551.825799721094
1223	7551.825799721094
1224	7551.825799721094
1225	7551.825799721094
1226	7551.825799721094
1227	7551.825799721094
1228	7551.825799721094
1229	7551.825799721094
1230	7551.825799721094
1231	7551.825799721094
1232	7551.825799721094
1233	7551.825799721094
1234	7551.825799721094
1235	7551.825799721094
1236	7551.825799721094
1237	7551.825799721094
1238	7551.825799721094
1239	7551.825799721094
1240	7551.825799721094
1241	7551.825799721094
1242	7551.825799721094
1243	7551.825799721094
1244	7551.825799721094
1245	7551.825799721094
1246	7551.825799721094
1247	7551.825799721094
1248	7551.825799721094
1249	7551.426447011427
1250	7551.426447011427
1251	7551.426447011427
1252	7551.426447011427
1253	7551.426447011427
1254	7551.426447011427
1255	7551.426447011427
1256	7551.426447011427
1257	7551.426447011427
1258	7551.426447011427
1259	7551.426447011427
1260	7551.426447011427
1261	7551.426447011427
1262	7551.426447011427
1263	7549.210705665561
1264	7549.210705665561
1265	7549.210705665561
1266	7549.210705665561
1267	7549.210705665561
1268	7549.210705665561
1269	7549.210705665561
1270	7549.210705665561
1271	7549.210705665561
1272	7549.210705665561
1273	7549.210705665561
1274	7549.210705665561
1275	7549.210705665561
1276	7549.210705665561
1277	7549.210705665561
1278	7549.210705665561
1279	7549.210705665561
1280	7549.210705665561
1281	7549.210705665561
1282	7549.210705665561
1283	7549.210705665561
1284	7549.210705665561
1285	7549.210705665561
1286	7549.210705665561
1287	7549.210705665561
1288	7549.210705665561
1289	7549.210705665561
1290	7549.210705665561
1291	7549.210705665561
1292	7549.210705665561
1293	7549.210705665561
1294	7549.210705665561
1295	7549.210705665561
1296	7549.210705665561
1297	7549.210705665561
1298	7549.210705665561
1299	7549.210705665561
1300	7549.210705665561
1301	7549.210705665561
1302	7549.210705665561
1303	7549.210705665561
1304	7549.210705665561
1305	7541.952601208802
1306	7541.952601208802
1307	7541.952601208802
1308	7541.952601208802
1309	7541.952601208802
1310	7541.952601208802
1311	7532.612774591843
1312	7532.612774591843
1313	7532.612774591843
1314	7532.612774591843
1315	7532.612774591843
1316	7532.612774591843
1317	7532.612774591843
1318	7532.612774591843
1319	7532.612774591843
1320	7532.612774591843
1321	7532.612774591843
1322	7532.612774591843
1323	7532.612774591843
1324	7532.612774591843
1325	7532.612774591843
1326	7532.612774591843
1327	7532.612774591843
1328	7532.612774591843
1329	7532.612774591843
1330	7532.612774591843
1331	7532.612774591843
1332	7532.612774591843
1333	7532.612774591843
1334	7532.612774591843
1335	7532.612774591843
1336	7532.612774591843
1337	7532.612774591843
1338	7532.612774591843
1339	7532.612774591843
1340	7532.612774591843
1341	7532.612774591843
1342	7532.612774591843
1343	7532.612774591843
1344	7532.612774591843
1345	7532.612774591843
1346	7532.612774591843
1347	7532.612774591843
1348	7532.612774591843
1349	7532.612774591843
1350	7532.612774591843
1351	7532.612774591843
1352	7532.612774591843
1353	7532.612774591843
1354	7532.612774591843
1355	7532.612774591843
1356	7532.612774591843
1357	7532.612774591843
1358	7532.612774591843
1359	7532.612774591843
1360	7532.612774591843
1361	7532.612774591843
1362	7532.612774591843
1363	7532.612774591843
1364	7532.612774591843
1365	7532.612774591843
1366	7532.612774591843
1367	7532.612774591843
1368	7532.612774591843
1369	7532.612774591843
1370	7532.612774591843
1371	7532.612774591843
1372	7532.612774591843
1373	7532.612774591843
1374	7532.612774591843
1375	7532.612774591843
1376	7532.612774591843
1377	7532.612774591843
1378	7532.612774591843
1379	7532.612774591843
1380	7532.612774591843
1381	7532.612774591843
1382	7532.612774591843
1383	7532.612774591843
1384	7532.612774591843
1385	7532.612774591843
1386	7532.612774591843
1387	7532.612774591843
1388	7532.147619804912
1389	7532.147619804912
1390	7532.147619804912
1391	7532.147619804912
1392	7532.147619804912
1393	7532.147619804912
1394	7532.147619804912
1395	7523.5345820485345
1396	7523.5345820485345
1397	7523.5345820485345
1398	7523.5345820485345
1399	7523.5345820485345
1400	7523.5345820485345
1401	7523.5345820485345
1402	7523.5345820485345
1403	7523.5345820485345
1404	7523.5345820485345
1405	7523.5345820485345
1406	7523.5345820485345
1407	7523.5345820485345
1408	7517.804170985187
1409	7517.804170985187
1410	7517.804170985187
1411	7517.804170985187
1412	7517.804170985187
1413	7517.804170985187
1414	7517.804170985187
1415	7502.803611488245
1416	7502.803611488245
1417	7502.803611488245
1418	7499.5341797597075
1419	7499.5341797597075
1420	7499.5341797597075
1421	7499.5341797597075
1422	7499.5341797597075
1423	7499.5341797597075
1424	7499.5341797597075
1425	7499.5341797597075
1426	7499.5341797597075
1427	7499.5341797597075
1428	7499.5341797597075
1429	7499.5341797597075
1430	7499.5341797597075
1431	7499.5341797597075
1432	7499.5341797597075
1433	7499.5341797597075
1434	7499.5341797597075
1435	7499.5341797597075
1436	7499.5341797597075
1437	7499.5341797597075
1438	7499.5341797597075
1439	7499.5341797597075
1440	7499.5341797597075
1441	7499.5341797597075
1442	7498.647594281201
1443	7498.647594281201
1444	7498.647594281201
1445	7498.647594281201
1446	7498.647594281201
1447	7498.647594281201
1448	7498.647594281201
1449	7498.647594281201
1450	7498.647594281201
1451	7498.647594281201
1452	7498.647594281201
1453	7498.647594281201
1454	7498.647594281201
1455	7498.647594281201
1456	7498.647594281201
1457	7498.647594281201
1458	7498.647594281201
1459	7498.647594281201
1460	7498.647594281201
1461	7498.647594281201
1462	7498.647594281201
1463	7498.647594281201
1464	7481.841237868752
1465	7481.841237868752
1466	7481.841237868752
1467	7481.841237868752
1468	7479.981670234183
1469	7479.981670234183
1470	7479.981670234183
1471	7479.981670234183
1472	7479.981670234183
1473	7479.981670234183
1474	7479.981670234183
1475	7479.981670234183
1476	7479.981670234183
1477	7479.981670234183
1478	7479.981670234183
1479	7479.981670234183
1480	7479.981670234183
1481	7479.981670234183
1482	7479.981670234183
1483	7479.981670234183
1484	7479.981670234183
1485	7479.981670234183
1486	7479.981670234183
1487	7479.981670234183
1488	7479.981670234183
1489	7479.981670234183
1490	7479.981670234183
1491	7479.981670234183
1492	7479.981670234183
1493	7479.981670234183
1494	7479.981670234183
1495	7469.315849288249
1496	7469.315849288249
1497	7469.315849288249
1498	7469.315849288249
1499	7469.315849288249
1500	7469.315849288249
1501	7469.315849288249
1502	7469.315849288249
1503	7469.315849288249
1504	7469.315849288249
1505	7469.315849288249
1506	7469.315849288249
1507	7469.315849288249
1508	7469.315849288249
1509	7469.315849288249
1510	7469.315849288249
1511	7469.315849288249
1512	7469.315849288249
1513	7469.315849288249
1514	7469.315849288249
1515	7469.315849288249
1516	7469.315849288249
1517	7469.315849288249
1518	7466.584451825329
1519	7466.584451825329
1520	7466.584451825329
1521	7466.584451825329
1522	7466.584451825329
1523	7466.584451825329
1524	7466.584451825329
1525	7466.584451825329
1526	7466.584451825329
1527	7466.584451825329
1528	7466.584451825329
1529	7466.584451825329
1530	7466.584451825329
1531	7466.584451825329
1532	7466.584451825329
1533	7466.584451825329
1534	7466.584451825329
1535	7466.584451825329
1536	7466.584451825329
1537	7440.001888353975
1538	7440.001888353975
1539	7440.001888353975
1540	7440.001888353975
1541	7440.001888353975
1542	7440.001888353975
1543	7440.001888353975
1544	7440.001888353975
1545	7440.001888353975
1546	7440.001888353975
1547	7440.001888353975
1548	7440.001888353975
1549	7440.001888353975
1550	7440.001888353975
1551	7440.001888353975
1552	7440.001888353975
1553	7440.001888353975
1554	7440.001888353975
1555	7440.001888353975
1556	7440.001888353975
1557	7440.001888353975
1558	7440.001888353975
1559	7440.001888353975
1560	7440.001888353975
1561	7440.001888353975
1562	7440.001888353975
1563	7440.001888353975
1564	7440.001888353975
1565	7440.001888353975
1566	7440.001888353975
1567	7440.001888353975
1568	7440.001888353975
1569	7440.001888353975
1570	7440.001888353975
1571	7430.606083061226
1572	7430.606083061226
1573	7430.606083061226
1574	7430.606083061226
1575	7430.606083061226
1576	7430.606083061226
1577	7430.606083061226
1578	7430.606083061226
1579	7430.606083061226
1580	7430.606083061226
1581	7430.606083061226
1582	7430.606083061226
1583	7430.606083061226
1584	7430.606083061226
1585	7430.606083061226
1586	7430.606083061226
1587	7430.606083061226
1588	7430.606083061226
1589	7430.606083061226
1590	7430.606083061226
1591	7430.606083061226
1592	7430.606083061226
1593	7430.606083061226
1594	7430.606083061226
1595	7430.606083061226
1596	7430.606083061226
1597	7430.606083061226
1598	7430.606083061226
1599	7430.606083061226
1600	7430.606083061226
1601	7430.606083061226
1602	7430.606083061226
1603	7430.606083061226
1604	7430.606083061226
1605	7430.606083061226
1606	7430.606083061226
1607	7430.606083061226
1608	7430.606083061226
1609	7430.606083061226
1610	7430.606083061226
1611	7430.606083061226
1612	7430.606083061226
1613	7430.606083061226
1614	7430.606083061226
1615	7430.606083061226
1616	7430.606083061226
1617	7430.606083061226
1618	7430.606083061226
1619	7430.606083061226
1620	7430.606083061226
1621	7430.606083061226
1622	7430.606083061226
1623	7430.606083061226
1624	7430.606083061226
1625	7430.606083061226
1626	7430.606083061226
1627	7430.606083061226
1628	7430.606083061226
1629	7430.606083061226
1630	7430.606083061226
1631	7430.606083061226
1632	7430.606083061226
1633	7430.606083061226
1634	7430.606083061226
1635	7430.606083061226
1636	7430.606083061226
1637	7430.38085284151
1638	7430.38085284151
1639	7430.38085284151
1640	7430.38085284151
1641	7430.38085284151
1642	7430.38085284151
1643	7430.38085284151
1644	7430.38085284151
1645	7430.38085284151
1646	7430.38085284151
1647	7430.38085284151
1648	7430.38085284151
1649	7430.38085284151
1650	7414.596100242063
1651	7411.706077934742
1652	7411.706077934742
1653	7411.706077934742
1654	7411.706077934742
1655	7411.706077934742
1656	7411.706077934742
1657	7411.706077934742
1658	7411.706077934742
1659	7411.706077934742
1660	7411.706077934742
1661	7411.706077934742
1662	7411.706077934742
1663	7411.706077934742
1664	7409.59369300972
1665	7409.59369300972
1666	7409.59369300972
1667	7409.59369300972
1668	7409.59369300972
1669	7409.59369300972
1670	7409.59369300972
1671	7409.59369300972
1672	7409.59369300972
1673	7390.79084182655
1674	7390.79084182655
1675	7390.79084182655
1676	7390.79084182655
1677	7390.79084182655
1678	7390.79084182655
1679	7390.79084182655
1680	7390.79084182655
1681	7390.79084182655
1682	7390.79084182655
1683	7390.79084182655
1684	7390.79084182655
1685	7390.79084182655
1686	7390.79084182655
1687	7390.79084182655
1688	7390.79084182655
1689	7389.876901120166
1690	7389.876901120166
1691	7389.876901120166
1692	7389.876901120166
1693	7389.876901120166
1694	7373.240371318056
1695	7373.240371318056
1696	7373.240371318056
1697	7373.240371318056
1698	7373.240371318056
1699	7372.732167973401
1700	7372.732167973401
1701	7372.732167973401
1702	7372.732167973401
1703	7372.732167973401
1704	7372.732167973401
1705	7372.732167973401
1706	7372.732167973401
1707	7372.732167973401
1708	7372.732167973401
1709	7372.732167973401
1710	7372.732167973401
1711	7372.732167973401
1712	7372.732167973401
1713	7372.732167973401
1714	7372.732167973401
1715	7372.732167973401
1716	7372.732167973401
1717	7372.732167973401
1718	7372.732167973401
1719	7372.732167973401
1720	7372.732167973401
1721	7372.732167973401
1722	7372.732167973401
1723	7372.732167973401
1724	7372.732167973401
1725	7372.732167973401
1726	7372.732167973401
1727	7372.732167973401
1728	7372.732167973401
1729	7372.732167973401
1730	7372.732167973401
1731	7372.732167973401
1732	7367.437456098462
1733	7367.437456098462
1734	7367.437456098462
1735	7367.437456098462
1736	7367.437456098462
1737	7367.437456098462
1738	7367.437456098462
1739	7367.437456098462
1740	7367.437456098462
1741	7367.437456098462
1742	7367.437456098462
1743	7367.437456098462
1744	7367.437456098462
1745	7353.05755824105
1746	7353.05755824105
1747	7353.05755824105
1748	7353.05755824105
1749	7353.05755824105
1750	7353.05755824105
1751	7353.05755824105
1752	7353.05755824105
1753	7353.05755824105
1754	7353.05755824105
1755	7353.05755824105
1756	7353.05755824105
1757	7339.094733871871
1758	7339.094733871871
1759	7339.094733871871
1760	7339.094733871871
1761	7339.094733871871
1762	7339.094733871871
1763	7339.094733871871
1764	7339.094733871871
1765	7339.094733871871
1766	7339.094733871871
1767	7339.094733871871
1768	7339.094733871871
1769	7339.094733871871
1770	7339.094733871871
1771	7339.094733871871
1772	7337.254841781442
1773	7337.254841781442
1774	7329.711517044806
1775	7329.711517044806
1776	7329.711517044806
1777	7329.711517044806
1778	7329.711517044806
1779	7329.711517044806
1780	7329.711517044806
1781	7329.711517044806
1782	7329.711517044806
1783	7329.711517044806
1784	7329.711517044806
1785	7329.711517044806
1786	7329.711517044806
1787	7329.711517044806
1788	7329.711517044806
1789	7329.711517044806
1790	7329.711517044806
1791	7329.711517044806
1792	7329.711517044806
1793	7329.711517044806
1794	7329.711517044806
1795	7329.711517044806
1796	7329.711517044806
1797	7329.711517044806
1798	7329.711517044806
1799	7329.711517044806
1800	7329.711517044806
1801	7329.711517044806
1802	7329.711517044806
1803	7329.711517044806
1804	7329.711517044806
1805	7329.711517044806
1806	7329.711517044806
1807	7329.711517044806
1808	7329.711517044806
1809	7329.711517044806
1810	7329.711517044806
1811	7329.711517044806
1812	7329.711517044806
1813	7329.711517044806
1814	7329.711517044806
1815	7329.711517044806
1816	7329.711517044806
1817	7329.711517044806
1818	7329.711517044806
1819	7329.711517044806
1820	7329.711517044806
1821	7329.711517044806
1822	7329.711517044806
1823	7329.711517044806
1824	7329.711517044806
1825	7329.711517044806
1826	7329.711517044806
1827	7329.711517044806
1828	7329.711517044806
1829	7329.711517044806
1830	7329.711517044806
1831	7329.711517044806
1832	7329.711517044806
1833	7329.711517044806
1834	7329.711517044806
1835	7329.711517044806
1836	7329.711517044806
1837	7329.711517044806
1838	7329.711517044806
1839	7329.711517044806
1840	7329.711517044806
1841	7329.711517044806
1842	7329.711517044806
1843	7329.711517044806
1844	7329.711517044806
1845	7329.711517044806
1846	7329.711517044806
1847	7329.711517044806
1848	7329.711517044806
1849	7329.711517044806
1850	7329.711517044806
1851	7329.711517044806
1852	7315.0393124788325
1853	7315.0393124788325
1854	7315.0393124788325
1855	7315.0393124788325
1856	7315.0393124788325
1857	7315.0393124788325
1858	7315.0393124788325
1859	7315.0393124788325
1860	7315.0393124788325
1861	7315.0393124788325
1862	7315.0393124788325
1863	7315.0393124788325
1864	7315.0393124788325
1865	7315.0393124788325
1866	7315.0393124788325
1867	7315.0393124788325
1868	7315.0393124788325
1869	7315.0393124788325
1870	7315.0393124788325
1871	7315.0393124788325
1872	7315.0393124788325
1873	7315.0393124788325
1874	7315.0393124788325
1875	7315.0393124788325
1876	7315.0393124788325
1877	7315.0393124788325
1878	7315.0393124788325
1879	7314.61765078575
1880	7314.61765078575
1881	7314.61765078575
1882	7314.61765078575
1883	7314.61765078575
1884	7314.61765078575
1885	7314.61765078575
1886	7314.61765078575
1887	7314.61765078575
1888	7314.61765078575
1889	7314.61765078575
1890	7314.61765078575
1891	7314.61765078575
1892	7314.61765078575
1893	7314.61765078575
1894	7314.61765078575
1895	7314.61765078575
1896	7314.61765078575
1897	7314.61765078575
1898	7314.61765078575
1899	7314.61765078575
1900	7314.61765078575
1901	7314.61765078575
1902	7314.61765078575
1903	7314.61765078575
1904	7314.61765078575
1905	7314.61765078575
1906	7314.61765078575
1907	7314.61765078575
1908	7314.61765078575
1909	7314.61765078575
1910	7314.61765078575
1911	7314.61765078575
1912	7314.61765078575
1913	7314.61765078575
1914	7314.61765078575
1915	7314.61765078575
1916	7314.61765078575
1917	7314.61765078575
1918	7304.941308873334
1919	7304.941308873334
1920	7304.941308873334
1921	7304.941308873334
1922	7304.941308873334
1923	7304.941308873334
1924	7304.941308873334
1925	7304.941308873334
1926	7304.941308873334
1927	7304.941308873334
1928	7304.941308873334
1929	7304.941308873334
1930	7304.941308873334
1931	7304.941308873334
1932	7304.941308873334
1933	7304.941308873334
1934	7304.941308873334
1935	7304.941308873334
1936	7304.941308873334
1937	7304.941308873334
1938	7304.941308873334
1939	7304.941308873334
1940	7304.941308873334
1941	7304.941308873334
1942	7304.941308873334
1943	7304.941308873334
1944	7304.941308873334
1945	7304.941308873334
1946	7304.941308873334
1947	7304.941308873334
1948	7304.941308873334
1949	7304.941308873334
1950	7304.941308873334
1951	7304.941308873334
1952	7304.941308873334
1953	7304.941308873334
1954	7304.941308873334
1955	7304.941308873334
1956	7304.941308873334
1957	7304.941308873334
1958	7304.941308873334
1959	7304.941308873334
1960	7304.941308873334
1961	7304.941308873334
1962	7304.941308873334
1963	7304.941308873334
1964	7304.941308873334
1965	7304.941308873334
1966	7304.941308873334
1967	7304.941308873334
1968	7304.941308873334
1969	7304.941308873334
1970	7304.941308873334
1971	7304.941308873334
1972	7304.941308873334
1973	7304.941308873334
1974	7304.941308873334
1975	7304.941308873334
1976	7304.941308873334
1977	7304.941308873334
1978	7304.941308873334
1979	7304.941308873334
1980	7304.941308873334
1981	7304.941308873334
1982	7304.941308873334
1983	7304.941308873334
1984	7304.941308873334
1985	7304.941308873334
1986	7304.941308873334
1987	7304.941308873334
1988	7304.941308873334
1989	7304.941308873334
1990	7304.941308873334
1991	7304.941308873334
1992	7304.941308873334
1993	7304.941308873334
1994	7304.941308873334
1995	7304.941308873334
1996	7304.941308873334
1997	7304.941308873334
1998	7304.941308873334
1999	7304.941308873334
2000	7304.941308873334
2001	7304.941308873334
2002	7304.941308873334
2003	7304.941308873334
2004	7304.941308873334
2005	7304.941308873334
2006	7304.941308873334
2007	7304.941308873334
2008	7304.941308873334
2009	7304.941308873334
2010	7304.941308873334
2011	7304.941308873334
2012	7304.941308873334
2013	7304.941308873334
2014	7304.941308873334
2015	7304.941308873334
2016	7304.941308873334
2017	7304.941308873334
2018	7304.941308873334
2019	7304.941308873334
2020	7304.941308873334
2021	7304.941308873334
2022	7304.941308873334
2023	7304.941308873334
2024	7304.941308873334
2025	7304.941308873334
2026	7304.941308873334
2027	7304.941308873334
2028	7304.941308873334
2029	7304.941308873334
2030	7304.941308873334
2031	7304.941308873334
2032	7304.941308873334
2033	7304.941308873334
2034	7304.941308873334
2035	7304.941308873334
2036	7304.941308873334
2037	7304.941308873334
2038	7304.941308873334
2039	7304.941308873334
2040	7304.941308873334
2041	7304.941308873334
2042	7303.927123469302
2043	7303.927123469302
2044	7303.927123469302
2045	7303.927123469302
2046	7303.927123469302
2047	7303.927123469302
2048	7303.927123469302
2049	7303.927123469302
2050	7303.927123469302
2051	7303.927123469302
2052	7303.927123469302
2053	7303.927123469302
2054	7303.927123469302
2055	7303.927123469302
2056	7303.927123469302
2057	7303.927123469302
2058	7303.927123469302
2059	7303.927123469302
2060	7303.927123469302
2061	7303.927123469302
2062	7303.927123469302
2063	7303.927123469302
2064	7303.927123469302
2065	7303.927123469302
2066	7303.927123469302
2067	7303.927123469302
2068	7303.927123469302
2069	7303.927123469302
2070	7303.927123469302
2071	7303.927123469302
2072	7303.927123469302
2073	7303.927123469302
2074	7303.927123469302
2075	7303.927123469302
2076	7303.927123469302
2077	7303.927123469302
2078	7303.927123469302
2079	7303.927123469302
2080	7303.927123469302
2081	7303.927123469302
2082	7303.927123469302
2083	7303.927123469302
2084	7303.927123469302
2085	7303.927123469302
2086	7303.927123469302
2087	7303.927123469302
2088	7303.927123469302
2089	7303.927123469302
2090	7303.927123469302
2091	7303.927123469302
2092	7303.927123469302
2093	7303.927123469302
2094	7303.927123469302
2095	7286.065853215191
2096	7286.065853215191
2097	7286.065853215191
2098	7286.065853215191
2099	7286.065853215191
2100	7286.065853215191
2101	7286.065853215191
2102	7286.065853215191
2103	7286.065853215191
2104	7286.065853215191
2105	7286.065853215191
2106	7286.065853215191
2107	7286.065853215191
2108	7286.065853215191
2109	7286.065853215191
2110	7286.065853215191
2111	7285.840293368166
2112	7285.840293368166
2113	7285.840293368166
2114	7285.840293368166
2115	7285.840293368166
2116	7285.840293368166
2117	7285.840293368166
2118	7285.840293368166
2119	7285.840293368166
2120	7285.840293368166
2121	7285.840293368166
2122	7285.840293368166
2123	7285.840293368166
2124	7285.840293368166
2125	7285.840293368166
2126	7285.840293368166
2127	7285.840293368166
2128	7285.840293368166
2129	7285.840293368166
2130	7285.840293368166
2131	7285.840293368166
2132	7285.840293368166
2133	7285.840293368166
2134	7285.840293368166
2135	7285.840293368166
2136	7285.840293368166
2137	7285.840293368166
2138	7285.840293368166
2139	7285.840293368166
2140	7285.840293368166
2141	7285.840293368166
2142	7285.840293368166
2143	7285.840293368166
2144	7285.840293368166
2145	7285.840293368166
2146	7285.840293368166
2147	7285.840293368166
2148	7285.840293368166
2149	7285.840293368166
2150	7285.840293368166
2151	7285.840293368166
2152	7285.840293368166
2153	7285.840293368166
2154	7285.840293368166
2155	7285.840293368166
2156	7285.840293368166
2157	7285.840293368166
2158	7285.840293368166
2159	7285.840293368166
2160	7285.840293368166
2161	7285.840293368166
2162	7285.840293368166
2163	7285.840293368166
2164	7285.840293368166
2165	7285.840293368166
2166	7285.840293368166
2167	7283.391804559144
2168	7283.391804559144
2169	7283.391804559144
2170	7283.391804559144
2171	7283.391804559144
2172	7283.391804559144
2173	7283.391804559144
2174	7283.391804559144
2175	7283.391804559144
2176	7283.391804559144
2177	7283.391804559144
2178	7283.391804559144
2179	7283.391804559144
2180	7283.391804559144
2181	7283.391804559144
2182	7283.391804559144
2183	7283.391804559144
2184	7283.391804559144
2185	7283.391804559144
2186	7283.391804559144
2187	7283.391804559144
2188	7283.391804559144
2189	7283.391804559144
2190	7283.391804559144
2191	7283.391804559144
2192	7282.856953731184
2193	7282.856953731184
2194	7282.856953731184
2195	7282.856953731184
2196	7282.856953731184
2197	7282.856953731184
2198	7282.856953731184
2199	7282.856953731184
2200	7282.856953731184
2201	7282.856953731184
2202	7282.856953731184
2203	7282.856953731184
2204	7282.856953731184
2205	7282.856953731184
2206	7282.856953731184
2207	7282.856953731184
2208	7282.856953731184
2209	7282.856953731184
2210	7282.856953731184
2211	7282.856953731184
2212	7282.856953731184
2213	7282.856953731184
2214	7282.856953731184
2215	7282.856953731184
2216	7280.4649496071415
2217	7268.419780389361
2218	7268.419780389361
2219	7268.419780389361
2220	7268.419780389361
2221	7268.419780389361
2222	7268.419780389361
2223	7268.419780389361
2224	7268.419780389361
2225	7268.419780389361
2226	7268.419780389361
2227	7262.231749734319
2228	7262.231749734319
2229	7262.231749734319
2230	7262.231749734319
2231	7262.231749734319
2232	7262.231749734319
2233	7262.231749734319
2234	7253.70045929795
2235	7253.70045929795
2236	7253.70045929795
2237	7253.70045929795
2238	7253.70045929795
2239	7253.70045929795
2240	7253.70045929795
2241	7253.70045929795
2242	7253.70045929795
2243	7252.9547470828265
2244	7252.9547470828265
2245	7252.9547470828265
2246	7252.9547470828265
2247	7252.9547470828265
2248	7252.9547470828265
2249	7252.9547470828265
2250	7252.9547470828265
2251	7252.9547470828265
2252	7252.9547470828265
2253	7252.9547470828265
2254	7252.9547470828265
2255	7252.9547470828265
2256	7252.9547470828265
2257	7252.9547470828265
2258	7252.9547470828265
2259	7252.9547470828265
2260	7252.9547470828265
2261	7252.9547470828265
2262	7252.9547470828265
2263	7252.9547470828265
2264	7252.9547470828265
2265	7252.9547470828265
2266	7252.9547470828265
2267	7252.9547470828265
2268	7252.9547470828265
2269	7252.9547470828265
2270	7252.9547470828265
2271	7252.9547470828265
2272	7252.9547470828265
2273	7252.9547470828265
2274	7252.9547470828265
2275	7252.9547470828265
2276	7252.9547470828265
2277	7252.9547470828265
2278	7252.9547470828265
2279	7252.9547470828265
2280	7252.9547470828265
2281	7252.9547470828265
2282	7252.9547470828265
2283	7252.9547470828265
2284	7234.446419486523
2285	7234.446419486523
2286	7234.446419486523
2287	7234.446419486523
2288	7234.446419486523
2289	7234.446419486523
2290	7234.446419486523
2291	7234.446419486523
2292	7234.446419486523
2293	7234.446419486523
2294	7234.446419486523
2295	7234.446419486523
2296	7234.446419486523
2297	7234.446419486523
2298	7234.446419486523
2299	7234.446419486523
2300	7234.446419486523
2301	7234.446419486523
2302	7234.446419486523
2303	7231.285683761028
2304	7231.285683761028
2305	7231.285683761028
2306	7231.285683761028
2307	7231.285683761028
2308	7231.285683761028
2309	7231.285683761028
2310	7231.285683761028
2311	7231.285683761028
2312	7231.285683761028
2313	7231.285683761028
2314	7231.285683761028
2315	7231.285683761028
2316	7231.285683761028
2317	7231.285683761028
2318	7231.285683761028
2319	7231.285683761028
2320	7231.285683761028
2321	7231.285683761028
2322	7231.285683761028
2323	7231.285683761028
2324	7231.285683761028
2325	7231.285683761028
2326	7210.868430950643
2327	7210.868430950643
2328	7210.868430950643
2329	7210.868430950643
2330	7210.868430950643
2331	7210.868430950643
2332	7210.868430950643
2333	7210.868430950643
2334	7210.868430950643
2335	7210.868430950643
2336	7210.868430950643
2337	7210.868430950643
2338	7210.868430950643
2339	7210.868430950643
2340	7210.868430950643
2341	7210.868430950643
2342	7210.868430950643
2343	7210.868430950643
2344	7210.868430950643
2345	7210.868430950643
2346	7210.868430950643
2347	7210.868430950643
2348	7210.868430950643
2349	7210.868430950643
2350	7210.868430950643
2351	7210.868430950643
2352	7210.868430950643
2353	7210.868430950643
2354	7210.868430950643
2355	7210.868430950643
2356	7210.868430950643
2357	7210.868430950643
2358	7210.868430950643
2359	7210.868430950643
2360	7210.868430950643
2361	7210.868430950643
2362	7210.868430950643
2363	7210.868430950643
2364	7210.868430950643
2365	7210.868430950643
2366	7210.868430950643
2367	7210.868430950643
2368	7210.868430950643
2369	7210.868430950643
2370	7210.868430950643
2371	7210.868430950643
2372	7210.868430950643
2373	7210.868430950643
2374	7210.868430950643
2375	7210.868430950643
2376	7210.868430950643
2377	7210.868430950643
2378	7210.868430950643
2379	7210.868430950643
2380	7210.868430950643
2381	7210.868430950643
2382	7210.868430950643
2383	7210.868430950643
2384	7210.868430950643
2385	7210.868430950643
2386	7210.868430950643
2387	7207.135147393158
2388	7207.135147393158
2389	7207.135147393158
2390	7207.135147393158
2391	7201.446658900929
2392	7201.446658900929
2393	7201.446658900929
2394	7201.446658900929
2395	7201.446658900929
2396	7201.446658900929
2397	7201.446658900929
2398	7201.446658900929
2399	7201.446658900929
2400	7201.446658900929
2401	7201.446658900929
2402	7201.446658900929
2403	7201.446658900929
2404	7201.446658900929
2405	7201.446658900929
2406	7201.446658900929
2407	7201.446658900929
2408	7201.446658900929
2409	7201.446658900929
2410	7201.446658900929
2411	7201.446658900929
2412	7201.446658900929
2413	7201.446658900929
2414	7201.446658900929
2415	7201.446658900929
2416	7201.446658900929
2417	7201.446658900929
2418	7201.446658900929
2419	7201.446658900929
2420	7201.446658900929
2421	7201.446658900929
2422	7201.446658900929
2423	7201.446658900929
2424	7201.446658900929
2425	7201.446658900929
2426	7201.446658900929
2427	7201.446658900929
2428	7201.446658900929
2429	7201.446658900929
2430	7201.446658900929
2431	7201.446658900929
2432	7201.446658900929
2433	7201.446658900929
2434	7201.446658900929
2435	7201.446658900929
2436	7201.446658900929
2437	7201.446658900929
2438	7201.446658900929
2439	7201.446658900929
2440	7201.446658900929
2441	7201.446658900929
2442	7201.446658900929
2443	7196.079045293141
2444	7196.079045293141
2445	7196.079045293141
2446	7196.079045293141
2447	7196.079045293141
2448	7196.079045293141
2449	7196.079045293141
2450	7196.079045293141
2451	7196.079045293141
2452	7196.079045293141
2453	7196.079045293141
2454	7196.079045293141
2455	7196.079045293141
2456	7196.079045293141
2457	7196.079045293141
2458	7196.079045293141
2459	7195.561422199594
2460	7195.561422199594
2461	7195.561422199594
2462	7195.561422199594
2463	7195.561422199594
2464	7195.561422199594
2465	7195.561422199594
2466	7195.561422199594
2467	7195.561422199594
2468	7195.561422199594
2469	7195.561422199594
2470	7195.561422199594
2471	7195.561422199594
2472	7195.561422199594
2473	7195.561422199594
2474	7195.561422199594
2475	7195.561422199594
2476	7195.561422199594
2477	7195.561422199594
2478	7195.561422199594
2479	7195.561422199594
2480	7195.561422199594
2481	7195.561422199594
2482	7195.561422199594
2483	7195.561422199594
2484	7195.561422199594
2485	7195.561422199594
2486	7195.561422199594
2487	7195.561422199594
2488	7195.561422199594
2489	7195.561422199594
2490	7195.561422199594
2491	7195.561422199594
2492	7195.561422199594
2493	7195.561422199594
2494	7195.561422199594
2495	7195.561422199594
2496	7195.561422199594
2497	7195.561422199594
2498	7195.561422199594
2499	7189.85920144903
2500	7189.85920144903
2501	7189.85920144903
2502	7179.91134303148
2503	7179.91134303148
2504	7179.91134303148
2505	7179.91134303148
2506	7179.91134303148
2507	7179.91134303148
2508	7179.91134303148
2509	7179.91134303148
2510	7179.91134303148
2511	7179.91134303148
2512	7179.91134303148
2513	7179.91134303148
2514	7179.91134303148
2515	7172.289604694516
2516	7172.289604694516
2517	7171.716768567255
2518	7171.716768567255
2519	7160.477133710679
2520	7160.477133710679
2521	7160.477133710679
2522	7160.477133710679
2523	7160.477133710679
2524	7160.477133710679
2525	7160.477133710679
2526	7160.477133710679
2527	7160.477133710679
2528	7160.477133710679
2529	7160.477133710679
2530	7160.477133710679
2531	7160.477133710679
2532	7160.477133710679
2533	7160.477133710679
2534	7160.477133710679
2535	7160.477133710679
2536	7160.477133710679
2537	7160.477133710679
2538	7160.477133710679
2539	7160.477133710679
2540	7160.477133710679
2541	7160.477133710679
2542	7160.477133710679
2543	7160.477133710679
2544	7160.477133710679
2545	7160.477133710679
2546	7160.477133710679
2547	7160.477133710679
2548	7160.477133710679
2549	7153.16279608668
2550	7153.16279608668
2551	7153.16279608668
2552	7153.16279608668
2553	7153.16279608668
2554	7153.16279608668
2555	7153.16279608668
2556	7153.16279608668
2557	7153.16279608668
2558	7153.16279608668
2559	7153.16279608668
2560	7153.16279608668
2561	7153.16279608668
2562	7153.16279608668
2563	7153.16279608668
2564	7153.16279608668
2565	7153.16279608668
2566	7153.16279608668
2567	7153.16279608668
2568	7153.16279608668
2569	7153.16279608668
2570	7153.16279608668
2571	7153.16279608668
2572	7151.912921817746
2573	7151.912921817746
2574	7151.912921817746
2575	7151.912921817746
2576	7151.912921817746
2577	7151.912921817746
2578	7151.912921817746
2579	7151.912921817746
2580	7151.912921817746
2581	7151.912921817746
2582	7141.460562412559
2583	7141.460562412559
2584	7141.460562412559
2585	7141.460562412559
2586	7141.460562412559
2587	7141.460562412559
2588	7141.460562412559
2589	7141.460562412559
2590	7141.460562412559
2591	7141.460562412559
2592	7141.460562412559
2593	7141.460562412559
2594	7141.460562412559
2595	7141.460562412559
2596	7141.460562412559
2597	7139.64355879028
2598	7139.64355879028
2599	7139.64355879028
2600	7139.64355879028
2601	7139.64355879028
2602	7139.64355879028
2603	7139.64355879028
2604	7139.64355879028
2605	7139.64355879028
2606	7139.64355879028
2607	7139.64355879028
2608	7139.64355879028
2609	7139.64355879028
2610	7139.64355879028
2611	7139.64355879028
2612	7139.64355879028
2613	7139.64355879028
2614	7139.64355879028
2615	7139.64355879028
2616	7139.64355879028
2617	7139.64355879028
2618	7139.64355879028
2619	7139.64355879028
2620	7139.64355879028
2621	7139.64355879028
2622	7139.64355879028
2623	7139.64355879028
2624	7139.64355879028
2625	7139.64355879028
2626	7139.64355879028
2627	7139.64355879028
2628	7139.64355879028
2629	7139.64355879028
2630	7139.64355879028
2631	7139.64355879028
2632	7139.64355879028
2633	7139.64355879028
2634	7139.64355879028
2635	7134.046825118892
2636	7134.046825118892
2637	7134.046825118892
2638	7134.046825118892
2639	7134.046825118892
2640	7134.046825118892
2641	7134.046825118892
2642	7134.046825118892
2643	7134.046825118892
2644	7134.046825118892
2645	7134.046825118892
2646	7134.046825118892
2647	7134.046825118892
2648	7134.046825118892
2649	7134.046825118892
2650	7134.046825118892
2651	7134.046825118892
2652	7134.046825118892
2653	7134.046825118892
2654	7134.046825118892
2655	7134.046825118892
2656	7134.046825118892
2657	7134.046825118892
2658	7134.046825118892
2659	7134.046825118892
2660	7134.046825118892
2661	7134.046825118892
2662	7134.046825118892
2663	7134.046825118892
2664	7134.046825118892
2665	7134.046825118892
2666	7134.046825118892
2667	7134.046825118892
2668	7134.046825118892
2669	7134.046825118892
2670	7134.046825118892
2671	7134.046825118892
2672	7134.046825118892
2673	7134.046825118892
2674	7134.046825118892
2675	7134.046825118892
2676	7134.046825118892
2677	7132.123710084862
2678	7132.123710084862
2679	7132.123710084862
2680	7132.123710084862
2681	7132.123710084862
2682	7132.123710084862
2683	7132.123710084862
2684	7132.123710084862
2685	7132.123710084862
2686	7132.123710084862
2687	7127.7412511076955
2688	7127.7412511076955
2689	7127.7412511076955
2690	7127.7412511076955
2691	7126.905380246447
2692	7126.905380246447
2693	7126.905380246447
2694	7126.905380246447
2695	7126.905380246447
2696	7126.905380246447
2697	7126.905380246447
2698	7126.905380246447
2699	7126.905380246447
2700	7126.905380246447
2701	7126.905380246447
2702	7126.905380246447
2703	7126.905380246447
2704	7126.905380246447
2705	7126.905380246447
2706	7126.905380246447
2707	7126.905380246447
2708	7126.905380246447
2709	7126.905380246447
2710	7126.905380246447
2711	7126.905380246447
2712	7126.905380246447
2713	7126.905380246447
2714	7126.905380246447
2715	7126.905380246447
2716	7118.012975832822
2717	7118.012975832822
2718	7118.012975832822
2719	7118.012975832822
2720	7118.012975832822
2721	7118.012975832822
2722	7118.012975832822
2723	7118.012975832822
2724	7118.012975832822
2725	7118.012975832822
2726	7118.012975832822
2727	7118.012975832822
2728	7118.012975832822
2729	7118.012975832822
2730	7118.012975832822
2731	7118.012975832822
2732	7118.012975832822
2733	7118.012975832822
2734	7118.012975832822
2735	7118.012975832822
2736	7118.012975832822
2737	7118.012975832822
2738	7118.012975832822
2739	7118.012975832822
2740	7118.012975832822
2741	7118.012975832822
2742	7118.012975832822
2743	7118.012975832822
2744	7118.012975832822
2745	7118.012975832822
2746	7118.012975832822
2747	7118.012975832822
2748	7118.012975832822
2749	7118.012975832822
2750	7118.012975832822
2751	7118.012975832822
2752	7118.012975832822
2753	7118.012975832822
2754	7118.012975832822
2755	7118.012975832822
2756	7118.012975832822
2757	7118.012975832822
2758	7118.012975832822
2759	7118.012975832822
2760	7118.012975832822
2761	7118.012975832822
2762	7118.012975832822
2763	7118.012975832822
2764	7118.012975832822
2765	7118.012975832822
2766	7118.012975832822
2767	7112.5958393426745
2768	7112.5958393426745
2769	7112.5958393426745
2770	7112.5958393426745
2771	7112.5958393426745
2772	7112.5958393426745
2773	7112.5958393426745
2774	7074.82650210754
2775	7074.82650210754
2776	7074.82650210754
2777	7074.82650210754
2778	7074.82650210754
2779	7074.82650210754
2780	7074.82650210754
2781	7074.82650210754
2782	7074.82650210754
2783	7074.82650210754
2784	7074.82650210754
2785	7074.82650210754
2786	7072.885680269368
2787	7072.885680269368
2788	7072.885680269368
2789	7072.885680269368
2790	7072.885680269368
2791	7072.885680269368
2792	7072.885680269368
2793	7072.885680269368
2794	7072.885680269368
2795	7072.885680269368
2796	7066.848367306748
2797	7066.848367306748
2798	7066.848367306748
2799	7066.848367306748
2800	7066.848367306748
2801	7066.848367306748
2802	7066.848367306748
2803	7066.848367306748
2804	7066.848367306748
2805	7066.848367306748
2806	7066.848367306748
2807	7066.848367306748
2808	7066.848367306748
2809	7066.848367306748
2810	7066.848367306748
2811	7066.848367306748
2812	7066.848367306748
2813	7066.848367306748
2814	7066.848367306748
2815	7066.848367306748
2816	7066.848367306748
2817	7066.848367306748
2818	7066.848367306748
2819	7066.848367306748
2820	7066.848367306748
2821	7066.848367306748
2822	7066.848367306748
2823	7066.848367306748
2824	7066.848367306748
2825	7066.848367306748
2826	7066.848367306748
2827	7066.848367306748
2828	7066.848367306748
2829	7066.848367306748
2830	7066.848367306748
2831	7066.848367306748
2832	7066.848367306748
2833	7066.848367306748
2834	7066.848367306748
2835	7066.848367306748
2836	7066.848367306748
2837	7066.848367306748
2838	7066.848367306748
2839	7066.848367306748
2840	7066.848367306748
2841	7066.848367306748
2842	7066.848367306748
2843	7066.848367306748
2844	7066.848367306748
2845	7066.848367306748
2846	7055.419986331317
2847	7055.419986331317
2848	7055.419986331317
2849	7055.419986331317
2850	7055.419986331317
2851	7043.161737117761
2852	7043.161737117761
2853	7043.161737117761
2854	7043.161737117761
2855	7043.161737117761
2856	7043.161737117761
2857	7043.161737117761
2858	7043.161737117761
2859	7043.161737117761
2860	7043.161737117761
2861	7043.161737117761
2862	7043.161737117761
2863	7043.161737117761
2864	7043.161737117761
2865	7043.161737117761
2866	7043.161737117761
2867	7043.161737117761
2868	7043.161737117761
2869	7043.161737117761
2870	7043.161737117761
2871	7043.161737117761
2872	7043.161737117761
2873	7043.161737117761
2874	7043.161737117761
2875	7043.161737117761
2876	7043.161737117761
2877	7043.161737117761
2878	7043.161737117761
2879	7043.161737117761
2880	7043.161737117761
2881	7043.161737117761
2882	7043.161737117761
2883	7043.161737117761
2884	7043.161737117761
2885	7043.161737117761
2886	7043.161737117761
2887	7043.161737117761
2888	7043.161737117761
2889	7043.161737117761
2890	7043.161737117761
2891	7043.161737117761
2892	7043.161737117761
2893	7043.161737117761
2894	7043.161737117761
2895	7043.161737117761
2896	7043.161737117761
2897	7043.161737117761
2898	7043.161737117761
2899	7043.161737117761
2900	7043.161737117761
2901	7043.161737117761
2902	7035.100179584744
2903	7035.100179584744
2904	7035.100179584744
2905	7035.100179584744
2906	7035.100179584744
2907	7035.100179584744
2908	7035.100179584744
2909	7035.100179584744
2910	7035.100179584744
2911	7035.100179584744
2912	7035.100179584744
2913	7035.100179584744
2914	7035.100179584744
2915	7035.100179584744
2916	7035.100179584744
2917	7035.100179584744
2918	7035.100179584744
2919	7035.100179584744
2920	7035.100179584744
2921	7035.100179584744
2922	7035.100179584744
2923	7035.100179584744
2924	7035.100179584744
2925	7035.100179584744
2926	7035.100179584744
2927	7035.100179584744
2928	7035.100179584744
2929	7035.100179584744
2930	7035.100179584744
2931	7035.100179584744
2932	7035.100179584744
2933	7035.100179584744
2934	7035.100179584744
2935	7035.100179584744
2936	7035.100179584744
2937	7035.100179584744
2938	7035.100179584744
2939	7035.100179584744
2940	7035.100179584744
2941	7035.100179584744
2942	7035.100179584744
2943	7035.100179584744
2944	7035.100179584744
2945	7035.100179584744
2946	7035.100179584744
2947	7017.5004911535925
2948	7017.5004911535925
2949	7017.5004911535925
2950	7017.5004911535925
2951	7017.5004911535925
2952	7017.5004911535925
2953	7017.5004911535925
2954	7017.5004911535925
2955	7017.5004911535925
2956	7017.5004911535925
2957	7017.5004911535925
2958	7000.508041255219
2959	7000.508041255219
2960	7000.508041255219
2961	7000.508041255219
2962	7000.508041255219
2963	6991.91652022648
2964	6991.91652022648
2965	6991.91652022648
2966	6991.91652022648
2967	6991.91652022648
2968	6991.91652022648
2969	6991.91652022648
2970	6991.91652022648
2971	6991.91652022648
2972	6991.91652022648
2973	6991.91652022648
2974	6991.91652022648
2975	6991.91652022648
2976	6991.91652022648
2977	6991.91652022648
2978	6991.91652022648
2979	6991.91652022648
2980	6991.91652022648
2981	6991.91652022648
2982	6991.91652022648
2983	6991.91652022648
2984	6991.91652022648
2985	6976.133491021002
2986	6976.133491021002
2987	6976.133491021002
2988	6976.133491021002
2989	6976.133491021002
2990	6976.133491021002
2991	6976.133491021002
2992	6976.133491021002
2993	6976.133491021002
2994	6976.133491021002
2995	6976.133491021002
2996	6976.133491021002
2997	6976.133491021002
2998	6976.133491021002
2999	6976.133491021002
3000	6976.133491021002
