1	2.0516351901725903E8
2	1.2434707458745913E8
3	7.109903522184677E7
4	4.3479058378330134E7
5	2.2814539339629713E7
6	1.2867918592960812E7
7	7080519.007679446
8	3936814.7286403333
9	2549691.0516929175
10	1446168.2679681606
11	892187.3782034359
12	515790.1186282632
13	310560.9699824863
14	185949.0785742933
15	118048.20397356388
16	74926.15527619378
17	46389.679909655584
18	32254.309091802028
19	22696.24180455423
20	16698.764299275546
21	11724.515089016812
22	9442.259018007162
23	7844.740759283083
24	6548.9511915809735
25	5638.73143540331
26	4997.781832367834
27	4518.264131108981
28	4089.1501649735947
29	3735.9547471172427
30	3499.7696846943186
31	3278.8430991613777
32	3120.657720182154
33	2982.362081780147
34	2872.03380898484
35	2766.271732767248
36	2677.494456793405
37	2607.653013308419
38	2556.579319318978
39	2508.6861571665427
40	2464.9518055000176
41	2418.6686645477744
42	2394.931662482727
43	2364.007100751584
44	2345.5207154992104
45	2321.8659648600374
46	2305.642884607488
47	2292.514422286635
48	2279.072084700166
49	2268.3182112302184
50	2259.2180765685303
51	2250.993394819094
52	2243.6162682639574
53	2235.9147457340537
54	2229.4625770859902
55	2223.476587639025
56	2218.681924048731
57	2213.6812368913447
58	2209.559260755716
59	2204.6703704224155
60	2199.812500255458
61	2196.878631250173
62	2193.351855578108
63	2190.326064584703
64	2187.217248754124
65	2184.9706043838883
66	2182.3792841919694
67	2179.5266107903913
68	2176.9780456445233
69	2175.22112345873
70	2173.4268774281973
71	2171.6499602632443
72	2169.500655198169
73	2168.2343879962054
74	2166.422041892741
75	2164.7993894558836
76	2163.134192929766
77	2161.51540698101
78	2160.0596872039073
79	2158.890157852112
80	2157.6778980771323
81	2156.550984125291
82	2155.5416510854757
83	2154.66193998578
84	2153.750301511595
85	2152.951519483051
86	2152.200772678143
87	2151.242626001398
88	2150.3911326946904
89	2149.4416061743946
90	2148.0931020842627
91	2147.1608844213647
92	2145.9789506122956
93	2144.899755718955
94	2142.881660358289
95	2141.811057257299
96	2140.3923337975584
97	2139.3324197947236
98	2138.234128395207
99	2137.269421973849
100	2136.2811250526206
101	2135.1877248747505
102	2134.1810524995026
103	2133.2506389803843
104	2132.117549802232
105	2131.3193947932723
106	2130.3537655795035
107	2129.556356374097
108	2128.6272916519997
109	2128.0630915836186
110	2127.18204815407
111	2126.3297438592626
112	2125.5460222519673
113	2124.7274538684765
114	2123.657562774556
115	2122.877864882945
116	2122.0866940634205
117	2121.238532218667
118	2120.7031045862996
119	2120.025241254421
120	2119.6071920086233
121	2119.0665016960543
122	2118.618179488007
123	2118.152921117089
124	2117.7776193751542
125	2117.2193496075683
126	2116.8102464948925
127	2116.3135848099887
128	2115.880091284662
129	2115.4778189037575
130	2115.157379473081
131	2114.8186509464354
132	2114.55316028844
133	2114.2187138595523
134	2113.909864137497
135	2113.4993230292243
136	2113.190125842897
137	2112.9159353859136
138	2112.5918031105803
139	2112.3073887668243
140	2112.0317976209644
141	2111.7576507916856
142	2111.471470924518
143	2111.2334918384736
144	2110.932379140405
145	2110.5556477796126
146	2110.327071690833
147	2110.1022673113116
148	2109.7891590969725
149	2109.524883614952
150	2109.2347366053973
151	2108.9344757557583
152	2108.6698838461366
153	2108.380970642868
154	2108.088078640773
155	2107.8192022752355
156	2107.5766735859074
157	2107.30141168216
158	2107.1201532885257
159	2106.8760734939797
160	2106.731033460998
161	2106.5290670078766
162	2106.3530425804943
163	2106.154091838579
164	2105.960640588938
165	2105.768737620166
166	2105.606603137893
167	2105.436564109265
168	2105.1878449835453
169	2105.038813912301
170	2104.841475729885
171	2104.7183536305865
172	2104.494298371194
173	2104.3715172733523
174	2104.174020019967
175	2104.01596490099
176	2103.832190326834
177	2103.713405776893
178	2103.50021170453
179	2103.387333648288
180	2103.2612905293618
181	2103.022060757345
182	2102.88375348258
183	2102.648829076657
184	2102.504319199116
185	2102.356827228567
186	2102.151365979868
187	2102.0044546766912
188	2101.8530882153154
189	2101.723990837768
190	2101.4879837424396
191	2101.2955281400405
192	2101.1426009526967
193	2100.999818555677
194	2100.849321322867
195	2100.7187808967856
196	2100.622609559011
197	2100.4843084132494
198	2100.3648114032876
199	2100.24648173965
200	2100.085014377533
201	2099.932957713008
202	2099.738775509911
203	2099.594130779892
204	2099.3459402766034
205	2099.20540376128
206	2099.0145003213033
207	2098.783316708418
208	2098.6652425145103
209	2098.4640912480804
210	2098.3508356811667
211	2098.234873874776
212	2098.0661674661
213	2097.9090150515885
214	2097.7717738019414
215	2097.6373163813237
216	2097.5390723880864
217	2097.457514212428
218	2097.365282352318
219	2097.2296326088663
220	2097.1753609903108
221	2097.042932293865
222	2096.9382564744124
223	2096.8236942779713
224	2096.723908503017
225	2096.6078561243025
226	2096.448839971666
227	2096.3593414998963
228	2096.2693161528323
229	2096.1944815083802
230	2096.0989794631555
231	2095.9993425558764
232	2095.9108143235335
233	2095.819314863707
234	2095.736049431922
235	2095.6131812836315
236	2095.533896687884
237	2095.3959014476522
238	2095.322758735427
239	2095.2148913223555
240	2095.0796575527356
241	2094.9788729948086
242	2094.851829389887
243	2094.725160364296
244	2094.615941172927
245	2094.5475401922663
246	2094.449660761414
247	2094.395676154847
248	2094.3228456805937
249	2094.2644746211636
250	2094.2078087936143
251	2094.150607661599
252	2094.1082123710607
253	2094.071302255165
254	2094.0488036086103
255	2094.0154015499215
256	2093.980427699265
257	2093.9549392421704
258	2093.9319864716463
259	2093.911091555968
260	2093.8859165380604
261	2093.863473673974
262	2093.8374103598376
263	2093.815386165447
264	2093.7966094200888
265	2093.7762700419494
266	2093.7622258322517
267	2093.747365900697
268	2093.7330834681306
269	2093.7184865414765
270	2093.7030279240753
271	2093.6951751539077
272	2093.682817393149
273	2093.668151226468
274	2093.653504750615
275	2093.643169415834
276	2093.6347974533287
277	2093.628119616718
278	2093.614995852824
279	2093.607919754089
280	2093.599072853776
281	2093.5910464235594
282	2093.5829226198407
283	2093.5765710939827
284	2093.568660660226
285	2093.5625725336668
286	2093.5561476351418
287	2093.549385172189
288	2093.54360762971
289	2093.5372746202706
290	2093.5305352867767
291	2093.525182903485
292	2093.5175624035783
293	2093.512585034465
294	2093.5070662923736
295	2093.500687318816
296	2093.4963432692143
297	2093.490939553524
298	2093.4869869071513
299	2093.481268307148
300	2093.4772229540267
301	2093.472542710129
302	2093.4689616260653
303	2093.464129627597
304	2093.46006299098
305	2093.4548782436523
306	2093.450622484837
307	2093.4463171108578
308	2093.4418321209423
309	2093.4383873505003
310	2093.433838518938
311	2093.430907120167
312	2093.4274588318726
313	2093.4242568074333
314	2093.4201670195102
315	2093.4167755917238
316	2093.413722099281
317	2093.410760595116
318	2093.408396542537
319	2093.4046299932593
320	2093.4021697415506
321	2093.3995690713405
322	2093.396379166142
323	2093.393669671905
324	2093.3914965118947
325	2093.3895146106615
326	2093.387141196444
327	2093.38424283285
328	2093.3820766600347
329	2093.3797055618884
330	2093.3773426203475
331	2093.3748973599304
332	2093.371529585488
333	2093.3682409143057
334	2093.3658932095695
335	2093.3635544396475
336	2093.361395532989
337	2093.359215983517
338	2093.3566134957546
339	2093.3540305029887
340	2093.35184569072
341	2093.3486375343878
342	2093.3461773527915
343	2093.3436095508873
344	2093.3404504629434
345	2093.337636168465
346	2093.3355339626123
347	2093.3311794733027
348	2093.3281759450433
349	2093.3251047621966
350	2093.3225533898867
351	2093.3203764440873
352	2093.317965059503
353	2093.314669918548
354	2093.3101521385297
355	2093.3070936053423
356	2093.304003084343
357	2093.3012769295037
358	2093.298392577317
359	2093.295584560121
360	2093.2920404680854
361	2093.2889661038535
362	2093.2865781130054
363	2093.283290626628
364	2093.279469151623
365	2093.277216187084
366	2093.2745084605135
367	2093.272754834724
368	2093.2712602748447
369	2093.268692635316
370	2093.267273660427
371	2093.2655448701407
372	2093.264463952833
373	2093.2630254700744
374	2093.2620064104253
375	2093.2608552895385
376	2093.259512821419
377	2093.2584554872983
378	2093.2571406147886
379	2093.2562524465025
380	2093.2549401284004
381	2093.253497359729
382	2093.252295551103
383	2093.251314692959
384	2093.250331637133
385	2093.2492558574877
386	2093.248254490614
387	2093.2469530015087
388	2093.2457858553425
389	2093.244869779215
390	2093.2439021900204
391	2093.242933100197
392	2093.2419455002732
393	2093.2410360208664
394	2093.240233029654
395	2093.2392007281055
396	2093.2385621246644
397	2093.2378434295683
398	2093.2372679086243
399	2093.236736795548
400	2093.2360929659367
401	2093.2355771983666
402	2093.2350281204094
403	2093.2345660091255
404	2093.234071723576
405	2093.233402156708
406	2093.233023226412
407	2093.232456131648
408	2093.2319157712964
409	2093.2314022638666
410	2093.2309964527544
411	2093.2304478454716
412	2093.2301152706627
413	2093.2295594930197
414	2093.2290597769465
415	2093.2287539826953
416	2093.2284183284382
417	2093.228140633919
418	2093.227747918694
419	2093.227484296091
420	2093.2271425585964
421	2093.2268578975722
422	2093.2265917895857
423	2093.226293233217
424	2093.2259800573443
425	2093.225546988336
426	2093.2252689888987
427	2093.22482352094
428	2093.224526013358
429	2093.224214850085
430	2093.223908239226
431	2093.2235310086417
432	2093.2232811456793
433	2093.222972570151
434	2093.2226432260445
435	2093.2221590570357
436	2093.221734775283
437	2093.221250596269
438	2093.2207497231643
439	2093.220214684479
440	2093.219881599045
441	2093.219410876348
442	2093.218972704613
443	2093.2186222414352
444	2093.2181188703953
445	2093.217671300643
446	2093.217288549247
447	2093.2169533459282
448	2093.2164411913714
449	2093.2161309397184
450	2093.21561226386
451	2093.215259747765
452	2093.2148356402768
453	2093.2145752942865
454	2093.214218437448
455	2093.213948437347
456	2093.213654427948
457	2093.2133871630144
458	2093.2132194029095
459	2093.212991965341
460	2093.212735956506
461	2093.212549437251
462	2093.2123529879327
463	2093.212188412662
464	2093.21196719026
465	2093.2117944483007
466	2093.2115685134027
467	2093.211405052894
468	2093.2112747127308
469	2093.2111316570304
470	2093.2110094947975
471	2093.2108491430345
472	2093.210735820783
473	2093.2105769689774
474	2093.21043819884
475	2093.210299799851
476	2093.2101823080657
477	2093.2100922605455
478	2093.209986207755
479	2093.2098739631197
480	2093.2097843345387
481	2093.2096468910017
482	2093.209564114218
483	2093.2094594142895
484	2093.209384767343
485	2093.209286366545
486	2093.2092259019123
487	2093.2091441250573
488	2093.2090524620094
489	2093.208970610758
490	2093.2089052392053
491	2093.208832976998
492	2093.2087610315684
493	2093.208701722451
494	2093.208628484721
495	2093.208569627824
496	2093.2085017517343
497	2093.208454608299
498	2093.2084017860116
499	2093.2083557481915
500	2093.2082942166207
501	2093.208236716018
502	2093.2081663650165
503	2093.208114365328
504	2093.2080591186414
505	2093.2080140938506
506	2093.207957348129
507	2093.2079058880604
508	2093.207865478524
509	2093.2078288992125
510	2093.207781685644
511	2093.2077362418527
512	2093.2076828828094
513	2093.2076326655865
514	2093.207591324489
515	2093.2075546606666
516	2093.2075097085913
517	2093.2074699107757
518	2093.207442113356
519	2093.207404382404
520	2093.2073704654263
521	2093.2073372332034
522	2093.2072932845826
523	2093.207258174885
524	2093.207223584463
525	2093.2071664737337
526	2093.207131240029
527	2093.2070876589096
528	2093.207047888948
529	2093.2070136083053
530	2093.2069761354987
531	2093.2069436819784
532	2093.206890544605
533	2093.2068614121013
534	2093.2068291789747
535	2093.2067934938764
536	2093.2067697237035
537	2093.2067441738736
538	2093.2067226208064
539	2093.2067013027095
540	2093.206684834839
541	2093.206663819112
542	2093.2066484078646
543	2093.206632074023
544	2093.2066124718435
545	2093.2065967121757
546	2093.2065805992047
547	2093.2065635454996
548	2093.2065456868218
549	2093.2065294130434
550	2093.206508949353
551	2093.2064937279
552	2093.206475574172
553	2093.2064614127744
554	2093.2064480947433
555	2093.2064330445537
556	2093.2064141677583
557	2093.2064020878356
558	2093.206389293798
559	2093.2063744551538
560	2093.20636224608
561	2093.2063471828633
562	2093.206333876327
563	2093.206324896187
564	2093.2063105268126
565	2093.2063025543066
566	2093.2062908224534
567	2093.206282223042
568	2093.2062739421863
569	2093.206264067166
570	2093.2062582102135
571	2093.206248563005
572	2093.206239142382
573	2093.2062305199784
574	2093.206223038362
575	2093.206216093813
576	2093.206209145434
577	2093.2062005208504
578	2093.2061936314244
579	2093.2061869253816
580	2093.2061797961205
581	2093.2061732727643
582	2093.206167769348
583	2093.206161640391
584	2093.2061553679323
585	2093.2061507046874
586	2093.2061437089233
587	2093.2061382201205
588	2093.20613239905
589	2093.206126763079
590	2093.206121289996
591	2093.2061167538327
592	2093.206113456879
593	2093.206109414987
594	2093.206106808602
595	2093.2061040911594
596	2093.2061018791514
597	2093.2060990449645
598	2093.2060960683198
599	2093.2060935759414
600	2093.2060914013923
601	2093.2060886922873
602	2093.2060867165983
603	2093.206084107181
604	2093.2060819917947
605	2093.2060799984274
606	2093.206077864696
607	2093.2060752922403
608	2093.2060734118936
609	2093.206070997697
610	2093.206067720568
611	2093.206065346283
612	2093.2060621933992
613	2093.2060602540764
614	2093.206057414585
615	2093.2060554040836
616	2093.2060534091283
617	2093.2060515599633
618	2093.2060498432947
619	2093.206047691917
620	2093.2060460179587
621	2093.2060440797354
622	2093.2060424861625
623	2093.206040738031
624	2093.2060388178793
625	2093.206037436767
626	2093.2060359720704
627	2093.2060349620815
628	2093.2060334578655
629	2093.2060322287134
630	2093.2060306786007
631	2093.2060294170205
632	2093.206028116471
633	2093.206027001182
634	2093.2060259705195
635	2093.2060247690206
636	2093.2060236162847
637	2093.206022473367
638	2093.2060213417617
639	2093.2060203266205
640	2093.206019284487
641	2093.206018241185
642	2093.2060173615223
643	2093.206016504097
644	2093.2060157258197
645	2093.206014804915
646	2093.2060139164937
647	2093.206013213758
648	2093.2060121614218
649	2093.2060114391466
650	2093.206010576285
651	2093.2060098678235
652	2093.2060092557567
653	2093.206008638708
654	2093.206008151002
655	2093.2060076482717
656	2093.206007248775
657	2093.2060067753605
658	2093.206006372579
659	2093.2060059785144
660	2093.2060055231364
661	2093.206005163828
662	2093.2060047517803
663	2093.2060044482105
664	2093.2060040954007
665	2093.206003786732
666	2093.206003359531
667	2093.2060030805824
668	2093.2060026514546
669	2093.2060023660765
670	2093.20600199091
671	2093.2060016868554
672	2093.2060013923983
673	2093.20600106318
674	2093.2060007839477
675	2093.206000483284
676	2093.206000155666
677	2093.2059998821783
678	2093.2059995020522
679	2093.205999197342
680	2093.2059989300374
681	2093.2059986953736
682	2093.205998467544
683	2093.2059982824903
684	2093.2059980755103
685	2093.2059978941556
686	2093.205997752827
687	2093.205997569954
688	2093.205997416603
689	2093.2059972570933
690	2093.205997067756
691	2093.2059968914455
692	2093.2059967163027
693	2093.205996521133
694	2093.205996350923
695	2093.2059961931423
696	2093.2059960468027
697	2093.205995892545
698	2093.205995751959
699	2093.205995574552
700	2093.2059954283563
701	2093.205995238134
702	2093.2059951254973
703	2093.205994958344
704	2093.205994855347
705	2093.2059947370785
706	2093.205994641129
707	2093.205994545019
708	2093.205994438335
709	2093.2059943527606
710	2093.205994257655
711	2093.205994164081
712	2093.20599408138
713	2093.205994006463
714	2093.2059939310284
715	2093.205993839559
716	2093.205993767963
717	2093.205993697252
718	2093.205993605053
719	2093.205993522909
720	2093.2059934436097
721	2093.2059933653823
722	2093.2059932828765
723	2093.2059932156494
724	2093.205993144898
725	2093.2059930864843
726	2093.205993008378
727	2093.205992945003
728	2093.2059928818885
729	2093.2059928300464
730	2093.2059927747932
731	2093.205992717383
732	2093.205992657573
733	2093.205992589401
734	2093.205992525729
735	2093.205992469362
736	2093.2059923971005
737	2093.205992320501
738	2093.2059922555472
739	2093.2059921935256
740	2093.2059920953993
741	2093.2059920373526
742	2093.2059919715666
743	2093.205991919786
744	2093.205991847174
745	2093.2059917626875
746	2093.205991664657
747	2093.2059915838995
748	2093.205991475078
749	2093.2059913850976
750	2093.205991310474
751	2093.2059912337336
752	2093.2059911387432
753	2093.205991082543
754	2093.2059910115463
755	2093.205990909186
756	2093.205990845064
757	2093.205990768423
758	2093.2059907150783
759	2093.205990629352
760	2093.20599058883
761	2093.2059905179185
762	2093.2059904692665
763	2093.205990415951
764	2093.2059903649197
765	2093.205990328844
766	2093.2059902864708
767	2093.2059902520155
768	2093.205990214816
769	2093.2059901863895
770	2093.205990154599
771	2093.20599012903
772	2093.2059901010152
773	2093.2059900747786
774	2093.2059900524832
775	2093.2059900264826
776	2093.2059900008044
777	2093.205989979087
778	2093.205989956176
779	2093.2059899296532
780	2093.205989909408
781	2093.2059898780926
782	2093.205989857879
783	2093.2059898334537
784	2093.2059898096873
785	2093.2059897886297
786	2093.2059897685126
787	2093.2059897425447
788	2093.205989724166
789	2093.205989696545
790	2093.2059896794335
791	2093.205989654411
792	2093.205989637288
793	2093.2059896097194
794	2093.205989590455
795	2093.20598956979
796	2093.205989549974
797	2093.205989533406
798	2093.2059895153648
799	2093.205989492455
800	2093.2059894775884
801	2093.205989460074
802	2093.2059894398913
803	2093.205989422746
804	2093.2059893998235
805	2093.2059893853666
806	2093.205989369643
807	2093.205989354744
808	2093.2059893400155
809	2093.2059893292108
810	2093.205989314781
811	2093.2059893040905
812	2093.20598929359
813	2093.2059892802613
814	2093.2059892718144
815	2093.20598926132
816	2093.2059892520247
817	2093.2059892425777
818	2093.205989234606
819	2093.2059892281263
820	2093.205989222593
821	2093.205989216752
822	2093.205989210145
823	2093.205989203048
824	2093.2059891981885
825	2093.205989192873
826	2093.205989182867
827	2093.205989178959
828	2093.205989172336
829	2093.2059891677495
830	2093.205989161365
831	2093.205989157653
832	2093.205989153006
833	2093.205989150043
834	2093.2059891453164
835	2093.2059891406407
836	2093.205989136518
837	2093.2059891330887
838	2093.2059891300073
839	2093.2059891260437
840	2093.2059891226354
841	2093.205989118772
842	2093.205989115936
843	2093.2059891115
844	2093.20598910827
845	2093.205989103431
846	2093.2059890999712
847	2093.205989095587
848	2093.205989092321
849	2093.205989088637
850	2093.2059890849036
851	2093.2059890817413
852	2093.2059890791083
853	2093.205989075588
854	2093.2059890727187
855	2093.2059890699325
856	2093.2059890659757
857	2093.2059890636897
858	2093.205989060471
859	2093.205989058281
860	2093.2059890561272
861	2093.20598905418
862	2093.2059890522955
863	2093.2059890505197
864	2093.2059890485175
865	2093.205989046811
866	2093.205989045058
867	2093.205989043529
868	2093.2059890418327
869	2093.20598904051
870	2093.205989039042
871	2093.2059890377714
872	2093.205989036417
873	2093.205989035295
874	2093.205989034032
875	2093.2059890330693
876	2093.205989031908
877	2093.20598903096
878	2093.205989030157
879	2093.205989028695
880	2093.2059890273345
881	2093.2059890262212
882	2093.20598902468
883	2093.2059890231967
884	2093.205989021112
885	2093.205989019923
886	2093.205989017942
887	2093.2059890160644
888	2093.2059890140913
889	2093.2059890126434
890	2093.2059890103124
891	2093.2059890091095
892	2093.205989007907
893	2093.205989006771
894	2093.205989005888
895	2093.2059890043765
896	2093.20598900324
897	2093.205989001943
898	2093.205989001105
899	2093.205989000036
900	2093.205988999294
901	2093.2059889983802
902	2093.2059889975685
903	2093.2059889968846
904	2093.2059889962834
905	2093.205988995653
906	2093.2059889950897
907	2093.205988994525
908	2093.2059889940847
909	2093.2059889935663
910	2093.2059889930897
911	2093.2059889925845
912	2093.205988992108
913	2093.2059889916395
914	2093.205988991284
915	2093.2059889910206
916	2093.2059889907287
917	2093.2059889903708
918	2093.2059889900556
919	2093.205988989698
920	2093.2059889894563
921	2093.2059889890606
922	2093.205988988831
923	2093.205988988539
924	2093.2059889883026
925	2093.2059889879797
926	2093.2059889877673
927	2093.2059889875113
928	2093.205988987322
929	2093.2059889871093
930	2093.2059889869397
931	2093.2059889867437
932	2093.2059889865977
933	2093.2059889864686
934	2093.2059889863317
935	2093.205988986148
936	2093.205988986027
937	2093.205988985884
938	2093.2059889857387
939	2093.2059889856077
940	2093.2059889854645
941	2093.205988985337
942	2093.205988985232
943	2093.2059889850575
944	2093.205988984893
945	2093.2059889847583
946	2093.2059889846078
947	2093.2059889845
948	2093.2059889843736
949	2093.2059889842476
950	2093.2059889841603
951	2093.205988984039
952	2093.2059889838924
953	2093.2059889837606
954	2093.205988983603
955	2093.205988983503
956	2093.2059889834036
957	2093.205988983288
958	2093.205988983201
959	2093.205988983095
960	2093.2059889829998
961	2093.2059889829056
962	2093.2059889828247
963	2093.2059889827474
964	2093.2059889826564
965	2093.2059889825923
966	2093.2059889825405
967	2093.2059889824673
968	2093.2059889824127
969	2093.205988982363
970	2093.2059889823126
971	2093.2059889822726
972	2093.205988982226
973	2093.205988982177
974	2093.2059889821376
975	2093.2059889820907
976	2093.205988982039
977	2093.205988982002
978	2093.2059889819616
979	2093.2059889819243
980	2093.205988981889
981	2093.205988981856
982	2093.2059889818197
983	2093.2059889817824
984	2093.2059889817456
985	2093.205988981718
986	2093.205988981689
987	2093.2059889816624
988	2093.205988981637
989	2093.205988981613
990	2093.205988981587
991	2093.2059889815637
992	2093.2059889815414
993	2093.205988981518
994	2093.2059889814927
995	2093.205988981464
996	2093.205988981441
997	2093.2059889814145
998	2093.2059889813895
999	2093.205988981366
1000	2093.2059889813436
1001	2093.2059889813204
1002	2093.205988981297
1003	2093.205988981274
1004	2093.2059889812485
1005	2093.2059889812303
1006	2093.205988981209
1007	2093.2059889811903
1008	2093.205988981171
1009	2093.2059889811453
1010	2093.205988981129
1011	2093.2059889811103
1012	2093.205988981093
1013	2093.2059889810776
1014	2093.205988981056
1015	2093.2059889810403
1016	2093.2059889810193
1017	2093.2059889810016
1018	2093.2059889809802
1019	2093.205988980965
1020	2093.20598898095
1021	2093.2059889809348
1022	2093.2059889809198
1023	2093.2059889809007
1024	2093.205988980888
1025	2093.205988980872
1026	2093.205988980859
1027	2093.2059889808434
1028	2093.205988980833
1029	2093.2059889808193
1030	2093.2059889808083
1031	2093.2059889807965
1032	2093.2059889807833
1033	2093.2059889807706
1034	2093.205988980759
1035	2093.205988980747
1036	2093.2059889807365
1037	2093.2059889807265
1038	2093.205988980715
1039	2093.205988980705
1040	2093.2059889806974
1041	2093.2059889806874
1042	2093.205988980675
1043	2093.205988980665
1044	2093.2059889806555
1045	2093.2059889806474
1046	2093.2059889806383
1047	2093.205988980628
1048	2093.2059889806196
1049	2093.2059889806105
1050	2093.2059889806023
1051	2093.2059889805946
1052	2093.2059889805855
1053	2093.2059889805782
1054	2093.205988980573
1055	2093.205988980565
1056	2093.205988980559
1057	2093.2059889805523
1058	2093.2059889805473
1059	2093.20598898054
1060	2093.2059889805346
1061	2093.20598898053
1062	2093.205988980525
1063	2093.2059889805205
1064	2093.205988980516
1065	2093.205988980511
1066	2093.2059889805055
1067	2093.2059889805005
1068	2093.205988980496
1069	2093.205988980492
1070	2093.2059889804873
1071	2093.2059889804837
1072	2093.20598898048
1073	2093.2059889804755
1074	2093.2059889804727
1075	2093.2059889804686
1076	2093.2059889804636
1077	2093.2059889804605
1078	2093.2059889804564
1079	2093.2059889804527
1080	2093.2059889804495
1081	2093.2059889804464
1082	2093.205988980443
1083	2093.2059889804395
1084	2093.205988980437
1085	2093.205988980434
1086	2093.2059889804314
1087	2093.205988980428
1088	2093.205988980425
1089	2093.205988980423
1090	2093.2059889804195
1091	2093.205988980417
1092	2093.205988980413
1093	2093.20598898041
1094	2093.2059889804063
1095	2093.2059889804036
1096	2093.2059889804013
1097	2093.2059889803973
1098	2093.205988980395
1099	2093.2059889803913
1100	2093.2059889803886
1101	2093.205988980385
1102	2093.205988980382
1103	2093.205988980378
1104	2093.2059889803745
1105	2093.205988980371
1106	2093.2059889803672
1107	2093.2059889803636
1108	2093.20598898036
1109	2093.2059889803577
1110	2093.2059889803545
1111	2093.2059889803513
1112	2093.205988980349
1113	2093.2059889803463
1114	2093.2059889803445
1115	2093.205988980343
1116	2093.2059889803413
1117	2093.2059889803386
1118	2093.2059889803368
1119	2093.205988980335
1120	2093.2059889803327
1121	2093.2059889803304
1122	2093.205988980327
1123	2093.2059889803254
1124	2093.2059889803227
1125	2093.205988980321
1126	2093.2059889803186
1127	2093.205988980316
1128	2093.2059889803145
1129	2093.2059889803136
1130	2093.2059889803118
1131	2093.20598898031
1132	2093.2059889803086
1133	2093.205988980307
1134	2093.2059889803063
1135	2093.205988980305
1136	2093.2059889803036
1137	2093.2059889803027
1138	2093.2059889803013
1139	2093.2059889803004
1140	2093.2059889803
1141	2093.205988980299
1142	2093.205988980297
1143	2093.2059889802968
1144	2093.205988980296
1145	2093.205988980295
1146	2093.205988980294
1147	2093.205988980294
1148	2093.205988980293
1149	2093.2059889802927
1150	2093.2059889802917
1151	2093.2059889802917
1152	2093.205988980291
1153	2093.20598898029
1154	2093.2059889802895
1155	2093.205988980289
1156	2093.2059889802886
1157	2093.205988980288
1158	2093.205988980287
1159	2093.2059889802863
1160	2093.2059889802863
1161	2093.205988980286
1162	2093.205988980285
1163	2093.2059889802845
1164	2093.2059889802836
1165	2093.2059889802836
1166	2093.2059889802827
1167	2093.2059889802827
1168	2093.205988980282
1169	2093.2059889802813
1170	2093.205988980281
1171	2093.2059889802804
1172	2093.20598898028
1173	2093.2059889802795
1174	2093.205988980279
1175	2093.205988980278
1176	2093.2059889802777
1177	2093.205988980277
1178	2093.2059889802763
1179	2093.2059889802754
1180	2093.205988980275
1181	2093.2059889802745
1182	2093.205988980274
1183	2093.2059889802727
1184	2093.205988980272
1185	2093.205988980272
1186	2093.2059889802717
1187	2093.205988980271
1188	2093.2059889802704
1189	2093.20598898027
1190	2093.205988980269
1191	2093.2059889802686
1192	2093.2059889802676
1193	2093.205988980267
1194	2093.2059889802667
1195	2093.2059889802663
1196	2093.2059889802663
1197	2093.205988980265
1198	2093.205988980265
1199	2093.2059889802645
1200	2093.205988980264
1201	2093.2059889802636
1202	2093.2059889802626
1203	2093.2059889802626
1204	2093.2059889802617
1205	2093.2059889802613
1206	2093.205988980261
1207	2093.2059889802604
1208	2093.2059889802604
1209	2093.2059889802595
1210	2093.2059889802595
1211	2093.205988980259
1212	2093.2059889802586
1213	2093.2059889802576
1214	2093.2059889802576
1215	2093.205988980257
1216	2093.2059889802567
1217	2093.2059889802563
1218	2093.2059889802563
1219	2093.205988980256
1220	2093.205988980256
1221	2093.2059889802554
1222	2093.2059889802545
1223	2093.2059889802545
1224	2093.205988980254
1225	2093.2059889802536
1226	2093.2059889802536
1227	2093.205988980253
1228	2093.2059889802526
1229	2093.2059889802526
1230	2093.205988980252
1231	2093.205988980252
1232	2093.205988980252
1233	2093.2059889802517
1234	2093.2059889802513
1235	2093.2059889802513
1236	2093.205988980251
1237	2093.205988980251
1238	2093.205988980251
1239	2093.2059889802504
1240	2093.2059889802504
1241	2093.2059889802504
1242	2093.20598898025
1243	2093.20598898025
1244	2093.2059889802495
1245	2093.2059889802495
1246	2093.2059889802495
1247	2093.2059889802495
1248	2093.205988980249
1249	2093.205988980249
1250	2093.205988980249
1251	2093.205988980249
1252	2093.2059889802485
1253	2093.2059889802485
1254	2093.205988980248
1255	2093.2059889802476
1256	2093.2059889802476
1257	2093.2059889802476
1258	2093.205988980247
1259	2093.205988980247
1260	2093.205988980247
1261	2093.2059889802467
1262	2093.2059889802463
1263	2093.2059889802463
1264	2093.2059889802463
1265	2093.2059889802463
1266	2093.2059889802463
1267	2093.2059889802463
1268	2093.2059889802463
1269	2093.205988980246
1270	2093.205988980246
1271	2093.205988980246
1272	2093.205988980246
1273	2093.2059889802454
1274	2093.2059889802454
1275	2093.2059889802454
1276	2093.2059889802454
1277	2093.2059889802454
1278	2093.2059889802454
1279	2093.2059889802454
1280	2093.2059889802454
1281	2093.205988980245
1282	2093.205988980245
1283	2093.205988980245
1284	2093.205988980245
1285	2093.205988980245
1286	2093.205988980245
1287	2093.205988980245
1288	2093.205988980245
1289	2093.205988980245
1290	2093.205988980245
1291	2093.2059889802445
1292	2093.2059889802445
1293	2093.2059889802445
1294	2093.205988980244
1295	2093.205988980244
1296	2093.205988980244
1297	2093.205988980244
1298	2093.2059889802435
1299	2093.2059889802435
1300	2093.2059889802435
1301	2093.2059889802435
1302	2093.2059889802435
1303	2093.2059889802435
1304	2093.205988980243
1305	2093.205988980243
1306	2093.205988980243
1307	2093.205988980243
1308	2093.205988980243
1309	2093.205988980243
1310	2093.2059889802426
1311	2093.2059889802426
1312	2093.2059889802426
1313	2093.2059889802426
1314	2093.2059889802426
1315	2093.2059889802426
1316	2093.205988980242
1317	2093.205988980242
1318	2093.205988980242
1319	2093.205988980242
1320	2093.2059889802417
1321	2093.2059889802417
1322	2093.2059889802417
1323	2093.2059889802417
1324	2093.2059889802417
1325	2093.2059889802417
1326	2093.2059889802413
1327	2093.2059889802413
1328	2093.2059889802413
1329	2093.2059889802413
1330	2093.2059889802413
1331	2093.2059889802413
1332	2093.2059889802413
1333	2093.205988980241
1334	2093.205988980241
1335	2093.205988980241
1336	2093.205988980241
1337	2093.205988980241
1338	2093.205988980241
1339	2093.205988980241
1340	2093.205988980241
1341	2093.2059889802404
1342	2093.2059889802404
1343	2093.2059889802404
1344	2093.2059889802404
1345	2093.20598898024
1346	2093.20598898024
1347	2093.20598898024
1348	2093.20598898024
1349	2093.20598898024
1350	2093.20598898024
1351	2093.20598898024
1352	2093.20598898024
1353	2093.20598898024
1354	2093.20598898024
1355	2093.20598898024
1356	2093.20598898024
1357	2093.20598898024
1358	2093.20598898024
1359	2093.20598898024
1360	2093.20598898024
1361	2093.20598898024
1362	2093.20598898024
1363	2093.20598898024
1364	2093.20598898024
1365	2093.20598898024
1366	2093.20598898024
1367	2093.20598898024
1368	2093.20598898024
1369	2093.20598898024
1370	2093.20598898024
1371	2093.20598898024
1372	2093.20598898024
1373	2093.20598898024
1374	2093.20598898024
1375	2093.20598898024
1376	2093.20598898024
1377	2093.20598898024
1378	2093.20598898024
1379	2093.20598898024
1380	2093.20598898024
1381	2093.20598898024
1382	2093.20598898024
1383	2093.20598898024
1384	2093.20598898024
1385	2093.20598898024
1386	2093.20598898024
1387	2093.20598898024
1388	2093.20598898024
1389	2093.20598898024
1390	2093.20598898024
1391	2093.20598898024
1392	2093.20598898024
1393	2093.20598898024
1394	2093.20598898024
1395	2093.20598898024
1396	2093.20598898024
1397	2093.20598898024
1398	2093.20598898024
1399	2093.20598898024
1400	2093.20598898024
1401	2093.20598898024
1402	2093.20598898024
1403	2093.20598898024
1404	2093.20598898024
1405	2093.20598898024
1406	2093.20598898024
1407	2093.20598898024
1408	2093.20598898024
1409	2093.20598898024
1410	2093.20598898024
1411	2093.20598898024
1412	2093.20598898024
1413	2093.20598898024
1414	2093.20598898024
1415	2093.20598898024
1416	2093.20598898024
1417	2093.20598898024
1418	2093.20598898024
1419	2093.20598898024
1420	2093.20598898024
1421	2093.20598898024
1422	2093.20598898024
1423	2093.20598898024
1424	2093.20598898024
1425	2093.20598898024
1426	2093.20598898024
1427	2093.20598898024
1428	2093.20598898024
1429	2093.20598898024
1430	2093.20598898024
1431	2093.20598898024
1432	2093.20598898024
1433	2093.20598898024
1434	2093.20598898024
1435	2093.20598898024
1436	2093.20598898024
1437	2093.20598898024
1438	2093.20598898024
1439	2093.20598898024
1440	2093.20598898024
1441	2093.20598898024
1442	2093.20598898024
1443	2093.20598898024
1444	2093.20598898024
1445	2093.20598898024
1446	2093.20598898024
1447	2093.20598898024
1448	2093.20598898024
1449	2093.20598898024
1450	2093.20598898024
1451	2093.20598898024
1452	2093.20598898024
1453	2093.20598898024
1454	2093.20598898024
1455	2093.20598898024
1456	2093.20598898024
1457	2093.20598898024
1458	2093.20598898024
1459	2093.20598898024
1460	2093.20598898024
1461	2093.20598898024
1462	2093.20598898024
1463	2093.20598898024
1464	2093.20598898024
1465	2093.20598898024
1466	2093.20598898024
1467	2093.20598898024
1468	2093.20598898024
1469	2093.20598898024
1470	2093.20598898024
1471	2093.20598898024
1472	2093.20598898024
1473	2093.20598898024
1474	2093.20598898024
1475	2093.20598898024
1476	2093.20598898024
1477	2093.20598898024
1478	2093.20598898024
1479	2093.20598898024
1480	2093.20598898024
1481	2093.20598898024
1482	2093.20598898024
1483	2093.20598898024
1484	2093.20598898024
1485	2093.20598898024
1486	2093.20598898024
1487	2093.20598898024
1488	2093.20598898024
1489	2093.20598898024
1490	2093.20598898024
1491	2093.20598898024
1492	2093.20598898024
1493	2093.20598898024
1494	2093.20598898024
1495	2093.20598898024
1496	2093.20598898024
1497	2093.20598898024
1498	2093.20598898024
1499	2093.20598898024
1500	2093.20598898024
1501	2093.20598898024
1502	2093.20598898024
1503	2093.20598898024
1504	2093.20598898024
1505	2093.20598898024
1506	2093.20598898024
1507	2093.20598898024
1508	2093.20598898024
1509	2093.20598898024
1510	2093.20598898024
1511	2093.20598898024
1512	2093.20598898024
1513	2093.20598898024
1514	2093.20598898024
1515	2093.20598898024
1516	2093.20598898024
1517	2093.20598898024
1518	2093.20598898024
1519	2093.20598898024
1520	2093.20598898024
1521	2093.20598898024
1522	2093.20598898024
1523	2093.20598898024
1524	2093.20598898024
1525	2093.20598898024
1526	2093.20598898024
1527	2093.20598898024
1528	2093.20598898024
1529	2093.20598898024
1530	2093.20598898024
1531	2093.20598898024
1532	2093.20598898024
1533	2093.20598898024
1534	2093.20598898024
1535	2093.20598898024
1536	2093.20598898024
1537	2093.20598898024
1538	2093.20598898024
1539	2093.20598898024
1540	2093.20598898024
1541	2093.20598898024
1542	2093.20598898024
1543	2093.20598898024
1544	2093.20598898024
1545	2093.20598898024
1546	2093.20598898024
1547	2093.20598898024
1548	2093.20598898024
1549	2093.20598898024
1550	2093.20598898024
1551	2093.20598898024
1552	2093.20598898024
1553	2093.20598898024
1554	2093.20598898024
1555	2093.20598898024
1556	2093.20598898024
1557	2093.20598898024
1558	2093.20598898024
1559	2093.20598898024
1560	2093.20598898024
1561	2093.20598898024
1562	2093.20598898024
1563	2093.20598898024
1564	2093.20598898024
1565	2093.20598898024
1566	2093.20598898024
1567	2093.20598898024
1568	2093.20598898024
1569	2093.20598898024
1570	2093.20598898024
1571	2093.20598898024
1572	2093.20598898024
1573	2093.20598898024
1574	2093.20598898024
1575	2093.20598898024
1576	2093.20598898024
1577	2093.20598898024
1578	2093.20598898024
1579	2093.20598898024
1580	2093.20598898024
1581	2093.20598898024
1582	2093.20598898024
1583	2093.20598898024
1584	2093.20598898024
1585	2093.20598898024
1586	2093.20598898024
1587	2093.20598898024
1588	2093.20598898024
1589	2093.20598898024
1590	2093.20598898024
1591	2093.20598898024
1592	2093.20598898024
1593	2093.20598898024
1594	2093.20598898024
1595	2093.20598898024
1596	2093.20598898024
1597	2093.20598898024
1598	2093.20598898024
1599	2093.20598898024
1600	2093.20598898024
1601	2093.20598898024
1602	2093.20598898024
1603	2093.20598898024
1604	2093.20598898024
1605	2093.20598898024
1606	2093.20598898024
1607	2093.20598898024
1608	2093.20598898024
1609	2093.20598898024
1610	2093.20598898024
1611	2093.20598898024
1612	2093.20598898024
1613	2093.20598898024
1614	2093.20598898024
1615	2093.20598898024
1616	2093.20598898024
1617	2093.20598898024
1618	2093.20598898024
1619	2093.20598898024
1620	2093.20598898024
1621	2093.20598898024
1622	2093.20598898024
1623	2093.20598898024
1624	2093.20598898024
1625	2093.20598898024
1626	2093.20598898024
1627	2093.20598898024
1628	2093.20598898024
1629	2093.20598898024
1630	2093.20598898024
1631	2093.20598898024
1632	2093.20598898024
1633	2093.20598898024
1634	2093.20598898024
1635	2093.20598898024
1636	2093.20598898024
1637	2093.20598898024
1638	2093.20598898024
1639	2093.20598898024
1640	2093.20598898024
1641	2093.20598898024
1642	2093.20598898024
1643	2093.20598898024
1644	2093.20598898024
1645	2093.20598898024
1646	2093.20598898024
1647	2093.20598898024
1648	2093.20598898024
1649	2093.20598898024
1650	2093.20598898024
1651	2093.20598898024
1652	2093.20598898024
1653	2093.20598898024
1654	2093.20598898024
1655	2093.20598898024
1656	2093.20598898024
1657	2093.20598898024
1658	2093.20598898024
1659	2093.20598898024
1660	2093.20598898024
1661	2093.20598898024
1662	2093.20598898024
1663	2093.20598898024
1664	2093.20598898024
1665	2093.20598898024
1666	2093.20598898024
1667	2093.20598898024
1668	2093.20598898024
1669	2093.20598898024
1670	2093.20598898024
1671	2093.20598898024
1672	2093.20598898024
1673	2093.20598898024
1674	2093.20598898024
1675	2093.20598898024
1676	2093.20598898024
1677	2093.20598898024
1678	2093.20598898024
1679	2093.20598898024
1680	2093.20598898024
1681	2093.20598898024
1682	2093.20598898024
1683	2093.20598898024
1684	2093.20598898024
1685	2093.20598898024
1686	2093.20598898024
1687	2093.20598898024
1688	2093.20598898024
1689	2093.20598898024
1690	2093.20598898024
1691	2093.20598898024
1692	2093.20598898024
1693	2093.20598898024
1694	2093.20598898024
1695	2093.20598898024
1696	2093.20598898024
1697	2093.20598898024
1698	2093.20598898024
1699	2093.20598898024
1700	2093.20598898024
1701	2093.20598898024
1702	2093.20598898024
1703	2093.20598898024
1704	2093.20598898024
1705	2093.20598898024
1706	2093.20598898024
1707	2093.20598898024
1708	2093.20598898024
1709	2093.20598898024
1710	2093.20598898024
1711	2093.20598898024
1712	2093.20598898024
1713	2093.20598898024
1714	2093.20598898024
1715	2093.20598898024
1716	2093.20598898024
1717	2093.20598898024
1718	2093.20598898024
1719	2093.20598898024
1720	2093.20598898024
1721	2093.20598898024
1722	2093.20598898024
1723	2093.20598898024
1724	2093.20598898024
1725	2093.20598898024
1726	2093.20598898024
1727	2093.20598898024
1728	2093.20598898024
1729	2093.20598898024
1730	2093.20598898024
1731	2093.20598898024
1732	2093.20598898024
1733	2093.20598898024
1734	2093.20598898024
1735	2093.20598898024
1736	2093.20598898024
1737	2093.20598898024
1738	2093.20598898024
1739	2093.20598898024
1740	2093.20598898024
1741	2093.20598898024
1742	2093.20598898024
1743	2093.20598898024
1744	2093.20598898024
1745	2093.20598898024
1746	2093.20598898024
1747	2093.20598898024
1748	2093.20598898024
1749	2093.20598898024
1750	2093.20598898024
1751	2093.20598898024
1752	2093.20598898024
1753	2093.20598898024
1754	2093.20598898024
1755	2093.20598898024
1756	2093.20598898024
1757	2093.20598898024
1758	2093.20598898024
1759	2093.20598898024
1760	2093.20598898024
1761	2093.20598898024
1762	2093.20598898024
1763	2093.20598898024
1764	2093.20598898024
1765	2093.20598898024
1766	2093.20598898024
1767	2093.20598898024
1768	2093.20598898024
1769	2093.20598898024
1770	2093.20598898024
1771	2093.20598898024
1772	2093.20598898024
1773	2093.20598898024
1774	2093.20598898024
1775	2093.20598898024
1776	2093.20598898024
1777	2093.20598898024
1778	2093.20598898024
1779	2093.20598898024
1780	2093.20598898024
1781	2093.20598898024
1782	2093.20598898024
1783	2093.20598898024
1784	2093.20598898024
1785	2093.20598898024
1786	2093.20598898024
1787	2093.20598898024
1788	2093.20598898024
1789	2093.20598898024
1790	2093.20598898024
1791	2093.20598898024
1792	2093.20598898024
1793	2093.20598898024
1794	2093.20598898024
1795	2093.20598898024
1796	2093.20598898024
1797	2093.20598898024
1798	2093.20598898024
1799	2093.20598898024
1800	2093.20598898024
1801	2093.20598898024
1802	2093.20598898024
1803	2093.20598898024
1804	2093.20598898024
1805	2093.20598898024
1806	2093.20598898024
1807	2093.20598898024
1808	2093.20598898024
1809	2093.20598898024
1810	2093.20598898024
1811	2093.20598898024
1812	2093.20598898024
1813	2093.20598898024
1814	2093.20598898024
1815	2093.20598898024
1816	2093.20598898024
1817	2093.20598898024
1818	2093.20598898024
1819	2093.20598898024
1820	2093.20598898024
1821	2093.20598898024
1822	2093.20598898024
1823	2093.20598898024
1824	2093.20598898024
1825	2093.20598898024
1826	2093.20598898024
1827	2093.20598898024
1828	2093.20598898024
1829	2093.20598898024
1830	2093.20598898024
1831	2093.20598898024
1832	2093.20598898024
1833	2093.20598898024
1834	2093.20598898024
1835	2093.20598898024
1836	2093.20598898024
1837	2093.20598898024
1838	2093.20598898024
1839	2093.20598898024
1840	2093.20598898024
1841	2093.20598898024
1842	2093.20598898024
1843	2093.20598898024
1844	2093.20598898024
1845	2093.20598898024
1846	2093.20598898024
1847	2093.20598898024
1848	2093.20598898024
1849	2093.20598898024
1850	2093.20598898024
1851	2093.20598898024
1852	2093.20598898024
1853	2093.20598898024
1854	2093.20598898024
1855	2093.20598898024
1856	2093.20598898024
1857	2093.20598898024
1858	2093.20598898024
1859	2093.20598898024
1860	2093.20598898024
1861	2093.20598898024
1862	2093.20598898024
1863	2093.20598898024
1864	2093.20598898024
1865	2093.20598898024
1866	2093.20598898024
1867	2093.20598898024
1868	2093.20598898024
1869	2093.20598898024
1870	2093.20598898024
1871	2093.20598898024
1872	2093.20598898024
1873	2093.20598898024
1874	2093.20598898024
1875	2093.20598898024
1876	2093.20598898024
1877	2093.20598898024
1878	2093.20598898024
1879	2093.20598898024
1880	2093.20598898024
1881	2093.20598898024
1882	2093.20598898024
1883	2093.20598898024
1884	2093.20598898024
1885	2093.20598898024
1886	2093.20598898024
1887	2093.20598898024
1888	2093.20598898024
1889	2093.20598898024
1890	2093.20598898024
1891	2093.20598898024
1892	2093.20598898024
1893	2093.20598898024
1894	2093.20598898024
1895	2093.20598898024
1896	2093.20598898024
1897	2093.20598898024
1898	2093.20598898024
1899	2093.20598898024
1900	2093.20598898024
1901	2093.20598898024
1902	2093.20598898024
1903	2093.20598898024
1904	2093.20598898024
1905	2093.20598898024
1906	2093.20598898024
1907	2093.20598898024
1908	2093.20598898024
1909	2093.20598898024
1910	2093.20598898024
1911	2093.20598898024
1912	2093.20598898024
1913	2093.20598898024
1914	2093.20598898024
1915	2093.20598898024
1916	2093.20598898024
1917	2093.20598898024
1918	2093.20598898024
1919	2093.20598898024
1920	2093.20598898024
1921	2093.20598898024
1922	2093.20598898024
1923	2093.20598898024
1924	2093.20598898024
1925	2093.20598898024
1926	2093.20598898024
1927	2093.20598898024
1928	2093.20598898024
1929	2093.20598898024
1930	2093.20598898024
1931	2093.20598898024
1932	2093.20598898024
1933	2093.20598898024
1934	2093.20598898024
1935	2093.20598898024
1936	2093.20598898024
1937	2093.20598898024
1938	2093.20598898024
1939	2093.20598898024
1940	2093.20598898024
1941	2093.20598898024
1942	2093.20598898024
1943	2093.20598898024
1944	2093.20598898024
1945	2093.20598898024
1946	2093.20598898024
1947	2093.20598898024
1948	2093.20598898024
1949	2093.20598898024
1950	2093.20598898024
1951	2093.20598898024
1952	2093.20598898024
1953	2093.20598898024
1954	2093.20598898024
1955	2093.20598898024
1956	2093.20598898024
1957	2093.20598898024
1958	2093.20598898024
1959	2093.20598898024
1960	2093.20598898024
1961	2093.20598898024
1962	2093.20598898024
1963	2093.20598898024
1964	2093.20598898024
1965	2093.20598898024
1966	2093.20598898024
1967	2093.20598898024
1968	2093.20598898024
1969	2093.20598898024
1970	2093.20598898024
1971	2093.20598898024
1972	2093.20598898024
1973	2093.20598898024
1974	2093.20598898024
1975	2093.20598898024
1976	2093.20598898024
1977	2093.20598898024
1978	2093.20598898024
1979	2093.20598898024
1980	2093.20598898024
1981	2093.20598898024
1982	2093.20598898024
1983	2093.20598898024
1984	2093.20598898024
1985	2093.20598898024
1986	2093.20598898024
1987	2093.20598898024
1988	2093.20598898024
1989	2093.20598898024
1990	2093.20598898024
1991	2093.20598898024
1992	2093.20598898024
1993	2093.20598898024
1994	2093.20598898024
1995	2093.20598898024
1996	2093.20598898024
1997	2093.20598898024
1998	2093.20598898024
1999	2093.20598898024
2000	2093.20598898024
2001	2093.20598898024
2002	2093.20598898024
2003	2093.20598898024
2004	2093.20598898024
2005	2093.20598898024
2006	2093.20598898024
2007	2093.20598898024
2008	2093.20598898024
2009	2093.20598898024
2010	2093.20598898024
2011	2093.20598898024
2012	2093.20598898024
2013	2093.20598898024
2014	2093.20598898024
2015	2093.20598898024
2016	2093.20598898024
2017	2093.20598898024
2018	2093.20598898024
2019	2093.20598898024
2020	2093.20598898024
2021	2093.20598898024
2022	2093.20598898024
2023	2093.20598898024
2024	2093.20598898024
2025	2093.20598898024
2026	2093.20598898024
2027	2093.20598898024
2028	2093.20598898024
2029	2093.20598898024
2030	2093.20598898024
2031	2093.20598898024
2032	2093.20598898024
2033	2093.20598898024
2034	2093.20598898024
2035	2093.20598898024
2036	2093.20598898024
2037	2093.20598898024
2038	2093.20598898024
2039	2093.20598898024
2040	2093.20598898024
2041	2093.20598898024
2042	2093.20598898024
2043	2093.20598898024
2044	2093.20598898024
2045	2093.20598898024
2046	2093.20598898024
2047	2093.20598898024
2048	2093.20598898024
2049	2093.20598898024
2050	2093.20598898024
2051	2093.20598898024
2052	2093.20598898024
2053	2093.20598898024
2054	2093.20598898024
2055	2093.20598898024
2056	2093.20598898024
2057	2093.20598898024
2058	2093.20598898024
2059	2093.20598898024
2060	2093.20598898024
2061	2093.20598898024
2062	2093.20598898024
2063	2093.20598898024
2064	2093.20598898024
2065	2093.20598898024
2066	2093.20598898024
2067	2093.20598898024
2068	2093.20598898024
2069	2093.20598898024
2070	2093.20598898024
2071	2093.20598898024
2072	2093.20598898024
2073	2093.20598898024
2074	2093.20598898024
2075	2093.20598898024
2076	2093.20598898024
2077	2093.20598898024
2078	2093.20598898024
2079	2093.20598898024
2080	2093.20598898024
2081	2093.20598898024
2082	2093.20598898024
2083	2093.20598898024
2084	2093.20598898024
2085	2093.20598898024
2086	2093.20598898024
2087	2093.20598898024
2088	2093.20598898024
2089	2093.20598898024
2090	2093.20598898024
2091	2093.20598898024
2092	2093.20598898024
2093	2093.20598898024
2094	2093.20598898024
2095	2093.20598898024
2096	2093.20598898024
2097	2093.20598898024
2098	2093.20598898024
2099	2093.20598898024
2100	2093.20598898024
2101	2093.20598898024
2102	2093.20598898024
2103	2093.20598898024
2104	2093.20598898024
2105	2093.20598898024
2106	2093.20598898024
2107	2093.20598898024
2108	2093.20598898024
2109	2093.20598898024
2110	2093.20598898024
2111	2093.20598898024
2112	2093.20598898024
2113	2093.20598898024
2114	2093.20598898024
2115	2093.20598898024
2116	2093.20598898024
2117	2093.20598898024
2118	2093.20598898024
2119	2093.20598898024
2120	2093.20598898024
2121	2093.20598898024
2122	2093.20598898024
2123	2093.20598898024
2124	2093.20598898024
2125	2093.20598898024
2126	2093.20598898024
2127	2093.20598898024
2128	2093.20598898024
2129	2093.20598898024
2130	2093.20598898024
2131	2093.20598898024
2132	2093.20598898024
2133	2093.20598898024
2134	2093.20598898024
2135	2093.20598898024
2136	2093.20598898024
2137	2093.20598898024
2138	2093.20598898024
2139	2093.20598898024
2140	2093.20598898024
2141	2093.20598898024
2142	2093.20598898024
2143	2093.20598898024
2144	2093.20598898024
2145	2093.20598898024
2146	2093.20598898024
2147	2093.20598898024
2148	2093.20598898024
2149	2093.20598898024
2150	2093.20598898024
2151	2093.20598898024
2152	2093.20598898024
2153	2093.20598898024
2154	2093.20598898024
2155	2093.20598898024
2156	2093.20598898024
2157	2093.20598898024
2158	2093.20598898024
2159	2093.20598898024
2160	2093.20598898024
2161	2093.20598898024
2162	2093.20598898024
2163	2093.20598898024
2164	2093.20598898024
2165	2093.20598898024
2166	2093.20598898024
2167	2093.20598898024
2168	2093.20598898024
2169	2093.20598898024
2170	2093.20598898024
2171	2093.20598898024
2172	2093.20598898024
2173	2093.20598898024
2174	2093.20598898024
2175	2093.20598898024
2176	2093.20598898024
2177	2093.20598898024
2178	2093.20598898024
2179	2093.20598898024
2180	2093.20598898024
2181	2093.20598898024
2182	2093.20598898024
2183	2093.20598898024
2184	2093.20598898024
2185	2093.20598898024
2186	2093.20598898024
2187	2093.20598898024
2188	2093.20598898024
2189	2093.20598898024
2190	2093.20598898024
2191	2093.20598898024
2192	2093.20598898024
2193	2093.20598898024
2194	2093.20598898024
2195	2093.20598898024
2196	2093.20598898024
2197	2093.20598898024
2198	2093.20598898024
2199	2093.20598898024
2200	2093.20598898024
2201	2093.20598898024
2202	2093.20598898024
2203	2093.20598898024
2204	2093.20598898024
2205	2093.20598898024
2206	2093.20598898024
2207	2093.20598898024
2208	2093.20598898024
2209	2093.20598898024
2210	2093.20598898024
2211	2093.20598898024
2212	2093.20598898024
2213	2093.20598898024
2214	2093.20598898024
2215	2093.20598898024
2216	2093.20598898024
2217	2093.20598898024
2218	2093.20598898024
2219	2093.20598898024
2220	2093.20598898024
2221	2093.20598898024
2222	2093.20598898024
2223	2093.20598898024
2224	2093.20598898024
2225	2093.20598898024
2226	2093.20598898024
2227	2093.20598898024
2228	2093.20598898024
2229	2093.20598898024
2230	2093.20598898024
2231	2093.20598898024
2232	2093.20598898024
2233	2093.20598898024
2234	2093.20598898024
2235	2093.20598898024
2236	2093.20598898024
2237	2093.20598898024
2238	2093.20598898024
2239	2093.20598898024
2240	2093.20598898024
2241	2093.20598898024
2242	2093.20598898024
2243	2093.20598898024
2244	2093.20598898024
2245	2093.20598898024
2246	2093.20598898024
2247	2093.20598898024
2248	2093.20598898024
2249	2093.20598898024
2250	2093.20598898024
2251	2093.20598898024
2252	2093.20598898024
2253	2093.20598898024
2254	2093.20598898024
2255	2093.20598898024
2256	2093.20598898024
2257	2093.20598898024
2258	2093.20598898024
2259	2093.20598898024
2260	2093.20598898024
2261	2093.20598898024
2262	2093.20598898024
2263	2093.20598898024
2264	2093.20598898024
2265	2093.20598898024
2266	2093.20598898024
2267	2093.20598898024
2268	2093.20598898024
2269	2093.20598898024
2270	2093.20598898024
2271	2093.20598898024
2272	2093.20598898024
2273	2093.20598898024
2274	2093.20598898024
2275	2093.20598898024
2276	2093.20598898024
2277	2093.20598898024
2278	2093.20598898024
2279	2093.20598898024
2280	2093.20598898024
2281	2093.20598898024
2282	2093.20598898024
2283	2093.20598898024
2284	2093.20598898024
2285	2093.20598898024
2286	2093.20598898024
2287	2093.20598898024
2288	2093.20598898024
2289	2093.20598898024
2290	2093.20598898024
2291	2093.20598898024
2292	2093.20598898024
2293	2093.20598898024
2294	2093.20598898024
2295	2093.20598898024
2296	2093.20598898024
2297	2093.20598898024
2298	2093.20598898024
2299	2093.20598898024
2300	2093.20598898024
2301	2093.20598898024
2302	2093.20598898024
2303	2093.20598898024
2304	2093.20598898024
2305	2093.20598898024
2306	2093.20598898024
2307	2093.20598898024
2308	2093.20598898024
2309	2093.20598898024
2310	2093.20598898024
2311	2093.20598898024
2312	2093.20598898024
2313	2093.20598898024
2314	2093.20598898024
2315	2093.20598898024
2316	2093.20598898024
2317	2093.20598898024
2318	2093.20598898024
2319	2093.20598898024
2320	2093.20598898024
2321	2093.20598898024
2322	2093.20598898024
2323	2093.20598898024
2324	2093.20598898024
2325	2093.20598898024
2326	2093.20598898024
2327	2093.20598898024
2328	2093.20598898024
2329	2093.20598898024
2330	2093.20598898024
2331	2093.20598898024
2332	2093.20598898024
2333	2093.20598898024
2334	2093.20598898024
2335	2093.20598898024
2336	2093.20598898024
2337	2093.20598898024
2338	2093.20598898024
2339	2093.20598898024
2340	2093.20598898024
2341	2093.20598898024
2342	2093.20598898024
2343	2093.20598898024
2344	2093.20598898024
2345	2093.20598898024
2346	2093.20598898024
2347	2093.20598898024
2348	2093.20598898024
2349	2093.20598898024
2350	2093.20598898024
2351	2093.20598898024
2352	2093.20598898024
2353	2093.20598898024
2354	2093.20598898024
2355	2093.20598898024
2356	2093.20598898024
2357	2093.20598898024
2358	2093.20598898024
2359	2093.20598898024
2360	2093.20598898024
2361	2093.20598898024
2362	2093.20598898024
2363	2093.20598898024
2364	2093.20598898024
2365	2093.20598898024
2366	2093.20598898024
2367	2093.20598898024
2368	2093.20598898024
2369	2093.20598898024
2370	2093.20598898024
2371	2093.20598898024
2372	2093.20598898024
2373	2093.20598898024
2374	2093.20598898024
2375	2093.20598898024
2376	2093.20598898024
2377	2093.20598898024
2378	2093.20598898024
2379	2093.20598898024
2380	2093.20598898024
2381	2093.20598898024
2382	2093.20598898024
2383	2093.20598898024
2384	2093.20598898024
2385	2093.20598898024
2386	2093.20598898024
2387	2093.20598898024
2388	2093.20598898024
2389	2093.20598898024
2390	2093.20598898024
2391	2093.20598898024
2392	2093.20598898024
2393	2093.20598898024
2394	2093.20598898024
2395	2093.20598898024
2396	2093.20598898024
2397	2093.20598898024
2398	2093.20598898024
2399	2093.20598898024
2400	2093.20598898024
2401	2093.20598898024
2402	2093.20598898024
2403	2093.20598898024
2404	2093.20598898024
2405	2093.20598898024
2406	2093.20598898024
2407	2093.20598898024
2408	2093.20598898024
2409	2093.20598898024
2410	2093.20598898024
2411	2093.20598898024
2412	2093.20598898024
2413	2093.20598898024
2414	2093.20598898024
2415	2093.20598898024
2416	2093.20598898024
2417	2093.20598898024
2418	2093.20598898024
2419	2093.20598898024
2420	2093.20598898024
2421	2093.20598898024
2422	2093.20598898024
2423	2093.20598898024
2424	2093.20598898024
2425	2093.20598898024
2426	2093.20598898024
2427	2093.20598898024
2428	2093.20598898024
2429	2093.20598898024
2430	2093.20598898024
2431	2093.20598898024
2432	2093.20598898024
2433	2093.20598898024
2434	2093.20598898024
2435	2093.20598898024
2436	2093.20598898024
2437	2093.20598898024
2438	2093.20598898024
2439	2093.20598898024
2440	2093.20598898024
2441	2093.20598898024
2442	2093.20598898024
2443	2093.20598898024
2444	2093.20598898024
2445	2093.20598898024
2446	2093.20598898024
2447	2093.20598898024
2448	2093.20598898024
2449	2093.20598898024
2450	2093.20598898024
2451	2093.20598898024
2452	2093.20598898024
2453	2093.20598898024
2454	2093.20598898024
2455	2093.20598898024
2456	2093.20598898024
2457	2093.20598898024
2458	2093.20598898024
2459	2093.20598898024
2460	2093.20598898024
2461	2093.20598898024
2462	2093.20598898024
2463	2093.20598898024
2464	2093.20598898024
2465	2093.20598898024
2466	2093.20598898024
2467	2093.20598898024
2468	2093.20598898024
2469	2093.20598898024
2470	2093.20598898024
2471	2093.20598898024
2472	2093.20598898024
2473	2093.20598898024
2474	2093.20598898024
2475	2093.20598898024
2476	2093.20598898024
2477	2093.20598898024
2478	2093.20598898024
2479	2093.20598898024
2480	2093.20598898024
2481	2093.20598898024
2482	2093.20598898024
2483	2093.20598898024
2484	2093.20598898024
2485	2093.20598898024
2486	2093.20598898024
2487	2093.20598898024
2488	2093.20598898024
2489	2093.20598898024
2490	2093.20598898024
2491	2093.20598898024
2492	2093.20598898024
2493	2093.20598898024
2494	2093.20598898024
2495	2093.20598898024
2496	2093.20598898024
2497	2093.20598898024
2498	2093.20598898024
2499	2093.20598898024
2500	2093.20598898024
2501	2093.20598898024
2502	2093.20598898024
2503	2093.20598898024
2504	2093.20598898024
2505	2093.20598898024
2506	2093.20598898024
2507	2093.20598898024
2508	2093.20598898024
2509	2093.20598898024
2510	2093.20598898024
2511	2093.20598898024
2512	2093.20598898024
2513	2093.20598898024
2514	2093.20598898024
2515	2093.20598898024
2516	2093.20598898024
2517	2093.20598898024
2518	2093.20598898024
2519	2093.20598898024
2520	2093.20598898024
2521	2093.20598898024
2522	2093.20598898024
2523	2093.20598898024
2524	2093.20598898024
2525	2093.20598898024
2526	2093.20598898024
2527	2093.20598898024
2528	2093.20598898024
2529	2093.20598898024
2530	2093.20598898024
2531	2093.20598898024
2532	2093.20598898024
2533	2093.20598898024
2534	2093.20598898024
2535	2093.20598898024
2536	2093.20598898024
2537	2093.20598898024
2538	2093.20598898024
2539	2093.20598898024
2540	2093.20598898024
2541	2093.20598898024
2542	2093.20598898024
2543	2093.20598898024
2544	2093.20598898024
2545	2093.20598898024
2546	2093.20598898024
2547	2093.20598898024
2548	2093.20598898024
2549	2093.20598898024
2550	2093.20598898024
2551	2093.20598898024
2552	2093.20598898024
2553	2093.20598898024
2554	2093.20598898024
2555	2093.20598898024
2556	2093.20598898024
2557	2093.20598898024
2558	2093.20598898024
2559	2093.20598898024
2560	2093.20598898024
2561	2093.20598898024
2562	2093.20598898024
2563	2093.20598898024
2564	2093.20598898024
2565	2093.20598898024
2566	2093.20598898024
2567	2093.20598898024
2568	2093.20598898024
2569	2093.20598898024
2570	2093.20598898024
2571	2093.20598898024
2572	2093.20598898024
2573	2093.20598898024
2574	2093.20598898024
2575	2093.20598898024
2576	2093.20598898024
2577	2093.20598898024
2578	2093.20598898024
2579	2093.20598898024
2580	2093.20598898024
2581	2093.20598898024
2582	2093.20598898024
2583	2093.20598898024
2584	2093.20598898024
2585	2093.20598898024
2586	2093.20598898024
2587	2093.20598898024
2588	2093.20598898024
2589	2093.20598898024
2590	2093.20598898024
2591	2093.20598898024
2592	2093.20598898024
2593	2093.20598898024
2594	2093.20598898024
2595	2093.20598898024
2596	2093.20598898024
2597	2093.20598898024
2598	2093.20598898024
2599	2093.20598898024
2600	2093.20598898024
2601	2093.20598898024
2602	2093.20598898024
2603	2093.20598898024
2604	2093.20598898024
2605	2093.20598898024
2606	2093.20598898024
2607	2093.20598898024
2608	2093.20598898024
2609	2093.20598898024
2610	2093.20598898024
2611	2093.20598898024
2612	2093.20598898024
2613	2093.20598898024
2614	2093.20598898024
2615	2093.20598898024
2616	2093.20598898024
2617	2093.20598898024
2618	2093.20598898024
2619	2093.20598898024
2620	2093.20598898024
2621	2093.20598898024
2622	2093.20598898024
2623	2093.20598898024
2624	2093.20598898024
2625	2093.20598898024
2626	2093.20598898024
2627	2093.20598898024
2628	2093.20598898024
2629	2093.20598898024
2630	2093.20598898024
2631	2093.20598898024
2632	2093.20598898024
2633	2093.20598898024
2634	2093.20598898024
2635	2093.20598898024
2636	2093.20598898024
2637	2093.20598898024
2638	2093.20598898024
2639	2093.20598898024
2640	2093.20598898024
2641	2093.20598898024
2642	2093.20598898024
2643	2093.20598898024
2644	2093.20598898024
2645	2093.20598898024
2646	2093.20598898024
2647	2093.20598898024
2648	2093.20598898024
2649	2093.20598898024
2650	2093.20598898024
2651	2093.20598898024
2652	2093.20598898024
2653	2093.20598898024
2654	2093.20598898024
2655	2093.20598898024
2656	2093.20598898024
2657	2093.20598898024
2658	2093.20598898024
2659	2093.20598898024
2660	2093.20598898024
2661	2093.20598898024
2662	2093.20598898024
2663	2093.20598898024
2664	2093.20598898024
2665	2093.20598898024
2666	2093.20598898024
2667	2093.20598898024
2668	2093.20598898024
2669	2093.20598898024
2670	2093.20598898024
2671	2093.20598898024
2672	2093.20598898024
2673	2093.20598898024
2674	2093.20598898024
2675	2093.20598898024
2676	2093.20598898024
2677	2093.20598898024
2678	2093.20598898024
2679	2093.20598898024
2680	2093.20598898024
2681	2093.20598898024
2682	2093.20598898024
2683	2093.20598898024
2684	2093.20598898024
2685	2093.20598898024
2686	2093.20598898024
2687	2093.20598898024
2688	2093.20598898024
2689	2093.20598898024
2690	2093.20598898024
2691	2093.20598898024
2692	2093.20598898024
2693	2093.20598898024
2694	2093.20598898024
2695	2093.20598898024
2696	2093.20598898024
2697	2093.20598898024
2698	2093.20598898024
2699	2093.20598898024
2700	2093.20598898024
2701	2093.20598898024
2702	2093.20598898024
2703	2093.20598898024
2704	2093.20598898024
2705	2093.20598898024
2706	2093.20598898024
2707	2093.20598898024
2708	2093.20598898024
2709	2093.20598898024
2710	2093.20598898024
2711	2093.20598898024
2712	2093.20598898024
2713	2093.20598898024
2714	2093.20598898024
2715	2093.20598898024
2716	2093.20598898024
2717	2093.20598898024
2718	2093.20598898024
2719	2093.20598898024
2720	2093.20598898024
2721	2093.20598898024
2722	2093.20598898024
2723	2093.20598898024
2724	2093.20598898024
2725	2093.20598898024
2726	2093.20598898024
2727	2093.20598898024
2728	2093.20598898024
2729	2093.20598898024
2730	2093.20598898024
2731	2093.20598898024
2732	2093.20598898024
2733	2093.20598898024
2734	2093.20598898024
2735	2093.20598898024
2736	2093.20598898024
2737	2093.20598898024
2738	2093.20598898024
2739	2093.20598898024
2740	2093.20598898024
2741	2093.20598898024
2742	2093.20598898024
2743	2093.20598898024
2744	2093.20598898024
2745	2093.20598898024
2746	2093.20598898024
2747	2093.20598898024
2748	2093.20598898024
2749	2093.20598898024
2750	2093.20598898024
2751	2093.20598898024
2752	2093.20598898024
2753	2093.20598898024
2754	2093.20598898024
2755	2093.20598898024
2756	2093.20598898024
2757	2093.20598898024
2758	2093.20598898024
2759	2093.20598898024
2760	2093.20598898024
2761	2093.20598898024
2762	2093.20598898024
2763	2093.20598898024
2764	2093.20598898024
2765	2093.20598898024
2766	2093.20598898024
2767	2093.20598898024
2768	2093.20598898024
2769	2093.20598898024
2770	2093.20598898024
2771	2093.20598898024
2772	2093.20598898024
2773	2093.20598898024
2774	2093.20598898024
2775	2093.20598898024
2776	2093.20598898024
2777	2093.20598898024
2778	2093.20598898024
2779	2093.20598898024
2780	2093.20598898024
2781	2093.20598898024
2782	2093.20598898024
2783	2093.20598898024
2784	2093.20598898024
2785	2093.20598898024
2786	2093.20598898024
2787	2093.20598898024
2788	2093.20598898024
2789	2093.20598898024
2790	2093.20598898024
2791	2093.20598898024
2792	2093.20598898024
2793	2093.20598898024
2794	2093.20598898024
2795	2093.20598898024
2796	2093.20598898024
2797	2093.20598898024
2798	2093.20598898024
2799	2093.20598898024
2800	2093.20598898024
2801	2093.20598898024
2802	2093.20598898024
2803	2093.20598898024
2804	2093.20598898024
2805	2093.20598898024
2806	2093.20598898024
2807	2093.20598898024
2808	2093.20598898024
2809	2093.20598898024
2810	2093.20598898024
2811	2093.20598898024
2812	2093.20598898024
2813	2093.20598898024
2814	2093.20598898024
2815	2093.20598898024
2816	2093.20598898024
2817	2093.20598898024
2818	2093.20598898024
2819	2093.20598898024
2820	2093.20598898024
2821	2093.20598898024
2822	2093.20598898024
2823	2093.20598898024
2824	2093.20598898024
2825	2093.20598898024
2826	2093.20598898024
2827	2093.20598898024
2828	2093.20598898024
2829	2093.20598898024
2830	2093.20598898024
2831	2093.20598898024
2832	2093.20598898024
2833	2093.20598898024
2834	2093.20598898024
2835	2093.20598898024
2836	2093.20598898024
2837	2093.20598898024
2838	2093.20598898024
2839	2093.20598898024
2840	2093.20598898024
2841	2093.20598898024
2842	2093.20598898024
2843	2093.20598898024
2844	2093.20598898024
2845	2093.20598898024
2846	2093.20598898024
2847	2093.20598898024
2848	2093.20598898024
2849	2093.20598898024
2850	2093.20598898024
2851	2093.20598898024
2852	2093.20598898024
2853	2093.20598898024
2854	2093.20598898024
2855	2093.20598898024
2856	2093.20598898024
2857	2093.20598898024
2858	2093.20598898024
2859	2093.20598898024
2860	2093.20598898024
2861	2093.20598898024
2862	2093.20598898024
2863	2093.20598898024
2864	2093.20598898024
2865	2093.20598898024
2866	2093.20598898024
2867	2093.20598898024
2868	2093.20598898024
2869	2093.20598898024
2870	2093.20598898024
2871	2093.20598898024
2872	2093.20598898024
2873	2093.20598898024
2874	2093.20598898024
2875	2093.20598898024
2876	2093.20598898024
2877	2093.20598898024
2878	2093.20598898024
2879	2093.20598898024
2880	2093.20598898024
2881	2093.20598898024
2882	2093.20598898024
2883	2093.20598898024
2884	2093.20598898024
2885	2093.20598898024
2886	2093.20598898024
2887	2093.20598898024
2888	2093.20598898024
2889	2093.20598898024
2890	2093.20598898024
2891	2093.20598898024
2892	2093.20598898024
2893	2093.20598898024
2894	2093.20598898024
2895	2093.20598898024
2896	2093.20598898024
2897	2093.20598898024
2898	2093.20598898024
2899	2093.20598898024
2900	2093.20598898024
2901	2093.20598898024
2902	2093.20598898024
2903	2093.20598898024
2904	2093.20598898024
2905	2093.20598898024
2906	2093.20598898024
2907	2093.20598898024
2908	2093.20598898024
2909	2093.20598898024
2910	2093.20598898024
2911	2093.20598898024
2912	2093.20598898024
2913	2093.20598898024
2914	2093.20598898024
2915	2093.20598898024
2916	2093.20598898024
2917	2093.20598898024
2918	2093.20598898024
2919	2093.20598898024
2920	2093.20598898024
2921	2093.20598898024
2922	2093.20598898024
2923	2093.20598898024
2924	2093.20598898024
2925	2093.20598898024
2926	2093.20598898024
2927	2093.20598898024
2928	2093.20598898024
2929	2093.20598898024
2930	2093.20598898024
2931	2093.20598898024
2932	2093.20598898024
2933	2093.20598898024
2934	2093.20598898024
2935	2093.20598898024
2936	2093.20598898024
2937	2093.20598898024
2938	2093.20598898024
2939	2093.20598898024
2940	2093.20598898024
2941	2093.20598898024
2942	2093.20598898024
2943	2093.20598898024
2944	2093.20598898024
2945	2093.20598898024
2946	2093.20598898024
2947	2093.20598898024
2948	2093.20598898024
2949	2093.20598898024
2950	2093.20598898024
2951	2093.20598898024
2952	2093.20598898024
2953	2093.20598898024
2954	2093.20598898024
2955	2093.20598898024
2956	2093.20598898024
2957	2093.20598898024
2958	2093.20598898024
2959	2093.20598898024
2960	2093.20598898024
2961	2093.20598898024
2962	2093.20598898024
2963	2093.20598898024
2964	2093.20598898024
2965	2093.20598898024
2966	2093.20598898024
2967	2093.20598898024
2968	2093.20598898024
2969	2093.20598898024
2970	2093.20598898024
2971	2093.20598898024
2972	2093.20598898024
2973	2093.20598898024
2974	2093.20598898024
2975	2093.20598898024
2976	2093.20598898024
2977	2093.20598898024
2978	2093.20598898024
2979	2093.20598898024
2980	2093.20598898024
2981	2093.20598898024
2982	2093.20598898024
2983	2093.20598898024
2984	2093.20598898024
2985	2093.20598898024
2986	2093.20598898024
2987	2093.20598898024
2988	2093.20598898024
2989	2093.20598898024
2990	2093.20598898024
2991	2093.20598898024
2992	2093.20598898024
2993	2093.20598898024
2994	2093.20598898024
2995	2093.20598898024
2996	2093.20598898024
2997	2093.20598898024
2998	2093.20598898024
2999	2093.20598898024
3000	2093.20598898024
