1	3.576751188309024E8
2	6993379.2285320405
3	623782.828849486
4	8640.13837764241
5	774.0772453715413
6	112.53041051266571
7	63.76883136652922
8	52.644739915970284
9	46.07700115646591
10	41.67829923807525
11	37.9667145025593
12	34.30890804735794
13	31.51688343315683
14	28.523194851255976
15	26.545273611413293
16	24.44931460965604
17	22.84605267682324
18	21.344822067591295
19	20.077509651039293
20	19.114048719463348
21	18.097826295298493
22	17.33404267121865
23	16.754359673461906
24	16.24479365654883
25	15.704193789047446
26	15.283863384948424
27	14.925789984880243
28	14.626129708208701
29	14.370009278343444
30	14.169569492666069
31	13.993726971199203
32	13.8443641304449
33	13.732171303379232
34	13.622694673037763
35	13.538016026511183
36	13.472871251605431
37	13.411497393385895
38	13.362605109679475
39	13.316099605958332
40	13.280953626722603
41	13.252240754197423
42	13.227859438467299
43	13.206677153748972
44	13.1880672574693
45	13.172656734385862
46	13.159552693487985
47	13.14821318432764
48	13.139140529269659
49	13.131512392859651
50	13.124627172616323
51	13.117855029143646
52	13.112479581934368
53	13.107126574849286
54	13.102226973542725
55	13.097796849059026
56	13.09340329265303
57	13.089456148472582
58	13.084821768619417
59	13.081364632720959
60	13.07810486093865
61	13.074614922356153
62	13.071714621976097
63	13.06899287744593
64	13.066235133522506
65	13.063523458975238
66	13.061269581456145
67	13.059058318554623
68	13.056690924105123
69	13.054525709822922
70	13.052710852644465
71	13.050618900926587
72	13.048730249851022
73	13.046920256655612
74	13.044838998528705
75	13.042886239691965
76	13.040997646872258
77	13.039167782608976
78	13.03742607570592
79	13.035923510864372
80	13.034309408943496
81	13.03283358956201
82	13.031655255127342
83	13.030133346833162
84	13.02882698532869
85	13.027328600789275
86	13.025983321257778
87	13.024567031050735
88	13.023461939027486
89	13.022182716248947
90	13.021068395168015
91	13.019794368372208
92	13.018730557591017
93	13.017532579778758
94	13.016248083638608
95	13.015300877891063
96	13.01435960579269
97	13.013393725110648
98	13.012404819929374
99	13.011394469209725
100	13.010436703642887
101	13.009630362000337
102	13.008604490681686
103	13.007734849809058
104	13.006650953979054
105	13.005545352560755
106	13.004566762899183
107	13.00359243078208
108	13.00238834290764
109	13.00121405693373
110	13.000217697532257
111	12.998859594682092
112	12.997750136225852
113	12.996670442400639
114	12.99543338988255
115	12.994350111530109
116	12.993143458102173
117	12.991942413416796
118	12.990818221904915
119	12.98973223798723
120	12.988475566863695
121	12.987508846232096
122	12.986427525146352
123	12.985422377332343
124	12.984426763991884
125	12.983461969734206
126	12.982583214211434
127	12.981649903917749
128	12.98057332145595
129	12.979171831893646
130	12.97805209234051
131	12.97677820030711
132	12.975293654535694
133	12.974229253919317
134	12.973103557738192
135	12.971665451821314
136	12.97045190777979
137	12.969477870073776
138	12.968489594547197
139	12.967423529387421
140	12.966465696943427
141	12.965487139648735
142	12.964458723841538
143	12.963451158141455
144	12.962682431542515
145	12.961934952390822
146	12.96105889075337
147	12.960393741772211
148	12.959666258338807
149	12.958812418072029
150	12.957869870885025
151	12.956920896517714
152	12.956318808682816
153	12.955549545842578
154	12.954577366810323
155	12.953816857539733
156	12.953014345197964
157	12.951953186737931
158	12.951162969960354
159	12.950347537679551
160	12.949393981798552
161	12.94848129698285
162	12.947406975157437
163	12.946623926887648
164	12.945568142492267
165	12.944926018976718
166	12.944491192524843
167	12.944092098952314
168	12.943736928052338
169	12.94333183920437
170	12.942880216084623
171	12.942479863693244
172	12.941927203193712
173	12.941550599417635
174	12.941133852932799
175	12.940634482786542
176	12.940307523717703
177	12.939914932443521
178	12.939569671970538
179	12.939222377673428
180	12.938902689735928
181	12.93856591678283
182	12.938285015609937
183	12.937871891602555
184	12.937489199421936
185	12.937148043609476
186	12.936648443158191
187	12.935952193570456
188	12.935565113008762
189	12.935007754875565
190	12.934488463609712
191	12.934013677976717
192	12.933510530417637
193	12.932920528946946
194	12.932305123878445
195	12.931824900619928
196	12.93121544871874
197	12.930375829699722
198	12.929831864305523
199	12.929414295491016
200	12.928956899692837
201	12.928321601213794
202	12.927866958188709
203	12.927333817537537
204	12.926814183886401
205	12.926371413644002
206	12.925894523819833
207	12.9253591867725
208	12.924671811703082
209	12.924092001762602
210	12.923518019234283
211	12.923054332021326
212	12.922611752021224
213	12.922274748418902
214	12.921889597274287
215	12.921481180118196
216	12.921185512225321
217	12.921090410318696
218	12.921037374219264
219	12.920989441785375
220	12.920933783440237
221	12.92088890284993
222	12.920839854649195
223	12.920800539090951
224	12.92075045379044
225	12.920711274426464
226	12.920668080535156
227	12.920628095229555
228	12.920585519491516
229	12.920541759312279
230	12.920509951729024
231	12.920442030684756
232	12.920393747898435
233	12.920346700806169
234	12.920302496228802
235	12.9202632832203
236	12.920216836174294
237	12.920177764228177
238	12.9201427729643
239	12.920107598900348
240	12.920059836101798
241	12.920017404622913
242	12.919984865551667
243	12.919956002367575
244	12.91992831187586
245	12.919898139816091
246	12.919873912656369
247	12.919849133525183
248	12.91982675235121
249	12.91980466637738
250	12.919785364634889
251	12.919764294194895
252	12.919744928155273
253	12.91972516591162
254	12.919706766229957
255	12.919684110273796
256	12.919661205472696
257	12.919635892349397
258	12.919616152518127
259	12.919591140036703
260	12.919570729766152
261	12.919551184352171
262	12.919532588053409
263	12.919511276397094
264	12.919495894573751
265	12.919475155317654
266	12.919456305372124
267	12.919437148514128
268	12.919418079747704
269	12.919399803419402
270	12.919381549935444
271	12.91936029044034
272	12.919343895089392
273	12.919324717406102
274	12.919308864216248
275	12.919291428636587
276	12.919277855430089
277	12.91926071527925
278	12.919245807923406
279	12.919231161791112
280	12.919216926883443
281	12.919204572338094
282	12.919191897155605
283	12.919178432422907
284	12.919164578214703
285	12.91915117653005
286	12.919139194115852
287	12.919125724399857
288	12.919113524965008
289	12.919102879451442
290	12.919092862551766
291	12.919084604318776
292	12.919074565367199
293	12.919065809457466
294	12.919058216091106
295	12.919048503863626
296	12.91903930404048
297	12.919029508383984
298	12.919020574752643
299	12.919012373749391
300	12.919003595830617
301	12.918996617699289
302	12.918986215828284
303	12.918979194758363
304	12.918970794689338
305	12.918961364657443
306	12.918953476641205
307	12.918944104597532
308	12.918937492198376
309	12.91892928995043
310	12.918922652058972
311	12.918916304593903
312	12.91890973780334
313	12.918902947187698
314	12.918896609771865
315	12.91889093150066
316	12.918884321609369
317	12.91887893817077
318	12.918873812214795
319	12.918868956281711
320	12.918863518344475
321	12.918858249502835
322	12.918853391453622
323	12.918848414756154
324	12.918844356799458
325	12.918840110852367
326	12.918836593377149
327	12.918832870759182
328	12.918829603890781
329	12.918826071608517
330	12.918823002325576
331	12.918819906765794
332	12.918817155392754
333	12.918814455773282
334	12.918811584235915
335	12.918808841079985
336	12.918806263626417
337	12.918803598537863
338	12.91880119295175
339	12.918798809479316
340	12.918796664104132
341	12.918794349596128
342	12.918791725302205
343	12.918789192461464
344	12.91878626620105
345	12.918783604815056
346	12.918781081043866
347	12.918778439198201
348	12.918775899677678
349	12.918773465033631
350	12.91877139494097
351	12.91876890186681
352	12.918766608889518
353	12.918764567797767
354	12.918762529842347
355	12.918760542291091
356	12.918758473165687
357	12.918756564125808
358	12.91875463629684
359	12.918752967798998
360	12.918751121123352
361	12.918749379168947
362	12.918747927425168
363	12.918746434750073
364	12.918745175401444
365	12.918743930468091
366	12.918742714408001
367	12.918741604769687
368	12.918740732170054
369	12.918739589514304
370	12.918738763312236
371	12.918737811845476
372	12.918736861017273
373	12.918735789790025
374	12.918734910106307
375	12.918733922571796
376	12.918733133619897
377	12.918732299981277
378	12.91873119205461
379	12.91873042672208
380	12.918729493300471
381	12.918728604049301
382	12.918727847345822
383	12.918727072442273
384	12.91872633405679
385	12.918725540066877
386	12.918724578496873
387	12.918723790767327
388	12.918722974927602
389	12.918722116869466
390	12.91872151204408
391	12.918720494563205
392	12.918719783333847
393	12.918719026830825
394	12.918718037074619
395	12.918717015610074
396	12.918716171051878
397	12.918715113993578
398	12.918714341026037
399	12.918713374190991
400	12.918712730605488
401	12.918711877411043
402	12.918711124935507
403	12.918710315996423
404	12.918709508629664
405	12.918708893838186
406	12.918708182497703
407	12.918707604522869
408	12.918706966988
409	12.918706437842777
410	12.918705908763766
411	12.918705425332512
412	12.918704858242604
413	12.918704360314647
414	12.918703843750018
415	12.918703454782534
416	12.91870293279849
417	12.918702502624274
418	12.91870210005582
419	12.918701703845782
420	12.918701299964576
421	12.91870093349458
422	12.918700611564377
423	12.91870025000735
424	12.918699899941066
425	12.918699543955869
426	12.918699235627738
427	12.918698871337151
428	12.918698516947085
429	12.918698196513036
430	12.918697840969825
431	12.918697512563858
432	12.918697211663464
433	12.918696909120689
434	12.918696580480201
435	12.918696308622524
436	12.918695964208629
437	12.91869571934036
438	12.918695387606784
439	12.91869510228317
440	12.918694851217982
441	12.918694615376435
442	12.918694362557376
443	12.91869413672688
444	12.918693892216613
445	12.918693675846471
446	12.918693425235752
447	12.918693136223734
448	12.918692868563205
449	12.918692600833971
450	12.918692381498378
451	12.918692143604282
452	12.918691864527528
453	12.918691637549104
454	12.918691380349367
455	12.918691140284555
456	12.918690898166952
457	12.91869068310063
458	12.918690503245154
459	12.918690249638859
460	12.918690058569558
461	12.918689868692177
462	12.91868967475569
463	12.918689523400529
464	12.918689363764095
465	12.918689195920043
466	12.918689066738454
467	12.918688923751528
468	12.918688797354068
469	12.918688658603052
470	12.918688541612566
471	12.91868841438341
472	12.91868830136569
473	12.918688197732655
474	12.918688073263834
475	12.918687973498436
476	12.918687864999844
477	12.918687769951166
478	12.918687670741653
479	12.918687565166817
480	12.918687469427784
481	12.918687361219586
482	12.918687258884098
483	12.918687163355049
484	12.918687059396417
485	12.918686969117934
486	12.918686881490705
487	12.918686794554954
488	12.918686710457417
489	12.918686631182506
490	12.918686551950225
491	12.918686459540332
492	12.91868637737442
493	12.91868629969329
494	12.918686226471639
495	12.918686149571782
496	12.918686070059243
497	12.918685999326517
498	12.91868594076902
499	12.91868588652135
500	12.918685828554187
501	12.918685780321717
502	12.918685731841201
503	12.918685682257934
504	12.918685641936586
505	12.918685593414898
506	12.918685550426305
507	12.918685509210558
508	12.918685469781556
509	12.918685423686926
510	12.918685386350548
511	12.91868534061864
512	12.918685299026464
513	12.918685260575804
514	12.91868522364248
515	12.91868517893663
516	12.918685147007745
517	12.918685110425278
518	12.918685069278748
519	12.918685040226235
520	12.91868499840874
521	12.91868495638536
522	12.918684920780757
523	12.9186848845918
524	12.91868485465373
525	12.918684822105961
526	12.918684790760466
527	12.918684757228572
528	12.918684725745825
529	12.918684692727501
530	12.91868466252723
531	12.91868462940436
532	12.918684594196543
533	12.918684552684367
534	12.918684522231842
535	12.918684491418693
536	12.918684450051762
537	12.918684417088022
538	12.9186843822637
539	12.91868433912624
540	12.91868428541372
541	12.918684238739479
542	12.918684188044587
543	12.918684140414369
544	12.91868410207105
545	12.918684071284593
546	12.91868402176788
547	12.91868398026509
548	12.918683924953031
549	12.918683872762024
550	12.918683829182946
551	12.918683787252025
552	12.918683733883482
553	12.918683681024755
554	12.918683616886671
555	12.918683562597908
556	12.918683492030816
557	12.91868339971406
558	12.91868334242268
559	12.91868325840304
560	12.918683206126985
561	12.918683151997303
562	12.918683078274947
563	12.918683016902511
564	12.918682957871047
565	12.918682893142773
566	12.918682822461339
567	12.918682776605202
568	12.91868271154186
569	12.918682670215093
570	12.91868262214332
571	12.91868258036406
572	12.918682544640246
573	12.918682515039864
574	12.918682476274613
575	12.91868244860555
576	12.918682401401563
577	12.91868234265924
578	12.918682298185233
579	12.918682246817193
580	12.918682217341928
581	12.91868218486669
582	12.918682158526217
583	12.918682114447437
584	12.918682081708877
585	12.918682050662579
586	12.918682013258097
587	12.918681988210674
588	12.918681957113241
589	12.918681931291445
590	12.918681897768973
591	12.91868186281138
592	12.918681839857099
593	12.918681804915986
594	12.918681777521046
595	12.918681748352544
596	12.91868172147416
597	12.918681691137493
598	12.918681661875938
599	12.918681635326793
600	12.918681607141643
601	12.918681583174026
602	12.918681558442877
603	12.918681532807277
604	12.918681508199871
605	12.918681481728695
606	12.918681461036275
607	12.918681435973266
608	12.918681407614239
609	12.918681386699896
610	12.918681360558907
611	12.918681335778718
612	12.918681311557457
613	12.918681293453748
614	12.918681271069614
615	12.918681248610223
616	12.91868122883031
617	12.918681208329305
618	12.918681188324339
619	12.918681165687445
620	12.918681143178693
621	12.918681118991003
622	12.918681091414353
623	12.91868107203883
624	12.918681050143297
625	12.918681032595652
626	12.918681014558114
627	12.918680994381168
628	12.918680978067478
629	12.918680963961796
630	12.91868094653445
631	12.918680930901251
632	12.918680914617404
633	12.918680900338746
634	12.918680886358159
635	12.918680874813536
636	12.918680861997606
637	12.918680844027993
638	12.918680828709258
639	12.918680816659508
640	12.918680805644582
641	12.918680789751848
642	12.918680779837358
643	12.918680767096737
644	12.9186807548487
645	12.91868074192853
646	12.918680730119384
647	12.918680717382147
648	12.918680704695257
649	12.91868068950103
650	12.918680676820577
651	12.918680665004834
652	12.91868065082234
653	12.918680637774541
654	12.918680626324516
655	12.918680612076697
656	12.918680600694584
657	12.918680587502326
658	12.918680574960257
659	12.918680562932938
660	12.918680553465679
661	12.91868054249883
662	12.918680531726254
663	12.918680522110668
664	12.918680512030015
665	12.918680501020155
666	12.918680491442375
667	12.918680483051812
668	12.918680475072783
669	12.918680464152715
670	12.918680454329282
671	12.918680441994285
672	12.918680431615297
673	12.918680422591153
674	12.918680409221937
675	12.91868039840753
676	12.918680385253156
677	12.918680371825678
678	12.918680364103947
679	12.9186803524288
680	12.918680342498453
681	12.91868032735156
682	12.918680313475155
683	12.918680302695188
684	12.918680293666906
685	12.918680282940903
686	12.918680275414339
687	12.918680266491737
688	12.91868025650669
689	12.918680248949794
690	12.918680240251616
691	12.91868023191994
692	12.918680224279177
693	12.918680217842203
694	12.918680211091335
695	12.918680204841163
696	12.918680197502438
697	12.918680190130544
698	12.918680183948782
699	12.918680174815798
700	12.91868016629511
701	12.918680159415342
702	12.918680151631978
703	12.918680141801662
704	12.918680131966843
705	12.918680123776856
706	12.918680113845069
707	12.918680102704192
708	12.918680092885259
709	12.918680080822478
710	12.918680068898285
711	12.918680059417502
712	12.91868004990168
713	12.918680039111631
714	12.918680031762026
715	12.91868002212396
716	12.918680011246662
717	12.918680001052431
718	12.918679994161693
719	12.918679987168428
720	12.918679977173378
721	12.918679970675933
722	12.918679960380267
723	12.918679950969603
724	12.918679938163315
725	12.918679931688258
726	12.918679922761573
727	12.918679917578524
728	12.91867991131776
729	12.91867990718981
730	12.918679901983161
731	12.918679899090566
732	12.91867989504032
733	12.918679892051816
734	12.918679888525748
735	12.918679885932653
736	12.918679882960946
737	12.91867987975593
738	12.918679877072519
739	12.918679874048053
740	12.918679871532891
741	12.918679869584215
742	12.91867986650245
743	12.918679864445762
744	12.918679861990066
745	12.918679860066185
746	12.918679857818592
747	12.918679856391934
748	12.918679854491954
749	12.918679852698906
750	12.918679851045459
751	12.918679849271033
752	12.918679847436685
753	12.91867984577402
754	12.918679844229352
755	12.918679842682263
756	12.918679841323115
757	12.918679839647126
758	12.918679838293283
759	12.918679837025062
760	12.918679835333801
761	12.918679833305202
762	12.918679831783606
763	12.918679830298904
764	12.918679829129683
765	12.918679827372303
766	12.918679826232966
767	12.918679824036706
768	12.918679823013616
769	12.918679821496596
770	12.9186798204283
771	12.918679819368363
772	12.918679818288556
773	12.918679817598822
774	12.91867981657645
775	12.91867981588708
776	12.918679814872712
777	12.918679813950824
778	12.91867981319845
779	12.918679811979727
780	12.918679811150835
781	12.918679810278462
782	12.91867980951743
783	12.91867980882399
784	12.918679808132612
785	12.918679807482224
786	12.918679806871397
787	12.918679806446596
788	12.918679805742455
789	12.918679805297405
790	12.918679804686722
791	12.91867980428545
792	12.918679803849011
793	12.918679803442586
794	12.918679803120309
795	12.91867980276593
796	12.918679802530098
797	12.918679802163808
798	12.918679801907057
799	12.918679801562003
800	12.918679801258039
801	12.918679800989048
802	12.91867980067627
803	12.918679800394795
804	12.918679800084355
805	12.918679799772606
806	12.91867979943004
807	12.91867979910347
808	12.918679798675338
809	12.918679798396658
810	12.918679798010857
811	12.918679797717239
812	12.918679797360946
813	12.918679797081268
814	12.918679796836775
815	12.918679796525277
816	12.918679796193866
817	12.91867979589643
818	12.918679795535391
819	12.918679795286838
820	12.918679795018184
821	12.918679794808059
822	12.918679794571805
823	12.91867979442032
824	12.918679794210615
825	12.91867979406057
826	12.918679793922848
827	12.918679793774828
828	12.918679793623232
829	12.918679793463365
830	12.918679793331908
831	12.918679793184815
832	12.918679793080344
833	12.9186797929555
834	12.918679792847472
835	12.918679792731657
836	12.918679792611094
837	12.918679792487087
838	12.918679792371028
839	12.918679792256528
840	12.918679792147191
841	12.918679792000294
842	12.91867979189141
843	12.918679791777306
844	12.91867979166342
845	12.918679791539983
846	12.918679791410149
847	12.918679791307325
848	12.918679791145657
849	12.918679790962335
850	12.918679790807378
851	12.918679790652693
852	12.918679790491725
853	12.918679790345674
854	12.918679790220944
855	12.918679790100875
856	12.91867979000926
857	12.91867978991826
858	12.918679789843658
859	12.918679789773014
860	12.918679789698615
861	12.918679789619627
862	12.918679789543392
863	12.918679789455009
864	12.918679789395519
865	12.918679789318446
866	12.91867978924783
867	12.918679789182132
868	12.918679789095473
869	12.91867978901646
870	12.918679788935657
871	12.918679788865068
872	12.918679788746108
873	12.918679788626498
874	12.918679788559343
875	12.918679788490262
876	12.918679788414348
877	12.918679788346399
878	12.918679788280095
879	12.918679788228019
880	12.918679788162143
881	12.91867978811101
882	12.918679788063653
883	12.918679788029243
884	12.918679787979213
885	12.918679787942576
886	12.91867978790271
887	12.918679787869292
888	12.91867978783583
889	12.918679787808735
890	12.918679787771117
891	12.918679787746868
892	12.918679787714533
893	12.918679787683796
894	12.918679787657235
895	12.918679787630298
896	12.918679787600107
897	12.918679787577219
898	12.918679787552007
899	12.918679787525695
900	12.918679787495014
901	12.91867978746862
902	12.918679787435618
903	12.918679787411964
904	12.918679787378833
905	12.91867978734454
906	12.91867978731366
907	12.918679787284217
908	12.918679787251993
909	12.918679787220361
910	12.918679787195199
911	12.918679787170959
912	12.91867978715029
913	12.918679787122095
914	12.918679787101533
915	12.91867978707732
916	12.9186797870538
917	12.918679787032307
918	12.918679787010195
919	12.918679786988692
920	12.918679786968012
921	12.918679786948921
922	12.918679786929468
923	12.91867978691084
924	12.918679786889426
925	12.918679786870502
926	12.91867978685119
927	12.918679786832156
928	12.91867978681328
929	12.918679786794693
930	12.918679786779023
931	12.918679786762777
932	12.918679786749301
933	12.918679786732287
934	12.918679786719137
935	12.918679786705546
936	12.918679786687926
937	12.918679786672762
938	12.918679786658704
939	12.918679786645917
940	12.918679786634362
941	12.91867978662216
942	12.918679786610252
943	12.918679786599435
944	12.918679786587466
945	12.918679786577522
946	12.918679786563798
947	12.918679786549603
948	12.91867978653654
949	12.91867978652482
950	12.918679786513163
951	12.91867978650225
952	12.918679786493014
953	12.918679786483448
954	12.918679786475192
955	12.918679786464308
956	12.918679786454835
957	12.91867978644669
958	12.918679786438098
959	12.918679786428253
960	12.918679786419428
961	12.918679786410836
962	12.91867978640275
963	12.918679786395696
964	12.918679786389403
965	12.918679786382366
966	12.918679786376725
967	12.91867978637163
968	12.918679786365196
969	12.918679786360235
970	12.91867978635454
971	12.918679786348793
972	12.918679786344208
973	12.91867978633861
974	12.918679786333403
975	12.918679786326688
976	12.918679786319872
977	12.918679786312818
978	12.918679786307488
979	12.918679786302413
980	12.918679786298206
981	12.918679786292076
982	12.91867978628644
983	12.91867978628166
984	12.918679786276767
985	12.918679786272559
986	12.918679786267951
987	12.918679786264288
988	12.918679786259743
989	12.91867978625554
990	12.918679786251648
991	12.918679786246992
992	12.918679786243533
993	12.918679786239158
994	12.918679786234732
995	12.918679786231074
996	12.918679786227871
997	12.918679786225066
998	12.918679786221817
999	12.918679786218666
1000	12.918679786216494
1001	12.918679786213062
1002	12.91867978621058
1003	12.918679786207877
1004	12.918679786205331
1005	12.91867978620322
1006	12.918679786201144
1007	12.91867978619859
1008	12.918679786196867
1009	12.918679786193962
1010	12.918679786190895
1011	12.918679786189038
1012	12.918679786185976
1013	12.918679786183784
1014	12.918679786180633
1015	12.918679786178503
1016	12.918679786176465
1017	12.918679786174291
1018	12.918679786171046
1019	12.918679786168067
1020	12.918679786165528
1021	12.918679786162544
1022	12.918679786159801
1023	12.918679786157318
1024	12.918679786155092
1025	12.918679786152525
1026	12.918679786149328
1027	12.918679786146454
1028	12.91867978614425
1029	12.918679786142146
1030	12.918679786139517
1031	12.918679786137648
1032	12.91867978613514
1033	12.918679786133003
1034	12.918679786131262
1035	12.918679786129433
1036	12.918679786128187
1037	12.918679786126718
1038	12.918679786125296
1039	12.91867978612415
1040	12.918679786122977
1041	12.91867978612183
1042	12.918679786120274
1043	12.918679786118817
1044	12.918679786117643
1045	12.918679786116419
1046	12.918679786115245
1047	12.918679786113831
1048	12.918679786112893
1049	12.918679786111673
1050	12.918679786110514
1051	12.918679786108969
1052	12.918679786107674
1053	12.918679786106427
1054	12.918679786104711
1055	12.91867978610375
1056	12.918679786102082
1057	12.918679786100897
1058	12.918679786098753
1059	12.918679786096964
1060	12.918679786095352
1061	12.918679786093668
1062	12.918679786092403
1063	12.9186797860905
1064	12.918679786088395
1065	12.918679786087012
1066	12.91867978608546
1067	12.918679786084423
1068	12.91867978608366
1069	12.918679786082716
1070	12.918679786082063
1071	12.918679786081265
1072	12.918679786080677
1073	12.91867978608002
1074	12.918679786079243
1075	12.918679786078778
1076	12.918679786078197
1077	12.918679786077712
1078	12.918679786077131
1079	12.918679786076577
1080	12.918679786075929
1081	12.918679786075252
1082	12.918679786074769
1083	12.918679786074357
1084	12.91867978607389
1085	12.918679786073506
1086	12.918679786073053
1087	12.918679786072707
1088	12.918679786072333
1089	12.918679786072026
1090	12.918679786071774
1091	12.91867978607155
1092	12.918679786071236
1093	12.918679786071019
1094	12.918679786070767
1095	12.91867978607055
1096	12.918679786070305
1097	12.918679786069982
1098	12.91867978606976
1099	12.918679786069463
1100	12.918679786069236
1101	12.918679786068948
1102	12.918679786068695
1103	12.918679786068349
1104	12.918679786068067
1105	12.918679786067688
1106	12.918679786067344
1107	12.918679786067042
1108	12.918679786066752
1109	12.918679786066544
1110	12.91867978606624
1111	12.918679786065884
1112	12.918679786065582
1113	12.918679786065347
1114	12.918679786065054
1115	12.918679786064834
1116	12.918679786064564
1117	12.91867978606433
1118	12.918679786064077
1119	12.918679786063873
1120	12.91867978606362
1121	12.918679786063384
1122	12.918679786063175
1123	12.918679786062993
1124	12.918679786062794
1125	12.918679786062635
1126	12.918679786062476
1127	12.918679786062315
1128	12.918679786062144
1129	12.918679786062018
1130	12.918679786061888
1131	12.91867978606171
1132	12.918679786061578
1133	12.918679786061427
1134	12.918679786061292
1135	12.918679786061116
1136	12.918679786060956
1137	12.918679786060801
1138	12.918679786060654
1139	12.918679786060535
1140	12.918679786060409
1141	12.918679786060295
1142	12.91867978606017
1143	12.918679786060084
1144	12.918679786059984
1145	12.918679786059894
1146	12.918679786059775
1147	12.918679786059695
1148	12.918679786059615
1149	12.918679786059515
1150	12.918679786059439
1151	12.918679786059364
1152	12.91867978605927
1153	12.918679786059187
1154	12.918679786059093
1155	12.91867978605902
1156	12.918679786058966
1157	12.918679786058913
1158	12.918679786058869
1159	12.918679786058817
1160	12.918679786058773
1161	12.918679786058735
1162	12.918679786058677
1163	12.918679786058634
1164	12.918679786058581
1165	12.918679786058537
1166	12.918679786058469
1167	12.918679786058416
1168	12.918679786058362
1169	12.918679786058302
1170	12.918679786058252
1171	12.918679786058208
1172	12.918679786058162
1173	12.918679786058124
1174	12.918679786058089
1175	12.918679786058068
1176	12.918679786058025
1177	12.918679786058004
1178	12.91867978605797
1179	12.918679786057943
1180	12.918679786057904
1181	12.918679786057869
1182	12.918679786057826
1183	12.918679786057792
1184	12.918679786057758
1185	12.918679786057732
1186	12.918679786057698
1187	12.918679786057673
1188	12.91867978605765
1189	12.918679786057622
1190	12.918679786057602
1191	12.918679786057586
1192	12.918679786057567
1193	12.918679786057547
1194	12.918679786057535
1195	12.918679786057522
1196	12.91867978605751
1197	12.918679786057492
1198	12.91867978605748
1199	12.91867978605747
1200	12.918679786057456
1201	12.918679786057448
1202	12.918679786057437
1203	12.91867978605743
1204	12.918679786057417
1205	12.918679786057409
1206	12.9186797860574
1207	12.918679786057393
1208	12.918679786057384
1209	12.918679786057377
1210	12.91867978605737
1211	12.918679786057366
1212	12.91867978605736
1213	12.918679786057355
1214	12.918679786057348
1215	12.918679786057343
1216	12.918679786057337
1217	12.918679786057332
1218	12.918679786057329
1219	12.918679786057321
1220	12.918679786057318
1221	12.91867978605731
1222	12.918679786057309
1223	12.918679786057304
1224	12.9186797860573
1225	12.918679786057293
1226	12.918679786057288
1227	12.918679786057282
1228	12.918679786057275
1229	12.91867978605727
1230	12.918679786057263
1231	12.91867978605726
1232	12.918679786057254
1233	12.918679786057252
1234	12.918679786057247
1235	12.918679786057242
1236	12.918679786057233
1237	12.918679786057229
1238	12.918679786057224
1239	12.918679786057215
1240	12.918679786057208
1241	12.9186797860572
1242	12.918679786057194
1243	12.918679786057188
1244	12.918679786057181
1245	12.918679786057178
1246	12.918679786057174
1247	12.91867978605717
1248	12.918679786057167
1249	12.918679786057163
1250	12.918679786057162
1251	12.91867978605716
1252	12.918679786057156
1253	12.918679786057156
1254	12.918679786057153
1255	12.91867978605715
1256	12.918679786057147
1257	12.918679786057147
1258	12.918679786057144
1259	12.918679786057144
1260	12.918679786057142
1261	12.91867978605714
1262	12.918679786057139
1263	12.918679786057137
1264	12.918679786057137
1265	12.918679786057133
1266	12.918679786057133
1267	12.918679786057133
1268	12.91867978605713
1269	12.91867978605713
1270	12.918679786057128
1271	12.918679786057128
1272	12.918679786057124
1273	12.918679786057123
1274	12.91867978605712
1275	12.91867978605712
1276	12.918679786057117
1277	12.918679786057117
1278	12.918679786057115
1279	12.918679786057115
1280	12.918679786057114
1281	12.918679786057112
1282	12.91867978605711
1283	12.91867978605711
1284	12.918679786057108
1285	12.918679786057107
1286	12.918679786057107
1287	12.918679786057105
1288	12.918679786057105
1289	12.918679786057105
1290	12.918679786057103
1291	12.918679786057103
1292	12.918679786057101
1293	12.9186797860571
1294	12.9186797860571
1295	12.918679786057096
1296	12.918679786057096
1297	12.918679786057096
1298	12.918679786057096
1299	12.918679786057094
1300	12.918679786057094
1301	12.918679786057094
1302	12.918679786057094
1303	12.918679786057092
1304	12.918679786057092
1305	12.91867978605709
1306	12.91867978605709
1307	12.91867978605709
1308	12.918679786057089
1309	12.918679786057089
1310	12.918679786057089
1311	12.918679786057089
1312	12.918679786057089
1313	12.918679786057087
1314	12.918679786057087
1315	12.918679786057087
1316	12.918679786057085
1317	12.918679786057085
1318	12.918679786057085
1319	12.918679786057085
1320	12.918679786057085
1321	12.918679786057085
1322	12.918679786057083
1323	12.918679786057083
1324	12.918679786057083
1325	12.918679786057083
1326	12.918679786057083
1327	12.918679786057083
1328	12.918679786057082
1329	12.918679786057082
1330	12.918679786057082
1331	12.918679786057082
1332	12.918679786057082
1333	12.91867978605708
1334	12.91867978605708
1335	12.91867978605708
1336	12.91867978605708
1337	12.91867978605708
1338	12.918679786057078
1339	12.918679786057078
1340	12.918679786057078
1341	12.918679786057078
1342	12.918679786057076
1343	12.918679786057076
1344	12.918679786057076
1345	12.918679786057076
1346	12.918679786057076
1347	12.918679786057076
1348	12.918679786057075
1349	12.918679786057075
1350	12.918679786057075
1351	12.918679786057075
1352	12.918679786057075
1353	12.918679786057075
1354	12.918679786057075
1355	12.918679786057075
1356	12.918679786057075
1357	12.918679786057075
1358	12.918679786057075
1359	12.918679786057075
1360	12.918679786057075
1361	12.918679786057075
1362	12.918679786057073
1363	12.918679786057073
1364	12.918679786057073
1365	12.918679786057073
1366	12.918679786057073
1367	12.918679786057073
1368	12.918679786057073
1369	12.918679786057073
1370	12.918679786057073
1371	12.918679786057073
1372	12.918679786057073
1373	12.918679786057073
1374	12.918679786057073
1375	12.918679786057073
1376	12.918679786057073
1377	12.918679786057073
1378	12.918679786057073
1379	12.918679786057073
1380	12.918679786057073
1381	12.918679786057073
1382	12.918679786057073
1383	12.918679786057073
1384	12.918679786057073
1385	12.918679786057073
1386	12.918679786057073
1387	12.918679786057073
1388	12.918679786057073
1389	12.918679786057073
1390	12.918679786057073
1391	12.918679786057073
1392	12.918679786057073
1393	12.918679786057073
1394	12.918679786057073
1395	12.918679786057073
1396	12.918679786057073
1397	12.918679786057073
1398	12.918679786057073
1399	12.918679786057073
1400	12.918679786057073
1401	12.918679786057073
1402	12.918679786057073
1403	12.918679786057073
1404	12.918679786057073
1405	12.918679786057073
1406	12.918679786057073
1407	12.918679786057073
1408	12.918679786057073
1409	12.918679786057073
1410	12.918679786057073
1411	12.918679786057073
1412	12.918679786057073
1413	12.918679786057073
1414	12.918679786057073
1415	12.918679786057073
1416	12.918679786057073
1417	12.918679786057073
1418	12.918679786057073
1419	12.918679786057073
1420	12.918679786057073
1421	12.918679786057073
1422	12.918679786057073
1423	12.918679786057073
1424	12.918679786057073
1425	12.918679786057073
1426	12.918679786057073
1427	12.918679786057073
1428	12.918679786057073
1429	12.918679786057073
1430	12.918679786057073
1431	12.918679786057073
1432	12.918679786057073
1433	12.918679786057073
1434	12.918679786057073
1435	12.918679786057073
1436	12.918679786057073
1437	12.918679786057073
1438	12.918679786057073
1439	12.918679786057073
1440	12.918679786057073
1441	12.918679786057073
1442	12.918679786057073
1443	12.918679786057073
1444	12.918679786057073
1445	12.918679786057073
1446	12.918679786057073
1447	12.918679786057073
1448	12.918679786057073
1449	12.918679786057073
1450	12.918679786057073
1451	12.918679786057073
1452	12.918679786057073
1453	12.918679786057073
1454	12.918679786057073
1455	12.918679786057073
1456	12.918679786057073
1457	12.918679786057073
1458	12.918679786057073
1459	12.918679786057073
1460	12.918679786057073
1461	12.918679786057073
1462	12.918679786057073
1463	12.918679786057073
1464	12.918679786057073
1465	12.918679786057073
1466	12.918679786057073
1467	12.918679786057073
1468	12.918679786057073
1469	12.918679786057073
1470	12.918679786057073
1471	12.918679786057073
1472	12.918679786057073
1473	12.918679786057073
1474	12.918679786057073
1475	12.918679786057073
1476	12.918679786057073
1477	12.918679786057073
1478	12.918679786057073
1479	12.918679786057073
1480	12.918679786057073
1481	12.918679786057073
1482	12.918679786057073
1483	12.918679786057073
1484	12.918679786057073
1485	12.918679786057073
1486	12.918679786057073
1487	12.918679786057073
1488	12.918679786057073
1489	12.918679786057073
1490	12.918679786057073
1491	12.918679786057073
1492	12.918679786057073
1493	12.918679786057073
1494	12.918679786057073
1495	12.918679786057073
1496	12.918679786057073
1497	12.918679786057073
1498	12.918679786057073
1499	12.918679786057073
1500	12.918679786057073
1501	12.918679786057073
1502	12.918679786057073
1503	12.918679786057073
1504	12.918679786057073
1505	12.918679786057073
1506	12.918679786057073
1507	12.918679786057073
1508	12.918679786057073
1509	12.918679786057073
1510	12.918679786057073
1511	12.918679786057073
1512	12.918679786057073
1513	12.918679786057073
1514	12.918679786057073
1515	12.918679786057073
1516	12.918679786057073
1517	12.918679786057073
1518	12.918679786057073
1519	12.918679786057073
1520	12.918679786057073
1521	12.918679786057073
1522	12.918679786057073
1523	12.918679786057073
1524	12.918679786057073
1525	12.918679786057073
1526	12.918679786057073
1527	12.918679786057073
1528	12.918679786057073
1529	12.918679786057073
1530	12.918679786057073
1531	12.918679786057073
1532	12.918679786057073
1533	12.918679786057073
1534	12.918679786057073
1535	12.918679786057073
1536	12.918679786057073
1537	12.918679786057073
1538	12.918679786057073
1539	12.918679786057073
1540	12.918679786057073
1541	12.918679786057073
1542	12.918679786057073
1543	12.918679786057073
1544	12.918679786057073
1545	12.918679786057073
1546	12.918679786057073
1547	12.918679786057073
1548	12.918679786057073
1549	12.918679786057073
1550	12.918679786057073
1551	12.918679786057073
1552	12.918679786057073
1553	12.918679786057073
1554	12.918679786057073
1555	12.918679786057073
1556	12.918679786057073
1557	12.918679786057073
1558	12.918679786057073
1559	12.918679786057073
1560	12.918679786057073
1561	12.918679786057073
1562	12.918679786057073
1563	12.918679786057073
1564	12.918679786057073
1565	12.918679786057073
1566	12.918679786057073
1567	12.918679786057073
1568	12.918679786057073
1569	12.918679786057073
1570	12.918679786057073
1571	12.918679786057073
1572	12.918679786057073
1573	12.918679786057073
1574	12.918679786057073
1575	12.918679786057073
1576	12.918679786057073
1577	12.918679786057073
1578	12.918679786057073
1579	12.918679786057073
1580	12.918679786057073
1581	12.918679786057073
1582	12.918679786057073
1583	12.918679786057073
1584	12.918679786057073
1585	12.918679786057073
1586	12.918679786057073
1587	12.918679786057073
1588	12.918679786057073
1589	12.918679786057073
1590	12.918679786057073
1591	12.918679786057073
1592	12.918679786057073
1593	12.918679786057073
1594	12.918679786057073
1595	12.918679786057073
1596	12.918679786057073
1597	12.918679786057073
1598	12.918679786057073
1599	12.918679786057073
1600	12.918679786057073
1601	12.918679786057073
1602	12.918679786057073
1603	12.918679786057073
1604	12.918679786057073
1605	12.918679786057073
1606	12.918679786057073
1607	12.918679786057073
1608	12.918679786057073
1609	12.918679786057073
1610	12.918679786057073
1611	12.918679786057073
1612	12.918679786057073
1613	12.918679786057073
1614	12.918679786057073
1615	12.918679786057073
1616	12.918679786057073
1617	12.918679786057073
1618	12.918679786057073
1619	12.918679786057073
1620	12.918679786057073
1621	12.918679786057073
1622	12.918679786057073
1623	12.918679786057073
1624	12.918679786057073
1625	12.918679786057073
1626	12.918679786057073
1627	12.918679786057073
1628	12.918679786057073
1629	12.918679786057073
1630	12.918679786057073
1631	12.918679786057073
1632	12.918679786057073
1633	12.918679786057073
1634	12.918679786057073
1635	12.918679786057073
1636	12.918679786057073
1637	12.918679786057073
1638	12.918679786057073
1639	12.918679786057073
1640	12.918679786057073
1641	12.918679786057073
1642	12.918679786057073
1643	12.918679786057073
1644	12.918679786057073
1645	12.918679786057073
1646	12.918679786057073
1647	12.918679786057073
1648	12.918679786057073
1649	12.918679786057073
1650	12.918679786057073
1651	12.918679786057073
1652	12.918679786057073
1653	12.918679786057073
1654	12.918679786057073
1655	12.918679786057073
1656	12.918679786057073
1657	12.918679786057073
1658	12.918679786057073
1659	12.918679786057073
1660	12.918679786057073
1661	12.918679786057073
1662	12.918679786057073
1663	12.918679786057073
1664	12.918679786057073
1665	12.918679786057073
1666	12.918679786057073
1667	12.918679786057073
1668	12.918679786057073
1669	12.918679786057073
1670	12.918679786057073
1671	12.918679786057073
1672	12.918679786057073
1673	12.918679786057073
1674	12.918679786057073
1675	12.918679786057073
1676	12.918679786057073
1677	12.918679786057073
1678	12.918679786057073
1679	12.918679786057073
1680	12.918679786057073
1681	12.918679786057073
1682	12.918679786057073
1683	12.918679786057073
1684	12.918679786057073
1685	12.918679786057073
1686	12.918679786057073
1687	12.918679786057073
1688	12.918679786057073
1689	12.918679786057073
1690	12.918679786057073
1691	12.918679786057073
1692	12.918679786057073
1693	12.918679786057073
1694	12.918679786057073
1695	12.918679786057073
1696	12.918679786057073
1697	12.918679786057073
1698	12.918679786057073
1699	12.918679786057073
1700	12.918679786057073
1701	12.918679786057073
1702	12.918679786057073
1703	12.918679786057073
1704	12.918679786057073
1705	12.918679786057073
1706	12.918679786057073
1707	12.918679786057073
1708	12.918679786057073
1709	12.918679786057073
1710	12.918679786057073
1711	12.918679786057073
1712	12.918679786057073
1713	12.918679786057073
1714	12.918679786057073
1715	12.918679786057073
1716	12.918679786057073
1717	12.918679786057073
1718	12.918679786057073
1719	12.918679786057073
1720	12.918679786057073
1721	12.918679786057073
1722	12.918679786057073
1723	12.918679786057073
1724	12.918679786057073
1725	12.918679786057073
1726	12.918679786057073
1727	12.918679786057073
1728	12.918679786057073
1729	12.918679786057073
1730	12.918679786057073
1731	12.918679786057073
1732	12.918679786057073
1733	12.918679786057073
1734	12.918679786057073
1735	12.918679786057073
1736	12.918679786057073
1737	12.918679786057073
1738	12.918679786057073
1739	12.918679786057073
1740	12.918679786057073
1741	12.918679786057073
1742	12.918679786057073
1743	12.918679786057073
1744	12.918679786057073
1745	12.918679786057073
1746	12.918679786057073
1747	12.918679786057073
1748	12.918679786057073
1749	12.918679786057073
1750	12.918679786057073
1751	12.918679786057073
1752	12.918679786057073
1753	12.918679786057073
1754	12.918679786057073
1755	12.918679786057073
1756	12.918679786057073
1757	12.918679786057073
1758	12.918679786057073
1759	12.918679786057073
1760	12.918679786057073
1761	12.918679786057073
1762	12.918679786057073
1763	12.918679786057073
1764	12.918679786057073
1765	12.918679786057073
1766	12.918679786057073
1767	12.918679786057073
1768	12.918679786057073
1769	12.918679786057073
1770	12.918679786057073
1771	12.918679786057073
1772	12.918679786057073
1773	12.918679786057073
1774	12.918679786057073
1775	12.918679786057073
1776	12.918679786057073
1777	12.918679786057073
1778	12.918679786057073
1779	12.918679786057073
1780	12.918679786057073
1781	12.918679786057073
1782	12.918679786057073
1783	12.918679786057073
1784	12.918679786057073
1785	12.918679786057073
1786	12.918679786057073
1787	12.918679786057073
1788	12.918679786057073
1789	12.918679786057073
1790	12.918679786057073
1791	12.918679786057073
1792	12.918679786057073
1793	12.918679786057073
1794	12.918679786057073
1795	12.918679786057073
1796	12.918679786057073
1797	12.918679786057073
1798	12.918679786057073
1799	12.918679786057073
1800	12.918679786057073
1801	12.918679786057073
1802	12.918679786057073
1803	12.918679786057073
1804	12.918679786057073
1805	12.918679786057073
1806	12.918679786057073
1807	12.918679786057073
1808	12.918679786057073
1809	12.918679786057073
1810	12.918679786057073
1811	12.918679786057073
1812	12.918679786057073
1813	12.918679786057073
1814	12.918679786057073
1815	12.918679786057073
1816	12.918679786057073
1817	12.918679786057073
1818	12.918679786057073
1819	12.918679786057073
1820	12.918679786057073
1821	12.918679786057073
1822	12.918679786057073
1823	12.918679786057073
1824	12.918679786057073
1825	12.918679786057073
1826	12.918679786057073
1827	12.918679786057073
1828	12.918679786057073
1829	12.918679786057073
1830	12.918679786057073
1831	12.918679786057073
1832	12.918679786057073
1833	12.918679786057073
1834	12.918679786057073
1835	12.918679786057073
1836	12.918679786057073
1837	12.918679786057073
1838	12.918679786057073
1839	12.918679786057073
1840	12.918679786057073
1841	12.918679786057073
1842	12.918679786057073
1843	12.918679786057073
1844	12.918679786057073
1845	12.918679786057073
1846	12.918679786057073
1847	12.918679786057073
1848	12.918679786057073
1849	12.918679786057073
1850	12.918679786057073
1851	12.918679786057073
1852	12.918679786057073
1853	12.918679786057073
1854	12.918679786057073
1855	12.918679786057073
1856	12.918679786057073
1857	12.918679786057073
1858	12.918679786057073
1859	12.918679786057073
1860	12.918679786057073
1861	12.918679786057073
1862	12.918679786057073
1863	12.918679786057073
1864	12.918679786057073
1865	12.918679786057073
1866	12.918679786057073
1867	12.918679786057073
1868	12.918679786057073
1869	12.918679786057073
1870	12.918679786057073
1871	12.918679786057073
1872	12.918679786057073
1873	12.918679786057073
1874	12.918679786057073
1875	12.918679786057073
1876	12.918679786057073
1877	12.918679786057073
1878	12.918679786057073
1879	12.918679786057073
1880	12.918679786057073
1881	12.918679786057073
1882	12.918679786057073
1883	12.918679786057073
1884	12.918679786057073
1885	12.918679786057073
1886	12.918679786057073
1887	12.918679786057073
1888	12.918679786057073
1889	12.918679786057073
1890	12.918679786057073
1891	12.918679786057073
1892	12.918679786057073
1893	12.918679786057073
1894	12.918679786057073
1895	12.918679786057073
1896	12.918679786057073
1897	12.918679786057073
1898	12.918679786057073
1899	12.918679786057073
1900	12.918679786057073
1901	12.918679786057073
1902	12.918679786057073
1903	12.918679786057073
1904	12.918679786057073
1905	12.918679786057073
1906	12.918679786057073
1907	12.918679786057073
1908	12.918679786057073
1909	12.918679786057073
1910	12.918679786057073
1911	12.918679786057073
1912	12.918679786057073
1913	12.918679786057073
1914	12.918679786057073
1915	12.918679786057073
1916	12.918679786057073
1917	12.918679786057073
1918	12.918679786057073
1919	12.918679786057073
1920	12.918679786057073
1921	12.918679786057073
1922	12.918679786057073
1923	12.918679786057073
1924	12.918679786057073
1925	12.918679786057073
1926	12.918679786057073
1927	12.918679786057073
1928	12.918679786057073
1929	12.918679786057073
1930	12.918679786057073
1931	12.918679786057073
1932	12.918679786057073
1933	12.918679786057073
1934	12.918679786057073
1935	12.918679786057073
1936	12.918679786057073
1937	12.918679786057073
1938	12.918679786057073
1939	12.918679786057073
1940	12.918679786057073
1941	12.918679786057073
1942	12.918679786057073
1943	12.918679786057073
1944	12.918679786057073
1945	12.918679786057073
1946	12.918679786057073
1947	12.918679786057073
1948	12.918679786057073
1949	12.918679786057073
1950	12.918679786057073
1951	12.918679786057073
1952	12.918679786057073
1953	12.918679786057073
1954	12.918679786057073
1955	12.918679786057073
1956	12.918679786057073
1957	12.918679786057073
1958	12.918679786057073
1959	12.918679786057073
1960	12.918679786057073
1961	12.918679786057073
1962	12.918679786057073
1963	12.918679786057073
1964	12.918679786057073
1965	12.918679786057073
1966	12.918679786057073
1967	12.918679786057073
1968	12.918679786057073
1969	12.918679786057073
1970	12.918679786057073
1971	12.918679786057073
1972	12.918679786057073
1973	12.918679786057073
1974	12.918679786057073
1975	12.918679786057073
1976	12.918679786057073
1977	12.918679786057073
1978	12.918679786057073
1979	12.918679786057073
1980	12.918679786057073
1981	12.918679786057073
1982	12.918679786057073
1983	12.918679786057073
1984	12.918679786057073
1985	12.918679786057073
1986	12.918679786057073
1987	12.918679786057073
1988	12.918679786057073
1989	12.918679786057073
1990	12.918679786057073
1991	12.918679786057073
1992	12.918679786057073
1993	12.918679786057073
1994	12.918679786057073
1995	12.918679786057073
1996	12.918679786057073
1997	12.918679786057073
1998	12.918679786057073
1999	12.918679786057073
2000	12.918679786057073
2001	12.918679786057073
2002	12.918679786057073
2003	12.918679786057073
2004	12.918679786057073
2005	12.918679786057073
2006	12.918679786057073
2007	12.918679786057073
2008	12.918679786057073
2009	12.918679786057073
2010	12.918679786057073
2011	12.918679786057073
2012	12.918679786057073
2013	12.918679786057073
2014	12.918679786057073
2015	12.918679786057073
2016	12.918679786057073
2017	12.918679786057073
2018	12.918679786057073
2019	12.918679786057073
2020	12.918679786057073
2021	12.918679786057073
2022	12.918679786057073
2023	12.918679786057073
2024	12.918679786057073
2025	12.918679786057073
2026	12.918679786057073
2027	12.918679786057073
2028	12.918679786057073
2029	12.918679786057073
2030	12.918679786057073
2031	12.918679786057073
2032	12.918679786057073
2033	12.918679786057073
2034	12.918679786057073
2035	12.918679786057073
2036	12.918679786057073
2037	12.918679786057073
2038	12.918679786057073
2039	12.918679786057073
2040	12.918679786057073
2041	12.918679786057073
2042	12.918679786057073
2043	12.918679786057073
2044	12.918679786057073
2045	12.918679786057073
2046	12.918679786057073
2047	12.918679786057073
2048	12.918679786057073
2049	12.918679786057073
2050	12.918679786057073
2051	12.918679786057073
2052	12.918679786057073
2053	12.918679786057073
2054	12.918679786057073
2055	12.918679786057073
2056	12.918679786057073
2057	12.918679786057073
2058	12.918679786057073
2059	12.918679786057073
2060	12.918679786057073
2061	12.918679786057073
2062	12.918679786057073
2063	12.918679786057073
2064	12.918679786057073
2065	12.918679786057073
2066	12.918679786057073
2067	12.918679786057073
2068	12.918679786057073
2069	12.918679786057073
2070	12.918679786057073
2071	12.918679786057073
2072	12.918679786057073
2073	12.918679786057073
2074	12.918679786057073
2075	12.918679786057073
2076	12.918679786057073
2077	12.918679786057073
2078	12.918679786057073
2079	12.918679786057073
2080	12.918679786057073
2081	12.918679786057073
2082	12.918679786057073
2083	12.918679786057073
2084	12.918679786057073
2085	12.918679786057073
2086	12.918679786057073
2087	12.918679786057073
2088	12.918679786057073
2089	12.918679786057073
2090	12.918679786057073
2091	12.918679786057073
2092	12.918679786057073
2093	12.918679786057073
2094	12.918679786057073
2095	12.918679786057073
2096	12.918679786057073
2097	12.918679786057073
2098	12.918679786057073
2099	12.918679786057073
2100	12.918679786057073
2101	12.918679786057073
2102	12.918679786057073
2103	12.918679786057073
2104	12.918679786057073
2105	12.918679786057073
2106	12.918679786057073
2107	12.918679786057073
2108	12.918679786057073
2109	12.918679786057073
2110	12.918679786057073
2111	12.918679786057073
2112	12.918679786057073
2113	12.918679786057073
2114	12.918679786057073
2115	12.918679786057073
2116	12.918679786057073
2117	12.918679786057073
2118	12.918679786057073
2119	12.918679786057073
2120	12.918679786057073
2121	12.918679786057073
2122	12.918679786057073
2123	12.918679786057073
2124	12.918679786057073
2125	12.918679786057073
2126	12.918679786057073
2127	12.918679786057073
2128	12.918679786057073
2129	12.918679786057073
2130	12.918679786057073
2131	12.918679786057073
2132	12.918679786057073
2133	12.918679786057073
2134	12.918679786057073
2135	12.918679786057073
2136	12.918679786057073
2137	12.918679786057073
2138	12.918679786057073
2139	12.918679786057073
2140	12.918679786057073
2141	12.918679786057073
2142	12.918679786057073
2143	12.918679786057073
2144	12.918679786057073
2145	12.918679786057073
2146	12.918679786057073
2147	12.918679786057073
2148	12.918679786057073
2149	12.918679786057073
2150	12.918679786057073
2151	12.918679786057073
2152	12.918679786057073
2153	12.918679786057073
2154	12.918679786057073
2155	12.918679786057073
2156	12.918679786057073
2157	12.918679786057073
2158	12.918679786057073
2159	12.918679786057073
2160	12.918679786057073
2161	12.918679786057073
2162	12.918679786057073
2163	12.918679786057073
2164	12.918679786057073
2165	12.918679786057073
2166	12.918679786057073
2167	12.918679786057073
2168	12.918679786057073
2169	12.918679786057073
2170	12.918679786057073
2171	12.918679786057073
2172	12.918679786057073
2173	12.918679786057073
2174	12.918679786057073
2175	12.918679786057073
2176	12.918679786057073
2177	12.918679786057073
2178	12.918679786057073
2179	12.918679786057073
2180	12.918679786057073
2181	12.918679786057073
2182	12.918679786057073
2183	12.918679786057073
2184	12.918679786057073
2185	12.918679786057073
2186	12.918679786057073
2187	12.918679786057073
2188	12.918679786057073
2189	12.918679786057073
2190	12.918679786057073
2191	12.918679786057073
2192	12.918679786057073
2193	12.918679786057073
2194	12.918679786057073
2195	12.918679786057073
2196	12.918679786057073
2197	12.918679786057073
2198	12.918679786057073
2199	12.918679786057073
2200	12.918679786057073
2201	12.918679786057073
2202	12.918679786057073
2203	12.918679786057073
2204	12.918679786057073
2205	12.918679786057073
2206	12.918679786057073
2207	12.918679786057073
2208	12.918679786057073
2209	12.918679786057073
2210	12.918679786057073
2211	12.918679786057073
2212	12.918679786057073
2213	12.918679786057073
2214	12.918679786057073
2215	12.918679786057073
2216	12.918679786057073
2217	12.918679786057073
2218	12.918679786057073
2219	12.918679786057073
2220	12.918679786057073
2221	12.918679786057073
2222	12.918679786057073
2223	12.918679786057073
2224	12.918679786057073
2225	12.918679786057073
2226	12.918679786057073
2227	12.918679786057073
2228	12.918679786057073
2229	12.918679786057073
2230	12.918679786057073
2231	12.918679786057073
2232	12.918679786057073
2233	12.918679786057073
2234	12.918679786057073
2235	12.918679786057073
2236	12.918679786057073
2237	12.918679786057073
2238	12.918679786057073
2239	12.918679786057073
2240	12.918679786057073
2241	12.918679786057073
2242	12.918679786057073
2243	12.918679786057073
2244	12.918679786057073
2245	12.918679786057073
2246	12.918679786057073
2247	12.918679786057073
2248	12.918679786057073
2249	12.918679786057073
2250	12.918679786057073
2251	12.918679786057073
2252	12.918679786057073
2253	12.918679786057073
2254	12.918679786057073
2255	12.918679786057073
2256	12.918679786057073
2257	12.918679786057073
2258	12.918679786057073
2259	12.918679786057073
2260	12.918679786057073
2261	12.918679786057073
2262	12.918679786057073
2263	12.918679786057073
2264	12.918679786057073
2265	12.918679786057073
2266	12.918679786057073
2267	12.918679786057073
2268	12.918679786057073
2269	12.918679786057073
2270	12.918679786057073
2271	12.918679786057073
2272	12.918679786057073
2273	12.918679786057073
2274	12.918679786057073
2275	12.918679786057073
2276	12.918679786057073
2277	12.918679786057073
2278	12.918679786057073
2279	12.918679786057073
2280	12.918679786057073
2281	12.918679786057073
2282	12.918679786057073
2283	12.918679786057073
2284	12.918679786057073
2285	12.918679786057073
2286	12.918679786057073
2287	12.918679786057073
2288	12.918679786057073
2289	12.918679786057073
2290	12.918679786057073
2291	12.918679786057073
2292	12.918679786057073
2293	12.918679786057073
2294	12.918679786057073
2295	12.918679786057073
2296	12.918679786057073
2297	12.918679786057073
2298	12.918679786057073
2299	12.918679786057073
2300	12.918679786057073
2301	12.918679786057073
2302	12.918679786057073
2303	12.918679786057073
2304	12.918679786057073
2305	12.918679786057073
2306	12.918679786057073
2307	12.918679786057073
2308	12.918679786057073
2309	12.918679786057073
2310	12.918679786057073
2311	12.918679786057073
2312	12.918679786057073
2313	12.918679786057073
2314	12.918679786057073
2315	12.918679786057073
2316	12.918679786057073
2317	12.918679786057073
2318	12.918679786057073
2319	12.918679786057073
2320	12.918679786057073
2321	12.918679786057073
2322	12.918679786057073
2323	12.918679786057073
2324	12.918679786057073
2325	12.918679786057073
2326	12.918679786057073
2327	12.918679786057073
2328	12.918679786057073
2329	12.918679786057073
2330	12.918679786057073
2331	12.918679786057073
2332	12.918679786057073
2333	12.918679786057073
2334	12.918679786057073
2335	12.918679786057073
2336	12.918679786057073
2337	12.918679786057073
2338	12.918679786057073
2339	12.918679786057073
2340	12.918679786057073
2341	12.918679786057073
2342	12.918679786057073
2343	12.918679786057073
2344	12.918679786057073
2345	12.918679786057073
2346	12.918679786057073
2347	12.918679786057073
2348	12.918679786057073
2349	12.918679786057073
2350	12.918679786057073
2351	12.918679786057073
2352	12.918679786057073
2353	12.918679786057073
2354	12.918679786057073
2355	12.918679786057073
2356	12.918679786057073
2357	12.918679786057073
2358	12.918679786057073
2359	12.918679786057073
2360	12.918679786057073
2361	12.918679786057073
2362	12.918679786057073
2363	12.918679786057073
2364	12.918679786057073
2365	12.918679786057073
2366	12.918679786057073
2367	12.918679786057073
2368	12.918679786057073
2369	12.918679786057073
2370	12.918679786057073
2371	12.918679786057073
2372	12.918679786057073
2373	12.918679786057073
2374	12.918679786057073
2375	12.918679786057073
2376	12.918679786057073
2377	12.918679786057073
2378	12.918679786057073
2379	12.918679786057073
2380	12.918679786057073
2381	12.918679786057073
2382	12.918679786057073
2383	12.918679786057073
2384	12.918679786057073
2385	12.918679786057073
2386	12.918679786057073
2387	12.918679786057073
2388	12.918679786057073
2389	12.918679786057073
2390	12.918679786057073
2391	12.918679786057073
2392	12.918679786057073
2393	12.918679786057073
2394	12.918679786057073
2395	12.918679786057073
2396	12.918679786057073
2397	12.918679786057073
2398	12.918679786057073
2399	12.918679786057073
2400	12.918679786057073
2401	12.918679786057073
2402	12.918679786057073
2403	12.918679786057073
2404	12.918679786057073
2405	12.918679786057073
2406	12.918679786057073
2407	12.918679786057073
2408	12.918679786057073
2409	12.918679786057073
2410	12.918679786057073
2411	12.918679786057073
2412	12.918679786057073
2413	12.918679786057073
2414	12.918679786057073
2415	12.918679786057073
2416	12.918679786057073
2417	12.918679786057073
2418	12.918679786057073
2419	12.918679786057073
2420	12.918679786057073
2421	12.918679786057073
2422	12.918679786057073
2423	12.918679786057073
2424	12.918679786057073
2425	12.918679786057073
2426	12.918679786057073
2427	12.918679786057073
2428	12.918679786057073
2429	12.918679786057073
2430	12.918679786057073
2431	12.918679786057073
2432	12.918679786057073
2433	12.918679786057073
2434	12.918679786057073
2435	12.918679786057073
2436	12.918679786057073
2437	12.918679786057073
2438	12.918679786057073
2439	12.918679786057073
2440	12.918679786057073
2441	12.918679786057073
2442	12.918679786057073
2443	12.918679786057073
2444	12.918679786057073
2445	12.918679786057073
2446	12.918679786057073
2447	12.918679786057073
2448	12.918679786057073
2449	12.918679786057073
2450	12.918679786057073
2451	12.918679786057073
2452	12.918679786057073
2453	12.918679786057073
2454	12.918679786057073
2455	12.918679786057073
2456	12.918679786057073
2457	12.918679786057073
2458	12.918679786057073
2459	12.918679786057073
2460	12.918679786057073
2461	12.918679786057073
2462	12.918679786057073
2463	12.918679786057073
2464	12.918679786057073
2465	12.918679786057073
2466	12.918679786057073
2467	12.918679786057073
2468	12.918679786057073
2469	12.918679786057073
2470	12.918679786057073
2471	12.918679786057073
2472	12.918679786057073
2473	12.918679786057073
2474	12.918679786057073
2475	12.918679786057073
2476	12.918679786057073
2477	12.918679786057073
2478	12.918679786057073
2479	12.918679786057073
2480	12.918679786057073
2481	12.918679786057073
2482	12.918679786057073
2483	12.918679786057073
2484	12.918679786057073
2485	12.918679786057073
2486	12.918679786057073
2487	12.918679786057073
2488	12.918679786057073
2489	12.918679786057073
2490	12.918679786057073
2491	12.918679786057073
2492	12.918679786057073
2493	12.918679786057073
2494	12.918679786057073
2495	12.918679786057073
2496	12.918679786057073
2497	12.918679786057073
2498	12.918679786057073
2499	12.918679786057073
2500	12.918679786057073
2501	12.918679786057073
2502	12.918679786057073
2503	12.918679786057073
2504	12.918679786057073
2505	12.918679786057073
2506	12.918679786057073
2507	12.918679786057073
2508	12.918679786057073
2509	12.918679786057073
2510	12.918679786057073
2511	12.918679786057073
2512	12.918679786057073
2513	12.918679786057073
2514	12.918679786057073
2515	12.918679786057073
2516	12.918679786057073
2517	12.918679786057073
2518	12.918679786057073
2519	12.918679786057073
2520	12.918679786057073
2521	12.918679786057073
2522	12.918679786057073
2523	12.918679786057073
2524	12.918679786057073
2525	12.918679786057073
2526	12.918679786057073
2527	12.918679786057073
2528	12.918679786057073
2529	12.918679786057073
2530	12.918679786057073
2531	12.918679786057073
2532	12.918679786057073
2533	12.918679786057073
2534	12.918679786057073
2535	12.918679786057073
2536	12.918679786057073
2537	12.918679786057073
2538	12.918679786057073
2539	12.918679786057073
2540	12.918679786057073
2541	12.918679786057073
2542	12.918679786057073
2543	12.918679786057073
2544	12.918679786057073
2545	12.918679786057073
2546	12.918679786057073
2547	12.918679786057073
2548	12.918679786057073
2549	12.918679786057073
2550	12.918679786057073
2551	12.918679786057073
2552	12.918679786057073
2553	12.918679786057073
2554	12.918679786057073
2555	12.918679786057073
2556	12.918679786057073
2557	12.918679786057073
2558	12.918679786057073
2559	12.918679786057073
2560	12.918679786057073
2561	12.918679786057073
2562	12.918679786057073
2563	12.918679786057073
2564	12.918679786057073
2565	12.918679786057073
2566	12.918679786057073
2567	12.918679786057073
2568	12.918679786057073
2569	12.918679786057073
2570	12.918679786057073
2571	12.918679786057073
2572	12.918679786057073
2573	12.918679786057073
2574	12.918679786057073
2575	12.918679786057073
2576	12.918679786057073
2577	12.918679786057073
2578	12.918679786057073
2579	12.918679786057073
2580	12.918679786057073
2581	12.918679786057073
2582	12.918679786057073
2583	12.918679786057073
2584	12.918679786057073
2585	12.918679786057073
2586	12.918679786057073
2587	12.918679786057073
2588	12.918679786057073
2589	12.918679786057073
2590	12.918679786057073
2591	12.918679786057073
2592	12.918679786057073
2593	12.918679786057073
2594	12.918679786057073
2595	12.918679786057073
2596	12.918679786057073
2597	12.918679786057073
2598	12.918679786057073
2599	12.918679786057073
2600	12.918679786057073
2601	12.918679786057073
2602	12.918679786057073
2603	12.918679786057073
2604	12.918679786057073
2605	12.918679786057073
2606	12.918679786057073
2607	12.918679786057073
2608	12.918679786057073
2609	12.918679786057073
2610	12.918679786057073
2611	12.918679786057073
2612	12.918679786057073
2613	12.918679786057073
2614	12.918679786057073
2615	12.918679786057073
2616	12.918679786057073
2617	12.918679786057073
2618	12.918679786057073
2619	12.918679786057073
2620	12.918679786057073
2621	12.918679786057073
2622	12.918679786057073
2623	12.918679786057073
2624	12.918679786057073
2625	12.918679786057073
2626	12.918679786057073
2627	12.918679786057073
2628	12.918679786057073
2629	12.918679786057073
2630	12.918679786057073
2631	12.918679786057073
2632	12.918679786057073
2633	12.918679786057073
2634	12.918679786057073
2635	12.918679786057073
2636	12.918679786057073
2637	12.918679786057073
2638	12.918679786057073
2639	12.918679786057073
2640	12.918679786057073
2641	12.918679786057073
2642	12.918679786057073
2643	12.918679786057073
2644	12.918679786057073
2645	12.918679786057073
2646	12.918679786057073
2647	12.918679786057073
2648	12.918679786057073
2649	12.918679786057073
2650	12.918679786057073
2651	12.918679786057073
2652	12.918679786057073
2653	12.918679786057073
2654	12.918679786057073
2655	12.918679786057073
2656	12.918679786057073
2657	12.918679786057073
2658	12.918679786057073
2659	12.918679786057073
2660	12.918679786057073
2661	12.918679786057073
2662	12.918679786057073
2663	12.918679786057073
2664	12.918679786057073
2665	12.918679786057073
2666	12.918679786057073
2667	12.918679786057073
2668	12.918679786057073
2669	12.918679786057073
2670	12.918679786057073
2671	12.918679786057073
2672	12.918679786057073
2673	12.918679786057073
2674	12.918679786057073
2675	12.918679786057073
2676	12.918679786057073
2677	12.918679786057073
2678	12.918679786057073
2679	12.918679786057073
2680	12.918679786057073
2681	12.918679786057073
2682	12.918679786057073
2683	12.918679786057073
2684	12.918679786057073
2685	12.918679786057073
2686	12.918679786057073
2687	12.918679786057073
2688	12.918679786057073
2689	12.918679786057073
2690	12.918679786057073
2691	12.918679786057073
2692	12.918679786057073
2693	12.918679786057073
2694	12.918679786057073
2695	12.918679786057073
2696	12.918679786057073
2697	12.918679786057073
2698	12.918679786057073
2699	12.918679786057073
2700	12.918679786057073
2701	12.918679786057073
2702	12.918679786057073
2703	12.918679786057073
2704	12.918679786057073
2705	12.918679786057073
2706	12.918679786057073
2707	12.918679786057073
2708	12.918679786057073
2709	12.918679786057073
2710	12.918679786057073
2711	12.918679786057073
2712	12.918679786057073
2713	12.918679786057073
2714	12.918679786057073
2715	12.918679786057073
2716	12.918679786057073
2717	12.918679786057073
2718	12.918679786057073
2719	12.918679786057073
2720	12.918679786057073
2721	12.918679786057073
2722	12.918679786057073
2723	12.918679786057073
2724	12.918679786057073
2725	12.918679786057073
2726	12.918679786057073
2727	12.918679786057073
2728	12.918679786057073
2729	12.918679786057073
2730	12.918679786057073
2731	12.918679786057073
2732	12.918679786057073
2733	12.918679786057073
2734	12.918679786057073
2735	12.918679786057073
2736	12.918679786057073
2737	12.918679786057073
2738	12.918679786057073
2739	12.918679786057073
2740	12.918679786057073
2741	12.918679786057073
2742	12.918679786057073
2743	12.918679786057073
2744	12.918679786057073
2745	12.918679786057073
2746	12.918679786057073
2747	12.918679786057073
2748	12.918679786057073
2749	12.918679786057073
2750	12.918679786057073
2751	12.918679786057073
2752	12.918679786057073
2753	12.918679786057073
2754	12.918679786057073
2755	12.918679786057073
2756	12.918679786057073
2757	12.918679786057073
2758	12.918679786057073
2759	12.918679786057073
2760	12.918679786057073
2761	12.918679786057073
2762	12.918679786057073
2763	12.918679786057073
2764	12.918679786057073
2765	12.918679786057073
2766	12.918679786057073
2767	12.918679786057073
2768	12.918679786057073
2769	12.918679786057073
2770	12.918679786057073
2771	12.918679786057073
2772	12.918679786057073
2773	12.918679786057073
2774	12.918679786057073
2775	12.918679786057073
2776	12.918679786057073
2777	12.918679786057073
2778	12.918679786057073
2779	12.918679786057073
2780	12.918679786057073
2781	12.918679786057073
2782	12.918679786057073
2783	12.918679786057073
2784	12.918679786057073
2785	12.918679786057073
2786	12.918679786057073
2787	12.918679786057073
2788	12.918679786057073
2789	12.918679786057073
2790	12.918679786057073
2791	12.918679786057073
2792	12.918679786057073
2793	12.918679786057073
2794	12.918679786057073
2795	12.918679786057073
2796	12.918679786057073
2797	12.918679786057073
2798	12.918679786057073
2799	12.918679786057073
2800	12.918679786057073
2801	12.918679786057073
2802	12.918679786057073
2803	12.918679786057073
2804	12.918679786057073
2805	12.918679786057073
2806	12.918679786057073
2807	12.918679786057073
2808	12.918679786057073
2809	12.918679786057073
2810	12.918679786057073
2811	12.918679786057073
2812	12.918679786057073
2813	12.918679786057073
2814	12.918679786057073
2815	12.918679786057073
2816	12.918679786057073
2817	12.918679786057073
2818	12.918679786057073
2819	12.918679786057073
2820	12.918679786057073
2821	12.918679786057073
2822	12.918679786057073
2823	12.918679786057073
2824	12.918679786057073
2825	12.918679786057073
2826	12.918679786057073
2827	12.918679786057073
2828	12.918679786057073
2829	12.918679786057073
2830	12.918679786057073
2831	12.918679786057073
2832	12.918679786057073
2833	12.918679786057073
2834	12.918679786057073
2835	12.918679786057073
2836	12.918679786057073
2837	12.918679786057073
2838	12.918679786057073
2839	12.918679786057073
2840	12.918679786057073
2841	12.918679786057073
2842	12.918679786057073
2843	12.918679786057073
2844	12.918679786057073
2845	12.918679786057073
2846	12.918679786057073
2847	12.918679786057073
2848	12.918679786057073
2849	12.918679786057073
2850	12.918679786057073
2851	12.918679786057073
2852	12.918679786057073
2853	12.918679786057073
2854	12.918679786057073
2855	12.918679786057073
2856	12.918679786057073
2857	12.918679786057073
2858	12.918679786057073
2859	12.918679786057073
2860	12.918679786057073
2861	12.918679786057073
2862	12.918679786057073
2863	12.918679786057073
2864	12.918679786057073
2865	12.918679786057073
2866	12.918679786057073
2867	12.918679786057073
2868	12.918679786057073
2869	12.918679786057073
2870	12.918679786057073
2871	12.918679786057073
2872	12.918679786057073
2873	12.918679786057073
2874	12.918679786057073
2875	12.918679786057073
2876	12.918679786057073
2877	12.918679786057073
2878	12.918679786057073
2879	12.918679786057073
2880	12.918679786057073
2881	12.918679786057073
2882	12.918679786057073
2883	12.918679786057073
2884	12.918679786057073
2885	12.918679786057073
2886	12.918679786057073
2887	12.918679786057073
2888	12.918679786057073
2889	12.918679786057073
2890	12.918679786057073
2891	12.918679786057073
2892	12.918679786057073
2893	12.918679786057073
2894	12.918679786057073
2895	12.918679786057073
2896	12.918679786057073
2897	12.918679786057073
2898	12.918679786057073
2899	12.918679786057073
2900	12.918679786057073
2901	12.918679786057073
2902	12.918679786057073
2903	12.918679786057073
2904	12.918679786057073
2905	12.918679786057073
2906	12.918679786057073
2907	12.918679786057073
2908	12.918679786057073
2909	12.918679786057073
2910	12.918679786057073
2911	12.918679786057073
2912	12.918679786057073
2913	12.918679786057073
2914	12.918679786057073
2915	12.918679786057073
2916	12.918679786057073
2917	12.918679786057073
2918	12.918679786057073
2919	12.918679786057073
2920	12.918679786057073
2921	12.918679786057073
2922	12.918679786057073
2923	12.918679786057073
2924	12.918679786057073
2925	12.918679786057073
2926	12.918679786057073
2927	12.918679786057073
2928	12.918679786057073
2929	12.918679786057073
2930	12.918679786057073
2931	12.918679786057073
2932	12.918679786057073
2933	12.918679786057073
2934	12.918679786057073
2935	12.918679786057073
2936	12.918679786057073
2937	12.918679786057073
2938	12.918679786057073
2939	12.918679786057073
2940	12.918679786057073
2941	12.918679786057073
2942	12.918679786057073
2943	12.918679786057073
2944	12.918679786057073
2945	12.918679786057073
2946	12.918679786057073
2947	12.918679786057073
2948	12.918679786057073
2949	12.918679786057073
2950	12.918679786057073
2951	12.918679786057073
2952	12.918679786057073
2953	12.918679786057073
2954	12.918679786057073
2955	12.918679786057073
2956	12.918679786057073
2957	12.918679786057073
2958	12.918679786057073
2959	12.918679786057073
2960	12.918679786057073
2961	12.918679786057073
2962	12.918679786057073
2963	12.918679786057073
2964	12.918679786057073
2965	12.918679786057073
2966	12.918679786057073
2967	12.918679786057073
2968	12.918679786057073
2969	12.918679786057073
2970	12.918679786057073
2971	12.918679786057073
2972	12.918679786057073
2973	12.918679786057073
2974	12.918679786057073
2975	12.918679786057073
2976	12.918679786057073
2977	12.918679786057073
2978	12.918679786057073
2979	12.918679786057073
2980	12.918679786057073
2981	12.918679786057073
2982	12.918679786057073
2983	12.918679786057073
2984	12.918679786057073
2985	12.918679786057073
2986	12.918679786057073
2987	12.918679786057073
2988	12.918679786057073
2989	12.918679786057073
2990	12.918679786057073
2991	12.918679786057073
2992	12.918679786057073
2993	12.918679786057073
2994	12.918679786057073
2995	12.918679786057073
2996	12.918679786057073
2997	12.918679786057073
2998	12.918679786057073
2999	12.918679786057073
3000	12.918679786057073
