1	86.14236626028382
2	35.09729922410568
3	26.969268841615346
4	12.134394635066382
5	8.383723190555083
6	5.800131190108006
7	4.076090478774965
8	3.9372609183385747
9	3.145946162625096
10	2.6489358263132567
11	2.5711600454980585
12	2.0154717648091753
13	1.826346087510309
14	1.4740500065784166
15	1.4426854853693802
16	1.2856768321015886
17	1.2818780870179318
18	0.44708584674523194
19	0.4313169202045915
20	0.35055564142287454
21	0.2781552483535251
22	0.2781552483535251
23	0.2781552483535251
24	0.2500012347156128
25	0.23094651366254942
26	0.2250949590115255
27	0.216972202508707
28	0.13917447895546012
29	0.13199821292801014
30	0.12152592802478751
31	0.0999410711963225
32	0.0999410711963225
33	0.06939130165025024
34	0.06939130165025024
35	0.05973784530265902
36	0.05746706007578271
37	0.05746706007578271
38	0.05746706007578271
39	0.05529628632878271
40	0.05494325196881828
41	0.05494325196881828
42	0.05494325196881828
43	0.04909003927714335
44	0.0470649807820451
45	0.04689836486855507
46	0.04625989572193182
47	0.046253590369362156
48	0.046253590369362156
49	0.03548718620035939
50	0.03548718620035939
51	0.03548718620035939
52	0.03320124788752335
53	0.033149666274203814
54	0.03306522738357372
55	0.03077347873822461
56	0.03077347873822461
57	0.030509264936423468
58	0.029427602321081
59	0.029427602321081
60	0.029045506187633022
61	0.02884246206413664
62	0.02831020153880429
63	0.02831020153880429
64	0.028080319079766936
65	0.028077602525930636
66	0.0280716950576133
67	0.008811038815339687
68	0.008811038815339687
69	0.007764378580747109
70	0.007728532698908817
71	0.007728532698908817
72	0.007703042036384793
73	0.0077029784280896975
74	0.0077029784280896975
75	0.007612381923886399
76	0.007612381923886399
77	0.007612381923886399
78	0.0076058833685381366
79	0.007600533637618759
80	0.007598477456806773
81	0.005874828432940409
82	0.005874828432940409
83	0.005009566997357382
84	0.004818753616055862
85	0.004818753616055862
86	0.004818753616055862
87	0.004808662420045588
88	0.004808662420045588
89	0.004798055694885692
90	0.004798055694885692
91	0.004771203030355132
92	0.003154852867069768
93	0.0021087113337928186
94	0.0021052816712218343
95	0.0021052816712218343
96	0.0015508190970363468
97	0.0015351631255380257
98	0.0015185191589069953
99	0.0015185191589069953
100	0.0015165267669122761
101	0.0015165267669122761
102	0.0015162644420907859
103	0.001338008106946538
104	7.981217593232283E-4
105	7.893007953780431E-4
106	7.893007953780431E-4
107	5.535664422563648E-4
108	5.535664422563648E-4
109	3.186932037491741E-4
110	3.186932037491741E-4
111	2.8937736311610246E-4
112	2.663319188265564E-4
113	2.6570374547601826E-4
114	2.625930107532914E-4
115	2.617930209547191E-4
116	2.522983019415719E-4
117	2.522983019415719E-4
118	2.5199393714061614E-4
119	1.8761867017284364E-4
120	1.8670091584184915E-4
121	1.8670091584184915E-4
122	1.788931523519701E-4
123	1.6761248030250188E-4
124	1.6761248030250188E-4
125	1.5246974593813433E-4
126	1.3612364209296626E-4
127	1.3527855776133307E-4
128	1.3527855776133307E-4
129	1.3527855776133307E-4
130	1.3027175515061614E-4
131	1.2854743955908194E-4
132	1.2615048458029728E-4
133	1.025328984465787E-4
134	1.023861554254936E-4
135	9.786509743581851E-5
136	9.172185687378078E-5
137	9.172185687378078E-5
138	7.351265014608555E-5
139	7.314247614768341E-5
140	7.228631344601948E-5
141	6.899423302830315E-5
142	6.823444868369164E-5
143	6.726715178621878E-5
144	5.252422014449203E-5
145	5.169966436708573E-5
146	4.9192713067338336E-5
147	4.918975730439738E-5
148	4.427906890866122E-5
149	4.2366681218258805E-5
150	4.2366681218258805E-5
151	4.2165177622940153E-5
152	4.177626715117624E-5
153	4.177626715117624E-5
154	3.844890479055685E-5
155	3.844890479055685E-5
156	3.844890479055685E-5
157	3.844890479055685E-5
158	3.843968865430778E-5
159	3.834308421301635E-5
160	3.804196289056937E-5
161	3.804196289056937E-5
162	3.30631636829948E-5
163	3.30631636829948E-5
164	2.0264706258725444E-5
165	1.2874897522868657E-5
166	1.2661888527482375E-5
167	1.2661888527482375E-5
168	8.758288879755229E-6
169	8.584163420665258E-6
170	8.377832062830197E-6
171	8.377832062830197E-6
172	8.08130764797343E-6
173	7.698540583465868E-6
174	7.698540583465868E-6
175	4.326637354259035E-6
176	4.326637354259035E-6
177	4.188350811495642E-6
178	4.187493379754663E-6
179	4.164973375223944E-6
180	4.087767268096988E-6
181	4.0852482044138055E-6
182	4.066664801386372E-6
183	3.895044310425487E-6
184	3.836117367319662E-6
185	3.82443499484374E-6
186	3.815410616470595E-6
187	3.8067549486566015E-6
188	3.79626723080578E-6
189	3.795687075073274E-6
190	3.795687075073274E-6
191	3.795687075073274E-6
192	1.6270818864753924E-6
193	1.6270818864753924E-6
194	1.5912218374273351E-6
195	1.5912218374273351E-6
196	1.5909582319117269E-6
197	1.5459405124504603E-6
198	1.5433896426283255E-6
199	1.543291417265007E-6
200	1.5418742622713962E-6
201	1.5418742622713962E-6
202	1.15683089973674E-6
203	9.826874665657411E-7
204	9.801026623068231E-7
205	9.801026623068231E-7
206	9.798136037396146E-7
207	9.722206287696517E-7
208	9.66686066452004E-7
209	9.66686066452004E-7
210	9.66686066452004E-7
211	9.66686066452004E-7
212	9.66686066452004E-7
213	9.275639758156876E-7
214	9.132911796466726E-7
215	9.132911796466726E-7
216	8.753949986465586E-7
217	8.746984049535503E-7
218	8.746984049535503E-7
219	8.740872435263276E-7
220	8.725258788042822E-7
221	8.725258788042822E-7
222	8.725258788042822E-7
223	3.9861477880807093E-7
224	3.9861477880807093E-7
225	3.4045584603521665E-7
226	3.3067423206097275E-7
227	3.306731674877675E-7
228	3.306731674877675E-7
229	2.696501947794914E-7
230	2.6959918507549635E-7
231	2.6959918507549635E-7
232	2.683503306974473E-7
233	2.683503306974473E-7
234	2.683503306974473E-7
235	2.6701500110695585E-7
236	2.502557251466905E-7
237	2.487472647543096E-7
238	2.487472647543096E-7
239	2.4328128674831517E-7
240	2.4328128674831517E-7
241	2.4327014699084573E-7
242	2.416867378894752E-7
243	2.416867378894752E-7
244	2.416867378894752E-7
245	2.416867378894752E-7
246	2.1010758083624726E-7
247	2.1010758083624726E-7
248	2.1008684160990448E-7
249	6.613887630688273E-8
250	4.783031364351922E-8
251	4.746098174422728E-8
252	4.7089600166279336E-8
253	4.695829416914457E-8
254	4.695829416914457E-8
255	4.669883032270004E-8
256	4.344250578136662E-8
257	4.3048489703631794E-8
258	4.28505964653964E-8
259	4.264381203319046E-8
260	4.096468506703302E-8
261	4.096468506703302E-8
262	4.096468506703302E-8
263	2.0624679078675558E-8
264	2.0624679078675558E-8
265	2.052472087481656E-8
266	1.7499944147411493E-8
267	1.7258994852745682E-8
268	1.604816027380241E-8
269	1.604816027380241E-8
270	1.604816027380241E-8
271	1.6047206030118944E-8
272	1.6047206030118944E-8
273	1.6047206030118944E-8
274	1.6047206030118944E-8
275	1.6038900405148836E-8
276	1.6014500291244068E-8
277	1.6014500291244068E-8
278	1.4570235348830094E-8
279	1.4425153531149234E-8
280	1.3329334189085868E-8
281	1.2843686630684597E-8
282	1.2843686630684597E-8
283	1.2843686630684597E-8
284	1.2843211453935631E-8
285	1.1722181993089262E-8
286	1.172077030680507E-8
287	1.172077030680507E-8
288	1.0269538992930796E-8
289	1.0263211228686238E-8
290	1.0261247562458336E-8
291	1.0260931145060392E-8
292	1.0067501987909504E-8
293	9.813427778928241E-9
294	9.813427778928241E-9
295	9.73993601596754E-9
296	9.620837764015357E-9
297	9.616975073307306E-9
298	9.615722757001243E-9
299	9.615722757001243E-9
300	9.608851084919403E-9
301	9.542128933119185E-9
302	8.450567918954971E-9
303	8.431052142538909E-9
304	6.930617283550424E-10
305	6.930510911953877E-10
306	6.798525776802102E-10
307	6.798043197944244E-10
308	5.482061866194115E-10
309	5.481848688278345E-10
310	5.481848688278345E-10
311	5.481848688278345E-10
312	5.160415987930555E-10
313	3.817585353336716E-10
314	3.807571981171817E-10
315	3.807571981171817E-10
316	3.802493206690534E-10
317	3.802493206690534E-10
318	3.802493206690534E-10
319	2.495629864675604E-10
320	2.495629864675604E-10
321	2.4938425643141977E-10
322	2.422030188528051E-10
323	2.3552753552170896E-10
324	2.3319578461725983E-10
325	2.3319578461725983E-10
326	2.307263708233383E-10
327	1.7916705383914274E-10
328	1.7916705383914274E-10
329	1.3869744930992303E-10
330	1.3869744930992303E-10
331	1.3853012165153256E-10
332	1.3853012165153256E-10
333	1.2812608947223706E-10
334	1.279124936239104E-10
335	1.1920097279866752E-10
336	8.555204540274015E-11
337	8.555204540274015E-11
338	8.545993998129396E-11
339	8.517800488395822E-11
340	8.517800488395822E-11
341	8.517800488395822E-11
342	8.517800488395822E-11
343	5.444079964308386E-11
344	4.209603738489326E-11
345	4.209603738489326E-11
346	2.744263668206305E-11
347	2.6012723121608223E-11
348	2.25404428600734E-11
349	2.0590893747094884E-11
350	2.0589156944354185E-11
351	2.0530139323936706E-11
352	2.0530139323936706E-11
353	1.7443993863770893E-11
354	1.7443993863770893E-11
355	1.744332668758695E-11
356	1.7383022195250964E-11
357	5.290961459710081E-12
358	5.16385304438517E-12
359	5.16385304438517E-12
360	5.1425085496307495E-12
361	5.1425085496307495E-12
362	4.879051223015777E-12
363	4.879051223015777E-12
364	4.865931503561008E-12
365	3.541865091093414E-12
366	3.4489899254839683E-12
367	3.419650568289454E-12
368	3.418983126813606E-12
369	3.418085930643981E-12
370	3.418085930643981E-12
371	3.418085930643981E-12
372	3.418085930643981E-12
373	3.418085930643981E-12
374	3.390740620022096E-12
375	2.9944574922900187E-12
376	2.8625840560782266E-12
377	2.860171213568439E-12
378	2.857569718944892E-12
379	1.844767874464873E-12
380	1.8422341356210583E-12
381	1.8374983058622827E-12
382	1.8374351008406957E-12
383	1.5544661044799134E-12
384	1.5544661044799134E-12
385	1.5543296013374752E-12
386	1.5340731608608832E-12
387	1.5327089789385351E-12
388	1.5325121653882273E-12
389	1.5325121653882273E-12
390	1.532034429182588E-12
391	1.53101112246466E-12
392	1.53101112246466E-12
393	1.5300594926822404E-12
394	1.5300594926822404E-12
395	8.322175892045164E-13
396	8.298617434648516E-13
397	8.298617434648516E-13
398	8.296476222748868E-13
399	8.126871779657597E-13
400	8.126871779657597E-13
401	8.099355219929957E-13
402	6.824762911260977E-13
403	6.824762911260977E-13
404	6.824762911260977E-13
405	6.82187827214989E-13
406	6.82187827214989E-13
407	6.821703893204619E-13
408	6.2776221705035E-13
409	6.24350431311808E-13
410	2.846034662533963E-13
411	2.830309710493008E-13
412	2.824629975399093E-13
413	2.8238804737786483E-13
414	2.823492905437524E-13
415	2.7998424247342556E-13
416	2.727784469791557E-13
417	2.727784469791557E-13
418	2.7234732789633264E-13
419	2.723386823311478E-13
420	2.723386823311478E-13
421	2.716132637745747E-13
422	9.625172708414118E-14
423	9.621148567701858E-14
424	9.621148567701858E-14
425	9.012500356673229E-14
426	9.012500356673229E-14
427	8.87686095311572E-14
428	8.87686095311572E-14
429	8.87686095311572E-14
430	8.683936235655435E-14
431	8.683213611257174E-14
432	8.683213611257174E-14
433	8.682309807764456E-14
434	8.682309807764456E-14
435	8.660316513400101E-14
436	8.659454507938277E-14
437	8.63711185738493E-14
438	8.635841936962263E-14
439	8.618955867040197E-14
440	8.540333246875806E-14
441	8.538340402425259E-14
442	8.538340402425259E-14
443	8.538340402425259E-14
444	3.369783344851411E-14
445	1.3513043790635325E-14
446	1.3513043790635325E-14
447	9.807605704215583E-15
448	9.61928125202436E-15
449	9.61928125202436E-15
450	9.61928125202436E-15
451	8.454616896111785E-15
452	8.334908142305996E-15
453	8.334908142305996E-15
454	8.333232561560841E-15
455	8.333232561560841E-15
456	8.333064225549898E-15
457	8.218194231133942E-15
458	8.218194231133942E-15
459	8.216215298532635E-15
460	8.216215298532635E-15
461	7.763568029848571E-15
462	7.763568029848571E-15
463	7.748445941261091E-15
464	7.730730077805854E-15
465	7.730730077805854E-15
466	7.708544418180497E-15
467	7.703666870815459E-15
468	7.697934285976458E-15
469	7.697923209783284E-15
470	4.96456689693289E-15
471	4.889821547543955E-15
472	4.8846149799458015E-15
473	4.87851707443604E-15
474	1.6480436569587201E-15
475	1.6480436569587201E-15
476	1.5013728362722018E-15
477	1.5013728362722018E-15
478	1.5013728362722018E-15
479	1.49549543502857E-15
480	1.4699617354638883E-15
481	1.4694655005040415E-15
482	1.4249632507225423E-15
483	1.4240864218625048E-15
484	1.4208735734364533E-15
485	5.275645034016973E-16
486	5.2751536034622E-16
487	5.2751536034622E-16
488	5.272997048914198E-16
489	5.272997048914198E-16
490	4.730615053101871E-16
491	4.685791602034195E-16
492	4.685791602034195E-16
493	4.400149122212635E-16
494	4.3963497026921357E-16
495	9.069968440868805E-17
496	9.045292883163576E-17
497	7.78730862402603E-17
498	7.739890730062028E-17
499	7.304403961337737E-17
500	7.304403961337737E-17
501	7.275379828359947E-17
502	6.356675630265042E-17
503	3.924867003426015E-17
504	3.62899893579486E-17
505	3.080661223545402E-17
506	3.0802711931102716E-17
507	3.0802711931102716E-17
508	3.078174585497262E-17
509	2.1034763906729583E-17
510	2.1034763906729583E-17
511	2.10192314592646E-17
512	2.055558618957421E-17
513	1.6937274547178274E-17
514	1.4155394276393014E-17
515	1.4155394276393014E-17
516	3.602950519623111E-18
517	3.344573661213522E-18
518	2.9029849377756786E-18
519	2.879426661516729E-18
520	2.879426661516729E-18
521	2.777524024073302E-18
522	2.6463214579891965E-18
523	2.6463214579891965E-18
524	2.612623490053624E-18
525	2.5029115367259797E-18
526	2.3067093237918944E-18
527	2.3067093237918944E-18
528	2.302357935484259E-18
529	2.302357935484259E-18
530	2.302357935484259E-18
531	2.073971721500788E-18
532	2.073971721500788E-18
533	1.923795816236573E-18
534	1.923795816236573E-18
535	1.6284527237751371E-18
536	1.625655670909496E-18
537	1.6175692347273537E-18
538	1.611762365232972E-18
539	1.318561357689503E-18
540	1.2621626509897799E-18
541	1.2621626509897799E-18
542	1.2604058956191761E-18
543	1.2604058956191761E-18
544	1.0772028360582942E-18
545	1.0738241516800997E-18
546	1.0496793484776325E-18
547	1.0475316645545075E-18
548	1.046942948140194E-18
549	8.16010725602458E-19
550	8.159699908447963E-19
551	8.050179709005779E-19
552	8.050179709005779E-19
553	8.03918958819437E-19
554	8.03918958819437E-19
555	8.03918958819437E-19
556	7.022340907960301E-19
557	7.022340907960301E-19
558	7.022340907960301E-19
559	7.010500043673803E-19
560	6.068957134148803E-19
561	6.051226569706635E-19
562	6.051226569706635E-19
563	6.051226569706635E-19
564	6.048437916988083E-19
565	6.018867391322236E-19
566	6.00698461618113E-19
567	5.754984246534726E-19
568	5.708540666206361E-19
569	5.428881692330359E-19
570	4.0399533153308087E-19
571	3.5167514990254404E-19
572	3.507812812642864E-19
573	3.360201860945045E-19
574	3.360201860945045E-19
575	3.3541370860941393E-19
576	3.3541370860941393E-19
577	3.3541370860941393E-19
578	3.3541084659680624E-19
579	3.3206991034888626E-19
580	3.320116206214277E-19
581	3.320116206214277E-19
582	2.523993357995453E-19
583	1.946398459694473E-19
584	1.946398459694473E-19
585	1.946398459694473E-19
586	1.946398459694473E-19
587	1.8375168872050584E-19
588	9.593367375963465E-20
589	9.211328203783207E-20
590	9.211328203783207E-20
591	9.211328203783207E-20
592	8.581270496354833E-20
593	8.527278201642333E-20
594	8.525669076856976E-20
595	8.525253467066782E-20
596	7.568921228686792E-20
597	7.51415166869329E-20
598	7.498055741632373E-20
599	6.817792035020517E-20
600	6.676918167120444E-20
601	6.676603531526118E-20
602	6.091606821654734E-20
603	6.091606821654734E-20
604	6.091606821654734E-20
605	6.091606821654734E-20
606	6.091606821654734E-20
607	6.091606821654734E-20
608	6.06105904895378E-20
609	5.946328018830956E-20
610	5.94289128760611E-20
611	5.942103688878337E-20
612	5.942103688878337E-20
613	1.9272536752715173E-21
614	1.9272536752715173E-21
615	1.9272536752715173E-21
616	1.926865934359383E-21
617	1.9213661097241525E-21
618	1.9213024959807555E-21
619	1.919189257522526E-21
620	1.918396168322853E-21
621	1.9118059864553132E-21
622	1.9111462210595098E-21
623	1.9102998932150653E-21
624	1.648066814210369E-21
625	1.6479668497564593E-21
626	1.6479668497564593E-21
627	1.6479668497564593E-21
628	1.6107681301396263E-21
629	9.815554560349517E-22
630	9.815554560349517E-22
631	9.81081041397439E-22
632	9.80410711576393E-22
633	9.203070710414675E-22
634	9.202678047010492E-22
635	9.172520715019234E-22
636	9.171197889944487E-22
637	9.052954582227823E-22
638	9.052954582227823E-22
639	6.002587865007939E-22
640	5.727356819531225E-22
641	5.712382851154937E-22
642	5.639018812607362E-22
643	4.48500896183569E-22
644	4.484954435769921E-22
645	4.468634986233688E-22
646	4.1175635354780043E-22
647	4.1161719848411944E-22
648	4.1161719848411944E-22
649	4.1114848888867333E-22
650	4.04487423135634E-22
651	4.04487423135634E-22
652	3.898703480546425E-22
653	3.487023479837994E-22
654	3.23643581795166E-22
655	7.893059862444901E-23
656	7.301523992967149E-23
657	7.301523992967149E-23
658	6.562850024105846E-23
659	6.559644093387027E-23
660	6.559628947257647E-23
661	6.53822241773357E-23
662	6.513135694314455E-23
663	6.511499912341389E-23
664	6.511393889435727E-23
665	6.364759162195797E-23
666	6.352990304122986E-23
667	6.352990304122986E-23
668	6.352990304122986E-23
669	6.352990304122986E-23
670	6.349678350498506E-23
671	6.303169635881572E-23
672	6.303169635881572E-23
673	6.302785933937273E-23
674	5.737415002963891E-23
675	5.73455617104337E-23
676	5.733102142622867E-23
677	3.9192256694164326E-23
678	2.694162864476014E-23
679	2.694162864476014E-23
680	2.6919010424885643E-23
681	2.691800068292696E-23
682	2.68763204281387E-23
683	2.5120442270861566E-23
684	2.51184227869442E-23
685	2.5117614993377254E-23
686	8.579594188412907E-24
687	8.525320558133701E-24
688	8.525320558133701E-24
689	8.525320558133701E-24
690	8.328420876190537E-24
691	8.289141913997772E-24
692	8.289141913997772E-24
693	8.269666515969676E-24
694	8.269666515969676E-24
695	8.133805735428892E-24
696	8.133805735428892E-24
697	8.133805735428892E-24
698	8.133805735428892E-24
699	8.133805735428892E-24
700	8.132341609588802E-24
701	5.232779222809484E-24
702	3.6150716308036176E-24
703	1.4085835026897552E-24
704	7.393076737687169E-25
705	7.393076737687169E-25
706	7.393076737687169E-25
707	7.393076737687169E-25
708	7.045189078484703E-25
709	6.7590534509429375E-25
710	6.7590534509429375E-25
711	6.758288748902939E-25
712	5.504189236218783E-25
713	5.504189236218783E-25
714	5.498130784466686E-25
715	3.928991780673467E-25
716	2.9232887898253032E-25
717	2.9080164427002245E-25
718	2.9080164427002245E-25
719	2.8805640831985332E-25
720	2.8805640831985332E-25
721	2.6382260131146384E-25
722	2.6201768756031817E-25
723	2.6201768756031817E-25
724	2.581598126071414E-25
725	2.581598126071414E-25
726	2.581598126071414E-25
727	2.5472668994761954E-25
728	2.4821385431411487E-25
729	2.3476219815828617E-25
730	1.6977268134255834E-25
731	1.6936878455908518E-25
732	1.6936878455908518E-25
733	1.6835904260040228E-25
734	1.6835904260040228E-25
735	1.6800563291486327E-25
736	1.6800563291486327E-25
737	1.6800563291486327E-25
738	1.5664032588258158E-25
739	1.5638789039291086E-25
740	1.5638789039291086E-25
741	1.5638789039291086E-25
742	6.488318083089437E-26
743	6.473171953709194E-26
744	6.363362515702429E-26
745	6.363362515702429E-26
746	6.363362515702429E-26
747	6.363362515702429E-26
748	5.462167817577945E-26
749	5.4612100911352E-26
750	5.440956087393651E-26
751	5.440956087393651E-26
752	5.440956087393651E-26
753	5.440956087393651E-26
754	4.92093897867196E-26
755	4.92093897867196E-26
756	4.8531166623455833E-26
757	4.8531166623455833E-26
758	4.8531166623455833E-26
759	4.8531166623455833E-26
760	4.8531166623455833E-26
761	4.8531166623455833E-26
762	4.0150308366387804E-26
763	4.0150308366387804E-26
764	3.2728704970068525E-26
765	3.267743209271707E-26
766	3.149709896328013E-26
767	2.4984263329775457E-26
768	2.4895910908390704E-26
769	2.4820969122394708E-26
770	2.4820969122394708E-26
771	2.4817813678773824E-26
772	2.4817813678773824E-26
773	2.4817813678773824E-26
774	2.4817813678773824E-26
775	2.4817813678773824E-26
776	2.4817813678773824E-26
777	2.4817813678773824E-26
778	4.635596279599458E-27
779	4.1307253002580104E-27
780	4.1307253002580104E-27
781	4.1307253002580104E-27
782	4.1307253002580104E-27
783	4.1283587175423474E-27
784	4.1283587175423474E-27
785	3.964275649256377E-27
786	3.964275649256377E-27
787	3.964275649256377E-27
788	3.964275649256377E-27
789	3.964275649256377E-27
790	3.964275649256377E-27
791	3.964275649256377E-27
792	3.964275649256377E-27
793	3.762327257519798E-27
794	3.762327257519798E-27
795	3.762327257519798E-27
796	3.762327257519798E-27
797	3.762327257519798E-27
798	3.762327257519798E-27
799	3.762327257519798E-27
800	3.762327257519798E-27
801	3.6739748361350446E-27
802	3.6739748361350446E-27
803	3.6739748361350446E-27
804	3.6645085052723924E-27
805	3.6645085052723924E-27
806	3.6013996328547115E-27
807	3.6013996328547115E-27
808	3.6013996328547115E-27
809	1.9227036265443984E-27
810	1.8722165286102536E-27
811	1.8722165286102536E-27
812	1.8722165286102536E-27
813	1.8722165286102536E-27
814	1.8722165286102536E-27
815	1.367345549268806E-27
816	1.367345549268806E-27
817	1.367345549268806E-27
818	1.367345549268806E-27
819	1.367345549268806E-27
820	1.367345549268806E-27
821	1.367345549268806E-27
822	1.367345549268806E-27
823	1.364190105647922E-27
824	1.364190105647922E-27
825	1.364190105647922E-27
826	1.364190105647922E-27
827	1.364190105647922E-27
828	1.3452574439226177E-27
829	1.3452574439226177E-27
830	1.3304663019497237E-27
831	1.3304663019497237E-27
832	5.731598329375524E-28
833	5.731598329375524E-28
834	5.690183131851421E-28
835	5.690183131851421E-28
836	5.690183131851421E-28
837	5.688210979588368E-28
838	5.688210979588368E-28
839	2.658985103539683E-28
840	2.658985103539683E-28
841	2.658985103539683E-28
842	2.658985103539683E-28
843	2.658985103539683E-28
844	2.1541141241982356E-28
845	1.3463020683244534E-29
846	1.3463020683244534E-29
847	1.3463020683244534E-29
848	1.3463020683244534E-29
849	1.3463020683244534E-29
850	1.3463020683244534E-29
851	1.3463020683244534E-29
852	1.3463020683244534E-29
853	1.3463020683244534E-29
854	1.3463020683244534E-29
855	1.3463020683244534E-29
856	1.3463020683244534E-29
857	1.341371687666822E-29
858	1.341371687666822E-29
859	1.341371687666822E-29
860	1.341371687666822E-29
861	1.341371687666822E-29
862	1.341371687666822E-29
863	1.2624855971447208E-29
864	1.2624855971447208E-29
865	1.2624855971447208E-29
866	1.2624855971447208E-29
867	3.0814879110195774E-33
868	3.0814879110195774E-33
869	3.0814879110195774E-33
870	3.0814879110195774E-33
871	3.0814879110195774E-33
872	3.0814879110195774E-33
873	3.0814879110195774E-33
874	3.0814879110195774E-33
875	3.0814879110195774E-33
876	3.0814879110195774E-33
877	3.0814879110195774E-33
878	3.0814879110195774E-33
879	3.0814879110195774E-33
880	3.0814879110195774E-33
881	3.0814879110195774E-33
882	3.0814879110195774E-33
883	3.0814879110195774E-33
884	3.0814879110195774E-33
885	3.0814879110195774E-33
886	3.0814879110195774E-33
887	3.0814879110195774E-33
888	3.0814879110195774E-33
889	3.0814879110195774E-33
890	3.0814879110195774E-33
891	3.0814879110195774E-33
892	3.0814879110195774E-33
893	3.0814879110195774E-33
894	3.0814879110195774E-33
895	3.0814879110195774E-33
896	3.0814879110195774E-33
897	3.0814879110195774E-33
898	3.0814879110195774E-33
899	3.0814879110195774E-33
900	3.0814879110195774E-33
901	3.0814879110195774E-33
902	3.0814879110195774E-33
903	3.0814879110195774E-33
904	3.0814879110195774E-33
905	3.0814879110195774E-33
906	3.0814879110195774E-33
907	3.0814879110195774E-33
908	3.0814879110195774E-33
909	3.0814879110195774E-33
910	3.0814879110195774E-33
911	3.0814879110195774E-33
912	3.0814879110195774E-33
913	3.0814879110195774E-33
914	3.0814879110195774E-33
915	3.0814879110195774E-33
916	3.0814879110195774E-33
917	3.0814879110195774E-33
918	3.0814879110195774E-33
919	3.0814879110195774E-33
920	3.0814879110195774E-33
921	3.0814879110195774E-33
922	3.0814879110195774E-33
923	3.0814879110195774E-33
924	3.0814879110195774E-33
925	3.0814879110195774E-33
926	3.0814879110195774E-33
927	3.0814879110195774E-33
928	3.0814879110195774E-33
929	3.0814879110195774E-33
930	3.0814879110195774E-33
931	0.0
932	0.0
933	0.0
934	0.0
935	0.0
936	0.0
937	0.0
938	0.0
939	0.0
940	0.0
941	0.0
942	0.0
943	0.0
944	0.0
945	0.0
946	0.0
947	0.0
948	0.0
949	0.0
950	0.0
951	0.0
952	0.0
953	0.0
954	0.0
955	0.0
956	0.0
957	0.0
958	0.0
959	0.0
960	0.0
961	0.0
962	0.0
963	0.0
964	0.0
965	0.0
966	0.0
967	0.0
968	0.0
969	0.0
970	0.0
971	0.0
972	0.0
973	0.0
974	0.0
975	0.0
976	0.0
977	0.0
978	0.0
979	0.0
980	0.0
981	0.0
982	0.0
983	0.0
984	0.0
985	0.0
986	0.0
987	0.0
988	0.0
989	0.0
990	0.0
991	0.0
992	0.0
993	0.0
994	0.0
995	0.0
996	0.0
997	0.0
998	0.0
999	0.0
1000	0.0
1001	0.0
1002	0.0
1003	0.0
1004	0.0
1005	0.0
1006	0.0
1007	0.0
1008	0.0
1009	0.0
1010	0.0
1011	0.0
1012	0.0
1013	0.0
1014	0.0
1015	0.0
1016	0.0
1017	0.0
1018	0.0
1019	0.0
1020	0.0
1021	0.0
1022	0.0
1023	0.0
1024	0.0
1025	0.0
1026	0.0
1027	0.0
1028	0.0
1029	0.0
1030	0.0
1031	0.0
1032	0.0
1033	0.0
1034	0.0
1035	0.0
1036	0.0
1037	0.0
1038	0.0
1039	0.0
1040	0.0
1041	0.0
1042	0.0
1043	0.0
1044	0.0
1045	0.0
1046	0.0
1047	0.0
1048	0.0
1049	0.0
1050	0.0
1051	0.0
1052	0.0
1053	0.0
1054	0.0
1055	0.0
1056	0.0
1057	0.0
1058	0.0
1059	0.0
1060	0.0
1061	0.0
1062	0.0
1063	0.0
1064	0.0
1065	0.0
1066	0.0
1067	0.0
1068	0.0
1069	0.0
1070	0.0
1071	0.0
1072	0.0
1073	0.0
1074	0.0
1075	0.0
1076	0.0
1077	0.0
1078	0.0
1079	0.0
1080	0.0
1081	0.0
1082	0.0
1083	0.0
1084	0.0
1085	0.0
1086	0.0
1087	0.0
1088	0.0
1089	0.0
1090	0.0
1091	0.0
1092	0.0
1093	0.0
1094	0.0
1095	0.0
1096	0.0
1097	0.0
1098	0.0
1099	0.0
1100	0.0
1101	0.0
1102	0.0
1103	0.0
1104	0.0
1105	0.0
1106	0.0
1107	0.0
1108	0.0
1109	0.0
1110	0.0
1111	0.0
1112	0.0
1113	0.0
1114	0.0
1115	0.0
1116	0.0
1117	0.0
1118	0.0
1119	0.0
1120	0.0
1121	0.0
1122	0.0
1123	0.0
1124	0.0
1125	0.0
1126	0.0
1127	0.0
1128	0.0
1129	0.0
1130	0.0
1131	0.0
1132	0.0
1133	0.0
1134	0.0
1135	0.0
1136	0.0
1137	0.0
1138	0.0
1139	0.0
1140	0.0
1141	0.0
1142	0.0
1143	0.0
1144	0.0
1145	0.0
1146	0.0
1147	0.0
1148	0.0
1149	0.0
1150	0.0
1151	0.0
1152	0.0
1153	0.0
1154	0.0
1155	0.0
1156	0.0
1157	0.0
1158	0.0
1159	0.0
1160	0.0
1161	0.0
1162	0.0
1163	0.0
1164	0.0
1165	0.0
1166	0.0
1167	0.0
1168	0.0
1169	0.0
1170	0.0
1171	0.0
1172	0.0
1173	0.0
1174	0.0
1175	0.0
1176	0.0
1177	0.0
1178	0.0
1179	0.0
1180	0.0
1181	0.0
1182	0.0
1183	0.0
1184	0.0
1185	0.0
1186	0.0
1187	0.0
1188	0.0
1189	0.0
1190	0.0
1191	0.0
1192	0.0
1193	0.0
1194	0.0
1195	0.0
1196	0.0
1197	0.0
1198	0.0
1199	0.0
1200	0.0
1201	0.0
1202	0.0
1203	0.0
1204	0.0
1205	0.0
1206	0.0
1207	0.0
1208	0.0
1209	0.0
1210	0.0
1211	0.0
1212	0.0
1213	0.0
1214	0.0
1215	0.0
1216	0.0
1217	0.0
1218	0.0
1219	0.0
1220	0.0
1221	0.0
1222	0.0
1223	0.0
1224	0.0
1225	0.0
1226	0.0
1227	0.0
1228	0.0
1229	0.0
1230	0.0
1231	0.0
1232	0.0
1233	0.0
1234	0.0
1235	0.0
1236	0.0
1237	0.0
1238	0.0
1239	0.0
1240	0.0
1241	0.0
1242	0.0
1243	0.0
1244	0.0
1245	0.0
1246	0.0
1247	0.0
1248	0.0
1249	0.0
1250	0.0
1251	0.0
1252	0.0
1253	0.0
1254	0.0
1255	0.0
1256	0.0
1257	0.0
1258	0.0
1259	0.0
1260	0.0
1261	0.0
1262	0.0
1263	0.0
1264	0.0
1265	0.0
1266	0.0
1267	0.0
1268	0.0
1269	0.0
1270	0.0
1271	0.0
1272	0.0
1273	0.0
1274	0.0
1275	0.0
1276	0.0
1277	0.0
1278	0.0
1279	0.0
1280	0.0
1281	0.0
1282	0.0
1283	0.0
1284	0.0
1285	0.0
1286	0.0
1287	0.0
1288	0.0
1289	0.0
1290	0.0
1291	0.0
1292	0.0
1293	0.0
1294	0.0
1295	0.0
1296	0.0
1297	0.0
1298	0.0
1299	0.0
1300	0.0
1301	0.0
1302	0.0
1303	0.0
1304	0.0
1305	0.0
1306	0.0
1307	0.0
1308	0.0
1309	0.0
1310	0.0
1311	0.0
1312	0.0
1313	0.0
1314	0.0
1315	0.0
1316	0.0
1317	0.0
1318	0.0
1319	0.0
1320	0.0
1321	0.0
1322	0.0
1323	0.0
1324	0.0
1325	0.0
1326	0.0
1327	0.0
1328	0.0
1329	0.0
1330	0.0
1331	0.0
1332	0.0
1333	0.0
1334	0.0
1335	0.0
1336	0.0
1337	0.0
1338	0.0
1339	0.0
1340	0.0
1341	0.0
1342	0.0
1343	0.0
1344	0.0
1345	0.0
1346	0.0
1347	0.0
1348	0.0
1349	0.0
1350	0.0
1351	0.0
1352	0.0
1353	0.0
1354	0.0
1355	0.0
1356	0.0
1357	0.0
1358	0.0
1359	0.0
1360	0.0
1361	0.0
1362	0.0
1363	0.0
1364	0.0
1365	0.0
1366	0.0
1367	0.0
1368	0.0
1369	0.0
1370	0.0
1371	0.0
1372	0.0
1373	0.0
1374	0.0
1375	0.0
1376	0.0
1377	0.0
1378	0.0
1379	0.0
1380	0.0
1381	0.0
1382	0.0
1383	0.0
1384	0.0
1385	0.0
1386	0.0
1387	0.0
1388	0.0
1389	0.0
1390	0.0
1391	0.0
1392	0.0
1393	0.0
1394	0.0
1395	0.0
1396	0.0
1397	0.0
1398	0.0
1399	0.0
1400	0.0
1401	0.0
1402	0.0
1403	0.0
1404	0.0
1405	0.0
1406	0.0
1407	0.0
1408	0.0
1409	0.0
1410	0.0
1411	0.0
1412	0.0
1413	0.0
1414	0.0
1415	0.0
1416	0.0
1417	0.0
1418	0.0
1419	0.0
1420	0.0
1421	0.0
1422	0.0
1423	0.0
1424	0.0
1425	0.0
1426	0.0
1427	0.0
1428	0.0
1429	0.0
1430	0.0
1431	0.0
1432	0.0
1433	0.0
1434	0.0
1435	0.0
1436	0.0
1437	0.0
1438	0.0
1439	0.0
1440	0.0
1441	0.0
1442	0.0
1443	0.0
1444	0.0
1445	0.0
1446	0.0
1447	0.0
1448	0.0
1449	0.0
1450	0.0
1451	0.0
1452	0.0
1453	0.0
1454	0.0
1455	0.0
1456	0.0
1457	0.0
1458	0.0
1459	0.0
1460	0.0
1461	0.0
1462	0.0
1463	0.0
1464	0.0
1465	0.0
1466	0.0
1467	0.0
1468	0.0
1469	0.0
1470	0.0
1471	0.0
1472	0.0
1473	0.0
1474	0.0
1475	0.0
1476	0.0
1477	0.0
1478	0.0
1479	0.0
1480	0.0
1481	0.0
1482	0.0
1483	0.0
1484	0.0
1485	0.0
1486	0.0
1487	0.0
1488	0.0
1489	0.0
1490	0.0
1491	0.0
1492	0.0
1493	0.0
1494	0.0
1495	0.0
1496	0.0
1497	0.0
1498	0.0
1499	0.0
1500	0.0
1501	0.0
1502	0.0
1503	0.0
1504	0.0
1505	0.0
1506	0.0
1507	0.0
1508	0.0
1509	0.0
1510	0.0
1511	0.0
1512	0.0
1513	0.0
1514	0.0
1515	0.0
1516	0.0
1517	0.0
1518	0.0
1519	0.0
1520	0.0
1521	0.0
1522	0.0
1523	0.0
1524	0.0
1525	0.0
1526	0.0
1527	0.0
1528	0.0
1529	0.0
1530	0.0
1531	0.0
1532	0.0
1533	0.0
1534	0.0
1535	0.0
1536	0.0
1537	0.0
1538	0.0
1539	0.0
1540	0.0
1541	0.0
1542	0.0
1543	0.0
1544	0.0
1545	0.0
1546	0.0
1547	0.0
1548	0.0
1549	0.0
1550	0.0
1551	0.0
1552	0.0
1553	0.0
1554	0.0
1555	0.0
1556	0.0
1557	0.0
1558	0.0
1559	0.0
1560	0.0
1561	0.0
1562	0.0
1563	0.0
1564	0.0
1565	0.0
1566	0.0
1567	0.0
1568	0.0
1569	0.0
1570	0.0
1571	0.0
1572	0.0
1573	0.0
1574	0.0
1575	0.0
1576	0.0
1577	0.0
1578	0.0
1579	0.0
1580	0.0
1581	0.0
1582	0.0
1583	0.0
1584	0.0
1585	0.0
1586	0.0
1587	0.0
1588	0.0
1589	0.0
1590	0.0
1591	0.0
1592	0.0
1593	0.0
1594	0.0
1595	0.0
1596	0.0
1597	0.0
1598	0.0
1599	0.0
1600	0.0
1601	0.0
1602	0.0
1603	0.0
1604	0.0
1605	0.0
1606	0.0
1607	0.0
1608	0.0
1609	0.0
1610	0.0
1611	0.0
1612	0.0
1613	0.0
1614	0.0
1615	0.0
1616	0.0
1617	0.0
1618	0.0
1619	0.0
1620	0.0
1621	0.0
1622	0.0
1623	0.0
1624	0.0
1625	0.0
1626	0.0
1627	0.0
1628	0.0
1629	0.0
1630	0.0
1631	0.0
1632	0.0
1633	0.0
1634	0.0
1635	0.0
1636	0.0
1637	0.0
1638	0.0
1639	0.0
1640	0.0
1641	0.0
1642	0.0
1643	0.0
1644	0.0
1645	0.0
1646	0.0
1647	0.0
1648	0.0
1649	0.0
1650	0.0
1651	0.0
1652	0.0
1653	0.0
1654	0.0
1655	0.0
1656	0.0
1657	0.0
1658	0.0
1659	0.0
1660	0.0
1661	0.0
1662	0.0
1663	0.0
1664	0.0
1665	0.0
1666	0.0
1667	0.0
1668	0.0
1669	0.0
1670	0.0
1671	0.0
1672	0.0
1673	0.0
1674	0.0
1675	0.0
1676	0.0
1677	0.0
1678	0.0
1679	0.0
1680	0.0
1681	0.0
1682	0.0
1683	0.0
1684	0.0
1685	0.0
1686	0.0
1687	0.0
1688	0.0
1689	0.0
1690	0.0
1691	0.0
1692	0.0
1693	0.0
1694	0.0
1695	0.0
1696	0.0
1697	0.0
1698	0.0
1699	0.0
1700	0.0
1701	0.0
1702	0.0
1703	0.0
1704	0.0
1705	0.0
1706	0.0
1707	0.0
1708	0.0
1709	0.0
1710	0.0
1711	0.0
1712	0.0
1713	0.0
1714	0.0
1715	0.0
1716	0.0
1717	0.0
1718	0.0
1719	0.0
1720	0.0
1721	0.0
1722	0.0
1723	0.0
1724	0.0
1725	0.0
1726	0.0
1727	0.0
1728	0.0
1729	0.0
1730	0.0
1731	0.0
1732	0.0
1733	0.0
1734	0.0
1735	0.0
1736	0.0
1737	0.0
1738	0.0
1739	0.0
1740	0.0
1741	0.0
1742	0.0
1743	0.0
1744	0.0
1745	0.0
1746	0.0
1747	0.0
1748	0.0
1749	0.0
1750	0.0
1751	0.0
1752	0.0
1753	0.0
1754	0.0
1755	0.0
1756	0.0
1757	0.0
1758	0.0
1759	0.0
1760	0.0
1761	0.0
1762	0.0
1763	0.0
1764	0.0
1765	0.0
1766	0.0
1767	0.0
1768	0.0
1769	0.0
1770	0.0
1771	0.0
1772	0.0
1773	0.0
1774	0.0
1775	0.0
1776	0.0
1777	0.0
1778	0.0
1779	0.0
1780	0.0
1781	0.0
1782	0.0
1783	0.0
1784	0.0
1785	0.0
1786	0.0
1787	0.0
1788	0.0
1789	0.0
1790	0.0
1791	0.0
1792	0.0
1793	0.0
1794	0.0
1795	0.0
1796	0.0
1797	0.0
1798	0.0
1799	0.0
1800	0.0
1801	0.0
1802	0.0
1803	0.0
1804	0.0
1805	0.0
1806	0.0
1807	0.0
1808	0.0
1809	0.0
1810	0.0
1811	0.0
1812	0.0
1813	0.0
1814	0.0
1815	0.0
1816	0.0
1817	0.0
1818	0.0
1819	0.0
1820	0.0
1821	0.0
1822	0.0
1823	0.0
1824	0.0
1825	0.0
1826	0.0
1827	0.0
1828	0.0
1829	0.0
1830	0.0
1831	0.0
1832	0.0
1833	0.0
1834	0.0
1835	0.0
1836	0.0
1837	0.0
1838	0.0
1839	0.0
1840	0.0
1841	0.0
1842	0.0
1843	0.0
1844	0.0
1845	0.0
1846	0.0
1847	0.0
1848	0.0
1849	0.0
1850	0.0
1851	0.0
1852	0.0
1853	0.0
1854	0.0
1855	0.0
1856	0.0
1857	0.0
1858	0.0
1859	0.0
1860	0.0
1861	0.0
1862	0.0
1863	0.0
1864	0.0
1865	0.0
1866	0.0
1867	0.0
1868	0.0
1869	0.0
1870	0.0
1871	0.0
1872	0.0
1873	0.0
1874	0.0
1875	0.0
1876	0.0
1877	0.0
1878	0.0
1879	0.0
1880	0.0
1881	0.0
1882	0.0
1883	0.0
1884	0.0
1885	0.0
1886	0.0
1887	0.0
1888	0.0
1889	0.0
1890	0.0
1891	0.0
1892	0.0
1893	0.0
1894	0.0
1895	0.0
1896	0.0
1897	0.0
1898	0.0
1899	0.0
1900	0.0
1901	0.0
1902	0.0
1903	0.0
1904	0.0
1905	0.0
1906	0.0
1907	0.0
1908	0.0
1909	0.0
1910	0.0
1911	0.0
1912	0.0
1913	0.0
1914	0.0
1915	0.0
1916	0.0
1917	0.0
1918	0.0
1919	0.0
1920	0.0
1921	0.0
1922	0.0
1923	0.0
1924	0.0
1925	0.0
1926	0.0
1927	0.0
1928	0.0
1929	0.0
1930	0.0
1931	0.0
1932	0.0
1933	0.0
1934	0.0
1935	0.0
1936	0.0
1937	0.0
1938	0.0
1939	0.0
1940	0.0
1941	0.0
1942	0.0
1943	0.0
1944	0.0
1945	0.0
1946	0.0
1947	0.0
1948	0.0
1949	0.0
1950	0.0
1951	0.0
1952	0.0
1953	0.0
1954	0.0
1955	0.0
1956	0.0
1957	0.0
1958	0.0
1959	0.0
1960	0.0
1961	0.0
1962	0.0
1963	0.0
1964	0.0
1965	0.0
1966	0.0
1967	0.0
1968	0.0
1969	0.0
1970	0.0
1971	0.0
1972	0.0
1973	0.0
1974	0.0
1975	0.0
1976	0.0
1977	0.0
1978	0.0
1979	0.0
1980	0.0
1981	0.0
1982	0.0
1983	0.0
1984	0.0
1985	0.0
1986	0.0
1987	0.0
1988	0.0
1989	0.0
1990	0.0
1991	0.0
1992	0.0
1993	0.0
1994	0.0
1995	0.0
1996	0.0
1997	0.0
1998	0.0
1999	0.0
2000	0.0
2001	0.0
2002	0.0
2003	0.0
2004	0.0
2005	0.0
2006	0.0
2007	0.0
2008	0.0
2009	0.0
2010	0.0
2011	0.0
2012	0.0
2013	0.0
2014	0.0
2015	0.0
2016	0.0
2017	0.0
2018	0.0
2019	0.0
2020	0.0
2021	0.0
2022	0.0
2023	0.0
2024	0.0
2025	0.0
2026	0.0
2027	0.0
2028	0.0
2029	0.0
2030	0.0
2031	0.0
2032	0.0
2033	0.0
2034	0.0
2035	0.0
2036	0.0
2037	0.0
2038	0.0
2039	0.0
2040	0.0
2041	0.0
2042	0.0
2043	0.0
2044	0.0
2045	0.0
2046	0.0
2047	0.0
2048	0.0
2049	0.0
2050	0.0
2051	0.0
2052	0.0
2053	0.0
2054	0.0
2055	0.0
2056	0.0
2057	0.0
2058	0.0
2059	0.0
2060	0.0
2061	0.0
2062	0.0
2063	0.0
2064	0.0
2065	0.0
2066	0.0
2067	0.0
2068	0.0
2069	0.0
2070	0.0
2071	0.0
2072	0.0
2073	0.0
2074	0.0
2075	0.0
2076	0.0
2077	0.0
2078	0.0
2079	0.0
2080	0.0
2081	0.0
2082	0.0
2083	0.0
2084	0.0
2085	0.0
2086	0.0
2087	0.0
2088	0.0
2089	0.0
2090	0.0
2091	0.0
2092	0.0
2093	0.0
2094	0.0
2095	0.0
2096	0.0
2097	0.0
2098	0.0
2099	0.0
2100	0.0
2101	0.0
2102	0.0
2103	0.0
2104	0.0
2105	0.0
2106	0.0
2107	0.0
2108	0.0
2109	0.0
2110	0.0
2111	0.0
2112	0.0
2113	0.0
2114	0.0
2115	0.0
2116	0.0
2117	0.0
2118	0.0
2119	0.0
2120	0.0
2121	0.0
2122	0.0
2123	0.0
2124	0.0
2125	0.0
2126	0.0
2127	0.0
2128	0.0
2129	0.0
2130	0.0
2131	0.0
2132	0.0
2133	0.0
2134	0.0
2135	0.0
2136	0.0
2137	0.0
2138	0.0
2139	0.0
2140	0.0
2141	0.0
2142	0.0
2143	0.0
2144	0.0
2145	0.0
2146	0.0
2147	0.0
2148	0.0
2149	0.0
2150	0.0
2151	0.0
2152	0.0
2153	0.0
2154	0.0
2155	0.0
2156	0.0
2157	0.0
2158	0.0
2159	0.0
2160	0.0
2161	0.0
2162	0.0
2163	0.0
2164	0.0
2165	0.0
2166	0.0
2167	0.0
2168	0.0
2169	0.0
2170	0.0
2171	0.0
2172	0.0
2173	0.0
2174	0.0
2175	0.0
2176	0.0
2177	0.0
2178	0.0
2179	0.0
2180	0.0
2181	0.0
2182	0.0
2183	0.0
2184	0.0
2185	0.0
2186	0.0
2187	0.0
2188	0.0
2189	0.0
2190	0.0
2191	0.0
2192	0.0
2193	0.0
2194	0.0
2195	0.0
2196	0.0
2197	0.0
2198	0.0
2199	0.0
2200	0.0
2201	0.0
2202	0.0
2203	0.0
2204	0.0
2205	0.0
2206	0.0
2207	0.0
2208	0.0
2209	0.0
2210	0.0
2211	0.0
2212	0.0
2213	0.0
2214	0.0
2215	0.0
2216	0.0
2217	0.0
2218	0.0
2219	0.0
2220	0.0
2221	0.0
2222	0.0
2223	0.0
2224	0.0
2225	0.0
2226	0.0
2227	0.0
2228	0.0
2229	0.0
2230	0.0
2231	0.0
2232	0.0
2233	0.0
2234	0.0
2235	0.0
2236	0.0
2237	0.0
2238	0.0
2239	0.0
2240	0.0
2241	0.0
2242	0.0
2243	0.0
2244	0.0
2245	0.0
2246	0.0
2247	0.0
2248	0.0
2249	0.0
2250	0.0
2251	0.0
2252	0.0
2253	0.0
2254	0.0
2255	0.0
2256	0.0
2257	0.0
2258	0.0
2259	0.0
2260	0.0
2261	0.0
2262	0.0
2263	0.0
2264	0.0
2265	0.0
2266	0.0
2267	0.0
2268	0.0
2269	0.0
2270	0.0
2271	0.0
2272	0.0
2273	0.0
2274	0.0
2275	0.0
2276	0.0
2277	0.0
2278	0.0
2279	0.0
2280	0.0
2281	0.0
2282	0.0
2283	0.0
2284	0.0
2285	0.0
2286	0.0
2287	0.0
2288	0.0
2289	0.0
2290	0.0
2291	0.0
2292	0.0
2293	0.0
2294	0.0
2295	0.0
2296	0.0
2297	0.0
2298	0.0
2299	0.0
2300	0.0
2301	0.0
2302	0.0
2303	0.0
2304	0.0
2305	0.0
2306	0.0
2307	0.0
2308	0.0
2309	0.0
2310	0.0
2311	0.0
2312	0.0
2313	0.0
2314	0.0
2315	0.0
2316	0.0
2317	0.0
2318	0.0
2319	0.0
2320	0.0
2321	0.0
2322	0.0
2323	0.0
2324	0.0
2325	0.0
2326	0.0
2327	0.0
2328	0.0
2329	0.0
2330	0.0
2331	0.0
2332	0.0
2333	0.0
2334	0.0
2335	0.0
2336	0.0
2337	0.0
2338	0.0
2339	0.0
2340	0.0
2341	0.0
2342	0.0
2343	0.0
2344	0.0
2345	0.0
2346	0.0
2347	0.0
2348	0.0
2349	0.0
2350	0.0
2351	0.0
2352	0.0
2353	0.0
2354	0.0
2355	0.0
2356	0.0
2357	0.0
2358	0.0
2359	0.0
2360	0.0
2361	0.0
2362	0.0
2363	0.0
2364	0.0
2365	0.0
2366	0.0
2367	0.0
2368	0.0
2369	0.0
2370	0.0
2371	0.0
2372	0.0
2373	0.0
2374	0.0
2375	0.0
2376	0.0
2377	0.0
2378	0.0
2379	0.0
2380	0.0
2381	0.0
2382	0.0
2383	0.0
2384	0.0
2385	0.0
2386	0.0
2387	0.0
2388	0.0
2389	0.0
2390	0.0
2391	0.0
2392	0.0
2393	0.0
2394	0.0
2395	0.0
2396	0.0
2397	0.0
2398	0.0
2399	0.0
2400	0.0
2401	0.0
2402	0.0
2403	0.0
2404	0.0
2405	0.0
2406	0.0
2407	0.0
2408	0.0
2409	0.0
2410	0.0
2411	0.0
2412	0.0
2413	0.0
2414	0.0
2415	0.0
2416	0.0
2417	0.0
2418	0.0
2419	0.0
2420	0.0
2421	0.0
2422	0.0
2423	0.0
2424	0.0
2425	0.0
2426	0.0
2427	0.0
2428	0.0
2429	0.0
2430	0.0
2431	0.0
2432	0.0
2433	0.0
2434	0.0
2435	0.0
2436	0.0
2437	0.0
2438	0.0
2439	0.0
2440	0.0
2441	0.0
2442	0.0
2443	0.0
2444	0.0
2445	0.0
2446	0.0
2447	0.0
2448	0.0
2449	0.0
2450	0.0
2451	0.0
2452	0.0
2453	0.0
2454	0.0
2455	0.0
2456	0.0
2457	0.0
2458	0.0
2459	0.0
2460	0.0
2461	0.0
2462	0.0
2463	0.0
2464	0.0
2465	0.0
2466	0.0
2467	0.0
2468	0.0
2469	0.0
2470	0.0
2471	0.0
2472	0.0
2473	0.0
2474	0.0
2475	0.0
2476	0.0
2477	0.0
2478	0.0
2479	0.0
2480	0.0
2481	0.0
2482	0.0
2483	0.0
2484	0.0
2485	0.0
2486	0.0
2487	0.0
2488	0.0
2489	0.0
2490	0.0
2491	0.0
2492	0.0
2493	0.0
2494	0.0
2495	0.0
2496	0.0
2497	0.0
2498	0.0
2499	0.0
2500	0.0
2501	0.0
2502	0.0
2503	0.0
2504	0.0
2505	0.0
2506	0.0
2507	0.0
2508	0.0
2509	0.0
2510	0.0
2511	0.0
2512	0.0
2513	0.0
2514	0.0
2515	0.0
2516	0.0
2517	0.0
2518	0.0
2519	0.0
2520	0.0
2521	0.0
2522	0.0
2523	0.0
2524	0.0
2525	0.0
2526	0.0
2527	0.0
2528	0.0
2529	0.0
2530	0.0
2531	0.0
2532	0.0
2533	0.0
2534	0.0
2535	0.0
2536	0.0
2537	0.0
2538	0.0
2539	0.0
2540	0.0
2541	0.0
2542	0.0
2543	0.0
2544	0.0
2545	0.0
2546	0.0
2547	0.0
2548	0.0
2549	0.0
2550	0.0
2551	0.0
2552	0.0
2553	0.0
2554	0.0
2555	0.0
2556	0.0
2557	0.0
2558	0.0
2559	0.0
2560	0.0
2561	0.0
2562	0.0
2563	0.0
2564	0.0
2565	0.0
2566	0.0
2567	0.0
2568	0.0
2569	0.0
2570	0.0
2571	0.0
2572	0.0
2573	0.0
2574	0.0
2575	0.0
2576	0.0
2577	0.0
2578	0.0
2579	0.0
2580	0.0
2581	0.0
2582	0.0
2583	0.0
2584	0.0
2585	0.0
2586	0.0
2587	0.0
2588	0.0
2589	0.0
2590	0.0
2591	0.0
2592	0.0
2593	0.0
2594	0.0
2595	0.0
2596	0.0
2597	0.0
2598	0.0
2599	0.0
2600	0.0
2601	0.0
2602	0.0
2603	0.0
2604	0.0
2605	0.0
2606	0.0
2607	0.0
2608	0.0
2609	0.0
2610	0.0
2611	0.0
2612	0.0
2613	0.0
2614	0.0
2615	0.0
2616	0.0
2617	0.0
2618	0.0
2619	0.0
2620	0.0
2621	0.0
2622	0.0
2623	0.0
2624	0.0
2625	0.0
2626	0.0
2627	0.0
2628	0.0
2629	0.0
2630	0.0
2631	0.0
2632	0.0
2633	0.0
2634	0.0
2635	0.0
2636	0.0
2637	0.0
2638	0.0
2639	0.0
2640	0.0
2641	0.0
2642	0.0
2643	0.0
2644	0.0
2645	0.0
2646	0.0
2647	0.0
2648	0.0
2649	0.0
2650	0.0
2651	0.0
2652	0.0
2653	0.0
2654	0.0
2655	0.0
2656	0.0
2657	0.0
2658	0.0
2659	0.0
2660	0.0
2661	0.0
2662	0.0
2663	0.0
2664	0.0
2665	0.0
2666	0.0
2667	0.0
2668	0.0
2669	0.0
2670	0.0
2671	0.0
2672	0.0
2673	0.0
2674	0.0
2675	0.0
2676	0.0
2677	0.0
2678	0.0
2679	0.0
2680	0.0
2681	0.0
2682	0.0
2683	0.0
2684	0.0
2685	0.0
2686	0.0
2687	0.0
2688	0.0
2689	0.0
2690	0.0
2691	0.0
2692	0.0
2693	0.0
2694	0.0
2695	0.0
2696	0.0
2697	0.0
2698	0.0
2699	0.0
2700	0.0
2701	0.0
2702	0.0
2703	0.0
2704	0.0
2705	0.0
2706	0.0
2707	0.0
2708	0.0
2709	0.0
2710	0.0
2711	0.0
2712	0.0
2713	0.0
2714	0.0
2715	0.0
2716	0.0
2717	0.0
2718	0.0
2719	0.0
2720	0.0
2721	0.0
2722	0.0
2723	0.0
2724	0.0
2725	0.0
2726	0.0
2727	0.0
2728	0.0
2729	0.0
2730	0.0
2731	0.0
2732	0.0
2733	0.0
2734	0.0
2735	0.0
2736	0.0
2737	0.0
2738	0.0
2739	0.0
2740	0.0
2741	0.0
2742	0.0
2743	0.0
2744	0.0
2745	0.0
2746	0.0
2747	0.0
2748	0.0
2749	0.0
2750	0.0
2751	0.0
2752	0.0
2753	0.0
2754	0.0
2755	0.0
2756	0.0
2757	0.0
2758	0.0
2759	0.0
2760	0.0
2761	0.0
2762	0.0
2763	0.0
2764	0.0
2765	0.0
2766	0.0
2767	0.0
2768	0.0
2769	0.0
2770	0.0
2771	0.0
2772	0.0
2773	0.0
2774	0.0
2775	0.0
2776	0.0
2777	0.0
2778	0.0
2779	0.0
2780	0.0
2781	0.0
2782	0.0
2783	0.0
2784	0.0
2785	0.0
2786	0.0
2787	0.0
2788	0.0
2789	0.0
2790	0.0
2791	0.0
2792	0.0
2793	0.0
2794	0.0
2795	0.0
2796	0.0
2797	0.0
2798	0.0
2799	0.0
2800	0.0
2801	0.0
2802	0.0
2803	0.0
2804	0.0
2805	0.0
2806	0.0
2807	0.0
2808	0.0
2809	0.0
2810	0.0
2811	0.0
2812	0.0
2813	0.0
2814	0.0
2815	0.0
2816	0.0
2817	0.0
2818	0.0
2819	0.0
2820	0.0
2821	0.0
2822	0.0
2823	0.0
2824	0.0
2825	0.0
2826	0.0
2827	0.0
2828	0.0
2829	0.0
2830	0.0
2831	0.0
2832	0.0
2833	0.0
2834	0.0
2835	0.0
2836	0.0
2837	0.0
2838	0.0
2839	0.0
2840	0.0
2841	0.0
2842	0.0
2843	0.0
2844	0.0
2845	0.0
2846	0.0
2847	0.0
2848	0.0
2849	0.0
2850	0.0
2851	0.0
2852	0.0
2853	0.0
2854	0.0
2855	0.0
2856	0.0
2857	0.0
2858	0.0
2859	0.0
2860	0.0
2861	0.0
2862	0.0
2863	0.0
2864	0.0
2865	0.0
2866	0.0
2867	0.0
2868	0.0
2869	0.0
2870	0.0
2871	0.0
2872	0.0
2873	0.0
2874	0.0
2875	0.0
2876	0.0
2877	0.0
2878	0.0
2879	0.0
2880	0.0
2881	0.0
2882	0.0
2883	0.0
2884	0.0
2885	0.0
2886	0.0
2887	0.0
2888	0.0
2889	0.0
2890	0.0
2891	0.0
2892	0.0
2893	0.0
2894	0.0
2895	0.0
2896	0.0
2897	0.0
2898	0.0
2899	0.0
2900	0.0
2901	0.0
2902	0.0
2903	0.0
2904	0.0
2905	0.0
2906	0.0
2907	0.0
2908	0.0
2909	0.0
2910	0.0
2911	0.0
2912	0.0
2913	0.0
2914	0.0
2915	0.0
2916	0.0
2917	0.0
2918	0.0
2919	0.0
2920	0.0
2921	0.0
2922	0.0
2923	0.0
2924	0.0
2925	0.0
2926	0.0
2927	0.0
2928	0.0
2929	0.0
2930	0.0
2931	0.0
2932	0.0
2933	0.0
2934	0.0
2935	0.0
2936	0.0
2937	0.0
2938	0.0
2939	0.0
2940	0.0
2941	0.0
2942	0.0
2943	0.0
2944	0.0
2945	0.0
2946	0.0
2947	0.0
2948	0.0
2949	0.0
2950	0.0
2951	0.0
2952	0.0
2953	0.0
2954	0.0
2955	0.0
2956	0.0
2957	0.0
2958	0.0
2959	0.0
2960	0.0
2961	0.0
2962	0.0
2963	0.0
2964	0.0
2965	0.0
2966	0.0
2967	0.0
2968	0.0
2969	0.0
2970	0.0
2971	0.0
2972	0.0
2973	0.0
2974	0.0
2975	0.0
2976	0.0
2977	0.0
2978	0.0
2979	0.0
2980	0.0
2981	0.0
2982	0.0
2983	0.0
2984	0.0
2985	0.0
2986	0.0
2987	0.0
2988	0.0
2989	0.0
2990	0.0
2991	0.0
2992	0.0
2993	0.0
2994	0.0
2995	0.0
2996	0.0
2997	0.0
2998	0.0
2999	0.0
3000	0.0
