1	1.122112115681285E8
2	7.053468781995077E7
3	4.722645999327646E7
4	3.1365633819813017E7
5	2.311135642776733E7
6	1.609601704133736E7
7	1.0904564537214426E7
8	7702318.219301225
9	5791528.37168544
10	4351515.704040549
11	3318750.084053271
12	2571717.3153851577
13	2133381.3955124277
14	1776437.5666384664
15	1511197.2240554178
16	1321661.6602712274
17	1170004.3790665693
18	1058628.568312495
19	962644.0942142963
20	893817.1868129203
21	838208.9144516179
22	790189.9187361903
23	752894.2522651205
24	721187.6618670349
25	696293.8343573931
26	676621.8060400671
27	659292.4152179126
28	643733.7883939554
29	631755.9755750133
30	622231.574248059
31	613483.8945814052
32	606782.7384743589
33	600679.5975380853
34	595422.6065497774
35	591411.7893455599
36	588085.7586499966
37	584992.3785766016
38	582361.6333732042
39	580015.2394093791
40	578086.3567361671
41	576286.2905184256
42	574470.5982230543
43	573056.9739258765
44	571514.3266278355
45	570194.6180134795
46	568832.6377318286
47	567751.1461005049
48	566678.8677642782
49	565612.3294533067
50	564727.8742490353
51	563801.1659172687
52	562988.5758754826
53	562147.1959604205
54	561376.4029228013
55	560715.1894374457
56	560188.522366675
57	559628.6943380081
58	559133.875200091
59	558679.2183594494
60	558178.0249264308
61	557697.4571816555
62	557254.0860954054
63	556830.8699463479
64	556443.6977773535
65	556097.4462074995
66	555735.2422887369
67	555451.0579277383
68	555118.2842531156
69	554814.232530656
70	554488.9845423978
71	554200.1909272232
72	553899.1242581094
73	553655.8073604623
74	553410.4115341194
75	553154.9777537606
76	552909.556343115
77	552675.0452299345
78	552448.7011219029
79	552216.689060472
80	552017.0604680872
81	551818.8804300253
82	551644.5311694578
83	551465.3521318515
84	551298.090597313
85	551139.4922212787
86	550967.2175150368
87	550835.8765530498
88	550658.2625722672
89	550501.1784912647
90	550353.094649185
91	550181.5751862444
92	550041.2308990684
93	549884.8294658973
94	549707.1859540681
95	549555.4321524972
96	549389.8822195573
97	549274.3206839279
98	549118.6336341657
99	548970.394804593
100	548821.7076731505
101	548677.637676847
102	548537.4945156613
103	548397.3444459678
104	548270.875328749
105	548135.169847998
106	547989.2639067494
107	547871.5447628879
108	547745.7948919989
109	547645.2299973655
110	547533.0605357446
111	547422.6566977968
112	547312.8899484555
113	547195.5839295757
114	547066.7693254186
115	546949.8105486203
116	546837.5576272637
117	546732.5768049218
118	546637.5090602995
119	546520.8196723001
120	546416.0274633836
121	546326.7688570285
122	546227.9276961605
123	546113.6064367661
124	546014.1458980769
125	545917.4950300389
126	545819.1343077193
127	545746.5949264828
128	545653.4706011546
129	545568.0610843762
130	545497.5978353714
131	545431.3047269519
132	545352.7019103739
133	545277.4699730299
134	545191.2643431694
135	545119.1633912225
136	545035.7586973577
137	544969.2804093488
138	544894.9890943619
139	544832.8646873273
140	544772.334122978
141	544715.0276662434
142	544656.0798778983
143	544601.9740122128
144	544554.9749540199
145	544504.4867119802
146	544466.9039411847
147	544421.2185831544
148	544380.4241780377
149	544340.9050197328
150	544303.1020509099
151	544264.3794551647
152	544218.0899002625
153	544177.4441745476
154	544134.0387513966
155	544095.6372275853
156	544055.742166488
157	544018.894981036
158	543981.9009422876
159	543942.5423567615
160	543907.088545794
161	543874.5635243871
162	543836.65741259
163	543802.5363024146
164	543767.3817043405
165	543737.0938232517
166	543704.9470125653
167	543677.5444756926
168	543647.1753767697
169	543617.6856133665
170	543589.6137748869
171	543562.6606043295
172	543532.2151866502
173	543504.5406352261
174	543478.3114985308
175	543449.346812246
176	543424.492445548
177	543401.2247193367
178	543374.6947233594
179	543349.8504984678
180	543324.5930304683
181	543304.6791821087
182	543284.7719501356
183	543264.2406302479
184	543244.5339767376
185	543228.4034957098
186	543210.3246761329
187	543194.0403550424
188	543178.4340511655
189	543160.8669703816
190	543147.4847156355
191	543131.7266772357
192	543117.0723311004
193	543104.0179259158
194	543090.1860719115
195	543079.3797546792
196	543067.884799132
197	543055.6543967819
198	543045.5917133113
199	543033.1228739853
200	543021.6355864562
201	543011.278772677
202	543002.2281128832
203	542992.4956566102
204	542984.2922649345
205	542976.2604265988
206	542968.4999523362
207	542958.0021393227
208	542949.8246098716
209	542942.0101310543
210	542934.6282051394
211	542926.6103683565
212	542921.2761682387
213	542914.3184968558
214	542907.0917577189
215	542901.2687721449
216	542894.3973397415
217	542888.5534993153
218	542882.7042498423
219	542877.5242618627
220	542871.4029322534
221	542865.4086504558
222	542860.8939250262
223	542855.5667576287
224	542851.8377131693
225	542846.9418553307
226	542843.003074712
227	542839.0710584449
228	542835.237291041
229	542830.8931580741
230	542826.4739787065
231	542822.1082741307
232	542818.235892069
233	542814.0099474342
234	542809.7498841207
235	542805.5416111889
236	542802.0006905943
237	542798.8398344883
238	542795.2155867188
239	542792.0810710748
240	542788.6544269695
241	542785.5166371505
242	542782.5996065001
243	542779.3308199564
244	542776.484308344
245	542773.5938384874
246	542771.0597487068
247	542768.2504096972
248	542765.8413036421
249	542763.5147086958
250	542760.8043532537
251	542758.5518152643
252	542756.30715471
253	542753.9383967572
254	542751.6004282206
255	542749.0160790706
256	542746.6877486963
257	542744.4803832526
258	542742.4135785692
259	542740.4684874957
260	542738.6282169984
261	542736.8288326378
262	542735.0416999744
263	542733.4276923678
264	542731.8483248332
265	542730.1802966732
266	542728.7262071733
267	542727.3698392062
268	542725.7063198343
269	542724.0696104658
270	542722.7584630938
271	542721.2084281098
272	542719.9083501846
273	542718.5765617866
274	542717.120560326
275	542716.0681127731
276	542714.7856337621
277	542713.6905274199
278	542712.4704506173
279	542711.2442639297
280	542709.9168371416
281	542708.5763438509
282	542707.1161953971
283	542705.7089191133
284	542704.4510825424
285	542703.1367609194
286	542701.9367557267
287	542700.7101318872
288	542699.5521150096
289	542698.4472046394
290	542697.4885222894
291	542696.4487911311
292	542695.4858543182
293	542694.3617423581
294	542693.2716968486
295	542692.1260165664
296	542690.9812368345
297	542689.9496904588
298	542689.0117962906
299	542687.9749627197
300	542687.014714868
301	542686.0173694659
302	542685.1602342916
303	542684.2955050083
304	542683.3340455142
305	542682.3322384761
306	542681.433332531
307	542680.404201497
308	542679.5912731707
309	542678.5176294931
310	542677.475607577
311	542676.1212230899
312	542674.9447548252
313	542673.9784839448
314	542672.9982609268
315	542671.9228929488
316	542670.6159397862
317	542669.5801093201
318	542668.5464374034
319	542667.5837544646
320	542666.788183787
321	542665.9464442495
322	542665.3117489347
323	542664.5132451818
324	542663.8639968209
325	542663.0801410082
326	542662.4536258712
327	542661.7319517067
328	542661.1342943124
329	542660.4697547832
330	542659.9588509962
331	542659.163150382
332	542658.5118373387
333	542657.8451384521
334	542657.2632374327
335	542656.7229066669
336	542656.3100916545
337	542655.8486089299
338	542655.4232496829
339	542654.9779853101
340	542654.5781823305
341	542654.1883730774
342	542653.7899158371
343	542653.3167418753
344	542652.9503758507
345	542652.5103093621
346	542652.1531747661
347	542651.8375519166
348	542651.5410332967
349	542651.2357320731
350	542650.981169561
351	542650.7101085747
352	542650.4692740211
353	542650.1924883256
354	542649.9535666119
355	542649.7023901428
356	542649.4780009497
357	542649.2674805573
358	542648.9989999539
359	542648.780540934
360	542648.5711903576
361	542648.3490493533
362	542648.1697951287
363	542647.9330616916
364	542647.7446248072
365	542647.5708084985
366	542647.3821006352
367	542647.2396435353
368	542647.0413776297
369	542646.8753616841
370	542646.7080881804
371	542646.5467268646
372	542646.3794443608
373	542646.2414956909
374	542646.0668705936
375	542645.8953416039
376	542645.7257317499
377	542645.5503130442
378	542645.3645788583
379	542645.2137803079
380	542645.0227831268
381	542644.8171317714
382	542644.6224598439
383	542644.4355210244
384	542644.2399363223
385	542644.0409842039
386	542643.8592696799
387	542643.6616153696
388	542643.4590964151
389	542643.2428669606
390	542643.036543215
391	542642.8716929032
392	542642.6739221563
393	542642.5120606417
394	542642.3068580033
395	542642.1260956419
396	542641.9744793408
397	542641.8221285909
398	542641.672932098
399	542641.5111080339
400	542641.3261096936
401	542641.1438788226
402	542640.9603494918
403	542640.7908470463
404	542640.6529929409
405	542640.4849211938
406	542640.3314704816
407	542640.1412411715
408	542639.9984964111
409	542639.8069785531
410	542639.653146697
411	542639.5125573683
412	542639.3623412732
413	542639.2135234287
414	542639.1126959362
415	542638.9936997618
416	542638.8404061047
417	542638.7443709635
418	542638.623327932
419	542638.5309632311
420	542638.4305152907
421	542638.3329515262
422	542638.242131911
423	542638.1444091444
424	542638.0672427766
425	542637.9857707715
426	542637.90388659
427	542637.8191041418
428	542637.7125605671
429	542637.6222051814
430	542637.5203402452
431	542637.4451777186
432	542637.3496883578
433	542637.2844642412
434	542637.2077369473
435	542637.1292908203
436	542637.0323725931
437	542636.9458888543
438	542636.8566494308
439	542636.7850726296
440	542636.6983514692
441	542636.6236522953
442	542636.547539361
443	542636.4735141586
444	542636.4047192013
445	542636.320834418
446	542636.2509944563
447	542636.1811829234
448	542636.1200676145
449	542636.0396775991
450	542635.9845284132
451	542635.9228652727
452	542635.8533008355
453	542635.7918097015
454	542635.732110754
455	542635.6432234342
456	542635.5837447641
457	542635.4912042746
458	542635.4317572672
459	542635.3615641134
460	542635.302128696
461	542635.2434257683
462	542635.1802743353
463	542635.1241636322
464	542635.0737244085
465	542635.0264346992
466	542634.9863156476
467	542634.9418831156
468	542634.9058198903
469	542634.8652528597
470	542634.8257890993
471	542634.7955576483
472	542634.7553531787
473	542634.7199486792
474	542634.6809390011
475	542634.6482876979
476	542634.6196228755
477	542634.5921770675
478	542634.5564646522
479	542634.5208789675
480	542634.4864489292
481	542634.4489482275
482	542634.4174401403
483	542634.3808472046
484	542634.3471581888
485	542634.3111941864
486	542634.2825249599
487	542634.2526870131
488	542634.2181917668
489	542634.190328332
490	542634.1626461783
491	542634.1377281309
492	542634.1129140098
493	542634.0883316774
494	542634.0617067316
495	542634.03968642
496	542634.0196133287
497	542633.9945515224
498	542633.972856053
499	542633.9499676992
500	542633.9290912162
501	542633.9052394129
502	542633.8830641455
503	542633.8574836858
504	542633.8363508206
505	542633.8118774691
506	542633.7934456684
507	542633.7743446227
508	542633.7568451168
509	542633.7401962484
510	542633.7242393452
511	542633.7080448911
512	542633.6905689166
513	542633.6760626832
514	542633.6598578828
515	542633.6446045974
516	542633.6317116036
517	542633.6161651774
518	542633.6025676102
519	542633.5879971419
520	542633.5712699855
521	542633.5518681762
522	542633.5377439465
523	542633.5203808487
524	542633.4991781196
525	542633.4821164308
526	542633.4640534493
527	542633.4494104945
528	542633.433841596
529	542633.4201833359
530	542633.4076081376
531	542633.3932117125
532	542633.3802020488
533	542633.3678213765
534	542633.3561140668
535	542633.3424205835
536	542633.3307948594
537	542633.3157178138
538	542633.3044417577
539	542633.2931591293
540	542633.2809678247
541	542633.2701666713
542	542633.2593349657
543	542633.2495433606
544	542633.2399078211
545	542633.2318535999
546	542633.2205984562
547	542633.2127291521
548	542633.2032205298
549	542633.1961489245
550	542633.1873285908
551	542633.1803608311
552	542633.1733402564
553	542633.1636797254
554	542633.1570013183
555	542633.1483086677
556	542633.1425857258
557	542633.1357656703
558	542633.1288625202
559	542633.1229134797
560	542633.1152801948
561	542633.1099203349
562	542633.1029513087
563	542633.0977062201
564	542633.0914425583
565	542633.0860054132
566	542633.0813117734
567	542633.076059527
568	542633.0715747307
569	542633.0668767015
570	542633.0630257188
571	542633.058548799
572	542633.0545392683
573	542633.0503742609
574	542633.0467568493
575	542633.04295962
576	542633.0388766838
577	542633.0346649701
578	542633.0309295442
579	542633.0265789141
580	542633.0229475199
581	542633.0184139736
582	542633.0153690347
583	542633.0121791406
584	542633.0095831612
585	542633.0058210525
586	542633.0028242794
587	542632.9997594187
588	542632.9961688803
589	542632.9927448495
590	542632.9900324717
591	542632.986905162
592	542632.9839892735
593	542632.981118338
594	542632.9787208955
595	542632.9762719622
596	542632.9734346686
597	542632.9703670136
598	542632.9678589419
599	542632.9646352349
600	542632.9618723545
601	542632.9590557232
602	542632.956035315
603	542632.9534538474
604	542632.9509438012
605	542632.9488623304
606	542632.9459396354
607	542632.944276878
608	542632.94219224
609	542632.940539978
610	542632.9387434198
611	542632.9371433149
612	542632.9353350197
613	542632.933915428
614	542632.9327337932
615	542632.9313520666
616	542632.9298722249
617	542632.9283775217
618	542632.9270494076
619	542632.9257266347
620	542632.9242460884
621	542632.9231854696
622	542632.9219302216
623	542632.9206378225
624	542632.9193955914
625	542632.9184796946
626	542632.9174539963
627	542632.9165486767
628	542632.9156730128
629	542632.9147514796
630	542632.9136155411
631	542632.91280661
632	542632.9117185916
633	542632.9109589097
634	542632.910035237
635	542632.90932613
636	542632.9085745582
637	542632.9078278429
638	542632.9071490879
639	542632.9063155107
640	542632.9056440172
641	542632.9049644677
642	542632.9043090479
643	542632.9036435308
644	542632.9029849942
645	542632.9023888462
646	542632.901684999
647	542632.901061226
648	542632.9004357215
649	542632.89975559
650	542632.8991693589
651	542632.8984948712
652	542632.8978849853
653	542632.8972740999
654	542632.8966677277
655	542632.8961332514
656	542632.8955855422
657	542632.8951176549
658	542632.8946407991
659	542632.8942001852
660	542632.8937810955
661	542632.8933197894
662	542632.8929577807
663	542632.8925380645
664	542632.8921276975
665	542632.8917453935
666	542632.8913315223
667	542632.8909817232
668	542632.8906459684
669	542632.8902736079
670	542632.8897820595
671	542632.8894296454
672	542632.8889430308
673	542632.8885727248
674	542632.8881685078
675	542632.8878163077
676	542632.8874484012
677	542632.8869834716
678	542632.8866419921
679	542632.8862760094
680	542632.8858209458
681	542632.8853826555
682	542632.8850261205
683	542632.884704047
684	542632.8843576615
685	542632.8840507382
686	542632.8837520179
687	542632.8834653744
688	542632.8831378538
689	542632.8827932748
690	542632.8824497873
691	542632.8821748473
692	542632.8818258686
693	542632.8813725696
694	542632.881068122
695	542632.8806846038
696	542632.8803334559
697	542632.8800294666
698	542632.8796887589
699	542632.8793340346
700	542632.8790114174
701	542632.878713379
702	542632.878330218
703	542632.8780434994
704	542632.8776982424
705	542632.8772785676
706	542632.8768682058
707	542632.8764831447
708	542632.8761026899
709	542632.8755671266
710	542632.8750626569
711	542632.8746151044
712	542632.8740879273
713	542632.873620262
714	542632.873200735
715	542632.87266634
716	542632.8721566211
717	542632.871695216
718	542632.8712321329
719	542632.8708234193
720	542632.8704689938
721	542632.8701124792
722	542632.8697488944
723	542632.8694848616
724	542632.8691886461
725	542632.8688774033
726	542632.8685632412
727	542632.8682897697
728	542632.8680161814
729	542632.8677798036
730	542632.8675615982
731	542632.8673959238
732	542632.8671194069
733	542632.8669620057
734	542632.8667520916
735	542632.8664910846
736	542632.8663352279
737	542632.8661444312
738	542632.8659482696
739	542632.8657343506
740	542632.8655737658
741	542632.8653975244
742	542632.8652063463
743	542632.8650245286
744	542632.864876176
745	542632.8647473425
746	542632.8646162719
747	542632.8645044449
748	542632.8644018972
749	542632.864300147
750	542632.8642035945
751	542632.8641070349
752	542632.8639978204
753	542632.86390392
754	542632.8638231292
755	542632.8637018609
756	542632.8636265225
757	542632.8635245339
758	542632.863437864
759	542632.8633472412
760	542632.8632608837
761	542632.8631762336
762	542632.8630760997
763	542632.8629993475
764	542632.8629122422
765	542632.8628293144
766	542632.86275759
767	542632.862665058
768	542632.8625794357
769	542632.8625129743
770	542632.8624148078
771	542632.8623487181
772	542632.8622653993
773	542632.8621817644
774	542632.8621157265
775	542632.8620491066
776	542632.8619917876
777	542632.8619127638
778	542632.861877895
779	542632.8618202924
780	542632.86178417
781	542632.8617380158
782	542632.8617007514
783	542632.8616597119
784	542632.861616587
785	542632.8615786913
786	542632.8615356453
787	542632.8614950791
788	542632.8614429963
789	542632.8614006456
790	542632.861350742
791	542632.8613077531
792	542632.8612580134
793	542632.8612064382
794	542632.8611556079
795	542632.8611114478
796	542632.8610663154
797	542632.8610125153
798	542632.8609727796
799	542632.8609268145
800	542632.8608839826
801	542632.8608379286
802	542632.8608014244
803	542632.8607594596
804	542632.8607241707
805	542632.8606818869
806	542632.8606418548
807	542632.8605929277
808	542632.8605611401
809	542632.8605263187
810	542632.8604936213
811	542632.8604628743
812	542632.8604263107
813	542632.8603947568
814	542632.860360448
815	542632.8603319522
816	542632.8603018381
817	542632.8602761045
818	542632.860240268
819	542632.8602136442
820	542632.8601832646
821	542632.8601543914
822	542632.8601289145
823	542632.860094391
824	542632.8600707034
825	542632.8600423326
826	542632.8600192084
827	542632.8599973606
828	542632.859976601
829	542632.8599570007
830	542632.8599378953
831	542632.859916973
832	542632.8599012626
833	542632.8598808292
834	542632.8598601888
835	542632.8598386005
836	542632.8598156698
837	542632.8597983116
838	542632.859775769
839	542632.8597562269
840	542632.8597376184
841	542632.8597179635
842	542632.8596986658
843	542632.8596745314
844	542632.8596533341
845	542632.8596252631
846	542632.8595853294
847	542632.859543841
848	542632.859507917
849	542632.859476696
850	542632.8594514702
851	542632.8594244373
852	542632.8594002022
853	542632.8593694185
854	542632.859332259
855	542632.8593024244
856	542632.8592578978
857	542632.8592132609
858	542632.8591736868
859	542632.8591370988
860	542632.8591062148
861	542632.8590603904
862	542632.8590087444
863	542632.8589534407
864	542632.8588855437
865	542632.8588310714
866	542632.8587754334
867	542632.858709754
868	542632.8586619764
869	542632.8586199163
870	542632.8585727969
871	542632.8585215482
872	542632.8584458656
873	542632.858348161
874	542632.8582954102
875	542632.8582332962
876	542632.8581581602
877	542632.8580834604
878	542632.8579888982
879	542632.8579051264
880	542632.8578315635
881	542632.8577917682
882	542632.8577468003
883	542632.8577044954
884	542632.8576637915
885	542632.8576256497
886	542632.8575827902
887	542632.8575264247
888	542632.8574928181
889	542632.8574342809
890	542632.857406196
891	542632.8573569666
892	542632.8573051584
893	542632.8572377041
894	542632.8571885714
895	542632.8571349424
896	542632.8570757027
897	542632.8570210799
898	542632.856977695
899	542632.856926394
900	542632.8568813662
901	542632.8568480299
902	542632.8568156384
903	542632.8567828462
904	542632.856744939
905	542632.8567081304
906	542632.8566691763
907	542632.8566376037
908	542632.8566148948
909	542632.8565897698
910	542632.8565653358
911	542632.8565393148
912	542632.8565187856
913	542632.856493689
914	542632.8564750344
915	542632.8564533893
916	542632.8564306339
917	542632.856412429
918	542632.8563960412
919	542632.8563764034
920	542632.8563600685
921	542632.8563452701
922	542632.8563334539
923	542632.8563194745
924	542632.8563066024
925	542632.856295086
926	542632.856282776
927	542632.8562738441
928	542632.8562649273
929	542632.8562544704
930	542632.856245137
931	542632.8562362447
932	542632.8562283037
933	542632.8562206704
934	542632.8562131949
935	542632.8562043469
936	542632.8561967307
937	542632.8561885426
938	542632.8561814423
939	542632.8561736611
940	542632.8561651552
941	542632.8561577129
942	542632.8561479264
943	542632.8561403415
944	542632.8561300843
945	542632.8561211178
946	542632.8561095366
947	542632.856094583
948	542632.8560807608
949	542632.8560704761
950	542632.8560592636
951	542632.8560471113
952	542632.8560342372
953	542632.8560185455
954	542632.856004591
955	542632.8559925967
956	542632.8559762436
957	542632.855964072
958	542632.855945824
959	542632.8559337606
960	542632.8559152668
961	542632.8559039757
962	542632.8558933374
963	542632.8558792725
964	542632.8558632841
965	542632.8558440828
966	542632.8558320769
967	542632.8558104436
968	542632.8557948299
969	542632.855776232
970	542632.8557579532
971	542632.855739952
972	542632.855723962
973	542632.8557086262
974	542632.8556945189
975	542632.8556826662
976	542632.8556699255
977	542632.8556578422
978	542632.8556465361
979	542632.8556343348
980	542632.8556202601
981	542632.8556115382
982	542632.8556003984
983	542632.8555914768
984	542632.8555833726
985	542632.8555756888
986	542632.855556158
987	542632.8555467527
988	542632.8555326139
989	542632.8555231104
990	542632.8555120178
991	542632.855498236
992	542632.855488704
993	542632.8554759655
994	542632.8554684693
995	542632.855458222
996	542632.8554516096
997	542632.8554410727
998	542632.8554328334
999	542632.855424716
1000	542632.8554152966
1001	542632.8554065923
1002	542632.8553948296
1003	542632.8553875827
1004	542632.8553779654
1005	542632.8553664448
1006	542632.8553566842
1007	542632.8553460897
1008	542632.8553327458
1009	542632.8553238433
1010	542632.8553113572
1011	542632.8553025968
1012	542632.8552929881
1013	542632.8552850585
1014	542632.8552791249
1015	542632.8552691867
1016	542632.8552597754
1017	542632.8552529534
1018	542632.8552470146
1019	542632.8552392056
1020	542632.8552321718
1021	542632.8552255146
1022	542632.855214922
1023	542632.855204407
1024	542632.8551918807
1025	542632.855182891
1026	542632.8551717653
1027	542632.8551580814
1028	542632.8551480327
1029	542632.8551329143
1030	542632.8551191979
1031	542632.8551084425
1032	542632.855098311
1033	542632.8550879689
1034	542632.8550775726
1035	542632.8550698835
1036	542632.8550624187
1037	542632.8550555987
1038	542632.8550474587
1039	542632.8550410904
1040	542632.8550315114
1041	542632.8550247389
1042	542632.8550171831
1043	542632.8550099857
1044	542632.85500236
1045	542632.854995235
1046	542632.854984208
1047	542632.8549771516
1048	542632.8549677044
1049	542632.8549602662
1050	542632.8549506195
1051	542632.8549428384
1052	542632.8549365888
1053	542632.8549259971
1054	542632.854920724
1055	542632.8549135942
1056	542632.8549077747
1057	542632.8548986029
1058	542632.8548881001
1059	542632.8548795021
1060	542632.8548717134
1061	542632.8548644242
1062	542632.8548577743
1063	542632.854851579
1064	542632.8548456266
1065	542632.854838952
1066	542632.8548338898
1067	542632.8548280502
1068	542632.8548223948
1069	542632.8548170988
1070	542632.8548135695
1071	542632.8548101739
1072	542632.8548064537
1073	542632.8548033535
1074	542632.8547986634
1075	542632.8547960684
1076	542632.8547928563
1077	542632.8547891822
1078	542632.8547857091
1079	542632.8547815313
1080	542632.8547789314
1081	542632.8547755892
1082	542632.8547736858
1083	542632.8547700557
1084	542632.85476716
1085	542632.8547642297
1086	542632.8547618259
1087	542632.8547589913
1088	542632.8547563105
1089	542632.8547545783
1090	542632.8547523556
1091	542632.854750999
1092	542632.854748394
1093	542632.8547469956
1094	542632.8547448653
1095	542632.8547432738
1096	542632.8547414452
1097	542632.854739507
1098	542632.8547378922
1099	542632.8547363802
1100	542632.8547349742
1101	542632.8547336665
1102	542632.854732725
1103	542632.8547316351
1104	542632.8547310104
1105	542632.8547300512
1106	542632.8547293535
1107	542632.8547285877
1108	542632.8547275155
1109	542632.8547268447
1110	542632.854725998
1111	542632.854725143
1112	542632.8547243366
1113	542632.8547235258
1114	542632.8547228778
1115	542632.8547218473
1116	542632.854721238
1117	542632.8547203896
1118	542632.854719745
1119	542632.8547189642
1120	542632.8547184861
1121	542632.8547178466
1122	542632.8547172691
1123	542632.8547166811
1124	542632.8547160549
1125	542632.8547154507
1126	542632.854714823
1127	542632.854714253
1128	542632.8547137267
1129	542632.8547130849
1130	542632.8547125083
1131	542632.8547118544
1132	542632.854711328
1133	542632.8547109264
1134	542632.8547103541
1135	542632.8547099275
1136	542632.8547093166
1137	542632.8547088281
1138	542632.8547083648
1139	542632.8547078338
1140	542632.8547074819
1141	542632.8547071446
1142	542632.8547068842
1143	542632.8547066246
1144	542632.8547064225
1145	542632.8547060625
1146	542632.8547057946
1147	542632.8547055766
1148	542632.8547054046
1149	542632.8547052068
1150	542632.8547049861
1151	542632.8547047755
1152	542632.8547045732
1153	542632.8547043785
1154	542632.8547041222
1155	542632.8547039089
1156	542632.8547036927
1157	542632.8547034066
1158	542632.8547031445
1159	542632.8547029069
1160	542632.8547024687
1161	542632.8547021878
1162	542632.8547018432
1163	542632.8547014889
1164	542632.8547010135
1165	542632.8547006284
1166	542632.8547002439
1167	542632.8546995817
1168	542632.854699061
1169	542632.8546982638
1170	542632.8546976841
1171	542632.85469714
1172	542632.8546965442
1173	542632.8546959736
1174	542632.8546953597
1175	542632.8546949942
1176	542632.8546944794
1177	542632.8546940581
1178	542632.8546934358
1179	542632.8546926125
1180	542632.8546920436
1181	542632.8546915237
1182	542632.8546909507
1183	542632.8546904622
1184	542632.8546899357
1185	542632.8546895193
1186	542632.8546891471
1187	542632.8546889244
1188	542632.8546883762
1189	542632.8546880841
1190	542632.8546878512
1191	542632.8546876267
1192	542632.8546874535
1193	542632.8546872208
1194	542632.8546870946
1195	542632.8546868031
1196	542632.8546866397
1197	542632.8546864714
1198	542632.8546862943
1199	542632.854686145
1200	542632.8546859841
1201	542632.8546857336
1202	542632.8546855453
1203	542632.8546853381
1204	542632.854685094
1205	542632.8546848303
1206	542632.85468452
1207	542632.8546843462
1208	542632.854683999
1209	542632.8546837982
1210	542632.8546834626
1211	542632.8546832951
1212	542632.8546830729
1213	542632.8546827863
1214	542632.8546826683
1215	542632.8546823948
1216	542632.8546822482
1217	542632.8546820364
1218	542632.8546818168
1219	542632.8546816715
1220	542632.8546815116
1221	542632.8546813471
1222	542632.8546811544
1223	542632.8546809589
1224	542632.8546806934
1225	542632.8546805179
1226	542632.8546803362
1227	542632.8546802267
1228	542632.8546800535
1229	542632.854679884
1230	542632.8546795781
1231	542632.8546794611
1232	542632.8546791825
1233	542632.8546789862
1234	542632.8546788141
1235	542632.8546785609
1236	542632.8546783138
1237	542632.8546781156
1238	542632.8546777099
1239	542632.8546774808
1240	542632.8546772288
1241	542632.8546769955
1242	542632.8546767673
1243	542632.8546765717
1244	542632.8546763242
1245	542632.8546760676
1246	542632.8546758873
1247	542632.8546757125
1248	542632.8546755769
1249	542632.8546754181
1250	542632.8546753146
1251	542632.8546751838
1252	542632.8546750485
1253	542632.8546749379
1254	542632.8546748157
1255	542632.8546746421
1256	542632.8546745386
1257	542632.8546744218
1258	542632.8546742367
1259	542632.8546741107
1260	542632.8546739627
1261	542632.8546737633
1262	542632.8546735336
1263	542632.8546733574
1264	542632.8546731581
1265	542632.8546730144
1266	542632.8546727834
1267	542632.8546726152
1268	542632.854672387
1269	542632.85467213
1270	542632.8546719154
1271	542632.854671683
1272	542632.8546715312
1273	542632.8546713068
1274	542632.8546711096
1275	542632.8546709105
1276	542632.8546707634
1277	542632.8546705437
1278	542632.8546704006
1279	542632.8546702699
1280	542632.8546701559
1281	542632.8546700459
1282	542632.8546699763
1283	542632.8546698935
1284	542632.8546698324
1285	542632.8546697699
1286	542632.8546696857
1287	542632.8546695911
1288	542632.8546694983
1289	542632.8546694161
1290	542632.8546693336
1291	542632.8546692438
1292	542632.854669147
1293	542632.8546690858
1294	542632.854669028
1295	542632.8546689462
1296	542632.8546688876
1297	542632.8546687656
1298	542632.8546687026
1299	542632.8546686284
1300	542632.8546685675
1301	542632.8546684951
1302	542632.8546684149
1303	542632.8546683531
1304	542632.8546682582
1305	542632.8546681999
1306	542632.8546681235
1307	542632.8546680503
1308	542632.8546679969
1309	542632.8546679259
1310	542632.8546678539
1311	542632.8546678027
1312	542632.8546677453
1313	542632.8546676892
1314	542632.8546676346
1315	542632.8546675981
1316	542632.8546675378
1317	542632.8546674488
1318	542632.8546673713
1319	542632.8546672941
1320	542632.8546672087
1321	542632.8546671615
1322	542632.8546670425
1323	542632.8546669611
1324	542632.8546668894
1325	542632.8546668303
1326	542632.8546667417
1327	542632.8546666484
1328	542632.8546665548
1329	542632.8546664729
1330	542632.8546663872
1331	542632.854666294
1332	542632.8546662068
1333	542632.8546660788
1334	542632.8546660057
1335	542632.8546659312
1336	542632.8546658533
1337	542632.8546657857
1338	542632.8546657187
1339	542632.8546656535
1340	542632.85466559
1341	542632.8546655313
1342	542632.8546654477
1343	542632.854665408
1344	542632.8546653184
1345	542632.8546652505
1346	542632.8546651851
1347	542632.854665137
1348	542632.8546650772
1349	542632.8546650249
1350	542632.8546649294
1351	542632.8546648516
1352	542632.8546647864
1353	542632.8546646883
1354	542632.854664639
1355	542632.8546645353
1356	542632.8546644667
1357	542632.8546644055
1358	542632.8546643249
1359	542632.8546642764
1360	542632.8546642167
1361	542632.8546641554
1362	542632.8546640887
1363	542632.854664045
1364	542632.8546639702
1365	542632.8546639289
1366	542632.85466387
1367	542632.8546638294
1368	542632.8546637807
1369	542632.8546637286
1370	542632.8546636733
1371	542632.8546636393
1372	542632.8546635966
1373	542632.854663547
1374	542632.8546635115
1375	542632.8546634689
1376	542632.8546634435
1377	542632.8546634038
1378	542632.8546633803
1379	542632.8546633603
1380	542632.8546633335
1381	542632.8546633063
1382	542632.8546632783
1383	542632.8546632521
1384	542632.8546632308
1385	542632.8546632042
1386	542632.854663174
1387	542632.8546631505
1388	542632.8546631314
1389	542632.8546631142
1390	542632.8546630944
1391	542632.8546630755
1392	542632.8546630499
1393	542632.8546630349
1394	542632.8546630199
1395	542632.854663001
1396	542632.854662982
1397	542632.854662968
1398	542632.8546629555
1399	542632.8546629433
1400	542632.854662934
1401	542632.8546629229
1402	542632.8546629156
1403	542632.8546629047
1404	542632.8546628995
1405	542632.8546628916
1406	542632.8546628858
1407	542632.8546628777
1408	542632.854662867
1409	542632.8546628611
1410	542632.8546628538
1411	542632.8546628455
1412	542632.8546628396
1413	542632.8546628351
1414	542632.8546628288
1415	542632.8546628198
1416	542632.8546628128
1417	542632.8546628044
1418	542632.8546627957
1419	542632.8546627845
1420	542632.8546627765
1421	542632.8546627705
1422	542632.8546627654
1423	542632.8546627567
1424	542632.8546627514
1425	542632.8546627469
1426	542632.8546627413
1427	542632.8546627339
1428	542632.8546627248
1429	542632.8546627208
1430	542632.8546627143
1431	542632.8546627063
1432	542632.8546626988
1433	542632.8546626919
1434	542632.8546626854
1435	542632.8546626781
1436	542632.8546626719
1437	542632.8546626655
1438	542632.8546626612
1439	542632.8546626536
1440	542632.8546626496
1441	542632.8546626444
1442	542632.8546626403
1443	542632.8546626365
1444	542632.8546626312
1445	542632.8546626271
1446	542632.854662623
1447	542632.8546626195
1448	542632.8546626174
1449	542632.8546626146
1450	542632.854662612
1451	542632.8546626086
1452	542632.8546626038
1453	542632.8546625974
1454	542632.8546625932
1455	542632.8546625865
1456	542632.8546625827
1457	542632.8546625782
1458	542632.8546625742
1459	542632.8546625703
1460	542632.8546625666
1461	542632.8546625635
1462	542632.8546625582
1463	542632.8546625562
1464	542632.8546625524
1465	542632.8546625483
1466	542632.8546625422
1467	542632.8546625391
1468	542632.8546625313
1469	542632.854662526
1470	542632.854662521
1471	542632.8546625136
1472	542632.8546625029
1473	542632.8546624968
1474	542632.8546624857
1475	542632.8546624791
1476	542632.8546624703
1477	542632.8546624655
1478	542632.8546624595
1479	542632.8546624549
1480	542632.8546624487
1481	542632.8546624443
1482	542632.8546624408
1483	542632.8546624369
1484	542632.8546624345
1485	542632.8546624304
1486	542632.8546624264
1487	542632.854662424
1488	542632.8546624209
1489	542632.854662419
1490	542632.8546624158
1491	542632.8546624137
1492	542632.8546624115
1493	542632.8546624098
1494	542632.8546624075
1495	542632.854662406
1496	542632.8546624047
1497	542632.8546624036
1498	542632.8546624025
1499	542632.8546624013
1500	542632.8546624002
1501	542632.8546623993
1502	542632.854662398
1503	542632.8546623971
1504	542632.8546623959
1505	542632.8546623953
1506	542632.8546623944
1507	542632.8546623936
1508	542632.854662393
1509	542632.8546623919
1510	542632.8546623907
1511	542632.8546623889
1512	542632.8546623877
1513	542632.8546623865
1514	542632.8546623853
1515	542632.8546623844
1516	542632.8546623831
1517	542632.8546623819
1518	542632.8546623808
1519	542632.8546623798
1520	542632.8546623788
1521	542632.854662378
1522	542632.8546623769
1523	542632.8546623761
1524	542632.8546623752
1525	542632.8546623744
1526	542632.8546623735
1527	542632.8546623725
1528	542632.854662372
1529	542632.8546623711
1530	542632.8546623704
1531	542632.8546623696
1532	542632.8546623692
1533	542632.8546623684
1534	542632.854662368
1535	542632.8546623673
1536	542632.8546623668
1537	542632.8546623661
1538	542632.8546623655
1539	542632.8546623649
1540	542632.8546623646
1541	542632.8546623638
1542	542632.8546623628
1543	542632.8546623621
1544	542632.8546623614
1545	542632.8546623611
1546	542632.8546623605
1547	542632.8546623599
1548	542632.8546623592
1549	542632.8546623586
1550	542632.8546623582
1551	542632.8546623577
1552	542632.854662357
1553	542632.8546623565
1554	542632.8546623561
1555	542632.8546623557
1556	542632.8546623553
1557	542632.8546623549
1558	542632.8546623546
1559	542632.8546623542
1560	542632.8546623538
1561	542632.8546623535
1562	542632.854662353
1563	542632.8546623527
1564	542632.8546623525
1565	542632.854662352
1566	542632.8546623519
1567	542632.8546623515
1568	542632.8546623511
1569	542632.8546623508
1570	542632.8546623505
1571	542632.8546623503
1572	542632.8546623499
1573	542632.8546623498
1574	542632.8546623494
1575	542632.8546623492
1576	542632.8546623491
1577	542632.854662349
1578	542632.8546623489
1579	542632.8546623486
1580	542632.8546623482
1581	542632.8546623479
1582	542632.8546623475
1583	542632.8546623472
1584	542632.8546623469
1585	542632.8546623465
1586	542632.8546623463
1587	542632.8546623461
1588	542632.8546623458
1589	542632.8546623455
1590	542632.8546623451
1591	542632.8546623448
1592	542632.8546623446
1593	542632.8546623443
1594	542632.8546623441
1595	542632.8546623439
1596	542632.8546623435
1597	542632.8546623433
1598	542632.8546623432
1599	542632.854662343
1600	542632.8546623427
1601	542632.8546623426
1602	542632.8546623425
1603	542632.8546623423
1604	542632.8546623422
1605	542632.854662342
1606	542632.8546623419
1607	542632.8546623418
1608	542632.8546623416
1609	542632.8546623416
1610	542632.8546623415
1611	542632.8546623415
1612	542632.8546623414
1613	542632.8546623413
1614	542632.8546623413
1615	542632.8546623412
1616	542632.8546623412
1617	542632.8546623411
1618	542632.854662341
1619	542632.8546623408
1620	542632.8546623408
1621	542632.8546623407
1622	542632.8546623407
1623	542632.8546623405
1624	542632.8546623405
1625	542632.8546623405
1626	542632.8546623404
1627	542632.8546623404
1628	542632.8546623404
1629	542632.8546623404
1630	542632.8546623403
1631	542632.8546623403
1632	542632.8546623403
1633	542632.8546623403
1634	542632.8546623403
1635	542632.8546623403
1636	542632.8546623403
1637	542632.8546623401
1638	542632.8546623401
1639	542632.8546623401
1640	542632.85466234
1641	542632.85466234
1642	542632.85466234
1643	542632.85466234
1644	542632.85466234
1645	542632.85466234
1646	542632.8546623399
1647	542632.8546623399
1648	542632.8546623399
1649	542632.8546623399
1650	542632.8546623399
1651	542632.8546623399
1652	542632.8546623399
1653	542632.8546623399
1654	542632.8546623399
1655	542632.8546623399
1656	542632.8546623399
1657	542632.8546623399
1658	542632.8546623399
1659	542632.8546623399
1660	542632.8546623398
1661	542632.8546623398
1662	542632.8546623398
1663	542632.8546623398
1664	542632.8546623398
1665	542632.8546623398
1666	542632.8546623397
1667	542632.8546623397
1668	542632.8546623397
1669	542632.8546623397
1670	542632.8546623397
1671	542632.8546623397
1672	542632.8546623397
1673	542632.8546623397
1674	542632.8546623397
1675	542632.8546623397
1676	542632.8546623397
1677	542632.8546623397
1678	542632.8546623397
1679	542632.8546623397
1680	542632.8546623397
1681	542632.8546623397
1682	542632.8546623397
1683	542632.8546623397
1684	542632.8546623397
1685	542632.8546623397
1686	542632.8546623397
1687	542632.8546623397
1688	542632.8546623397
1689	542632.8546623397
1690	542632.8546623397
1691	542632.8546623397
1692	542632.8546623397
1693	542632.8546623397
1694	542632.8546623397
1695	542632.8546623397
1696	542632.8546623397
1697	542632.8546623397
1698	542632.8546623397
1699	542632.8546623397
1700	542632.8546623397
1701	542632.8546623397
1702	542632.8546623397
1703	542632.8546623397
1704	542632.8546623397
1705	542632.8546623397
1706	542632.8546623397
1707	542632.8546623397
1708	542632.8546623397
1709	542632.8546623397
1710	542632.8546623397
1711	542632.8546623397
1712	542632.8546623397
1713	542632.8546623397
1714	542632.8546623397
1715	542632.8546623397
1716	542632.8546623397
1717	542632.8546623397
1718	542632.8546623397
1719	542632.8546623397
1720	542632.8546623397
1721	542632.8546623397
1722	542632.8546623397
1723	542632.8546623397
1724	542632.8546623397
1725	542632.8546623397
1726	542632.8546623397
1727	542632.8546623397
1728	542632.8546623397
1729	542632.8546623397
1730	542632.8546623397
1731	542632.8546623397
1732	542632.8546623397
1733	542632.8546623397
1734	542632.8546623397
1735	542632.8546623397
1736	542632.8546623397
1737	542632.8546623397
1738	542632.8546623397
1739	542632.8546623397
1740	542632.8546623397
1741	542632.8546623397
1742	542632.8546623397
1743	542632.8546623397
1744	542632.8546623397
1745	542632.8546623397
1746	542632.8546623397
1747	542632.8546623397
1748	542632.8546623397
1749	542632.8546623397
1750	542632.8546623397
1751	542632.8546623397
1752	542632.8546623397
1753	542632.8546623397
1754	542632.8546623397
1755	542632.8546623397
1756	542632.8546623397
1757	542632.8546623397
1758	542632.8546623397
1759	542632.8546623397
1760	542632.8546623397
1761	542632.8546623397
1762	542632.8546623397
1763	542632.8546623397
1764	542632.8546623397
1765	542632.8546623397
1766	542632.8546623397
1767	542632.8546623397
1768	542632.8546623397
1769	542632.8546623397
1770	542632.8546623397
1771	542632.8546623397
1772	542632.8546623397
1773	542632.8546623397
1774	542632.8546623397
1775	542632.8546623397
1776	542632.8546623397
1777	542632.8546623397
1778	542632.8546623397
1779	542632.8546623397
1780	542632.8546623397
1781	542632.8546623397
1782	542632.8546623397
1783	542632.8546623397
1784	542632.8546623397
1785	542632.8546623397
1786	542632.8546623397
1787	542632.8546623397
1788	542632.8546623397
1789	542632.8546623397
1790	542632.8546623397
1791	542632.8546623397
1792	542632.8546623397
1793	542632.8546623397
1794	542632.8546623397
1795	542632.8546623397
1796	542632.8546623397
1797	542632.8546623397
1798	542632.8546623397
1799	542632.8546623397
1800	542632.8546623397
1801	542632.8546623397
1802	542632.8546623397
1803	542632.8546623397
1804	542632.8546623397
1805	542632.8546623397
1806	542632.8546623397
1807	542632.8546623397
1808	542632.8546623397
1809	542632.8546623397
1810	542632.8546623397
1811	542632.8546623397
1812	542632.8546623397
1813	542632.8546623397
1814	542632.8546623397
1815	542632.8546623397
1816	542632.8546623397
1817	542632.8546623397
1818	542632.8546623397
1819	542632.8546623397
1820	542632.8546623397
1821	542632.8546623397
1822	542632.8546623397
1823	542632.8546623397
1824	542632.8546623397
1825	542632.8546623397
1826	542632.8546623397
1827	542632.8546623397
1828	542632.8546623397
1829	542632.8546623397
1830	542632.8546623397
1831	542632.8546623397
1832	542632.8546623397
1833	542632.8546623397
1834	542632.8546623397
1835	542632.8546623397
1836	542632.8546623397
1837	542632.8546623397
1838	542632.8546623397
1839	542632.8546623397
1840	542632.8546623397
1841	542632.8546623397
1842	542632.8546623397
1843	542632.8546623397
1844	542632.8546623397
1845	542632.8546623397
1846	542632.8546623397
1847	542632.8546623397
1848	542632.8546623397
1849	542632.8546623397
1850	542632.8546623397
1851	542632.8546623397
1852	542632.8546623397
1853	542632.8546623397
1854	542632.8546623397
1855	542632.8546623397
1856	542632.8546623397
1857	542632.8546623397
1858	542632.8546623397
1859	542632.8546623397
1860	542632.8546623397
1861	542632.8546623397
1862	542632.8546623397
1863	542632.8546623397
1864	542632.8546623397
1865	542632.8546623397
1866	542632.8546623397
1867	542632.8546623397
1868	542632.8546623397
1869	542632.8546623397
1870	542632.8546623397
1871	542632.8546623397
1872	542632.8546623397
1873	542632.8546623397
1874	542632.8546623397
1875	542632.8546623397
1876	542632.8546623397
1877	542632.8546623397
1878	542632.8546623397
1879	542632.8546623397
1880	542632.8546623397
1881	542632.8546623397
1882	542632.8546623397
1883	542632.8546623397
1884	542632.8546623397
1885	542632.8546623397
1886	542632.8546623397
1887	542632.8546623397
1888	542632.8546623397
1889	542632.8546623397
1890	542632.8546623397
1891	542632.8546623397
1892	542632.8546623397
1893	542632.8546623397
1894	542632.8546623397
1895	542632.8546623397
1896	542632.8546623397
1897	542632.8546623397
1898	542632.8546623397
1899	542632.8546623397
1900	542632.8546623397
1901	542632.8546623397
1902	542632.8546623397
1903	542632.8546623397
1904	542632.8546623397
1905	542632.8546623397
1906	542632.8546623397
1907	542632.8546623397
1908	542632.8546623397
1909	542632.8546623397
1910	542632.8546623397
1911	542632.8546623397
1912	542632.8546623397
1913	542632.8546623397
1914	542632.8546623397
1915	542632.8546623397
1916	542632.8546623397
1917	542632.8546623397
1918	542632.8546623397
1919	542632.8546623397
1920	542632.8546623397
1921	542632.8546623397
1922	542632.8546623397
1923	542632.8546623397
1924	542632.8546623397
1925	542632.8546623397
1926	542632.8546623397
1927	542632.8546623397
1928	542632.8546623397
1929	542632.8546623397
1930	542632.8546623397
1931	542632.8546623397
1932	542632.8546623397
1933	542632.8546623397
1934	542632.8546623397
1935	542632.8546623397
1936	542632.8546623397
1937	542632.8546623397
1938	542632.8546623397
1939	542632.8546623397
1940	542632.8546623397
1941	542632.8546623397
1942	542632.8546623397
1943	542632.8546623397
1944	542632.8546623397
1945	542632.8546623397
1946	542632.8546623397
1947	542632.8546623397
1948	542632.8546623397
1949	542632.8546623397
1950	542632.8546623397
1951	542632.8546623397
1952	542632.8546623397
1953	542632.8546623397
1954	542632.8546623397
1955	542632.8546623397
1956	542632.8546623397
1957	542632.8546623397
1958	542632.8546623397
1959	542632.8546623397
1960	542632.8546623397
1961	542632.8546623397
1962	542632.8546623397
1963	542632.8546623397
1964	542632.8546623397
1965	542632.8546623397
1966	542632.8546623397
1967	542632.8546623397
1968	542632.8546623397
1969	542632.8546623397
1970	542632.8546623397
1971	542632.8546623397
1972	542632.8546623397
1973	542632.8546623397
1974	542632.8546623397
1975	542632.8546623397
1976	542632.8546623397
1977	542632.8546623397
1978	542632.8546623397
1979	542632.8546623397
1980	542632.8546623397
1981	542632.8546623397
1982	542632.8546623397
1983	542632.8546623397
1984	542632.8546623397
1985	542632.8546623397
1986	542632.8546623397
1987	542632.8546623397
1988	542632.8546623397
1989	542632.8546623397
1990	542632.8546623397
1991	542632.8546623397
1992	542632.8546623397
1993	542632.8546623397
1994	542632.8546623397
1995	542632.8546623397
1996	542632.8546623397
1997	542632.8546623397
1998	542632.8546623397
1999	542632.8546623397
2000	542632.8546623397
2001	542632.8546623397
2002	542632.8546623397
2003	542632.8546623397
2004	542632.8546623397
2005	542632.8546623397
2006	542632.8546623397
2007	542632.8546623397
2008	542632.8546623397
2009	542632.8546623397
2010	542632.8546623397
2011	542632.8546623397
2012	542632.8546623397
2013	542632.8546623397
2014	542632.8546623397
2015	542632.8546623397
2016	542632.8546623397
2017	542632.8546623397
2018	542632.8546623397
2019	542632.8546623397
2020	542632.8546623397
2021	542632.8546623397
2022	542632.8546623397
2023	542632.8546623397
2024	542632.8546623397
2025	542632.8546623397
2026	542632.8546623397
2027	542632.8546623397
2028	542632.8546623397
2029	542632.8546623397
2030	542632.8546623397
2031	542632.8546623397
2032	542632.8546623397
2033	542632.8546623397
2034	542632.8546623397
2035	542632.8546623397
2036	542632.8546623397
2037	542632.8546623397
2038	542632.8546623397
2039	542632.8546623397
2040	542632.8546623397
2041	542632.8546623397
2042	542632.8546623397
2043	542632.8546623397
2044	542632.8546623397
2045	542632.8546623397
2046	542632.8546623397
2047	542632.8546623397
2048	542632.8546623397
2049	542632.8546623397
2050	542632.8546623397
2051	542632.8546623397
2052	542632.8546623397
2053	542632.8546623397
2054	542632.8546623397
2055	542632.8546623397
2056	542632.8546623397
2057	542632.8546623397
2058	542632.8546623397
2059	542632.8546623397
2060	542632.8546623397
2061	542632.8546623397
2062	542632.8546623397
2063	542632.8546623397
2064	542632.8546623397
2065	542632.8546623397
2066	542632.8546623397
2067	542632.8546623397
2068	542632.8546623397
2069	542632.8546623397
2070	542632.8546623397
2071	542632.8546623397
2072	542632.8546623397
2073	542632.8546623397
2074	542632.8546623397
2075	542632.8546623397
2076	542632.8546623397
2077	542632.8546623397
2078	542632.8546623397
2079	542632.8546623397
2080	542632.8546623397
2081	542632.8546623397
2082	542632.8546623397
2083	542632.8546623397
2084	542632.8546623397
2085	542632.8546623397
2086	542632.8546623397
2087	542632.8546623397
2088	542632.8546623397
2089	542632.8546623397
2090	542632.8546623397
2091	542632.8546623397
2092	542632.8546623397
2093	542632.8546623397
2094	542632.8546623397
2095	542632.8546623397
2096	542632.8546623397
2097	542632.8546623397
2098	542632.8546623397
2099	542632.8546623397
2100	542632.8546623397
2101	542632.8546623397
2102	542632.8546623397
2103	542632.8546623397
2104	542632.8546623397
2105	542632.8546623397
2106	542632.8546623397
2107	542632.8546623397
2108	542632.8546623397
2109	542632.8546623397
2110	542632.8546623397
2111	542632.8546623397
2112	542632.8546623397
2113	542632.8546623397
2114	542632.8546623397
2115	542632.8546623397
2116	542632.8546623397
2117	542632.8546623397
2118	542632.8546623397
2119	542632.8546623397
2120	542632.8546623397
2121	542632.8546623397
2122	542632.8546623397
2123	542632.8546623397
2124	542632.8546623397
2125	542632.8546623397
2126	542632.8546623397
2127	542632.8546623397
2128	542632.8546623397
2129	542632.8546623397
2130	542632.8546623397
2131	542632.8546623397
2132	542632.8546623397
2133	542632.8546623397
2134	542632.8546623397
2135	542632.8546623397
2136	542632.8546623397
2137	542632.8546623397
2138	542632.8546623397
2139	542632.8546623397
2140	542632.8546623397
2141	542632.8546623397
2142	542632.8546623397
2143	542632.8546623397
2144	542632.8546623397
2145	542632.8546623397
2146	542632.8546623397
2147	542632.8546623397
2148	542632.8546623397
2149	542632.8546623397
2150	542632.8546623397
2151	542632.8546623397
2152	542632.8546623397
2153	542632.8546623397
2154	542632.8546623397
2155	542632.8546623397
2156	542632.8546623397
2157	542632.8546623397
2158	542632.8546623397
2159	542632.8546623397
2160	542632.8546623397
2161	542632.8546623397
2162	542632.8546623397
2163	542632.8546623397
2164	542632.8546623397
2165	542632.8546623397
2166	542632.8546623397
2167	542632.8546623397
2168	542632.8546623397
2169	542632.8546623397
2170	542632.8546623397
2171	542632.8546623397
2172	542632.8546623397
2173	542632.8546623397
2174	542632.8546623397
2175	542632.8546623397
2176	542632.8546623397
2177	542632.8546623397
2178	542632.8546623397
2179	542632.8546623397
2180	542632.8546623397
2181	542632.8546623397
2182	542632.8546623397
2183	542632.8546623397
2184	542632.8546623397
2185	542632.8546623397
2186	542632.8546623397
2187	542632.8546623397
2188	542632.8546623397
2189	542632.8546623397
2190	542632.8546623397
2191	542632.8546623397
2192	542632.8546623397
2193	542632.8546623397
2194	542632.8546623397
2195	542632.8546623397
2196	542632.8546623397
2197	542632.8546623397
2198	542632.8546623397
2199	542632.8546623397
2200	542632.8546623397
2201	542632.8546623397
2202	542632.8546623397
2203	542632.8546623397
2204	542632.8546623397
2205	542632.8546623397
2206	542632.8546623397
2207	542632.8546623397
2208	542632.8546623397
2209	542632.8546623397
2210	542632.8546623397
2211	542632.8546623397
2212	542632.8546623397
2213	542632.8546623397
2214	542632.8546623397
2215	542632.8546623397
2216	542632.8546623397
2217	542632.8546623397
2218	542632.8546623397
2219	542632.8546623397
2220	542632.8546623397
2221	542632.8546623397
2222	542632.8546623397
2223	542632.8546623397
2224	542632.8546623397
2225	542632.8546623397
2226	542632.8546623397
2227	542632.8546623397
2228	542632.8546623397
2229	542632.8546623397
2230	542632.8546623397
2231	542632.8546623397
2232	542632.8546623397
2233	542632.8546623397
2234	542632.8546623397
2235	542632.8546623397
2236	542632.8546623397
2237	542632.8546623397
2238	542632.8546623397
2239	542632.8546623397
2240	542632.8546623397
2241	542632.8546623397
2242	542632.8546623397
2243	542632.8546623397
2244	542632.8546623397
2245	542632.8546623397
2246	542632.8546623397
2247	542632.8546623397
2248	542632.8546623397
2249	542632.8546623397
2250	542632.8546623397
2251	542632.8546623397
2252	542632.8546623397
2253	542632.8546623397
2254	542632.8546623397
2255	542632.8546623397
2256	542632.8546623397
2257	542632.8546623397
2258	542632.8546623397
2259	542632.8546623397
2260	542632.8546623397
2261	542632.8546623397
2262	542632.8546623397
2263	542632.8546623397
2264	542632.8546623397
2265	542632.8546623397
2266	542632.8546623397
2267	542632.8546623397
2268	542632.8546623397
2269	542632.8546623397
2270	542632.8546623397
2271	542632.8546623397
2272	542632.8546623397
2273	542632.8546623397
2274	542632.8546623397
2275	542632.8546623397
2276	542632.8546623397
2277	542632.8546623397
2278	542632.8546623397
2279	542632.8546623397
2280	542632.8546623397
2281	542632.8546623397
2282	542632.8546623397
2283	542632.8546623397
2284	542632.8546623397
2285	542632.8546623397
2286	542632.8546623397
2287	542632.8546623397
2288	542632.8546623397
2289	542632.8546623397
2290	542632.8546623397
2291	542632.8546623397
2292	542632.8546623397
2293	542632.8546623397
2294	542632.8546623397
2295	542632.8546623397
2296	542632.8546623397
2297	542632.8546623397
2298	542632.8546623397
2299	542632.8546623397
2300	542632.8546623397
2301	542632.8546623397
2302	542632.8546623397
2303	542632.8546623397
2304	542632.8546623397
2305	542632.8546623397
2306	542632.8546623397
2307	542632.8546623397
2308	542632.8546623397
2309	542632.8546623397
2310	542632.8546623397
2311	542632.8546623397
2312	542632.8546623397
2313	542632.8546623397
2314	542632.8546623397
2315	542632.8546623397
2316	542632.8546623397
2317	542632.8546623397
2318	542632.8546623397
2319	542632.8546623397
2320	542632.8546623397
2321	542632.8546623397
2322	542632.8546623397
2323	542632.8546623397
2324	542632.8546623397
2325	542632.8546623397
2326	542632.8546623397
2327	542632.8546623397
2328	542632.8546623397
2329	542632.8546623397
2330	542632.8546623397
2331	542632.8546623397
2332	542632.8546623397
2333	542632.8546623397
2334	542632.8546623397
2335	542632.8546623397
2336	542632.8546623397
2337	542632.8546623397
2338	542632.8546623397
2339	542632.8546623397
2340	542632.8546623397
2341	542632.8546623397
2342	542632.8546623397
2343	542632.8546623397
2344	542632.8546623397
2345	542632.8546623397
2346	542632.8546623397
2347	542632.8546623397
2348	542632.8546623397
2349	542632.8546623397
2350	542632.8546623397
2351	542632.8546623397
2352	542632.8546623397
2353	542632.8546623397
2354	542632.8546623397
2355	542632.8546623397
2356	542632.8546623397
2357	542632.8546623397
2358	542632.8546623397
2359	542632.8546623397
2360	542632.8546623397
2361	542632.8546623397
2362	542632.8546623397
2363	542632.8546623397
2364	542632.8546623397
2365	542632.8546623397
2366	542632.8546623397
2367	542632.8546623397
2368	542632.8546623397
2369	542632.8546623397
2370	542632.8546623397
2371	542632.8546623397
2372	542632.8546623397
2373	542632.8546623397
2374	542632.8546623397
2375	542632.8546623397
2376	542632.8546623397
2377	542632.8546623397
2378	542632.8546623397
2379	542632.8546623397
2380	542632.8546623397
2381	542632.8546623397
2382	542632.8546623397
2383	542632.8546623397
2384	542632.8546623397
2385	542632.8546623397
2386	542632.8546623397
2387	542632.8546623397
2388	542632.8546623397
2389	542632.8546623397
2390	542632.8546623397
2391	542632.8546623397
2392	542632.8546623397
2393	542632.8546623397
2394	542632.8546623397
2395	542632.8546623397
2396	542632.8546623397
2397	542632.8546623397
2398	542632.8546623397
2399	542632.8546623397
2400	542632.8546623397
2401	542632.8546623397
2402	542632.8546623397
2403	542632.8546623397
2404	542632.8546623397
2405	542632.8546623397
2406	542632.8546623397
2407	542632.8546623397
2408	542632.8546623397
2409	542632.8546623397
2410	542632.8546623397
2411	542632.8546623397
2412	542632.8546623397
2413	542632.8546623397
2414	542632.8546623397
2415	542632.8546623397
2416	542632.8546623397
2417	542632.8546623397
2418	542632.8546623397
2419	542632.8546623397
2420	542632.8546623397
2421	542632.8546623397
2422	542632.8546623397
2423	542632.8546623397
2424	542632.8546623397
2425	542632.8546623397
2426	542632.8546623397
2427	542632.8546623397
2428	542632.8546623397
2429	542632.8546623397
2430	542632.8546623397
2431	542632.8546623397
2432	542632.8546623397
2433	542632.8546623397
2434	542632.8546623397
2435	542632.8546623397
2436	542632.8546623397
2437	542632.8546623397
2438	542632.8546623397
2439	542632.8546623397
2440	542632.8546623397
2441	542632.8546623397
2442	542632.8546623397
2443	542632.8546623397
2444	542632.8546623397
2445	542632.8546623397
2446	542632.8546623397
2447	542632.8546623397
2448	542632.8546623397
2449	542632.8546623397
2450	542632.8546623397
2451	542632.8546623397
2452	542632.8546623397
2453	542632.8546623397
2454	542632.8546623397
2455	542632.8546623397
2456	542632.8546623397
2457	542632.8546623397
2458	542632.8546623397
2459	542632.8546623397
2460	542632.8546623397
2461	542632.8546623397
2462	542632.8546623397
2463	542632.8546623397
2464	542632.8546623397
2465	542632.8546623397
2466	542632.8546623397
2467	542632.8546623397
2468	542632.8546623397
2469	542632.8546623397
2470	542632.8546623397
2471	542632.8546623397
2472	542632.8546623397
2473	542632.8546623397
2474	542632.8546623397
2475	542632.8546623397
2476	542632.8546623397
2477	542632.8546623397
2478	542632.8546623397
2479	542632.8546623397
2480	542632.8546623397
2481	542632.8546623397
2482	542632.8546623397
2483	542632.8546623397
2484	542632.8546623397
2485	542632.8546623397
2486	542632.8546623397
2487	542632.8546623397
2488	542632.8546623397
2489	542632.8546623397
2490	542632.8546623397
2491	542632.8546623397
2492	542632.8546623397
2493	542632.8546623397
2494	542632.8546623397
2495	542632.8546623397
2496	542632.8546623397
2497	542632.8546623397
2498	542632.8546623397
2499	542632.8546623397
2500	542632.8546623397
2501	542632.8546623397
2502	542632.8546623397
2503	542632.8546623397
2504	542632.8546623397
2505	542632.8546623397
2506	542632.8546623397
2507	542632.8546623397
2508	542632.8546623397
2509	542632.8546623397
2510	542632.8546623397
2511	542632.8546623397
2512	542632.8546623397
2513	542632.8546623397
2514	542632.8546623397
2515	542632.8546623397
2516	542632.8546623397
2517	542632.8546623397
2518	542632.8546623397
2519	542632.8546623397
2520	542632.8546623397
2521	542632.8546623397
2522	542632.8546623397
2523	542632.8546623397
2524	542632.8546623397
2525	542632.8546623397
2526	542632.8546623397
2527	542632.8546623397
2528	542632.8546623397
2529	542632.8546623397
2530	542632.8546623397
2531	542632.8546623397
2532	542632.8546623397
2533	542632.8546623397
2534	542632.8546623397
2535	542632.8546623397
2536	542632.8546623397
2537	542632.8546623397
2538	542632.8546623397
2539	542632.8546623397
2540	542632.8546623397
2541	542632.8546623397
2542	542632.8546623397
2543	542632.8546623397
2544	542632.8546623397
2545	542632.8546623397
2546	542632.8546623397
2547	542632.8546623397
2548	542632.8546623397
2549	542632.8546623397
2550	542632.8546623397
2551	542632.8546623397
2552	542632.8546623397
2553	542632.8546623397
2554	542632.8546623397
2555	542632.8546623397
2556	542632.8546623397
2557	542632.8546623397
2558	542632.8546623397
2559	542632.8546623397
2560	542632.8546623397
2561	542632.8546623397
2562	542632.8546623397
2563	542632.8546623397
2564	542632.8546623397
2565	542632.8546623397
2566	542632.8546623397
2567	542632.8546623397
2568	542632.8546623397
2569	542632.8546623397
2570	542632.8546623397
2571	542632.8546623397
2572	542632.8546623397
2573	542632.8546623397
2574	542632.8546623397
2575	542632.8546623397
2576	542632.8546623397
2577	542632.8546623397
2578	542632.8546623397
2579	542632.8546623397
2580	542632.8546623397
2581	542632.8546623397
2582	542632.8546623397
2583	542632.8546623397
2584	542632.8546623397
2585	542632.8546623397
2586	542632.8546623397
2587	542632.8546623397
2588	542632.8546623397
2589	542632.8546623397
2590	542632.8546623397
2591	542632.8546623397
2592	542632.8546623397
2593	542632.8546623397
2594	542632.8546623397
2595	542632.8546623397
2596	542632.8546623397
2597	542632.8546623397
2598	542632.8546623397
2599	542632.8546623397
2600	542632.8546623397
2601	542632.8546623397
2602	542632.8546623397
2603	542632.8546623397
2604	542632.8546623397
2605	542632.8546623397
2606	542632.8546623397
2607	542632.8546623397
2608	542632.8546623397
2609	542632.8546623397
2610	542632.8546623397
2611	542632.8546623397
2612	542632.8546623397
2613	542632.8546623397
2614	542632.8546623397
2615	542632.8546623397
2616	542632.8546623397
2617	542632.8546623397
2618	542632.8546623397
2619	542632.8546623397
2620	542632.8546623397
2621	542632.8546623397
2622	542632.8546623397
2623	542632.8546623397
2624	542632.8546623397
2625	542632.8546623397
2626	542632.8546623397
2627	542632.8546623397
2628	542632.8546623397
2629	542632.8546623397
2630	542632.8546623397
2631	542632.8546623397
2632	542632.8546623397
2633	542632.8546623397
2634	542632.8546623397
2635	542632.8546623397
2636	542632.8546623397
2637	542632.8546623397
2638	542632.8546623397
2639	542632.8546623397
2640	542632.8546623397
2641	542632.8546623397
2642	542632.8546623397
2643	542632.8546623397
2644	542632.8546623397
2645	542632.8546623397
2646	542632.8546623397
2647	542632.8546623397
2648	542632.8546623397
2649	542632.8546623397
2650	542632.8546623397
2651	542632.8546623397
2652	542632.8546623397
2653	542632.8546623397
2654	542632.8546623397
2655	542632.8546623397
2656	542632.8546623397
2657	542632.8546623397
2658	542632.8546623397
2659	542632.8546623397
2660	542632.8546623397
2661	542632.8546623397
2662	542632.8546623397
2663	542632.8546623397
2664	542632.8546623397
2665	542632.8546623397
2666	542632.8546623397
2667	542632.8546623397
2668	542632.8546623397
2669	542632.8546623397
2670	542632.8546623397
2671	542632.8546623397
2672	542632.8546623397
2673	542632.8546623397
2674	542632.8546623397
2675	542632.8546623397
2676	542632.8546623397
2677	542632.8546623397
2678	542632.8546623397
2679	542632.8546623397
2680	542632.8546623397
2681	542632.8546623397
2682	542632.8546623397
2683	542632.8546623397
2684	542632.8546623397
2685	542632.8546623397
2686	542632.8546623397
2687	542632.8546623397
2688	542632.8546623397
2689	542632.8546623397
2690	542632.8546623397
2691	542632.8546623397
2692	542632.8546623397
2693	542632.8546623397
2694	542632.8546623397
2695	542632.8546623397
2696	542632.8546623397
2697	542632.8546623397
2698	542632.8546623397
2699	542632.8546623397
2700	542632.8546623397
2701	542632.8546623397
2702	542632.8546623397
2703	542632.8546623397
2704	542632.8546623397
2705	542632.8546623397
2706	542632.8546623397
2707	542632.8546623397
2708	542632.8546623397
2709	542632.8546623397
2710	542632.8546623397
2711	542632.8546623397
2712	542632.8546623397
2713	542632.8546623397
2714	542632.8546623397
2715	542632.8546623397
2716	542632.8546623397
2717	542632.8546623397
2718	542632.8546623397
2719	542632.8546623397
2720	542632.8546623397
2721	542632.8546623397
2722	542632.8546623397
2723	542632.8546623397
2724	542632.8546623397
2725	542632.8546623397
2726	542632.8546623397
2727	542632.8546623397
2728	542632.8546623397
2729	542632.8546623397
2730	542632.8546623397
2731	542632.8546623397
2732	542632.8546623397
2733	542632.8546623397
2734	542632.8546623397
2735	542632.8546623397
2736	542632.8546623397
2737	542632.8546623397
2738	542632.8546623397
2739	542632.8546623397
2740	542632.8546623397
2741	542632.8546623397
2742	542632.8546623397
2743	542632.8546623397
2744	542632.8546623397
2745	542632.8546623397
2746	542632.8546623397
2747	542632.8546623397
2748	542632.8546623397
2749	542632.8546623397
2750	542632.8546623397
2751	542632.8546623397
2752	542632.8546623397
2753	542632.8546623397
2754	542632.8546623397
2755	542632.8546623397
2756	542632.8546623397
2757	542632.8546623397
2758	542632.8546623397
2759	542632.8546623397
2760	542632.8546623397
2761	542632.8546623397
2762	542632.8546623397
2763	542632.8546623397
2764	542632.8546623397
2765	542632.8546623397
2766	542632.8546623397
2767	542632.8546623397
2768	542632.8546623397
2769	542632.8546623397
2770	542632.8546623397
2771	542632.8546623397
2772	542632.8546623397
2773	542632.8546623397
2774	542632.8546623397
2775	542632.8546623397
2776	542632.8546623397
2777	542632.8546623397
2778	542632.8546623397
2779	542632.8546623397
2780	542632.8546623397
2781	542632.8546623397
2782	542632.8546623397
2783	542632.8546623397
2784	542632.8546623397
2785	542632.8546623397
2786	542632.8546623397
2787	542632.8546623397
2788	542632.8546623397
2789	542632.8546623397
2790	542632.8546623397
2791	542632.8546623397
2792	542632.8546623397
2793	542632.8546623397
2794	542632.8546623397
2795	542632.8546623397
2796	542632.8546623397
2797	542632.8546623397
2798	542632.8546623397
2799	542632.8546623397
2800	542632.8546623397
2801	542632.8546623397
2802	542632.8546623397
2803	542632.8546623397
2804	542632.8546623397
2805	542632.8546623397
2806	542632.8546623397
2807	542632.8546623397
2808	542632.8546623397
2809	542632.8546623397
2810	542632.8546623397
2811	542632.8546623397
2812	542632.8546623397
2813	542632.8546623397
2814	542632.8546623397
2815	542632.8546623397
2816	542632.8546623397
2817	542632.8546623397
2818	542632.8546623397
2819	542632.8546623397
2820	542632.8546623397
2821	542632.8546623397
2822	542632.8546623397
2823	542632.8546623397
2824	542632.8546623397
2825	542632.8546623397
2826	542632.8546623397
2827	542632.8546623397
2828	542632.8546623397
2829	542632.8546623397
2830	542632.8546623397
2831	542632.8546623397
2832	542632.8546623397
2833	542632.8546623397
2834	542632.8546623397
2835	542632.8546623397
2836	542632.8546623397
2837	542632.8546623397
2838	542632.8546623397
2839	542632.8546623397
2840	542632.8546623397
2841	542632.8546623397
2842	542632.8546623397
2843	542632.8546623397
2844	542632.8546623397
2845	542632.8546623397
2846	542632.8546623397
2847	542632.8546623397
2848	542632.8546623397
2849	542632.8546623397
2850	542632.8546623397
2851	542632.8546623397
2852	542632.8546623397
2853	542632.8546623397
2854	542632.8546623397
2855	542632.8546623397
2856	542632.8546623397
2857	542632.8546623397
2858	542632.8546623397
2859	542632.8546623397
2860	542632.8546623397
2861	542632.8546623397
2862	542632.8546623397
2863	542632.8546623397
2864	542632.8546623397
2865	542632.8546623397
2866	542632.8546623397
2867	542632.8546623397
2868	542632.8546623397
2869	542632.8546623397
2870	542632.8546623397
2871	542632.8546623397
2872	542632.8546623397
2873	542632.8546623397
2874	542632.8546623397
2875	542632.8546623397
2876	542632.8546623397
2877	542632.8546623397
2878	542632.8546623397
2879	542632.8546623397
2880	542632.8546623397
2881	542632.8546623397
2882	542632.8546623397
2883	542632.8546623397
2884	542632.8546623397
2885	542632.8546623397
2886	542632.8546623397
2887	542632.8546623397
2888	542632.8546623397
2889	542632.8546623397
2890	542632.8546623397
2891	542632.8546623397
2892	542632.8546623397
2893	542632.8546623397
2894	542632.8546623397
2895	542632.8546623397
2896	542632.8546623397
2897	542632.8546623397
2898	542632.8546623397
2899	542632.8546623397
2900	542632.8546623397
2901	542632.8546623397
2902	542632.8546623397
2903	542632.8546623397
2904	542632.8546623397
2905	542632.8546623397
2906	542632.8546623397
2907	542632.8546623397
2908	542632.8546623397
2909	542632.8546623397
2910	542632.8546623397
2911	542632.8546623397
2912	542632.8546623397
2913	542632.8546623397
2914	542632.8546623397
2915	542632.8546623397
2916	542632.8546623397
2917	542632.8546623397
2918	542632.8546623397
2919	542632.8546623397
2920	542632.8546623397
2921	542632.8546623397
2922	542632.8546623397
2923	542632.8546623397
2924	542632.8546623397
2925	542632.8546623397
2926	542632.8546623397
2927	542632.8546623397
2928	542632.8546623397
2929	542632.8546623397
2930	542632.8546623397
2931	542632.8546623397
2932	542632.8546623397
2933	542632.8546623397
2934	542632.8546623397
2935	542632.8546623397
2936	542632.8546623397
2937	542632.8546623397
2938	542632.8546623397
2939	542632.8546623397
2940	542632.8546623397
2941	542632.8546623397
2942	542632.8546623397
2943	542632.8546623397
2944	542632.8546623397
2945	542632.8546623397
2946	542632.8546623397
2947	542632.8546623397
2948	542632.8546623397
2949	542632.8546623397
2950	542632.8546623397
2951	542632.8546623397
2952	542632.8546623397
2953	542632.8546623397
2954	542632.8546623397
2955	542632.8546623397
2956	542632.8546623397
2957	542632.8546623397
2958	542632.8546623397
2959	542632.8546623397
2960	542632.8546623397
2961	542632.8546623397
2962	542632.8546623397
2963	542632.8546623397
2964	542632.8546623397
2965	542632.8546623397
2966	542632.8546623397
2967	542632.8546623397
2968	542632.8546623397
2969	542632.8546623397
2970	542632.8546623397
2971	542632.8546623397
2972	542632.8546623397
2973	542632.8546623397
2974	542632.8546623397
2975	542632.8546623397
2976	542632.8546623397
2977	542632.8546623397
2978	542632.8546623397
2979	542632.8546623397
2980	542632.8546623397
2981	542632.8546623397
2982	542632.8546623397
2983	542632.8546623397
2984	542632.8546623397
2985	542632.8546623397
2986	542632.8546623397
2987	542632.8546623397
2988	542632.8546623397
2989	542632.8546623397
2990	542632.8546623397
2991	542632.8546623397
2992	542632.8546623397
2993	542632.8546623397
2994	542632.8546623397
2995	542632.8546623397
2996	542632.8546623397
2997	542632.8546623397
2998	542632.8546623397
2999	542632.8546623397
3000	542632.8546623397
