1	51.021202953846014
2	32.49945843336184
3	20.31762040397833
4	14.23695409337286
5	9.869897708969699
6	6.860454406758012
7	4.63384418038063
8	3.5479033690746453
9	2.764542879611134
10	2.3586756473199153
11	2.0540936382724917
12	1.8336937237513375
13	1.6816587486095977
14	1.5655759990110265
15	1.3542656014462275
16	1.2820352647381037
17	1.352382534455868
18	1.2906053527664356
19	1.2539150374905745
20	1.1482070289214397
21	1.11593515177897
22	1.1150670345101266
23	1.1907099658098126
24	1.1753172828363738
25	1.2282003233284227
26	1.1538102997003932
27	1.133515419605405
28	1.0843685651065493
29	1.0113792835184692
30	0.9823537662753695
31	1.0340526287366716
32	1.0695633151810704
33	1.1498836280082658
34	1.0682207625598994
35	0.9716358620178166
36	0.97653506131003
37	0.9888775287732313
38	0.9227916165863027
39	1.020098384358469
40	0.9406693859607315
41	1.0399262305466583
42	0.9971520071201296
43	1.0395431477359236
44	1.0247946447997938
45	0.99539979618074
46	0.8960564057179355
47	0.9906694360542193
48	0.988197609144668
49	0.989094847537764
50	0.9179155238021
51	1.0340938181644055
52	1.0473015810315554
53	0.9819154455982293
54	0.8748990371716828
55	0.9397043827542798
56	0.9753637924592996
57	0.9128226498935708
58	0.9036683501303416
59	0.941716825482731
60	0.9998303187901477
61	1.0207763510709802
62	0.9269845214421152
63	0.9118539725179063
64	0.9017568078284358
65	0.9771777540107224
66	0.9000470590095009
67	0.975286963601383
68	0.8944560922388338
69	0.9441958439735363
70	0.9171366037457016
71	0.9897732438508904
72	0.8814630912866087
73	0.9664530317188421
74	0.9021331299463748
75	0.9595992154429444
76	0.9991339591009173
77	0.9011223648739856
78	0.9320625536324078
79	1.0014983729560905
80	0.9021194212340233
81	0.9332873241299802
82	0.9310786444570055
83	0.9617588365249875
84	0.9763273518675603
85	0.9397562401892244
86	0.94284697167668
87	0.9629815336305884
88	0.9573666379620726
89	0.9110148768460168
90	0.8916377815815644
91	0.9006297551079918
92	0.885809484254823
93	0.8541716916506228
94	0.9502173233591565
95	0.9313785893931493
96	0.869716608448218
97	0.8009922545715156
98	0.8805332517221429
99	0.8444697429378386
100	0.9264994729756885
101	0.9576621304683909
102	0.9471693253417778
103	0.830973811974544
104	0.9031480750992734
105	0.9043700017083256
106	0.8808849064151761
107	0.9376658032986275
108	0.8677750221647307
109	0.8397788167521189
110	0.8168864649635784
111	0.8364080971014475
112	0.88765395011508
113	0.8699581847399747
114	0.8824602791628353
115	0.9419728319169284
116	0.9062471667551191
117	0.842251206055812
118	0.8811728513537032
119	0.8435594102421622
120	0.9125159382288732
121	0.9153886954720495
122	0.8766839153321179
123	0.931404493538105
124	0.9356660623624298
125	0.881518648784027
126	0.9113558915222332
127	0.9334868715706275
128	0.9666578470031129
129	0.9084403080068115
130	0.8457830735421836
131	0.8615237201503411
132	0.9451480757424501
133	0.8703832339467454
134	0.854839002633537
135	0.9062932470227753
136	0.9149654611278683
137	0.9944180597479737
138	0.8872011248432282
139	0.8924379022078498
140	0.8807311037090767
141	0.9057972277487346
142	0.8758044749994943
143	0.8794253150176113
144	0.9150983488944476
145	0.9285097904933611
146	0.8491734442668677
147	0.9413697689914166
148	0.8921573086585218
149	0.8978163872240559
150	0.9863592286225208
151	0.8362843341115415
152	0.820960912251334
153	0.9686903292164726
154	0.8788156983693695
155	0.8342266229643742
156	0.9199852773298122
157	0.918477861306534
158	0.901906148881521
159	0.8769082620431894
160	0.8771344037916424
161	0.9806147555303439
162	0.885651030523603
163	0.9669717102601492
164	0.8233648963287375
165	0.903542172865411
166	0.9261362900208582
167	0.8665064579620082
168	0.868702831547417
169	0.868724447555362
170	0.9916443275733143
171	0.9525847945062723
172	0.8938286506880063
173	0.9201245701893856
174	0.8254059524099143
175	0.9240592096721895
176	0.8875151477846579
177	0.8440332961660302
178	0.8815963775082046
179	0.9112055691771754
180	0.852301341341303
181	0.8932335353565072
182	0.832427654239848
183	0.9594149831975379
184	0.8603280206445589
185	0.8247893598102595
186	0.898806950125466
187	0.9193188541558353
188	0.8534246466037175
189	0.9558950935871332
190	1.0028139508046916
191	0.9205040996536372
192	0.9248271982811352
193	0.9107944665329375
194	0.8848884693728756
195	0.8538522244075055
196	0.9268412221374107
197	0.9050710888887418
198	0.8630969233097443
199	0.8901881333317067
200	0.8947425805593497
201	0.9695141448633482
202	0.9352606541939192
203	0.849855912553915
204	0.866826101604531
205	0.9763157394654274
206	0.828079637452902
207	0.9829323452416616
208	0.8762676462912414
209	0.859244216714991
210	0.8244974326562351
211	0.9395297014641489
212	0.8924161546855306
213	0.9114234522061955
214	0.9087416259155996
215	0.8607448469176979
216	0.8856184398323221
217	0.890560555078826
218	0.8458955716447941
219	0.918060297127836
220	0.8630041079917748
221	0.971733224147551
222	0.8869972696301187
223	0.8910025934887641
224	0.9087269559433956
225	0.9149697957453325
226	0.9472246779319111
227	0.8503682599911604
228	0.8350873083534321
229	0.9699021617608998
230	0.9418881525084626
231	0.8973999823799667
232	0.8733798860164652
233	0.8897641763999677
234	0.9149538228438991
235	0.9544845763441453
236	0.8635849764043996
237	0.9241512412931302
238	0.942324171528037
239	0.7918556019593525
240	0.80832466418814
241	0.9119497248951465
242	0.8918928471017935
243	0.884606747682861
244	0.9160498292098657
245	0.8609383307469515
246	0.7921036923914379
247	0.7931695853844093
248	0.8848986011227141
249	0.779557572725381
250	0.883970483380227
251	0.8568894966723966
252	0.8969983812387565
253	0.9129249085984
254	0.864654267968375
255	0.8492294778555664
256	0.8683987356883512
257	0.8866787659315957
258	0.8637171032624938
259	0.9082586088116503
260	0.8628012814079473
261	0.8432967609278283
262	0.8589391928485282
263	0.8614010669974156
264	0.901712181273685
265	0.9226196505699121
266	0.8617845571364984
267	0.9664821070450849
268	0.8352344320523617
269	0.8858323441118572
270	0.952870693974665
271	0.9090682482928902
272	0.8991785916065367
273	0.8730672048551306
274	0.9052626496766367
275	0.880083460970821
276	0.9352218405250949
277	0.9182680883264746
278	0.8674542247907431
279	0.8195571461347858
280	0.8915594094818104
281	0.8637587511152647
282	0.8990117100663593
283	0.8521100396975915
284	0.8034728988694062
285	0.8828079742141274
286	0.8616964185100648
287	0.9797650454668637
288	0.8817665684166551
289	0.9747994843001065
290	0.894683939372294
291	0.858719108339742
292	0.8516333205327348
293	0.8538011277242327
294	0.7697376312526226
295	0.8879014823114628
296	0.9363379002062663
297	0.8325563500826655
298	0.876233533469764
299	0.8713353237226069
300	0.9403219060058291
301	0.8193517122068805
302	0.9037718538268077
303	0.8934620052768634
304	0.8964843254876941
305	0.9136145840804281
306	0.9175210192715785
307	0.8756061370441387
308	0.8425519516580294
309	0.9686322701481604
310	0.8755801333345458
311	0.9101907761049935
312	0.8132194973497511
313	0.8979536528507066
314	0.8887060898622994
315	0.8754182669272114
316	0.9152209246883806
317	0.9351419117399312
318	0.8375099406246032
319	0.9332074143479139
320	0.9350300703141011
321	0.8334904920553338
322	0.9104203725728449
323	0.9116892110055521
324	0.8469332051589533
325	0.8873569287879849
326	0.8602844746181152
327	0.811535199463311
328	0.8850423467400074
329	0.8146773327691492
330	0.7892737593398372
331	0.8798719512349924
332	0.8674488918911599
333	0.887915248895395
334	0.9001525913351055
335	0.9178626218788071
336	0.8293672985889572
337	0.8549888574259973
338	0.9334464520990099
339	0.8532829800760774
340	0.8805605855348243
341	0.8640386446251094
342	0.9591782023461555
343	0.85522060034606
344	0.950725841117692
345	0.9189512328331131
346	0.8610326217177389
347	0.8131422386677004
348	0.9659087634636793
349	0.8720456016491324
350	0.8587286088281195
351	0.8282406056183149
352	0.8826567514586229
353	0.827759135275835
354	0.9336069692795257
355	0.932028937595727
356	0.885203731234988
357	1.0168652417617716
358	0.8914863419151138
359	0.856411531782684
360	0.861455968692561
361	0.8755000443471928
362	0.9384152129744167
363	0.9150852643397973
364	0.7903899602944564
365	0.9506350581178143
366	0.8824103952070981
367	0.896132451479263
368	0.899408724850584
369	0.8830683280082969
370	0.8459744900150928
371	0.8873447435919026
372	0.8936631747303706
373	0.8882073423621978
374	0.8913171584726212
375	0.8349035656876974
376	0.8491153948207482
377	0.9740046303014039
378	0.8827309090800882
379	0.9462405978376569
380	0.8679141736456615
381	0.8912205546630421
382	0.9203264350134345
383	0.928598917432574
384	0.8946008658434798
385	0.9388044748388652
386	0.9574398671951094
387	0.8402119868847583
388	0.878982003325124
389	0.8121249838910185
390	0.9004775905274849
391	0.913177416986441
392	0.9625758731864096
393	0.942986488992142
394	0.9282571834140213
395	0.9000904989711046
396	0.8922539901258607
397	0.8727535581966349
398	0.8886020605031066
399	0.9485530019318348
400	0.9128902144856511
401	0.9178040171520447
402	0.8810434344977901
403	0.880338285513645
404	0.8623934980795673
405	0.9162450655941142
406	0.9736991056515732
407	0.9092131046308142
408	0.853613269256376
409	0.911046907488412
410	0.8746965413450211
411	0.9402829833702003
412	0.92843951467465
413	0.8963510061412236
414	0.8258213440667153
415	0.9285769278214121
416	0.8652779480673873
417	0.9395660714759906
418	0.87437831386716
419	0.8590710953090972
420	1.0162971362906157
421	0.8777093209865829
422	0.8830613760373187
423	0.9714531218064312
424	0.9129687196459902
425	0.9703204973706565
426	0.9672559000304549
427	0.9232883868063247
428	0.9407974391309515
429	0.8089131366750374
430	0.9241262033608615
431	0.8881334804984997
432	0.9122261608148565
433	0.8879170561663845
434	0.8696610148260341
435	0.8523677214755219
436	0.9009875300190983
437	0.8617910575442286
438	0.8225722635777817
439	0.8323476017438955
440	0.8464603551848439
441	0.8382675096444386
442	0.9137066952636803
443	0.9046373585243294
444	0.9496913429469344
445	0.8782130445461999
446	0.8781913052831504
447	0.8796458239038003
448	0.9786015171546154
449	0.9083552571536806
450	0.9135401522189971
451	0.8546189693063135
452	0.9054796049298842
453	0.8615509377824657
454	0.9225774387283944
455	0.9589526361540643
456	0.8559491886275855
457	0.8531944113326688
458	0.817002794615894
459	0.9242444186564763
460	0.9098245587089997
461	0.9239888462540189
462	0.8961716683780657
463	0.8850113066602165
464	0.8355074170616065
465	0.8709495321750835
466	0.9164222934453973
467	0.9004055797742894
468	0.8385103922340192
469	0.8825997215265026
470	0.8632325476065471
471	0.9416375780109821
472	0.8920628738445713
473	0.8932832381555755
474	0.8840710972193426
475	0.9428663402180723
476	0.9005349146802563
477	0.963575438206501
478	0.7673559280956598
479	0.8894140897754131
480	0.9185453452121074
481	0.8221536911254475
482	0.913922721759027
483	0.9098615698595923
484	0.9040067278525531
485	0.850150040143412
486	0.8744695486945164
487	0.8821756434469833
488	0.9494780051104255
489	0.885054308442085
490	0.9186775830088021
491	0.9640895575654757
492	0.8808936465367907
493	0.8765217871248111
494	0.8871203855476855
495	0.9228387533978726
496	0.9363562032065363
497	0.7889880368879034
498	0.8825758170753557
499	0.9057189630628969
500	0.8926066698466953
501	0.9140476667140951
502	0.8603155392516338
503	0.8930093776579139
504	0.8711625332513251
505	0.8819891044728957
506	0.8774531317690014
507	0.8376869321787812
508	0.882991391339687
509	0.8474611163510068
510	0.8742510512441127
511	0.8247125289196845
512	0.8432821181824177
513	0.9168300608398955
514	0.9429286387016327
515	0.9250421834585929
516	0.961135481041446
517	0.8322539676309998
518	0.9044690521903644
519	0.9447130606274586
520	0.8683727453355586
521	0.8908169323792634
522	0.889089581141456
523	0.882399695548475
524	0.9304615385346515
525	0.8744658357658837
526	0.8604239188833308
527	0.9163929261198888
528	0.9119574115349938
529	0.8671200370047519
530	0.8700077191117791
531	0.884478656629848
532	0.9749224514947165
533	0.9065195887734533
534	0.90675991771556
535	0.9280278249338872
536	0.8590859152794567
537	0.8846336883051734
538	0.9117155868183386
539	0.893565348087466
540	0.9249571198242194
541	0.8840678208225261
542	0.9049588732391687
543	0.9348983784332261
544	0.8884433670202115
545	0.8441388944996365
546	0.9367568991328323
547	0.7825024251026211
548	0.9077460508234828
549	0.8404957564896699
550	0.8971903637315182
551	0.8592464214429363
552	0.8530747815947097
553	0.9219986463476967
554	0.9111032220540454
555	0.8797701925944076
556	0.8323282675982661
557	0.8539749871353028
558	0.9662724243459632
559	0.9096604248522209
560	0.831620506761319
561	0.9318868227114719
562	0.8774528488440668
563	0.8360661514420794
564	0.9052271494408081
565	0.8944954646395956
566	0.8903578673750155
567	0.9396852076512664
568	0.8350014907111054
569	0.941093747570846
570	0.9003954163863571
571	0.9094944323581543
572	0.8334883949688874
573	0.9079095084294073
574	0.9027923985041006
575	0.8501869809091926
576	0.7941443245098398
577	0.8086382451644455
578	0.8445016396128836
579	0.9092019832136811
580	0.933597049203157
581	0.9057540126551119
582	0.8913122232324889
583	0.837681399424511
584	0.8964057720140209
585	0.9148882442513678
586	0.913201170656895
587	0.9690574639131276
588	0.7950430124422166
589	0.9186550970157058
590	0.8463286416686805
591	0.8166988796959133
592	0.8531462161322136
593	0.8708934983566852
594	0.9210972724164589
595	0.9087280145779275
596	0.8089878712698996
597	0.8855092417101286
598	0.8998272190348219
599	0.9070972109819313
600	0.8545180061823127
601	0.9105158159413733
602	0.9491170064171771
603	0.9359193248212527
604	0.9728142735392604
605	0.8404034516269766
606	0.9286967032710601
607	0.8452040791513072
608	0.9193805811902345
609	0.9346429541827245
610	0.9091145104231817
611	0.9092173866555007
612	0.8916060929118703
613	0.9149794186117235
614	0.8715740828561445
615	0.8628537127699669
616	0.8037896125624686
617	0.8739062106991027
618	0.9192336962600632
619	0.9759809590990246
620	0.8982645845689136
621	0.889572152035661
622	0.8668468189753625
623	0.895151251482049
624	0.8700794754502649
625	0.8966867524711662
626	0.9454892542709452
627	0.9649384920775183
628	0.8385083889392058
629	0.872333472868436
630	0.9462865405171466
631	0.9008764461040794
632	0.9122926577644677
633	0.8753631121700444
634	0.840824024575047
635	0.8690465768640451
636	0.9066988562488557
637	0.8239902800814833
638	0.8578798585183315
639	0.9091333014206904
640	0.8084185095813099
641	0.8509752235090958
642	0.8418883516740202
643	0.8027297368768015
644	0.827407122059591
645	0.9059600950739152
646	0.8826186519737085
647	0.9139038965119061
648	0.889101938806038
649	0.9066712807835988
650	0.9092221759881213
651	0.9215771667643586
652	0.8753687306370929
653	0.8320517361660151
654	0.8532583006347567
655	0.8535760194065337
656	0.8942272886510758
657	0.908511829157049
658	0.9066827025627997
659	0.8523709318452926
660	0.8336719441144415
661	0.878757468665191
662	0.8545662249525152
663	0.9454627705734484
664	0.9580792548333493
665	0.8963594836491615
666	0.9331308657401681
667	0.8551689761211264
668	0.9601261389361044
669	0.9577295201314623
670	0.8279776582945474
671	0.8899235677071343
672	0.8216241166943369
673	0.8916385117616891
674	0.8629688685880613
675	0.8615309540329181
676	0.9372106045298926
677	0.8771544511584833
678	0.8652229567929737
679	0.8871370208098618
680	0.9952413903851801
681	0.9766657876469911
682	0.8893402391247096
683	0.8677445170748831
684	0.8142567920250896
685	0.8103427350354984
686	0.9633582592769621
687	0.8296797223354182
688	0.9127747984190097
689	0.9160171572216428
690	0.890322680643195
691	0.8339377088466338
692	0.861975919225236
693	0.9213443902707162
694	0.880987485410133
695	0.9465402360973986
696	0.9374824600607216
697	0.9736926878399178
698	0.8475435382038335
699	0.8600017934351821
700	0.859823688618753
701	0.9319807105272456
702	0.9226129867422699
703	0.9722669204854107
704	0.8989061649920077
705	0.8873787077744263
706	0.8772206665343858
707	0.8952134461916296
708	0.9347402357242528
709	0.9735352796631869
710	0.9504334049757104
711	0.922540212769691
712	0.9239788796571489
713	0.8699249525706734
714	0.9179811996729694
715	0.8433389356615419
716	0.8586627654912421
717	0.8538081330473763
718	0.9010613353791798
719	0.8808276926612535
720	0.950594096201982
721	0.8465008611137846
722	0.9100864753083134
723	0.8633315895056232
724	0.8869687180983116
725	0.9131164370692676
726	0.8373855131638716
727	0.942903440469072
728	0.8479894425744138
729	0.7483148486341147
730	0.8735084463774149
731	0.8508370885998472
732	0.8918678432054422
733	0.9495730806304997
734	0.9040494892141359
735	0.8228434527310198
736	0.8340730586765648
737	0.7775437117771844
738	0.9092876307180037
739	0.8969849917923675
740	0.8698513895216808
741	0.9155413352238109
742	0.8588308815857035
743	0.9062221013409434
744	0.842812146706033
745	0.8929390096617958
746	0.9350556125590711
747	0.862025886044957
748	0.8715750976547058
749	0.8230234023898936
750	0.96707322254152
751	1.013957513491255
752	0.915078815654313
753	0.8344812252680357
754	0.8735757528843404
755	0.8890171171955141
756	0.9485060740091231
757	0.8404549644977863
758	0.8845919697772124
759	0.8606584016896478
760	0.958879626080445
761	0.8529458030357303
762	0.904049752556764
763	0.9167725145118377
764	0.8210607797128406
765	0.8940956232933502
766	0.8622713403373105
767	0.8528926702719489
768	0.8496838840152812
769	0.8938847451284573
770	0.9367007517193511
771	0.9063347208918333
772	0.8772931610778968
773	0.9269183456571443
774	0.8485080622867293
775	0.9139996696531237
776	0.9404505224615214
777	0.869700956945385
778	0.8888447054501939
779	0.8823699838806756
780	0.8538245772534514
781	0.9077185331836074
782	0.9475673695574105
783	0.8935581429156861
784	0.9213251819539823
785	0.9407609663162344
786	0.9425841256846983
787	0.8588453298933477
788	0.9136754322185603
789	0.8566202099016148
790	0.9017373549401902
791	0.8436161865583672
792	0.9971579941473323
793	0.8603692140366074
794	0.9175720128808175
795	0.9205890141629657
796	0.8325257692457534
797	0.9384190448585822
798	0.8982443468029444
799	0.8463085695922833
800	0.9262878061448367
801	0.8878622886605001
802	0.879986306325235
803	0.8464342365854169
804	0.8960266938780715
805	0.8490769497311272
806	0.895973463127833
807	0.8563817543609598
808	0.8404575309838477
809	0.8991994303135572
810	0.9220491569256356
811	0.8837869661079416
812	0.8877135980612901
813	0.8677115654146709
814	0.932005481164553
815	0.8862199053185756
816	0.8944062272486464
817	0.9392215357818913
818	0.8654756748466739
819	0.8932488351194862
820	0.8443293411940578
821	0.8671048106072907
822	0.8582225113802174
823	0.7924153073826009
824	0.8424958988145372
825	0.8105845318003327
826	0.941786743078821
827	0.8512912910743824
828	0.861855413691207
829	0.8484272517579113
830	0.9340340164262694
831	0.9065065983794576
832	0.8671664925570909
833	0.9764344736509454
834	0.8983956336611713
835	0.8686775036468629
836	0.9070790562398648
837	0.9309667154226066
838	0.9325444124184631
839	0.913588200796558
840	0.9721203251783918
841	0.9554527828308834
842	0.8589432078176106
843	0.8874026002026116
844	0.9210998374655017
845	0.8442971280110978
846	0.8631727910367419
847	0.9374896882599606
848	0.8985316834087084
849	0.8844705233251964
850	0.8907360708409745
851	0.8750901418491958
852	1.00785442821523
853	0.978124527284854
854	0.8787554605120007
855	0.8738300084150644
856	0.853698991187106
857	0.8980742952548361
858	0.8984717992354286
859	0.9118960502776189
860	0.8433275541098033
861	0.8884611575282655
862	0.8185025518378646
863	0.9391140404203765
864	0.8479112951790617
865	0.92461590706482
866	0.8208050747691364
867	0.9436954516457623
868	0.9315916830548843
869	0.9529128752988539
870	0.943802311583116
871	0.8479055700813947
872	1.0156177845252543
873	0.9217398274745959
874	0.8701266799865189
875	0.961710268917776
876	0.9221227150926393
877	0.9665780842496338
878	0.8741934868869748
879	0.9079820126309204
880	0.8764058866167584
881	0.9007724650181451
882	0.8610124150572702
883	0.9371680545946559
884	0.8450895352383129
885	0.8676170116291728
886	0.9195933216828691
887	0.8720867664874051
888	0.7551876036343536
889	0.9930407615180189
890	0.8484121212091967
891	0.9772867121516644
892	0.8897837394132405
893	0.8727783578453884
894	0.8627834572293378
895	0.8771535369092622
896	0.8712908114314065
897	0.8801118335086443
898	0.931369879555076
899	0.9080753601349356
900	0.852686654744465
901	0.9092223556439908
902	0.9005974172728047
903	0.8621653876814623
904	0.8877009429195301
905	0.9657301667082102
906	0.8811837331703585
907	0.8311218210545396
908	0.8866602408652023
909	0.9365504190355506
910	0.9163431559409646
911	0.8741389241534758
912	0.8799618181793345
913	0.9210604642424038
914	0.9297497040325179
915	0.852091227500584
916	0.8483536109767501
917	0.9472430294261833
918	0.921328028466902
919	0.9490083288532872
920	0.8347540381622409
921	0.8761618029769038
922	0.8925887283120162
923	0.9681218223313495
924	0.8142030976012453
925	0.9183845344005463
926	0.8738837551764321
927	0.9189080633948579
928	0.9371662717087219
929	0.8544573980029438
930	0.8804369750064197
931	0.8337192544298393
932	0.8594601499831062
933	0.8339954492533371
934	0.9208117730335776
935	0.8707441261528809
936	0.9267704895470816
937	0.9316835042350136
938	0.8749517028816405
939	0.8786534831323414
940	0.9183639771096617
941	0.8898709393582254
942	1.0067275359911003
943	0.925450240700214
944	0.8860807748417465
945	0.882881801240032
946	0.9474268949857704
947	0.8966697951865805
948	0.8286501962728637
949	0.9430377273352507
950	0.878107766054114
951	0.8978883893722444
952	0.8526575371511277
953	0.8389138731060383
954	0.9168725119201832
955	0.9479068128295859
956	0.8596875289305163
957	0.8247492721952777
958	0.9102385227651104
959	0.8132010927461891
960	0.9331006536309764
961	0.9210600934886698
962	0.8918677192462904
963	0.8930840582713385
964	0.8482636268458014
965	0.9002255446492777
966	0.9461720421005718
967	0.9268196090562378
968	0.7749683201967176
969	0.9641856155076525
970	0.8538235293552675
971	0.8978056536525371
972	0.8933573921374833
973	0.9397721436886352
974	0.8586960659900835
975	0.8986660725315315
976	1.005298660016567
977	0.9528370106257967
978	0.9448864151103376
979	0.8968389550166197
980	0.8633778329145652
981	0.8658170964736388
982	0.8802531486850731
983	0.9404221565123934
984	0.9229831682882216
985	0.7969807505001067
986	0.9120598632532775
987	0.8972890904431509
988	0.9208407190410461
989	0.8480108787560056
990	0.8442295623451473
991	0.8273382262202486
992	0.8747815805062558
993	0.8834438175438991
994	0.8800906482657572
995	0.9155935792442115
996	0.8706549515071238
997	0.8607093439208923
998	0.8575404316725063
999	0.9430498092142053
1000	0.8068498537080231
1001	0.8115656007818358
1002	0.8635519066659877
1003	0.9045221673979185
1004	0.8047876719024971
1005	0.9176971549227472
1006	0.8540599384610836
1007	0.8146306112110667
1008	0.9378976812032502
1009	0.9013570917665449
1010	0.9063996013549673
1011	0.842528948336593
1012	0.8871537810806736
1013	0.9226305327402411
1014	0.8396396593481793
1015	0.8921795520286384
1016	0.956494741925966
1017	0.9297608270353336
1018	0.8725666285989775
1019	0.8110251836341633
1020	0.9011334151432814
1021	0.8530951549504756
1022	0.8692166990113552
1023	0.9195526673204034
1024	0.9038677627840349
1025	0.9258304925877098
1026	0.8981970803634816
1027	0.9514496281823214
1028	0.9532050189302747
1029	0.9209642633544982
1030	0.9140284973727065
1031	0.9181816486816117
1032	0.8766801915910551
1033	0.907156020165944
1034	0.889241938330652
1035	0.896451271738742
1036	0.8789394031505016
1037	0.9208429124092496
1038	0.8693221500112411
1039	0.8806036403575156
1040	0.8303502449880732
1041	0.8181404232575982
1042	0.9446440168672077
1043	0.7898791547492091
1044	0.8572158341467463
1045	0.9410912420853338
1046	0.9119784228889796
1047	0.8385753278802994
1048	0.8309831979221839
1049	0.9040657398743969
1050	0.8797227468277451
1051	0.9929782822214696
1052	0.8899359177309786
1053	0.860404018625075
1054	0.8737195975718743
1055	0.8742806624008915
1056	0.8984812646083603
1057	0.8454106676180319
1058	0.8704356092170688
1059	0.8749777818956772
1060	0.8800696070882076
1061	0.9229827812590942
1062	0.8812364812903842
1063	0.8390019864946671
1064	0.8751409691423063
1065	0.9220357748551905
1066	0.8555343790895608
1067	0.8891767030904412
1068	0.8367317524142183
1069	0.943658526859201
1070	0.9611648374231454
1071	0.8624405422077547
1072	0.8548235834844118
1073	0.8854592218511704
1074	0.8711110957454398
1075	0.8849960599502388
1076	0.8569513992738068
1077	0.9171451583521419
1078	0.9285204482823954
1079	0.838162909414575
1080	0.7736266163779276
1081	0.9124218696895267
1082	0.865794607087333
1083	0.8551968358872176
1084	0.8902692638548785
1085	0.8355112537242839
1086	0.9085280159185828
1087	0.8654316433267487
1088	0.8731927664419129
1089	0.8858094045488104
1090	0.8260946319864704
1091	0.951035565846899
1092	0.9186825605028834
1093	0.8636160159046985
1094	0.8999237641445086
1095	0.9044032082581283
1096	0.8546099970093411
1097	0.8720970552769178
1098	0.8949258558127658
1099	0.9244840545998919
1100	0.9689892399431373
1101	0.8488855567941523
1102	0.9344326245108553
1103	0.9238695048534844
1104	0.9767999736280496
1105	0.8863940676884307
1106	0.9122978156052404
1107	0.8991794534265412
1108	0.9387085886035639
1109	0.8917985269150258
1110	0.9191371287715489
1111	0.8439741370056588
1112	0.8679853959930603
1113	0.9281621084055277
1114	0.8973511172297113
1115	0.8418162479002934
1116	0.8905884852375217
1117	0.8706763484447456
1118	0.8843193158505172
1119	0.8580933274729683
1120	0.9224881199306817
1121	0.9188477976985433
1122	0.8683902026514896
1123	0.8679879892539021
1124	0.8498883581218698
1125	0.8991537253578471
1126	0.8076902620165826
1127	0.947154464409498
1128	0.8619488255107283
1129	0.8813300409928853
1130	0.9440683216625732
1131	0.8992410923250164
1132	0.9037355930746762
1133	0.8879192872525492
1134	0.9080933972859057
1135	0.8771956108447336
1136	0.898316725848618
1137	0.9609808259631417
1138	0.8908802078456526
1139	0.8752890155127356
1140	0.9374658045549519
1141	0.8801240263285416
1142	0.9123142071017369
1143	0.9000862744593311
1144	0.8452577448767538
1145	0.8684953895587012
1146	0.860680209875795
1147	0.8897610233909446
1148	0.9330197873274568
1149	0.9397046074847979
1150	0.8707485634340625
1151	0.9337907963084305
1152	0.8928170502529762
1153	0.8955932261216671
1154	0.9071582509248466
1155	0.9233649477914027
1156	0.9387985747587755
1157	0.8302307183506039
1158	0.9007451218295643
1159	0.8698664927797939
1160	0.8695355531794338
1161	0.9133928888200112
1162	0.9392552828695883
1163	0.8566459653427042
1164	0.9265682510646692
1165	0.8511443555963096
1166	0.9216956245264972
1167	0.8586568513119255
1168	0.8853522653730879
1169	0.8541771438255056
1170	0.9234868423487614
1171	0.9449739917510507
1172	0.8126194620435806
1173	0.8105626858881692
1174	0.9015359116905725
1175	0.9263710932556407
1176	0.8991573803160142
1177	0.9132430143065975
1178	0.9166081846941216
1179	0.9176729442357077
1180	0.855359002906748
1181	0.8688260395670313
1182	0.8828341612913019
1183	0.9386254586639439
1184	0.8995312375975377
1185	0.8841115993410703
1186	0.8964523929994693
1187	0.8476890160914932
1188	0.8555194456730799
1189	0.9490984563810295
1190	0.892699221346609
1191	0.9056028020546437
1192	0.8401046136869014
1193	0.9371203204270073
1194	0.9385406610678751
1195	0.8662041117330256
1196	0.9301795030973854
1197	0.9417024440703733
1198	0.9315615067026134
1199	0.7923754800384051
1200	0.905984982358563
1201	0.9611168187622284
1202	0.9946331825182145
1203	0.8558813969637176
1204	0.8623454126052791
1205	0.9160840771670843
1206	0.9609307996504277
1207	0.8766301055599665
1208	0.9100274081348955
1209	0.944905825832059
1210	0.9007710286345146
1211	0.9674007453684597
1212	0.9628069298245759
1213	0.875367778639028
1214	0.9890852731755345
1215	0.9137497320024407
1216	0.8842778051906904
1217	0.9391803498367115
1218	0.8478568746510233
1219	0.8745341263095336
1220	0.8931905459061859
1221	0.9180533643713685
1222	0.8774411001788013
1223	0.874903017385764
1224	0.929704869873037
1225	0.8032738010354507
1226	0.879602098735291
1227	0.939873964904944
1228	0.9076919913899668
1229	0.9112846976502507
1230	0.906564442769975
1231	0.931317870331852
1232	0.8779816636095124
1233	0.9622042920795679
1234	0.8721866422735416
1235	0.8404017981848354
1236	0.8696240966318017
1237	0.7993918449309019
1238	0.8556970957555969
1239	0.9455732009857738
1240	0.8658243666088501
1241	0.8603533707813447
1242	0.8678771871752554
1243	0.9100027366318276
1244	0.8639299835877279
1245	0.8657699299963232
1246	0.8769906147681816
1247	0.9242072517249701
1248	0.8817864131533101
1249	0.8883275071859543
1250	0.9284168176952825
1251	0.9339562029666566
1252	0.9378867981317491
1253	0.8466846237414757
1254	0.8565838395249213
1255	0.9067830321741851
1256	0.8583197701473481
1257	0.915573863832732
1258	0.8692607277504762
1259	0.8808031667311994
1260	0.8918879321850937
1261	0.8929603834683042
1262	0.9401721910695646
1263	0.9440564357787625
1264	0.8452521319097933
1265	0.9015725520759817
1266	0.7588556454690927
1267	0.9025859610311707
1268	0.9541528100736587
1269	0.8752408275719474
1270	0.8059182089034648
1271	0.8288651710987851
1272	0.8858864032324382
1273	0.9177872583855502
1274	0.8446439334286505
1275	0.827331665559923
1276	1.0020337019465704
1277	0.853139037390029
1278	0.9079938774288951
1279	0.896318311022499
1280	0.8680460519937546
1281	0.8868170149384796
1282	0.9583357166964147
1283	0.8269126823268915
1284	0.8047436937657996
1285	0.9097710126194449
1286	0.7931275128001473
1287	0.9504542144726938
1288	0.8000201375186431
1289	0.9133290959087087
1290	0.8169044733500165
1291	0.8853340126757058
1292	0.8442836682775495
1293	0.8774886690149913
1294	0.8322500548796659
1295	0.8811934194433405
1296	0.9040429452562974
1297	0.9335635895129021
1298	0.9119935321330455
1299	1.0046458902610298
1300	0.8626106121475335
1301	0.9337793964152538
1302	0.8895047783758125
1303	0.8391899629164709
1304	0.8175978392582196
1305	0.9192208279292731
1306	0.9821863638876338
1307	0.9694246809075364
1308	0.8153014602838141
1309	0.8910108471553039
1310	0.9452440043564373
1311	0.9431623559395224
1312	0.9717274574193038
1313	0.8746079062173293
1314	0.8671601717691557
1315	0.8136050817097032
1316	0.8757406685793957
1317	0.8562109009374559
1318	0.8874392907427545
1319	0.8424164492651981
1320	0.9007041579366234
1321	0.8738642617005795
1322	0.8354048247612628
1323	0.8503589035449619
1324	0.845464089307688
1325	0.82570191576972
1326	0.8768503306726344
1327	0.8847937289124843
1328	0.8174587017114933
1329	0.9112529119131703
1330	0.8931804139848604
1331	0.8336446959088676
1332	0.9138709607800373
1333	0.894306424696906
1334	0.898892207661401
1335	0.967472964983434
1336	0.8797405029827116
1337	0.8872179828995234
1338	0.9132061894655229
1339	0.8626383481148514
1340	0.8374421537377947
1341	0.8485445230528119
1342	0.7948047831395144
1343	0.9389080787555956
1344	0.8553458564687076
1345	0.8792698043507291
1346	0.9194837663834446
1347	0.8937086382316752
1348	0.9376275664961631
1349	0.8479131609754383
1350	0.8421929503585567
1351	0.8897427404733761
1352	0.8446060461776023
1353	0.9536487184826385
1354	0.8498129426798485
1355	0.9238058969665756
1356	0.9560014275559957
1357	0.8341870748351078
1358	0.8486548967089679
1359	0.9068006665689502
1360	0.8999519066916247
1361	0.8549192242449413
1362	0.847512214092386
1363	0.8862560870143947
1364	0.7881090599556339
1365	0.9213963150362222
1366	0.8989849183966407
1367	0.9279025601664361
1368	0.9277707715981893
1369	0.8821927158155977
1370	0.9049539114361832
1371	0.8607374407781505
1372	0.8519116295094503
1373	0.8322698824102245
1374	0.9125244372323914
1375	0.885627263478684
1376	0.8663506062497173
1377	0.8888259413314439
1378	0.8304149689790982
1379	0.8590796937378542
1380	0.9619317835391309
1381	0.9051486282960656
1382	0.9027766274030219
1383	0.9124166229359075
1384	0.9003120388612514
1385	0.8686700011496458
1386	0.8539011560633402
1387	0.8890086221874524
1388	0.8905241806181279
1389	0.8557143649637176
1390	0.8562424405526635
1391	0.873322530236029
1392	0.9368145930596079
1393	0.8929648107616124
1394	0.959909022254823
1395	0.879296584092563
1396	0.9358783336900707
1397	0.86757790732589
1398	0.8822622213768535
1399	0.9458472112678898
1400	0.8800442994223378
1401	0.9444253453299823
1402	0.8398020371100562
1403	0.8945658575818354
1404	0.9199859872061235
1405	0.9306730913387686
1406	0.9158922154071564
1407	0.9336790577250605
1408	0.863928411032541
1409	0.8451892136484237
1410	0.8903281263386965
1411	0.8928025370118099
1412	0.9127886629060511
1413	0.9080361385992688
1414	0.7922740797220829
1415	0.958566354442141
1416	0.9322157435752799
1417	0.9338229827709228
1418	0.9387775273122477
1419	0.8911721032156555
1420	0.9292484130635944
1421	0.8978542441305442
1422	0.9205701644112511
1423	0.8807020446549969
1424	0.9204419770460786
1425	0.8663877437135238
1426	0.9614193341216709
1427	0.8379318600193212
1428	0.8840086018056266
1429	0.8749128501100825
1430	0.9387856817489936
1431	0.8548582658253959
1432	0.8503556404546598
1433	0.9513914183842239
1434	0.8537874141612053
1435	0.8109635893742474
1436	0.947519328084163
1437	0.9240387531715267
1438	0.8505465133422289
1439	0.9342804208708844
1440	0.9989841544385591
1441	0.976815214144905
1442	0.854127006024582
1443	0.9351117080620307
1444	0.8811830647111838
1445	0.9378831503826021
1446	0.8768325260309427
1447	0.9154089479004291
1448	0.8472567649293876
1449	0.8225316589229248
1450	0.8507772717899009
1451	0.8075888014340544
1452	0.9354091235526433
1453	0.9235771816681458
1454	0.8770586711878886
1455	0.8310357298682766
1456	0.9116291959450293
1457	0.9047945622607698
1458	0.8739497752128466
1459	0.9313588677764966
1460	0.7832159209283311
1461	0.8430184407109758
1462	0.9356625573193912
1463	0.9344724884247246
1464	0.8517680467820061
1465	0.8286312891129058
1466	0.8169173736701805
1467	0.8364876200707785
1468	0.8671784646621111
1469	0.8947843616806241
1470	0.9208562927375946
1471	0.8336401841800432
1472	0.9286819368314257
1473	0.9658045948211473
1474	0.8515828712774224
1475	0.7900983622801881
1476	0.8680210513488453
1477	0.8147388817510437
1478	0.923043104136465
1479	0.8129497175001404
1480	0.8874045577516224
1481	0.8934483971600784
1482	0.9618706556401845
1483	0.8551883636199019
1484	0.8765389707488807
1485	0.9915916609404499
1486	0.9236188708062898
1487	0.8518921344517939
1488	0.9286806741853665
1489	1.0046841492345833
1490	0.8347828878310039
1491	0.9692011127306339
1492	0.917379086043858
1493	0.8362742282152723
1494	0.9012746379864147
1495	0.899899487744273
1496	0.8764647922091735
1497	0.88844502728408
1498	0.9106910320381146
1499	0.8813355904369636
1500	0.9404916414160772
1501	0.9182978158053586
1502	0.9414300018322327
1503	0.9551994986793023
1504	0.8650446405115209
1505	0.913985155848007
1506	0.9037341986357321
1507	0.8840259993289867
1508	0.9549179872018944
1509	0.8896780973122677
1510	0.958849396435733
1511	0.9528903775843838
1512	0.9383362310955189
1513	0.9721453123153296
1514	0.947636689226091
1515	0.8780210578522513
1516	0.9310859457404672
1517	0.8653733035978347
1518	0.9125382824419436
1519	0.8920362237878054
1520	0.9471048577125174
1521	0.8791639547918082
1522	0.8563234843472699
1523	0.8666203706228973
1524	0.9061745190271264
1525	0.7885175199785427
1526	0.8321637798940812
1527	0.9668219388758057
1528	0.9273091943120859
1529	0.886270975357332
1530	0.8862563785131753
1531	0.9195751936180082
1532	0.8767051543169416
1533	0.8631660176347634
1534	0.8852538657210026
1535	0.8941608513372122
1536	0.8668331037147402
1537	0.8541092529108185
1538	0.886556074074667
1539	0.9103224921981721
1540	0.9289816742638024
1541	0.8615060499705078
1542	0.9667972595138029
1543	0.8925728663613854
1544	0.829462956592565
1545	0.9185074528301668
1546	0.8628282632859197
1547	0.8987270625858969
1548	0.7624172788586517
1549	0.8520377358584094
1550	0.8940950773639104
1551	0.8753188695025259
1552	0.8734838671497166
1553	0.8864280348808883
1554	0.8278852153705731
1555	0.8559281590482049
1556	0.9183548851039637
1557	0.8161927375635369
1558	0.8529246214225605
1559	0.9101689817831655
1560	0.9301669009538167
1561	0.9172872556906067
1562	0.8629065959664081
1563	0.8686330364720803
1564	0.8660267007969191
1565	0.8796550966580711
1566	0.8535843147627923
1567	0.9873856611854415
1568	0.927163243763705
1569	0.895801441346668
1570	0.9450169070596959
1571	0.9687299134279332
1572	0.9263333332818966
1573	0.8955685008087859
1574	0.9296152389354619
1575	0.8735225633237641
1576	0.8903014139185239
1577	0.9082064726670155
1578	0.9433432887837616
1579	0.9133090684185834
1580	0.9034328993884173
1581	0.8786015599077163
1582	0.8703783110183984
1583	0.846373461411837
1584	0.8859393392097535
1585	0.9129328323705814
1586	0.8982974898537904
1587	0.8390260160304912
1588	1.0100531363100766
1589	0.8277370996669245
1590	0.8476706328673312
1591	1.0177005603318277
1592	0.8740802799713315
1593	0.8547439915526731
1594	0.8753298029439758
1595	0.8587845928031584
1596	0.7393720006166167
1597	0.8691893102040494
1598	0.8755912393211865
1599	0.9055267968864327
1600	0.7727795273006246
1601	0.8720232526966918
1602	0.9687265106380624
1603	0.8897824779360711
1604	0.8929661674276701
1605	0.9236757447956699
1606	0.9006501147240286
1607	0.9267551235198768
1608	0.8960830268313835
1609	0.7760634617051958
1610	0.8737766654121184
1611	0.819549676413004
1612	0.7906563333450329
1613	0.8575622655792613
1614	0.8873830607765846
1615	0.8996343422491848
1616	0.9428622527872946
1617	0.8942578919722975
1618	0.9825755867930286
1619	0.8082412794848085
1620	0.9131643459679301
1621	0.9399968681191135
1622	0.855548016240972
1623	0.8012983011498799
1624	0.9076246053442977
1625	0.8794855782155342
1626	0.9318167613643745
1627	0.8913004632211236
1628	0.8890961020511631
1629	0.8709801146899431
1630	0.8641415220962452
1631	0.8396445246568184
1632	0.9202541155348661
1633	0.8668938235739743
1634	0.8773890042366514
1635	0.8836455008361218
1636	0.8768211040875864
1637	0.8470230582084229
1638	0.8645463491385886
1639	0.8410711299225985
1640	0.8658184069659937
1641	0.8898963110668013
1642	0.9054585302287795
1643	0.8256323059011677
1644	0.8726288581472602
1645	0.8900295257095171
1646	0.917345006963965
1647	0.9465084694022535
1648	0.9030348569164897
1649	0.904291931482438
1650	0.9017364857248477
1651	0.8586834188571502
1652	0.8134429810139453
1653	0.8565493421859622
1654	0.8422593508180501
1655	0.9206836173299167
1656	0.7993708149947931
1657	0.8837258569426532
1658	0.8765559124511898
1659	0.9471274146852681
1660	0.9321332572496778
1661	0.8604684050066865
1662	0.8695692177250519
1663	0.8979508544762027
1664	0.8736851542084295
1665	0.8671259683987209
1666	0.8804143245181407
1667	0.9644825551055534
1668	0.8794507180278724
1669	0.842413398172606
1670	0.9079959600012579
1671	0.825308688786901
1672	0.9574979375860677
1673	0.8893370060636708
1674	0.8864595595443621
1675	0.8422791623138254
1676	0.8737998573845033
1677	0.8745657145890556
1678	0.8044962752078237
1679	0.9352396892495992
1680	0.8772963353380004
1681	0.9089846326121818
1682	1.0165106826580375
1683	0.8314327738458046
1684	0.8860591052229253
1685	0.864347487034814
1686	0.8740596638646284
1687	0.8597460213525988
1688	0.8358997494438258
1689	0.9372091651141035
1690	0.8591256376882278
1691	0.8994074748664433
1692	0.8947310892420896
1693	0.8875835424056818
1694	0.8950902372043418
1695	0.9079721897524706
1696	0.8727099923218403
1697	0.8854535849128132
1698	0.8440629543402214
1699	0.8572186827412838
1700	0.8808254463969678
1701	0.9350337532772316
1702	0.8208217336082059
1703	0.9559918426190563
1704	0.8744644204572476
1705	0.9747839993373447
1706	0.9553429940924368
1707	0.9163111388117376
1708	0.8477498154180082
1709	0.9014633995568218
1710	0.8300440334587439
1711	0.7800416948212004
1712	0.8919121622130332
1713	0.8729742838258733
1714	0.8831709954276847
1715	0.8308184895540072
1716	0.8991165815124542
1717	0.9208384204696977
1718	0.8941342282568597
1719	0.9142460709536286
1720	0.7748254430006899
1721	0.9133411942227933
1722	0.9120068749055289
1723	0.8874090613518525
1724	0.8631689112244432
1725	0.9259465767507887
1726	0.8372658613736782
1727	0.8305271285713832
1728	0.8395308631819642
1729	0.8243748987870558
1730	0.9001137190868816
1731	0.8444957516625927
1732	0.8819442480262727
1733	0.818479047037219
1734	0.8849282290898105
1735	0.9248146763810473
1736	0.8748575311985765
1737	0.903827331860249
1738	0.9468931180345612
1739	0.8986991412695879
1740	0.8682094749758579
1741	0.8652432762917474
1742	0.8900027607794768
1743	0.9055820167998937
1744	0.9088042114296451
1745	0.9404599433564544
1746	0.9221238388796978
1747	0.9776540786294713
1748	0.9422724443791641
1749	0.8472715851342071
1750	0.8229155980941891
1751	0.8562156750818342
1752	0.9232030595036378
1753	0.8539925375499388
1754	0.8778682045033009
1755	0.8713077242434206
1756	0.8384931945738784
1757	0.901648022341743
1758	0.890567283858999
1759	0.844168446337521
1760	0.9507346505381035
1761	0.8891944376334915
1762	0.8721519364161273
1763	0.9269723509996638
1764	0.866074551405589
1765	0.9296927699453982
1766	0.8628278545429817
1767	0.9241666151201912
1768	0.9743940006887972
1769	0.8841732352812108
1770	0.8511041094738733
1771	0.8746037463012415
1772	0.9353966856298643
1773	0.955446476461647
1774	0.8470581130018989
1775	0.8766038359077715
1776	0.9350503687913557
1777	0.8433278923812371
1778	0.8944766676984063
1779	0.8551419567352337
1780	0.8124354519241674
1781	0.9180096083297998
1782	0.8097687289231339
1783	0.9668144512213476
1784	0.8214804054822221
1785	0.908265165822086
1786	0.9113724873553586
1787	0.9334087391371961
1788	0.9131136502621995
1789	0.9130220043017867
1790	0.8611325538705417
1791	0.8741702525600252
1792	0.9361409073192103
1793	0.9034965876683081
1794	0.8990042669280712
1795	0.954516438206677
1796	0.8936422903367641
1797	0.7817228635725842
1798	0.8954574319801586
1799	0.8859999358037892
1800	0.9437633587075348
1801	0.9446315346932719
1802	0.8717376567972601
1803	0.8722150063853618
1804	0.9513081793093583
1805	0.8082882046512501
1806	0.8957271786329438
1807	0.9253392370485625
1808	0.8834766180552318
1809	0.95053107587637
1810	0.8585629639043807
1811	0.807551971735083
1812	0.7759416412434702
1813	0.9147346934764073
1814	0.8982749970895675
1815	0.8384801245569878
1816	0.9330212955527918
1817	0.8490972959885713
1818	0.8803214393487551
1819	0.7958244191864294
1820	0.8883652440368003
1821	0.96488611690579
1822	0.96735370218394
1823	0.8794619462052803
1824	0.9176575673637378
1825	0.922189647113368
1826	0.9449047474289618
1827	0.8424960449074064
1828	0.9073254842919137
1829	0.8941520313284185
1830	0.8560257562568052
1831	0.8283498914365729
1832	0.9143847349270829
1833	0.9624298228155117
1834	0.961224113109449
1835	0.8263008745072303
1836	0.8178474111895988
1837	0.9142406743145254
1838	0.9399742683400838
1839	0.9049357860371561
1840	0.8368419495631109
1841	0.8995786670407925
1842	0.9400082975892377
1843	0.8460738212249467
1844	0.8480258511557748
1845	0.8617304245750295
1846	0.9161673724349632
1847	0.835287547839119
1848	0.8724433819772675
1849	0.8637951488443966
1850	0.9275633057383866
1851	0.8359861117051157
1852	0.8915841493375792
1853	0.8629745260341886
1854	0.9271737852452493
1855	0.860945862660977
1856	0.9838421652994077
1857	0.9208907278815174
1858	0.8397159878409505
1859	0.9033732480040312
1860	0.9199935564561271
1861	0.9117862779685796
1862	0.8960140051865108
1863	0.8857224551915179
1864	0.915504380046746
1865	0.8561827371837119
1866	0.8959411830354823
1867	0.853763281386011
1868	0.866483514080439
1869	0.8946287745735886
1870	0.8637082408166654
1871	0.913369817445706
1872	0.8859708287778132
1873	0.9291346789565282
1874	0.8470219225207508
1875	0.8754076966265638
1876	0.9217755631595155
1877	0.8801776509704079
1878	0.8766486327176656
1879	0.8890025361809223
1880	0.8577986203436192
1881	0.857812253165643
1882	0.8892113819502081
1883	0.8632911555743713
1884	0.8771181169145639
1885	0.8705851727990352
1886	0.9171086965725155
1887	0.8964534452021932
1888	0.7473402124351913
1889	0.8970229143846816
1890	0.9703099384095502
1891	0.9165736048012071
1892	0.8323732747397042
1893	0.8003285285704913
1894	0.8627286602450084
1895	0.8940576772061833
1896	0.8391767073396151
1897	0.9343460515889472
1898	0.9061109326075221
1899	0.8597912435210376
1900	0.9335348938908345
1901	0.9065980303831231
1902	0.9499177897881633
1903	0.9337471518660023
1904	0.8496931008296661
1905	0.8464901026183509
1906	0.9420841218556713
1907	0.9178610413847699
1908	0.9568343051859217
1909	0.8991328523076001
1910	0.8809781805684618
1911	0.9355624144313908
1912	0.9225319828737021
1913	0.9082482065070256
1914	0.9066465058111854
1915	0.8555381267844308
1916	0.8511449508565151
1917	0.8579792675925052
1918	0.917501358716642
1919	0.8139675210789471
1920	0.8740219502180946
1921	0.8712088901057082
1922	0.9098045541238403
1923	0.9245186835064249
1924	0.8406765632676639
1925	0.8351065254930194
1926	0.8731954945991589
1927	0.8591542006256074
1928	0.9586584604888861
1929	0.9510641302877435
1930	0.9249434043018183
1931	0.8048096525963112
1932	0.9398035939578689
1933	0.8881065428757876
1934	0.8778203179769125
1935	0.8860938573082361
1936	0.8688195757120579
1937	0.8611379888185478
1938	0.8344204996037802
1939	0.8647381731109763
1940	0.8328282324994485
1941	0.8370172705638927
1942	0.8618247432719743
1943	0.8470280049207513
1944	0.9358774445641128
1945	0.9610760591854353
1946	0.9332548816587197
1947	0.8900006674184909
1948	0.8755093342292856
1949	0.8759168607723103
1950	0.8043104208045849
1951	0.9268244224821061
1952	0.8793930179052146
1953	0.8279820306826823
1954	0.9431137646119849
1955	0.8989115204638604
1956	0.86585092699991
1957	0.8733881953097596
1958	0.9182696763864849
1959	0.9657024116816424
1960	0.8725324106871567
1961	0.8452268305669003
1962	0.9020900073506241
1963	0.9246167148108903
1964	0.8482523592224679
1965	0.880031856822797
1966	0.9051251969577375
1967	0.9227577007421032
1968	0.8840256868725133
1969	0.9462067325865876
1970	0.9060324285293134
1971	0.8352555534139942
1972	0.8813769824095355
1973	0.9036955380419553
1974	0.8711793055416955
1975	0.9144200150629448
1976	0.9268252522670337
1977	0.9020992617815301
1978	0.8677458610568718
1979	0.9273674908353715
1980	0.8664335438809282
1981	0.8945459135838338
1982	0.9042703036381249
1983	0.8732955315815293
1984	0.9128372371674244
1985	0.8309392980549174
1986	0.8245229112796669
1987	0.8168757794931781
1988	0.862859893408186
1989	0.8755112438607282
1990	0.8833171654021914
1991	0.8812345311684404
1992	0.9119727090026806
1993	0.9256243960422298
1994	0.8523579944445278
1995	0.9470713858067636
1996	0.8829913512705895
1997	0.8955524853809218
1998	0.867686091223825
1999	0.8524534767611566
2000	0.8715378601892995
2001	0.9242882959146248
2002	0.9141371904750968
2003	0.8175607511708556
2004	0.9190102645815934
2005	0.8416144927359471
2006	0.8502387898179619
2007	0.9278608627915086
2008	0.9024766204849348
2009	0.8239367371964307
2010	0.9474888005880538
2011	0.9417032450167332
2012	0.8276148860046693
2013	0.8580437744425088
2014	0.9269105345736798
2015	0.8746143589228677
2016	0.8521615823679327
2017	0.796251331020433
2018	0.8681151591572733
2019	0.9159364987639129
2020	0.8702385541707105
2021	0.8957473233215886
2022	0.9121795677845826
2023	0.8691417502312866
2024	0.8366656081994918
2025	0.8856333394039189
2026	0.8097262282079568
2027	0.9079145930851374
2028	0.9217109453306609
2029	0.9397176245527603
2030	0.9223363390314692
2031	0.9131056468322772
2032	0.861083771445959
2033	0.9046385738384679
2034	0.8731034817070997
2035	0.8940267352366056
2036	0.8991158015173112
2037	0.9101586981476272
2038	0.8077618242227516
2039	0.8405011458473182
2040	0.8707259743652251
2041	1.0038572530057621
2042	0.9201558337714986
2043	0.8300523462695758
2044	0.9131391103330854
2045	0.925660548725556
2046	0.8623937497548819
2047	0.9033698996638521
2048	0.858856223429516
2049	0.8553394113066607
2050	0.9308895149193238
2051	0.877493978697622
2052	0.8258748203250181
2053	0.8970156092962891
2054	0.9262250572532383
2055	0.8136159310242277
2056	0.9221953271668499
2057	0.8810723162059663
2058	0.8739369106647009
2059	0.9989625728888428
2060	0.8423811341866222
2061	0.7847738731494535
2062	0.8519011871699367
2063	0.8787637536889987
2064	0.88398123082538
2065	0.9151023355488307
2066	0.9055256171241545
2067	0.899997063681585
2068	0.8399215975850889
2069	0.8445421958406013
2070	0.8331810027385403
2071	0.8521494161576619
2072	0.9017011421209696
2073	0.9168064692550747
2074	0.8791626508973809
2075	0.8676423476719529
2076	0.8902654102071971
2077	0.8702702250682799
2078	0.9222231624662732
2079	0.9111314182676413
2080	0.8934059483896225
2081	0.8956427872493606
2082	0.8848415718498912
2083	0.9002467464825177
2084	0.8785451862631367
2085	0.8170587663758021
2086	0.8439803908576499
2087	0.8605448928589143
2088	0.9068948418716068
2089	0.9050678544838376
2090	0.907314718465607
2091	0.8564693979137062
2092	0.8729256415325998
2093	1.0073101826155761
2094	0.915644981779188
2095	0.9075602883272383
2096	0.9408544621304955
2097	0.8656018623167401
2098	0.8788459335034046
2099	0.861446407887719
2100	0.9429317045177378
2101	0.9722188263547343
2102	0.8615483538727824
2103	0.9785336954177684
2104	0.9168344016810733
2105	0.8949100441550834
2106	0.9012505237128259
2107	0.8040560975864534
2108	0.9348763505481705
2109	0.9018692147772351
2110	0.8435181488951218
2111	0.9025112684338387
2112	0.9629567583185447
2113	0.8945402758365898
2114	0.9458756250177598
2115	0.8940435290721834
2116	0.8578050252834777
2117	0.8603482361530798
2118	0.8935590602583108
2119	0.8921357323778852
2120	0.969613653109978
2121	0.9289725646603422
2122	0.9208504267889166
2123	0.8941852048067869
2124	0.8505103644142302
2125	0.8799696689821136
2126	0.8924706612083785
2127	0.9220583750038719
2128	0.8997263074928126
2129	0.925907604905749
2130	0.8579628526646095
2131	0.8957499297175878
2132	0.8825210691338204
2133	0.8966802286152052
2134	0.8130838397929857
2135	0.9384829966684687
2136	0.8795345299789008
2137	0.9246950119811429
2138	0.8912462373317213
2139	0.9483680997607438
2140	0.8535318667456797
2141	0.8685510497748898
2142	0.8972352784322315
2143	0.9390078727604315
2144	0.9033515815700137
2145	0.9982068132079623
2146	0.8474386986831213
2147	0.8910101609689516
2148	0.8639858425458449
2149	0.9229157564113201
2150	0.8400725711686546
2151	0.8861654516947249
2152	0.8730128142147723
2153	0.8928360291946504
2154	0.9215069424490873
2155	1.005142310870442
2156	0.8963451887143484
2157	0.9195214754689662
2158	0.8380065508760048
2159	0.9391606934959522
2160	0.8654482159291655
2161	0.9114876654976469
2162	0.8912551087306341
2163	0.9085731588709406
2164	0.9057768051787327
2165	0.8377132308885995
2166	0.928680096434258
2167	0.9100037913438402
2168	0.8794089031057745
2169	0.8503897936607346
2170	0.9265743420439265
2171	0.8839624788159015
2172	0.8073200783735569
2173	0.8668228687950802
2174	0.8958390265214099
2175	0.9743927841732277
2176	0.9336965188514472
2177	0.9355511731348229
2178	0.8820282770890324
2179	0.932357659191418
2180	0.8767142254046049
2181	0.7820139532419895
2182	0.9157554333705519
2183	0.8425528535853
2184	0.94437129657221
2185	0.8941222167053934
2186	0.8678312413147887
2187	0.9238707353496636
2188	0.8371824430725449
2189	0.856860810045913
2190	0.9121734714038017
2191	0.846501405381651
2192	0.8537830503751466
2193	0.8945915859004703
2194	0.8575730891580183
2195	0.9051042790948413
2196	0.8862939318222948
2197	0.926886785963237
2198	0.8759588242082103
2199	0.8526742508379376
2200	0.8336548643511918
2201	0.8716444878002092
2202	0.9046532989740896
2203	0.8710637474242702
2204	0.9090491001247184
2205	0.9171028992848577
2206	0.8675018354749076
2207	0.8283920674965756
2208	0.9146155655179891
2209	0.9164067712087148
2210	0.8546021971966564
2211	0.8979739022126135
2212	0.9146638086842792
2213	0.865217453621805
2214	0.8710065692603682
2215	0.9044094409485101
2216	0.935043172452874
2217	0.929986712154101
2218	0.8843131605487676
2219	0.8923279579028786
2220	0.9642052878724893
2221	0.8317831713139999
2222	0.8773752122929197
2223	0.9083168830569469
2224	0.9041319562276243
2225	0.8997819846698538
2226	0.9417331912224307
2227	0.9335837683696417
2228	0.9292499454294043
2229	0.8661592222291425
2230	0.8195743665904225
2231	0.8674622640163753
2232	0.8302376211185487
2233	0.9271132747139709
2234	0.8628609536057509
2235	0.9168969602251203
2236	0.8746232109130144
2237	0.9439501159708278
2238	0.9020653139061336
2239	0.9142458010299706
2240	0.8423676512520722
2241	0.9554906813339455
2242	0.8869731067235173
2243	0.9256006574100604
2244	0.8755125441295749
2245	0.9262778198232254
2246	0.8248661905551632
2247	0.9062869145962085
2248	0.8685254706922328
2249	0.9275290806793954
2250	0.9522492755218688
2251	0.915507242349007
2252	0.9362467534566122
2253	0.8688889662524758
2254	0.7911329999800464
2255	0.8854412786587631
2256	0.822415766781717
2257	0.8902975557719001
2258	0.8983614276831593
2259	0.8612049905758802
2260	0.9077253131506342
2261	0.8669205201799085
2262	0.8301322045497119
2263	0.8974138989569391
2264	0.8658269945951972
2265	0.9253074781550487
2266	0.8840878649682321
2267	0.8996008404074509
2268	0.900083987102924
2269	0.9119760516084136
2270	0.925405245296459
2271	0.9073974747203057
2272	0.8175378678732889
2273	0.8680699514835638
2274	0.7951511350710964
2275	0.8901903470067994
2276	0.8128652926102606
2277	0.8741717821865173
2278	0.9217425908336843
2279	0.9331528834766804
2280	0.9117963016181985
2281	0.8558428451629457
2282	0.8799881995382922
2283	0.9579074674877245
2284	0.9631471109111911
2285	0.9332039365346213
2286	0.927709269570188
2287	0.8915372445208533
2288	0.995378594067843
2289	0.9409452158302641
2290	0.894838799373294
2291	0.8248212126413464
2292	0.8892009393509763
2293	0.9301077607187845
2294	0.9328423725204343
2295	0.8927166987306083
2296	0.9338255856917379
2297	0.8700607448427717
2298	0.883106320815574
2299	0.8057530771824989
2300	0.9551301437084133
2301	0.9263518334899492
2302	0.866002142741472
2303	0.8684932182736913
2304	0.8804810380794125
2305	0.9556821324808815
2306	0.9170751989638614
2307	0.9144712247492559
2308	0.8830457475560085
2309	0.8760527623577807
2310	0.9400357512514518
2311	0.8628566038513745
2312	0.9432752677789136
2313	0.8625486625350383
2314	0.8974818988453119
2315	0.8098717638689474
2316	0.8877296052650245
2317	0.8638762879933766
2318	0.876601032554577
2319	0.8896172997266016
2320	0.8874508699989214
2321	0.8415276651190697
2322	0.8584726045230345
2323	0.8804662032035399
2324	0.8646485992701002
2325	0.908953842965854
2326	0.8666706386099706
2327	0.8666869056589935
2328	0.9443880409898048
2329	0.7750265148391381
2330	0.8459844800347148
2331	0.8003541243705155
2332	0.825591572511409
2333	0.7975046756293803
2334	0.8433431394002486
2335	0.971168096824131
2336	0.8937401144743287
2337	0.9191559611308933
2338	0.8962712727382295
2339	0.8833637789454545
2340	0.8846626770514411
2341	0.8938828983668744
2342	0.9098380121867323
2343	0.909026659732622
2344	0.8711599529348019
2345	0.8794351647694469
2346	0.7970469175041185
2347	0.9045716470303532
2348	0.8932430673549699
2349	0.8523930634705256
2350	0.8728835404281461
2351	0.9492792189153768
2352	0.8194257780898078
2353	0.8564743348582304
2354	0.8521252847073056
2355	0.8985695943155904
2356	0.935530068642571
2357	0.9660759452166552
2358	0.8809801921921274
2359	0.806741205071099
2360	0.8913801504899689
2361	0.9324958947329939
2362	0.8426759666432986
2363	0.975475374335032
2364	0.9207930682709604
2365	0.8674625714803196
2366	0.9219402498084761
2367	0.8857962185209804
2368	0.9310962494299949
2369	0.8223416365316653
2370	0.8688050098627815
2371	0.9141913920110455
2372	0.8786095040227734
2373	0.8327025290092763
2374	0.9267965010398534
2375	0.8904274613618146
2376	0.9430584647384097
2377	0.794165840544715
2378	0.8614143174110072
2379	0.8400622050848238
2380	0.8405732921076844
2381	0.9428613758160015
2382	0.8047753042262648
2383	0.8641181769757373
2384	0.9123037613507438
2385	0.9708432787450074
2386	0.8833226792465978
2387	0.8391018419010845
2388	0.9226118588817761
2389	0.8370173836388519
2390	0.919492514349344
2391	0.8809913955474773
2392	0.8725066388489306
2393	0.8527650405868854
2394	0.9081899827906246
2395	0.8337256254652069
2396	0.8926926659891744
2397	0.9537759073052214
2398	0.9146736475008619
2399	0.8549085908937748
2400	0.945499239584569
2401	0.9013186234946746
2402	0.894942756513331
2403	0.824823316794063
2404	0.8765339086041108
2405	0.9006260757625807
2406	0.891905842286039
2407	0.899795877643298
2408	0.7953768623330616
2409	0.8482659195317476
2410	0.8421346671998526
2411	0.9178530749266954
2412	0.7876847411099933
2413	0.8407447847208703
2414	0.835984678637615
2415	0.8711715775457638
2416	0.8814606159234712
2417	0.9083723605244015
2418	0.9315084897725471
2419	0.9438665731614583
2420	0.87737180989336
2421	0.9254581272957156
2422	0.9132612021020593
2423	0.8831726007539608
2424	0.9019844176386214
2425	0.8807262064359691
2426	0.8615431427299006
2427	0.8337633765727387
2428	0.8870726200182565
2429	0.8594587881126372
2430	0.922927131441895
2431	0.8103013320762658
2432	0.8448791302388194
2433	0.8644917118679377
2434	0.9339219880504656
2435	0.9050948187370901
2436	0.858967600199488
2437	0.8713718086385297
2438	0.8901071962988666
2439	0.857542501018379
2440	0.8905267182752881
2441	0.8475751214500057
2442	0.9496390078415293
2443	0.8686036954458625
2444	0.9074068494914889
2445	0.917744925540257
2446	0.9023702089255309
2447	0.8282597478597561
2448	0.9996670171206891
2449	0.8510348652801428
2450	0.894555011095547
2451	0.8994449742957403
2452	0.8532127137109115
2453	0.8397270435961239
2454	0.9021349699675079
2455	0.9182439594396101
2456	0.9012372002810872
2457	0.891247951576829
2458	0.8775837728004475
2459	0.911535184741118
2460	0.8792757644094834
2461	0.8442176195313496
2462	0.910384884439743
2463	0.8376404894934504
2464	0.88908362085342
2465	0.8902773002283165
2466	0.9467033569597624
2467	0.8816615095085429
2468	0.8625502312344706
2469	0.8322114397636469
2470	0.873286103113642
2471	0.8668216698921307
2472	0.8286357669398366
2473	0.8093179636613171
2474	0.8550825050003118
2475	0.835075063743984
2476	0.8573694294827074
2477	0.804877792927459
2478	0.9553012890198577
2479	0.9839996559409272
2480	0.9138239798012575
2481	0.8964772359087964
2482	0.8773661673555017
2483	0.8469742167094529
2484	0.8644424411100841
2485	0.8572398156853968
2486	0.9500582566183322
2487	0.8957951211182568
2488	0.8705025820892206
2489	0.9887078975256515
2490	0.9155902159433164
2491	0.847106323344289
2492	0.8137506951342689
2493	0.911705362651928
2494	0.9008978030825243
2495	0.8344927061372105
2496	0.8230798620505377
2497	0.8781551758469355
2498	0.801918828732399
2499	0.9384591929658957
2500	0.8839621440389247
2501	0.9456309608878966
2502	0.9319201635692631
2503	0.9202457946445861
2504	0.8669802279307773
2505	0.8542181724901667
2506	0.9218384191944086
2507	0.9316060593725903
2508	0.8675459407877555
2509	0.9201981951403831
2510	0.9293319718065722
2511	0.8588268527976552
2512	0.8895037731182724
2513	0.8860338210516558
2514	1.004354652434134
2515	0.8702868419675767
2516	0.906236230061906
2517	0.871768250590227
2518	0.846084705701201
2519	0.8065601720080795
2520	0.9222249836723968
2521	0.877678866804137
2522	0.8852500896532282
2523	0.873537954153278
2524	0.9399756265255216
2525	0.9175541401738841
2526	0.9758080556614767
2527	0.8427773131920068
2528	0.9042003386750436
2529	0.8814313992788202
2530	0.9161158742126896
2531	0.8448531435573238
2532	0.8821191785392861
2533	0.998685660725357
2534	0.8882408350653476
2535	0.83033821231337
2536	0.85650273883449
2537	0.9009213187770934
2538	0.9037233937990955
2539	0.8813347694923424
2540	0.9652014273453388
2541	0.9340316501320103
2542	0.9309605603032677
2543	0.8593374150935315
2544	0.8737606635932296
2545	0.8468319295083904
2546	0.8970349300393358
2547	0.8378611385447846
2548	0.8253762949944327
2549	0.886457480524166
2550	0.9512176197494828
2551	0.899734729611868
2552	0.8255735361189293
2553	0.9028521647659116
2554	0.8326324686839832
2555	0.8538887293423835
2556	0.8445304495828404
2557	0.9289997203150631
2558	0.895993759834096
2559	0.8909732172797574
2560	0.9112282671752256
2561	0.9802194921628214
2562	0.937161231951945
2563	1.0000246069061203
2564	0.8038951211094515
2565	0.9257627317669249
2566	0.8804249625997167
2567	0.8993705408660361
2568	0.7846966534244407
2569	0.8130144307692988
2570	0.8791211504955878
2571	0.8245125374749775
2572	0.8918315987929393
2573	0.8496928115341016
2574	0.8900754152305962
2575	0.8076356569925179
2576	0.9472299102897934
2577	0.8788271072394471
2578	0.9157615740067708
2579	0.853301832546731
2580	0.8584960678463749
2581	0.7769559515252714
2582	0.8342564967218549
2583	0.8258034542842225
2584	0.9001289654237052
2585	0.9246379732309579
2586	0.9258911197645298
2587	0.8397925655443191
2588	0.9104632354968184
2589	0.8230931265944275
2590	0.8908706707915929
2591	0.9113403752641894
2592	0.9014752483660914
2593	0.9252267483923088
2594	0.9989090523315773
2595	0.993500733587442
2596	0.8623787622102768
2597	0.8921169777018927
2598	0.8475597226926613
2599	0.9453761409950286
2600	0.8742370162964753
2601	0.938712591932778
2602	0.8755670834601053
2603	0.8897478711423212
2604	0.7942712783554808
2605	0.9154756792402446
2606	0.9221493821872138
2607	0.8511362685265033
2608	0.9298901792109139
2609	0.9201390275120545
2610	0.8757994113226478
2611	0.8074391814494066
2612	0.9004464925928023
2613	0.8661295518768272
2614	0.7993136022444655
2615	0.9136966738534509
2616	0.919164859256187
2617	0.9108979430591282
2618	0.8954318513951559
2619	0.8530214896839592
2620	0.8229231440285816
2621	0.9248116350427776
2622	0.8610418868926929
2623	0.8493082043663575
2624	0.9631047581570572
2625	0.8681704891216669
2626	0.8601354600936608
2627	0.9185685431034188
2628	0.8555955358009619
2629	0.8869219125909165
2630	0.8333307381019338
2631	0.8577496560956377
2632	0.8590682787491937
2633	0.9109584737212792
2634	0.92833433354672
2635	0.8576245824893455
2636	0.8430370074557711
2637	0.9422064272672529
2638	0.8349339880244314
2639	0.8725378387028655
2640	0.8256240992410093
2641	0.8447743213616008
2642	0.8849249263432799
2643	0.870526558608787
2644	0.858897431609489
2645	0.8125984095397094
2646	0.8807716510744646
2647	0.8532062044917998
2648	0.8935216251065107
2649	0.822301865254202
2650	0.9199492575109658
2651	0.8859968100104416
2652	0.9279054940482009
2653	0.8820046900379048
2654	0.8632653796569846
2655	0.844697733571777
2656	0.8246939813736137
2657	0.8877636930579951
2658	0.889594720704368
2659	0.8457537424960918
2660	0.8642799647499257
2661	0.9281733140644403
2662	0.9085680795776765
2663	0.9446969299533013
2664	0.8082581709710536
2665	0.9263660860628984
2666	0.8864555781600509
2667	0.9039994817872787
2668	0.9544258635076479
2669	0.9119519373097974
2670	0.8457495944043848
2671	0.8210801699783288
2672	0.8456391968473641
2673	0.8045914943390282
2674	0.9007585336957845
2675	0.8837830266889116
2676	0.8847488653132279
2677	0.9502714364775325
2678	0.7986217694571845
2679	0.9209243040928674
2680	0.9427020700015388
2681	0.8197962361980978
2682	0.9228840599382783
2683	0.8504138473078592
2684	0.9005312582277364
2685	0.8796336510660208
2686	0.9009785426927908
2687	0.8940785763209883
2688	0.9000418922482704
2689	0.9347660495177004
2690	0.781464053427155
2691	0.9723774650468143
2692	0.8786603448018966
2693	0.8816389747220829
2694	0.8328517082255058
2695	0.8811400694724394
2696	0.9132029981120617
2697	0.8873625481496067
2698	0.9520526805529604
2699	0.8409880311689827
2700	0.9820133253522367
2701	0.8859347164513705
2702	0.9857138695139486
2703	0.9245359187972189
2704	0.8677367638560521
2705	0.9301092084567826
2706	0.8068726789573564
2707	0.8389339074278748
2708	0.8488424544413146
2709	0.905752141106536
2710	0.8958162473480126
2711	0.8634531630292065
2712	0.8924472549070439
2713	0.8958910826245374
2714	0.9004681723580847
2715	0.8464034916088774
2716	0.8872494345620436
2717	0.8851048533784616
2718	0.9141914727546846
2719	0.9087894503243049
2720	0.8746745198175386
2721	0.8671975754218632
2722	0.9290269752008575
2723	0.8237741468128389
2724	0.8366730831101096
2725	0.8569113259821864
2726	0.8762934235925331
2727	0.9195087498962907
2728	0.9109378850573805
2729	0.8994714106074841
2730	0.8687379967938609
2731	0.907238402480074
2732	0.9155893744048548
2733	0.7713660091488843
2734	0.9015365125383438
2735	0.881270539930298
2736	0.8617059236780454
2737	0.8882306596479175
2738	0.9365287340427589
2739	0.8220369074897654
2740	0.8478475316299211
2741	0.8821906708509809
2742	0.8300591361937063
2743	0.8783991459050421
2744	0.8994983945941243
2745	0.8020579162197311
2746	0.8726438665686282
2747	0.902315521855248
2748	0.7885521504401117
2749	0.8651796289806479
2750	0.9063780873904433
2751	0.839996556633619
2752	0.8650448666836746
2753	0.8784949612544534
2754	0.896770548545766
2755	0.9550325813512675
2756	0.900903570268449
2757	0.919411343805224
2758	0.8531728511672599
2759	0.8464282013511054
2760	0.9385409288260603
2761	0.8715692519483423
2762	0.8841272759630001
2763	0.9308076449271334
2764	0.8269425933764974
2765	0.8349242572237833
2766	0.8288043406187577
2767	0.9159310512363373
2768	0.91348902157533
2769	0.8228140762713154
2770	0.9240909281480436
2771	0.8350899323048335
2772	0.9315925017287916
2773	0.8990227765506286
2774	0.8989495774161781
2775	0.8198780641572602
2776	0.9024940138346018
2777	0.8531659907293283
2778	0.7960620587491362
2779	0.8469520506063893
2780	0.8793487971319578
2781	0.868362293118906
2782	0.8519548024828097
2783	0.8300014965716283
2784	0.8797788671344168
2785	0.8662827563585928
2786	0.9095669752624
2787	0.9397756448488572
2788	0.9062300712029663
2789	0.8659013528031462
2790	0.8247207378822282
2791	0.8416986881703442
2792	0.9331772535063819
2793	0.8803202252393688
2794	0.930594216790271
2795	0.864398498059436
2796	0.9123532147011765
2797	0.9321078206096467
2798	0.8885506988177848
2799	0.8698513940059892
2800	0.9142205209509024
2801	0.8854391418479921
2802	0.8848831950786689
2803	0.8569803296849673
2804	0.8244420969324746
2805	0.9021509417151065
2806	0.9033284087227224
2807	0.9319492296454481
2808	0.8830648250777859
2809	0.920704220236221
2810	0.8325782577328302
2811	0.886070335538961
2812	0.8710753795371393
2813	0.969482735713071
2814	0.870770115638084
2815	0.9329636022245803
2816	0.9867708584868077
2817	0.874814458420414
2818	0.8857129105342636
2819	0.8724322725650799
2820	0.8964057047433405
2821	0.8833976345201979
2822	0.8956468872227317
2823	0.9303569693540535
2824	0.8412933461863896
2825	0.9102838309275199
2826	0.9116491044713297
2827	0.8530880337670701
2828	0.8395902689417802
2829	0.8732176416182781
2830	0.859139201296091
2831	0.9556014568531715
2832	0.8860950923082965
2833	0.9532534182199571
2834	0.8983984476280656
2835	0.9404871411892035
2836	0.8763595396158788
2837	0.9202569551075105
2838	0.8591469979930529
2839	0.9389999558157655
2840	0.8789964144620228
2841	0.8537834722813646
2842	0.9060821567077355
2843	0.8059760720881769
2844	0.8016377317022539
2845	0.9009970735616956
2846	0.9285531183767021
2847	0.8486673811532534
2848	0.9293382320442541
2849	0.9242581616428672
2850	0.9022948559783984
2851	1.0048196792862183
2852	0.8952378682131823
2853	0.8723191513238162
2854	0.8941981807701443
2855	0.7923621164097632
2856	0.9577455129476155
2857	0.8648039623347626
2858	0.9619188857973544
2859	0.902172160379537
2860	0.9000234956017601
2861	0.8994847295766893
2862	0.8712946671656846
2863	0.9689096646407409
2864	0.8634670364692372
2865	0.821443538784881
2866	0.8605098961998305
2867	0.9185377785851703
2868	0.9449954563994459
2869	0.8836258928558557
2870	0.8367312039481918
2871	0.8479789862906703
2872	0.8849279581069266
2873	0.8206454774107855
2874	0.902088890662689
2875	0.8114306855187704
2876	0.9335135516406459
2877	0.8899444002634337
2878	0.9332729466381399
2879	0.9563798032386076
2880	0.8314175384279437
2881	0.9385612874258821
2882	0.8331421195617434
2883	0.8354743141878989
2884	0.9268692289718613
2885	0.9063808291183235
2886	0.9296869382722065
2887	0.9382958469439701
2888	0.8394378038711471
2889	0.8994956939410386
2890	0.9213909328989213
2891	0.8761865819784969
2892	0.8737109144511238
2893	0.9516753119084966
2894	0.8949984197162848
2895	0.9006493971401516
2896	0.8538092247326591
2897	0.9337511953449665
2898	0.9099874244560202
2899	0.9025563352315272
2900	0.8347267476930006
2901	0.8903541244030194
2902	0.9170658529248604
2903	0.8230315025385889
2904	0.8094492467561517
2905	0.8743681500336588
2906	0.9545708194212351
2907	0.8753120863868755
2908	0.8820242812653559
2909	0.9175970060804463
2910	0.9383442808677336
2911	0.9219191566621902
2912	0.9789958389197888
2913	0.8169631309967927
2914	0.8902113582784922
2915	0.8499695996918938
2916	0.8183715226104121
2917	0.9103274609791466
2918	0.933517230888358
2919	0.905508102039395
2920	0.9112461267337609
2921	0.8872020388191887
2922	0.9259104087360707
2923	0.8646855150086575
2924	0.83761900886228
2925	0.8107282566126988
2926	0.9057972142213814
2927	0.8615421552132979
2928	0.815888381274904
2929	0.7586341240863435
2930	0.9388151034409771
2931	0.8971771307812174
2932	0.8928340036898442
2933	0.8824567423184142
2934	0.9093392691045079
2935	0.8472236044378398
2936	0.8821954255198263
2937	0.9242685585442617
2938	0.8728974739835194
2939	0.8954073974601522
2940	0.9076813831143008
2941	0.7550553919637414
2942	0.8658213020067714
2943	0.8980794507681303
2944	0.8298303496011568
2945	0.9098077128436152
2946	0.8921470641838454
2947	0.9279680398458836
2948	0.9478023595959102
2949	0.9047764506931985
2950	0.895853100363095
2951	0.9636293249891843
2952	0.8046385764952934
2953	0.9212052213727924
2954	0.8090517258642935
2955	0.8749017099254626
2956	0.9874074266013922
2957	0.8832254692718414
2958	0.9509952311123527
2959	0.9006948069605304
2960	0.9176071813875183
2961	0.847638033756322
2962	0.865079623674067
2963	0.9428265068484651
2964	0.8855493469546839
2965	0.878907100167556
2966	0.898774514742596
2967	0.9302762302832785
2968	0.9150622384812003
2969	0.9222877083387524
2970	0.8801668259398163
2971	0.9268655154925809
2972	0.8375432228769794
2973	0.928815916269581
2974	0.9160302483748811
2975	0.8557129077766024
2976	0.9397265966629008
2977	0.8720023698949145
2978	0.8651015676799876
2979	0.7970962373937824
2980	0.8804820164061635
2981	0.9458020972550536
2982	0.8655732870094436
2983	0.9001778472612197
2984	0.9097308915838104
2985	0.8542448418941581
2986	0.884070465804825
2987	0.9431761479046231
2988	0.9057113049780862
2989	0.8688480853887409
2990	0.9396640660837023
2991	0.9363150889546991
2992	0.8428477055539373
2993	0.9132358406305374
2994	0.8607751961082977
2995	0.8723889407041645
2996	0.8512466930422925
2997	0.8521098560640568
2998	0.8367534983284945
2999	0.6905680917677917
3000	0.22554238604583757
