1	367.05854666923665
2	342.89365254362184
3	327.2256920955944
4	314.9762784601274
5	301.1751269698206
6	295.88993558244704
7	291.0174479867554
8	285.6872582769474
9	277.38199867357406
10	275.8535816796213
11	272.9634692813028
12	265.4841614153402
13	262.95442909943836
14	259.0433884091003
15	256.330370992177
16	254.2950973229992
17	250.26712165719988
18	246.433148982879
19	245.7191153701991
20	242.60003159448272
21	238.25756695825015
22	236.52301475476193
23	231.63016149891263
24	229.33942786225063
25	224.31442657793008
26	221.16267176834577
27	218.2386536259746
28	213.69248086590204
29	210.6639921327076
30	205.59193218808275
31	199.77972056235768
32	193.33724173994213
33	187.91301762872806
34	184.37686051098564
35	179.95798709305285
36	172.3545348664657
37	166.96684231984943
38	159.35948347221887
39	153.43212214738506
40	145.8871370152404
41	140.5150508888513
42	133.862074051898
43	129.45133440969371
44	125.35968399285714
45	118.85533313065442
46	114.01080224258799
47	109.71114790588669
48	105.90089308698781
49	102.97728198109174
50	100.15150331262629
51	97.38736745436066
52	94.22589995385529
53	92.58635739047972
54	90.79346117948482
55	89.45469942160133
56	86.61147490803019
57	84.8986452518943
58	83.7781065113617
59	82.76588750917294
60	82.22444927902943
61	81.47734592761798
62	79.75578484372848
63	79.33724830538902
64	77.84412438386083
65	77.26532091033366
66	76.70267749284058
67	75.78793698339311
68	75.56799789040883
69	75.0630294102304
70	74.83479374941625
71	74.10011267706861
72	74.00743924942435
73	73.42615952985767
74	73.11011756667348
75	72.66846371046971
76	72.34711294679954
77	72.08352648956709
78	71.81149064282812
79	71.62205814024165
80	71.45325210102118
81	71.31595820411593
82	71.17127617108348
83	71.08127715017946
84	70.99852096357894
85	70.93545530009621
86	70.88271943222726
87	70.83843734345797
88	70.79164285484691
89	70.75573587703494
90	70.72748477205981
91	70.70169038685141
92	70.67609499116124
93	70.65477319049916
94	70.6350819989479
95	70.61686738977359
96	70.60032040007084
97	70.5828129314571
98	70.56753782576256
99	70.55292777497965
100	70.53910362075882
101	70.52799185993263
102	70.51558693324004
103	70.50594674532591
104	70.49597884209264
105	70.48570957250904
106	70.47600908626394
107	70.46611133507947
108	70.45680926078363
109	70.4472543919282
110	70.43753891157952
111	70.42941900646035
112	70.41931258270724
113	70.40946625587877
114	70.40203109321463
115	70.39441843097256
116	70.38759046206346
117	70.38103888583875
118	70.37447128240545
119	70.36933613101436
120	70.36255428740166
121	70.35576258558429
122	70.35047503325808
123	70.3437416665761
124	70.33817077336359
125	70.33147963906244
126	70.32508812758047
127	70.31865937642532
128	70.31308848397885
129	70.30727354441734
130	70.3028763461809
131	70.29758759736674
132	70.29366461394164
133	70.28919210450803
134	70.28463646008844
135	70.28056012098423
136	70.27682905970673
137	70.2729271182326
138	70.2694452761294
139	70.26507875137322
140	70.26161229780072
141	70.2580934238538
142	70.25480800479909
143	70.2513397727441
144	70.24855901396357
145	70.245632322856
146	70.24314124243324
147	70.24020221786337
148	70.23784622693758
149	70.23552426723936
150	70.23348834357871
151	70.23174041421743
152	70.22955748124137
153	70.22791338222069
154	70.22619893752913
155	70.22470722508797
156	70.22292139266172
157	70.22147022594928
158	70.21977224013271
159	70.21801983064506
160	70.2166364867457
161	70.21491967799983
162	70.21375796988454
163	70.21230601954235
164	70.2111063254441
165	70.2097621524414
166	70.2085428296876
167	70.20736265399178
168	70.20582118487249
169	70.204546426088
170	70.20302343114034
171	70.20176152733987
172	70.20063065381858
173	70.19955140333369
174	70.19828816565727
175	70.19709339860674
176	70.19618178416152
177	70.19516118270795
178	70.1942242316964
179	70.19315361484101
180	70.19208335556365
181	70.19092354474755
182	70.18967039703823
183	70.18855430453073
184	70.18760704419486
185	70.18633531416302
186	70.18526826922427
187	70.18392607563057
188	70.18274762783662
189	70.18161224137069
190	70.18067879295457
191	70.1797576482095
192	70.17874817427962
193	70.1775714948931
194	70.17667045770574
195	70.17552027486356
196	70.17452430081137
197	70.17349852563557
198	70.17247137616793
199	70.17143662785196
200	70.17052866434032
201	70.16955298251118
202	70.16880922704436
203	70.16804277095191
204	70.16728386584617
205	70.1665629780945
206	70.16588675036407
207	70.16524965005951
208	70.16442518363253
209	70.1638457587091
210	70.16313288990392
211	70.16250758228192
212	70.16185098591596
213	70.1612956622953
214	70.16072105824308
215	70.1601737956336
216	70.15971226107408
217	70.15915968703254
218	70.15858794444699
219	70.15800347497927
220	70.15735828049745
221	70.15694773108027
222	70.15629644627828
223	70.15568436257203
224	70.15526499717322
225	70.15480671693281
226	70.15437841214437
227	70.15395153927189
228	70.15344656087872
229	70.15291331739913
230	70.15252751681884
231	70.15200401899914
232	70.15162633235617
233	70.1512139655757
234	70.15085871875134
235	70.1504673386187
236	70.15005364200393
237	70.14966946283711
238	70.14916855567655
239	70.1487604909821
240	70.14841536814765
241	70.14808412619632
242	70.14773075614549
243	70.14732491651849
244	70.1469623944824
245	70.14662374002612
246	70.1463081595568
247	70.14610774233647
248	70.1458482990858
249	70.1456161381895
250	70.14531043785563
251	70.14505090761843
252	70.14471484462841
253	70.14447934749538
254	70.14419791360066
255	70.14393920961875
256	70.14369722485569
257	70.14344499384491
258	70.14310190831323
259	70.1427358212993
260	70.14247416707016
261	70.14222597329673
262	70.14199407814664
263	70.1417456324635
264	70.14151965157875
265	70.14122876755795
266	70.14098680933674
267	70.14073661711764
268	70.14054627682326
269	70.14028342537422
270	70.14004498909587
271	70.13983165269906
272	70.13959590141698
273	70.13935997825871
274	70.13910356647459
275	70.13880404415956
276	70.13859962376279
277	70.13838557729477
278	70.1381889413024
279	70.13797456889428
280	70.13772139238455
281	70.13754709578613
282	70.13733008565106
283	70.13715567521609
284	70.13698323900817
285	70.13673211814483
286	70.13657992882781
287	70.13640934512217
288	70.13617734165761
289	70.13595153731485
290	70.13569661485506
291	70.13542091181381
292	70.13523071977352
293	70.1350302172782
294	70.13479563547781
295	70.13451445279583
296	70.13422714725296
297	70.13395803816778
298	70.13375930255305
299	70.13358253335274
300	70.13337831187967
301	70.1331179120702
302	70.13292049299737
303	70.1326353290927
304	70.13232402763127
305	70.13214202093164
306	70.1319033126155
307	70.13173324040818
308	70.13156123812163
309	70.1313777433476
310	70.13121838877849
311	70.13108635857185
312	70.1309657493428
313	70.13075773839033
314	70.13061548578825
315	70.13047320836135
316	70.13033706971223
317	70.13022458052039
318	70.13006226801987
319	70.12994826202272
320	70.12985027957868
321	70.12977580660646
322	70.12968291987103
323	70.1295656100614
324	70.1294692812149
325	70.12938130500547
326	70.12930009803434
327	70.12923679295173
328	70.12916219154172
329	70.12911318291457
330	70.12904050744663
331	70.12896795520871
332	70.12888434525924
333	70.12881536284337
334	70.12873139941873
335	70.12867160749394
336	70.12860434060241
337	70.1285478657837
338	70.12847119510624
339	70.12842641911082
340	70.12837289814203
341	70.12832533509203
342	70.12828356540965
343	70.128243559545
344	70.12820238442085
345	70.1281606291452
346	70.12812584921235
347	70.12808495620214
348	70.12804465683847
349	70.12799857174764
350	70.12795982043028
351	70.12792436841868
352	70.12789251631322
353	70.12785942527243
354	70.12782284901422
355	70.12778473076156
356	70.1277564498764
357	70.12772156214795
358	70.12770124972307
359	70.12767846458672
360	70.1276549431289
361	70.1276348673692
362	70.12761767629036
363	70.1276005852914
364	70.12758407677273
365	70.12756659767454
366	70.12754578867414
367	70.12752474378549
368	70.12750514583118
369	70.12748843965383
370	70.12747026705411
371	70.12745472975811
372	70.1274375173254
373	70.12742294546392
374	70.12740914303207
375	70.12739456292378
376	70.12738023832885
377	70.12736285046134
378	70.12734734557706
379	70.1273326826883
380	70.12731927730617
381	70.12730747186897
382	70.1272952265737
383	70.12728241230595
384	70.12726900463635
385	70.12725540612797
386	70.12723983561435
387	70.1272275960878
388	70.12721187718101
389	70.12719832303766
390	70.12718444527903
391	70.1271717346593
392	70.12715856763405
393	70.12714870118334
394	70.12713565421559
395	70.1271215297552
396	70.12710770134267
397	70.12709819022425
398	70.12708572538439
399	70.12707361327782
400	70.12706391484365
401	70.12705398937982
402	70.12704040172257
403	70.12703045517584
404	70.12701982384198
405	70.1270093333723
406	70.12699773514284
407	70.12698908737654
408	70.12698008534558
409	70.12697173397333
410	70.12696348373964
411	70.12695515372388
412	70.1269489227964
413	70.12694190885333
414	70.12693465854305
415	70.12692787309305
416	70.12692243730658
417	70.12691545321759
418	70.1269062245015
419	70.12689797026721
420	70.12688837436812
421	70.1268777671852
422	70.12687009051915
423	70.12686131121856
424	70.12685459688524
425	70.12684698172535
426	70.12683956374714
427	70.12683283056678
428	70.12682754965779
429	70.12682196934777
430	70.12681296559109
431	70.12680750937447
432	70.12680052223685
433	70.12679418594185
434	70.126787890713
435	70.12678264418194
436	70.12677718534113
437	70.12677208161404
438	70.12676759529204
439	70.12676274087362
440	70.12675862649924
441	70.12675441289483
442	70.12675085877649
443	70.12674622237273
444	70.12674286263966
445	70.126738841816
446	70.12673503413797
447	70.12673157021597
448	70.12672829350021
449	70.1267252996581
450	70.12672183933229
451	70.12671859985308
452	70.12671585475401
453	70.1267128598499
454	70.12671059753023
455	70.12670818790737
456	70.12670600759661
457	70.12670366254189
458	70.126701327697
459	70.12669935565451
460	70.12669722737026
461	70.12669550588974
462	70.12669385874774
463	70.12669188151337
464	70.1266903806486
465	70.12668904435618
466	70.1266875421956
467	70.12668609492691
468	70.1266845719916
469	70.12668320811737
470	70.12668199029976
471	70.12668080022223
472	70.12667944081313
473	70.12667805945989
474	70.12667667429197
475	70.1266754208712
476	70.12667387713579
477	70.12667265688258
478	70.12667134330648
479	70.12667007557472
480	70.12666873624526
481	70.12666766859685
482	70.12666625376771
483	70.1266651123779
484	70.1266639072605
485	70.12666287147894
486	70.12666164364488
487	70.12666044415526
488	70.12665909751443
489	70.12665782964338
490	70.12665653603213
491	70.12665537200824
492	70.12665407281382
493	70.12665298440334
494	70.12665180835508
495	70.12665072587583
496	70.12664962282663
497	70.12664852560542
498	70.12664757435803
499	70.12664659089295
500	70.12664570842023
501	70.12664477192705
502	70.12664386032453
503	70.12664297012343
504	70.12664210997644
505	70.12664114840415
506	70.12664020377406
507	70.12663947658264
508	70.12663848247173
509	70.126637643689
510	70.12663670729222
511	70.12663571272455
512	70.12663444389715
513	70.12663352117391
514	70.12663226007514
515	70.12663132315842
516	70.12663023699385
517	70.12662888613069
518	70.12662749197442
519	70.12662630675376
520	70.12662540101731
521	70.12662455085272
522	70.12662349399119
523	70.12662242923128
524	70.12662154978128
525	70.12662074922407
526	70.12662003760475
527	70.12661926473098
528	70.12661851485723
529	70.12661772199856
530	70.12661694386613
531	70.12661619567712
532	70.12661544971229
533	70.12661447776928
534	70.1266138363888
535	70.1266131055242
536	70.1266120591422
537	70.12661133946882
538	70.12661043686464
539	70.12660951577732
540	70.12660877275582
541	70.12660789911583
542	70.12660717802152
543	70.12660632909362
544	70.12660534840582
545	70.12660443782266
546	70.12660327759502
547	70.12660246371891
548	70.12660175898736
549	70.12660073682659
550	70.12660002081033
551	70.12659926033717
552	70.12659852098427
553	70.12659785722734
554	70.12659686783427
555	70.12659615120772
556	70.12659537691268
557	70.12659476362983
558	70.12659412524005
559	70.12659354345149
560	70.12659293551033
561	70.12659214127596
562	70.12659151866973
563	70.12659084385717
564	70.12659032907457
565	70.12658965496756
566	70.1265892270353
567	70.12658869567683
568	70.12658809981596
569	70.12658759046602
570	70.12658714863815
571	70.12658664666762
572	70.126586250163
573	70.12658578025616
574	70.12658543952307
575	70.12658500267842
576	70.12658462067147
577	70.12658422750495
578	70.12658377325212
579	70.1265833918212
580	70.1265828825629
581	70.12658245687425
582	70.12658208167441
583	70.126581652851
584	70.1265813254691
585	70.12658093883084
586	70.1265805884186
587	70.12658018567886
588	70.1265798342935
589	70.12657946671636
590	70.12657910453635
591	70.1265787236389
592	70.12657842597505
593	70.12657807568647
594	70.1265777651944
595	70.12657744600524
596	70.12657713755826
597	70.12657686233145
598	70.12657662706496
599	70.1265763666258
600	70.1265761281534
601	70.12657578559194
602	70.12657551645653
603	70.12657519095997
604	70.12657487594839
605	70.12657457167816
606	70.12657432838022
607	70.12657405687402
608	70.1265737097976
609	70.12657343843561
610	70.12657312876486
611	70.12657283923322
612	70.12657258104012
613	70.1265722768785
614	70.12657195439853
615	70.12657165728339
616	70.12657134097398
617	70.1265709765246
618	70.12657054336486
619	70.12657016692056
620	70.12656981602804
621	70.12656940185758
622	70.1265691076324
623	70.1265687875126
624	70.12656846441705
625	70.12656812279246
626	70.12656788188069
627	70.12656756193084
628	70.12656731532482
629	70.12656706365489
630	70.1265667836158
631	70.12656645626673
632	70.1265661540061
633	70.1265658476254
634	70.12656549146836
635	70.12656526034816
636	70.12656493301739
637	70.12656465776362
638	70.12656435934267
639	70.1265640678749
640	70.12656375660195
641	70.12656347088814
642	70.12656312639773
643	70.12656282968223
644	70.1265625564407
645	70.1265621942393
646	70.12656191105822
647	70.12656151261491
648	70.12656122421886
649	70.12656088380774
650	70.12656055893407
651	70.12656027860145
652	70.12655998090653
653	70.12655971056914
654	70.12655945612613
655	70.12655925045411
656	70.12655904380019
657	70.12655884893671
658	70.12655867016379
659	70.12655851321271
660	70.12655833202967
661	70.12655819235323
662	70.12655801151863
663	70.12655787712347
664	70.12655772538405
665	70.12655759869959
666	70.12655747872815
667	70.12655735061189
668	70.12655725608833
669	70.12655715234565
670	70.12655702877551
671	70.1265569274199
672	70.12655681788988
673	70.12655671838742
674	70.126556614583
675	70.12655651519702
676	70.12655638674806
677	70.1265562605976
678	70.12655617489736
679	70.12655608527932
680	70.12655600950107
681	70.12655595170062
682	70.12655589156711
683	70.12655582936164
684	70.12655576335557
685	70.12655571830813
686	70.12655566444874
687	70.126555609422
688	70.12655556207001
689	70.1265554925887
690	70.12655543874685
691	70.12655537192269
692	70.12655530003661
693	70.12655524613825
694	70.12655518268191
695	70.12655512255833
696	70.12655506973395
697	70.12655502192133
698	70.12655496698909
699	70.12655491734218
700	70.12655487395021
701	70.12655482606901
702	70.12655478951962
703	70.12655474191538
704	70.12655469431454
705	70.12655464758203
706	70.12655459621736
707	70.12655454918401
708	70.12655449715398
709	70.12655444469775
710	70.12655438204129
711	70.12655434079039
712	70.12655428735238
713	70.12655424101102
714	70.1265541999098
715	70.12655415392858
716	70.12655410143192
717	70.12655406266171
718	70.12655402210012
719	70.1265539880572
720	70.1265539395841
721	70.126553908907
722	70.12655387064073
723	70.12655384227006
724	70.12655380581579
725	70.12655377517636
726	70.12655373909071
727	70.12655370945815
728	70.12655366854723
729	70.12655362639929
730	70.12655359554678
731	70.12655355715263
732	70.12655352741443
733	70.12655350421083
734	70.12655347521532
735	70.12655345270574
736	70.12655343012122
737	70.12655340592545
738	70.12655338718963
739	70.12655336165484
740	70.1265533400627
741	70.12655331882918
742	70.12655329495003
743	70.12655327507741
744	70.12655324839564
745	70.12655322854422
746	70.12655320663958
747	70.12655318237415
748	70.12655316338554
749	70.12655314184018
750	70.12655311968322
751	70.12655309447887
752	70.12655307441196
753	70.12655305426343
754	70.12655303383016
755	70.12655301486521
756	70.12655299701393
757	70.12655297867543
758	70.12655296088322
759	70.1265529407728
760	70.12655292506065
761	70.1265529084079
762	70.12655289138092
763	70.12655287695935
764	70.12655285915392
765	70.12655284468997
766	70.12655283070426
767	70.12655281595006
768	70.12655280308513
769	70.126552788899
770	70.12655277449545
771	70.12655276296452
772	70.12655275161423
773	70.12655273973824
774	70.1265527291136
775	70.12655271773019
776	70.12655270591492
777	70.12655269448561
778	70.1265526838687
779	70.12655267373844
780	70.12655266422091
781	70.12655265542476
782	70.12655264551661
783	70.12655263722357
784	70.1265526298577
785	70.12655262098787
786	70.12655261347632
787	70.12655260715607
788	70.12655260030068
789	70.1265525940866
790	70.12655258810406
791	70.12655258227018
792	70.12655257701542
793	70.12655257210962
794	70.12655256637264
795	70.12655256151356
796	70.12655255632723
797	70.12655255122226
798	70.12655254685701
799	70.12655254165317
800	70.12655253649316
801	70.12655253187994
802	70.12655252667034
803	70.12655252181455
804	70.12655251763191
805	70.12655251324155
806	70.12655250807605
807	70.12655250369421
808	70.12655249891328
809	70.12655249482506
810	70.12655249088226
811	70.12655248668439
812	70.12655248254849
813	70.12655247849385
814	70.12655247367067
815	70.12655246899259
816	70.1265524647436
817	70.12655246110488
818	70.12655245672126
819	70.12655245240468
820	70.12655244844223
821	70.12655244386924
822	70.1265524398157
823	70.12655243621552
824	70.12655243269673
825	70.12655242909618
826	70.12655242563739
827	70.12655242274033
828	70.12655241996677
829	70.12655241714751
830	70.12655241460287
831	70.12655241177558
832	70.12655240871852
833	70.12655240610562
834	70.12655240376881
835	70.12655240096642
836	70.12655239852215
837	70.12655239662217
838	70.12655239454473
839	70.12655239228755
840	70.12655239053808
841	70.12655238822671
842	70.12655238603429
843	70.12655238413029
844	70.12655238229978
845	70.12655238064677
846	70.12655237911717
847	70.12655237759081
848	70.12655237620517
849	70.12655237481925
850	70.1265523735211
851	70.12655237233902
852	70.12655237094563
853	70.1265523696241
854	70.12655236831829
855	70.12655236708527
856	70.12655236598741
857	70.12655236491219
858	70.12655236393601
859	70.12655236285475
860	70.1265523619854
861	70.1265523609243
862	70.12655236009441
863	70.1265523590794
864	70.12655235831326
865	70.12655235747715
866	70.12655235668912
867	70.12655235603125
868	70.1265523552646
869	70.1265523545705
870	70.12655235384571
871	70.12655235313288
872	70.12655235245649
873	70.1265523517494
874	70.12655235113361
875	70.1265523504724
876	70.12655234982277
877	70.12655234923335
878	70.12655234855328
879	70.12655234793506
880	70.12655234738071
881	70.12655234691852
882	70.1265523464174
883	70.12655234594968
884	70.12655234541378
885	70.12655234497441
886	70.12655234455687
887	70.12655234399757
888	70.12655234355778
889	70.12655234309396
890	70.12655234269648
891	70.12655234232739
892	70.12655234194962
893	70.12655234157624
894	70.12655234118876
895	70.12655234075747
896	70.12655234038995
897	70.12655234001078
898	70.1265523397078
899	70.1265523393882
900	70.1265523390495
901	70.126552338777
902	70.12655233843277
903	70.12655233813392
904	70.12655233780329
905	70.12655233749946
906	70.12655233719946
907	70.12655233687524
908	70.12655233660719
909	70.12655233634703
910	70.12655233606348
911	70.12655233576344
912	70.12655233546907
913	70.12655233523188
914	70.12655233494154
915	70.12655233460943
916	70.12655233437259
917	70.12655233403767
918	70.1265523337439
919	70.12655233348814
920	70.12655233320586
921	70.12655233292912
922	70.12655233265265
923	70.12655233239329
924	70.12655233218896
925	70.12655233190743
926	70.12655233162218
927	70.12655233137679
928	70.12655233113337
929	70.12655233090823
930	70.12655233069155
931	70.12655233044707
932	70.1265523301518
933	70.12655232985237
934	70.12655232959817
935	70.12655232928297
936	70.1265523289576
937	70.12655232868295
938	70.12655232839832
939	70.12655232810876
940	70.12655232783435
941	70.1265523275812
942	70.12655232731595
943	70.12655232706331
944	70.1265523268011
945	70.12655232656729
946	70.12655232635737
947	70.12655232612428
948	70.12655232586039
949	70.12655232561858
950	70.12655232534365
951	70.1265523251197
952	70.12655232493918
953	70.12655232471097
954	70.12655232452468
955	70.12655232433326
956	70.12655232417885
957	70.12655232399267
958	70.12655232384559
959	70.12655232367479
960	70.12655232351224
961	70.12655232337588
962	70.12655232320051
963	70.12655232307051
964	70.12655232284868
965	70.1265523226911
966	70.12655232248194
967	70.1265523222619
968	70.12655232208226
969	70.12655232191035
970	70.12655232174716
971	70.12655232159942
972	70.12655232142743
973	70.12655232128516
974	70.12655232112779
975	70.12655232097475
976	70.12655232086176
977	70.12655232075369
978	70.12655232066845
979	70.12655232056659
980	70.12655232048387
981	70.1265523203974
982	70.1265523203228
983	70.1265523202442
984	70.12655232015996
985	70.12655232009801
986	70.12655232001988
987	70.1265523199515
988	70.12655231986894
989	70.12655231977278
990	70.12655231970182
991	70.12655231962209
992	70.12655231954558
993	70.12655231946809
994	70.12655231937666
995	70.12655231931458
996	70.12655231925028
997	70.1265523191816
998	70.12655231912477
999	70.12655231905715
1000	70.12655231898323
1001	70.12655231890406
1002	70.12655231880743
1003	70.12655231873323
1004	70.12655231864156
1005	70.12655231857416
1006	70.12655231848788
1007	70.12655231843347
1008	70.12655231835758
1009	70.12655231828485
1010	70.12655231820607
1011	70.12655231809953
1012	70.12655231800747
1013	70.12655231792105
1014	70.12655231782756
1015	70.12655231771843
1016	70.12655231762865
1017	70.12655231751614
1018	70.12655231739771
1019	70.12655231721803
1020	70.12655231711386
1021	70.1265523169624
1022	70.12655231677603
1023	70.1265523166502
1024	70.12655231653936
1025	70.12655231636083
1026	70.12655231623164
1027	70.12655231609445
1028	70.12655231590676
1029	70.12655231576386
1030	70.1265523155833
1031	70.12655231541132
1032	70.12655231528957
1033	70.12655231516268
1034	70.12655231498572
1035	70.12655231489316
1036	70.12655231477292
1037	70.12655231461677
1038	70.1265523144814
1039	70.12655231424189
1040	70.12655231409374
1041	70.12655231390121
1042	70.1265523136097
1043	70.1265523134095
1044	70.1265523131581
1045	70.1265523130376
1046	70.12655231281252
1047	70.1265523126395
1048	70.12655231243734
1049	70.12655231221457
1050	70.12655231198792
1051	70.12655231184137
1052	70.12655231168192
1053	70.12655231150197
1054	70.12655231132528
1055	70.12655231119683
1056	70.12655231103277
1057	70.12655231085206
1058	70.12655231073758
1059	70.12655231057269
1060	70.12655231048262
1061	70.12655231032447
1062	70.12655231020364
1063	70.12655230997757
1064	70.12655230982956
1065	70.12655230971062
1066	70.12655230957772
1067	70.1265523094966
1068	70.12655230936744
1069	70.12655230929498
1070	70.12655230917623
1071	70.12655230906292
1072	70.12655230894961
1073	70.12655230885204
1074	70.12655230873219
1075	70.12655230861688
1076	70.1265523085178
1077	70.126552308423
1078	70.12655230831963
1079	70.12655230823297
1080	70.12655230812749
1081	70.12655230801603
1082	70.12655230794182
1083	70.12655230781958
1084	70.1265523076958
1085	70.12655230758632
1086	70.12655230748412
1087	70.12655230738457
1088	70.12655230726463
1089	70.12655230718399
1090	70.12655230709665
1091	70.12655230702255
1092	70.12655230695215
1093	70.12655230689622
1094	70.12655230684074
1095	70.12655230678644
1096	70.12655230672664
1097	70.12655230667971
1098	70.12655230661835
1099	70.12655230658257
1100	70.12655230653854
1101	70.12655230651237
1102	70.126552306481
1103	70.12655230645204
1104	70.12655230642002
1105	70.1265523063957
1106	70.12655230637296
1107	70.12655230635146
1108	70.12655230633278
1109	70.1265523063124
1110	70.12655230628731
1111	70.12655230626127
1112	70.12655230622833
1113	70.12655230620784
1114	70.12655230618849
1115	70.12655230616627
1116	70.12655230614828
1117	70.12655230612432
1118	70.12655230611063
1119	70.12655230609376
1120	70.12655230607493
1121	70.12655230606197
1122	70.1265523060446
1123	70.12655230602819
1124	70.12655230601058
1125	70.12655230599245
1126	70.12655230597467
1127	70.12655230595759
1128	70.12655230594409
1129	70.12655230592526
1130	70.12655230591051
1131	70.1265523058959
1132	70.1265523058847
1133	70.1265523058747
1134	70.1265523058563
1135	70.1265523058431
1136	70.12655230582462
1137	70.12655230581049
1138	70.12655230579291
1139	70.12655230578343
1140	70.12655230576829
1141	70.1265523057551
1142	70.12655230574396
1143	70.12655230573422
1144	70.12655230572705
1145	70.12655230571839
1146	70.12655230571247
1147	70.12655230570667
1148	70.12655230569911
1149	70.12655230569413
1150	70.12655230568689
1151	70.12655230568252
1152	70.12655230567563
1153	70.12655230566737
1154	70.12655230566149
1155	70.12655230565447
1156	70.12655230564901
1157	70.1265523056425
1158	70.12655230563561
1159	70.12655230563003
1160	70.12655230562574
1161	70.12655230562174
1162	70.12655230561747
1163	70.1265523056126
1164	70.12655230560968
1165	70.12655230560566
1166	70.12655230560203
1167	70.12655230559768
1168	70.12655230559456
1169	70.1265523055906
1170	70.12655230558768
1171	70.12655230558399
1172	70.12655230558056
1173	70.1265523055764
1174	70.12655230557371
1175	70.12655230556979
1176	70.12655230556632
1177	70.12655230556324
1178	70.12655230556015
1179	70.12655230555737
1180	70.12655230555414
1181	70.12655230555093
1182	70.12655230554849
1183	70.12655230554576
1184	70.12655230554377
1185	70.12655230554095
1186	70.1265523055384
1187	70.12655230553665
1188	70.12655230553402
1189	70.12655230553153
1190	70.1265523055294
1191	70.12655230552713
1192	70.12655230552473
1193	70.12655230552213
1194	70.12655230551982
1195	70.12655230551783
1196	70.12655230551589
1197	70.126552305513
1198	70.12655230551059
1199	70.12655230550824
1200	70.1265523055061
1201	70.1265523055038
1202	70.12655230550178
1203	70.1265523054999
1204	70.12655230549736
1205	70.126552305496
1206	70.12655230549404
1207	70.12655230549244
1208	70.12655230549049
1209	70.12655230548893
1210	70.12655230548775
1211	70.12655230548607
1212	70.12655230548471
1213	70.12655230548346
1214	70.12655230548161
1215	70.12655230548012
1216	70.12655230547878
1217	70.1265523054774
1218	70.12655230547612
1219	70.12655230547468
1220	70.12655230547347
1221	70.12655230547229
1222	70.12655230547112
1223	70.12655230547006
1224	70.12655230546906
1225	70.12655230546798
1226	70.12655230546717
1227	70.12655230546592
1228	70.1265523054647
1229	70.12655230546355
1230	70.12655230546254
1231	70.12655230546142
1232	70.12655230546041
1233	70.1265523054593
1234	70.12655230545847
1235	70.12655230545771
1236	70.1265523054569
1237	70.12655230545602
1238	70.12655230545542
1239	70.12655230545462
1240	70.12655230545379
1241	70.1265523054531
1242	70.12655230545255
1243	70.12655230545165
1244	70.12655230545106
1245	70.12655230545025
1246	70.12655230544979
1247	70.12655230544905
1248	70.12655230544806
1249	70.12655230544732
1250	70.12655230544664
1251	70.12655230544571
1252	70.12655230544479
1253	70.12655230544323
1254	70.12655230544235
1255	70.12655230544102
1256	70.12655230543942
1257	70.12655230543821
1258	70.12655230543642
1259	70.12655230543542
1260	70.12655230543403
1261	70.12655230543295
1262	70.1265523054317
1263	70.12655230542993
1264	70.12655230542896
1265	70.12655230542765
1266	70.12655230542678
1267	70.12655230542576
1268	70.12655230542497
1269	70.12655230542414
1270	70.1265523054236
1271	70.12655230542279
1272	70.12655230542215
1273	70.12655230542151
1274	70.12655230542082
1275	70.12655230542019
1276	70.12655230541961
1277	70.12655230541911
1278	70.12655230541847
1279	70.1265523054178
1280	70.12655230541729
1281	70.12655230541674
1282	70.12655230541621
1283	70.12655230541574
1284	70.12655230541542
1285	70.126552305415
1286	70.12655230541458
1287	70.12655230541418
1288	70.12655230541382
1289	70.1265523054135
1290	70.12655230541299
1291	70.12655230541259
1292	70.12655230541223
1293	70.12655230541189
1294	70.1265523054116
1295	70.12655230541117
1296	70.12655230541087
1297	70.12655230541058
1298	70.12655230541037
1299	70.12655230541012
1300	70.12655230540989
1301	70.1265523054097
1302	70.1265523054095
1303	70.12655230540933
1304	70.12655230540916
1305	70.12655230540899
1306	70.12655230540885
1307	70.12655230540872
1308	70.12655230540855
1309	70.1265523054084
1310	70.12655230540821
1311	70.12655230540808
1312	70.12655230540796
1313	70.12655230540781
1314	70.12655230540769
1315	70.12655230540757
1316	70.12655230540749
1317	70.12655230540737
1318	70.12655230540729
1319	70.12655230540719
1320	70.1265523054071
1321	70.12655230540703
1322	70.12655230540695
1323	70.12655230540688
1324	70.1265523054068
1325	70.12655230540673
1326	70.12655230540666
1327	70.12655230540662
1328	70.12655230540655
1329	70.12655230540649
1330	70.12655230540643
1331	70.1265523054064
1332	70.12655230540635
1333	70.12655230540628
1334	70.12655230540622
1335	70.12655230540616
1336	70.12655230540614
1337	70.12655230540607
1338	70.12655230540602
1339	70.12655230540598
1340	70.12655230540594
1341	70.12655230540591
1342	70.12655230540585
1343	70.1265523054058
1344	70.12655230540575
1345	70.12655230540571
1346	70.12655230540568
1347	70.12655230540561
1348	70.12655230540557
1349	70.1265523054055
1350	70.12655230540547
1351	70.12655230540541
1352	70.12655230540535
1353	70.12655230540527
1354	70.12655230540523
1355	70.12655230540514
1356	70.12655230540507
1357	70.12655230540503
1358	70.12655230540496
1359	70.12655230540493
1360	70.12655230540487
1361	70.12655230540486
1362	70.12655230540481
1363	70.12655230540477
1364	70.12655230540473
1365	70.1265523054047
1366	70.12655230540467
1367	70.12655230540466
1368	70.12655230540463
1369	70.12655230540459
1370	70.12655230540456
1371	70.12655230540454
1372	70.1265523054045
1373	70.12655230540449
1374	70.12655230540445
1375	70.12655230540443
1376	70.1265523054044
1377	70.12655230540439
1378	70.12655230540436
1379	70.12655230540433
1380	70.12655230540433
1381	70.1265523054043
1382	70.12655230540426
1383	70.12655230540425
1384	70.12655230540422
1385	70.12655230540419
1386	70.12655230540416
1387	70.12655230540412
1388	70.12655230540408
1389	70.12655230540405
1390	70.126552305404
1391	70.12655230540396
1392	70.12655230540395
1393	70.12655230540389
1394	70.12655230540386
1395	70.12655230540382
1396	70.12655230540378
1397	70.12655230540375
1398	70.12655230540372
1399	70.12655230540369
1400	70.12655230540366
1401	70.12655230540365
1402	70.12655230540362
1403	70.12655230540358
1404	70.12655230540356
1405	70.12655230540354
1406	70.12655230540352
1407	70.12655230540351
1408	70.12655230540348
1409	70.12655230540346
1410	70.12655230540346
1411	70.12655230540345
1412	70.12655230540344
1413	70.12655230540342
1414	70.12655230540341
1415	70.12655230540341
1416	70.1265523054034
1417	70.12655230540337
1418	70.12655230540335
1419	70.12655230540335
1420	70.12655230540334
1421	70.12655230540334
1422	70.12655230540332
1423	70.12655230540331
1424	70.12655230540331
1425	70.12655230540331
1426	70.1265523054033
1427	70.1265523054033
1428	70.12655230540328
1429	70.12655230540327
1430	70.12655230540327
1431	70.12655230540327
1432	70.12655230540325
1433	70.12655230540325
1434	70.12655230540325
1435	70.12655230540324
1436	70.12655230540324
1437	70.12655230540324
1438	70.12655230540322
1439	70.12655230540322
1440	70.12655230540322
1441	70.12655230540321
1442	70.12655230540321
1443	70.12655230540321
1444	70.12655230540321
1445	70.12655230540321
1446	70.12655230540321
1447	70.1265523054032
1448	70.1265523054032
1449	70.1265523054032
1450	70.1265523054032
1451	70.1265523054032
1452	70.12655230540318
1453	70.12655230540318
1454	70.12655230540318
1455	70.12655230540318
1456	70.12655230540317
1457	70.12655230540317
1458	70.12655230540317
1459	70.12655230540317
1460	70.12655230540317
1461	70.12655230540317
1462	70.12655230540314
1463	70.12655230540314
1464	70.12655230540314
1465	70.12655230540314
1466	70.12655230540314
1467	70.12655230540312
1468	70.12655230540312
1469	70.12655230540312
1470	70.12655230540312
1471	70.12655230540312
1472	70.12655230540312
1473	70.12655230540312
1474	70.12655230540312
1475	70.12655230540311
1476	70.12655230540311
1477	70.12655230540311
1478	70.12655230540311
1479	70.12655230540311
1480	70.12655230540311
1481	70.12655230540311
1482	70.12655230540311
1483	70.12655230540311
1484	70.12655230540311
1485	70.12655230540311
1486	70.12655230540311
1487	70.1265523054031
1488	70.1265523054031
1489	70.1265523054031
1490	70.1265523054031
1491	70.1265523054031
1492	70.1265523054031
1493	70.1265523054031
1494	70.1265523054031
1495	70.1265523054031
1496	70.1265523054031
1497	70.1265523054031
1498	70.1265523054031
1499	70.1265523054031
1500	70.1265523054031
1501	70.1265523054031
1502	70.1265523054031
1503	70.1265523054031
1504	70.1265523054031
1505	70.1265523054031
1506	70.1265523054031
1507	70.1265523054031
1508	70.1265523054031
1509	70.1265523054031
1510	70.1265523054031
1511	70.1265523054031
1512	70.1265523054031
1513	70.1265523054031
1514	70.1265523054031
1515	70.1265523054031
1516	70.1265523054031
1517	70.1265523054031
1518	70.1265523054031
1519	70.1265523054031
1520	70.1265523054031
1521	70.1265523054031
1522	70.1265523054031
1523	70.1265523054031
1524	70.1265523054031
1525	70.1265523054031
1526	70.1265523054031
1527	70.1265523054031
1528	70.1265523054031
1529	70.1265523054031
1530	70.1265523054031
1531	70.1265523054031
1532	70.1265523054031
1533	70.1265523054031
1534	70.1265523054031
1535	70.1265523054031
1536	70.1265523054031
1537	70.1265523054031
1538	70.1265523054031
1539	70.1265523054031
1540	70.1265523054031
1541	70.1265523054031
1542	70.1265523054031
1543	70.1265523054031
1544	70.1265523054031
1545	70.1265523054031
1546	70.1265523054031
1547	70.1265523054031
1548	70.1265523054031
1549	70.1265523054031
1550	70.1265523054031
1551	70.1265523054031
1552	70.1265523054031
1553	70.1265523054031
1554	70.1265523054031
1555	70.1265523054031
1556	70.1265523054031
1557	70.1265523054031
1558	70.1265523054031
1559	70.1265523054031
1560	70.1265523054031
1561	70.1265523054031
1562	70.1265523054031
1563	70.1265523054031
1564	70.1265523054031
1565	70.1265523054031
1566	70.1265523054031
1567	70.1265523054031
1568	70.1265523054031
1569	70.1265523054031
1570	70.1265523054031
1571	70.1265523054031
1572	70.1265523054031
1573	70.1265523054031
1574	70.1265523054031
1575	70.1265523054031
1576	70.1265523054031
1577	70.1265523054031
1578	70.1265523054031
1579	70.1265523054031
1580	70.1265523054031
1581	70.1265523054031
1582	70.1265523054031
1583	70.1265523054031
1584	70.1265523054031
1585	70.1265523054031
1586	70.1265523054031
1587	70.1265523054031
1588	70.1265523054031
1589	70.1265523054031
1590	70.1265523054031
1591	70.1265523054031
1592	70.1265523054031
1593	70.1265523054031
1594	70.1265523054031
1595	70.1265523054031
1596	70.1265523054031
1597	70.1265523054031
1598	70.1265523054031
1599	70.1265523054031
1600	70.1265523054031
1601	70.1265523054031
1602	70.1265523054031
1603	70.1265523054031
1604	70.1265523054031
1605	70.1265523054031
1606	70.1265523054031
1607	70.1265523054031
1608	70.1265523054031
1609	70.1265523054031
1610	70.1265523054031
1611	70.1265523054031
1612	70.1265523054031
1613	70.1265523054031
1614	70.1265523054031
1615	70.1265523054031
1616	70.1265523054031
1617	70.1265523054031
1618	70.1265523054031
1619	70.1265523054031
1620	70.1265523054031
1621	70.1265523054031
1622	70.1265523054031
1623	70.1265523054031
1624	70.1265523054031
1625	70.1265523054031
1626	70.1265523054031
1627	70.1265523054031
1628	70.1265523054031
1629	70.1265523054031
1630	70.1265523054031
1631	70.1265523054031
1632	70.1265523054031
1633	70.1265523054031
1634	70.1265523054031
1635	70.1265523054031
1636	70.1265523054031
1637	70.1265523054031
1638	70.1265523054031
1639	70.1265523054031
1640	70.1265523054031
1641	70.1265523054031
1642	70.1265523054031
1643	70.1265523054031
1644	70.1265523054031
1645	70.1265523054031
1646	70.1265523054031
1647	70.1265523054031
1648	70.1265523054031
1649	70.1265523054031
1650	70.1265523054031
1651	70.1265523054031
1652	70.1265523054031
1653	70.1265523054031
1654	70.1265523054031
1655	70.1265523054031
1656	70.1265523054031
1657	70.1265523054031
1658	70.1265523054031
1659	70.1265523054031
1660	70.1265523054031
1661	70.1265523054031
1662	70.1265523054031
1663	70.1265523054031
1664	70.1265523054031
1665	70.1265523054031
1666	70.1265523054031
1667	70.1265523054031
1668	70.1265523054031
1669	70.1265523054031
1670	70.1265523054031
1671	70.1265523054031
1672	70.1265523054031
1673	70.1265523054031
1674	70.1265523054031
1675	70.1265523054031
1676	70.1265523054031
1677	70.1265523054031
1678	70.1265523054031
1679	70.1265523054031
1680	70.1265523054031
1681	70.1265523054031
1682	70.1265523054031
1683	70.1265523054031
1684	70.1265523054031
1685	70.1265523054031
1686	70.1265523054031
1687	70.1265523054031
1688	70.1265523054031
1689	70.1265523054031
1690	70.1265523054031
1691	70.1265523054031
1692	70.1265523054031
1693	70.1265523054031
1694	70.1265523054031
1695	70.1265523054031
1696	70.1265523054031
1697	70.1265523054031
1698	70.1265523054031
1699	70.1265523054031
1700	70.1265523054031
1701	70.1265523054031
1702	70.1265523054031
1703	70.1265523054031
1704	70.1265523054031
1705	70.1265523054031
1706	70.1265523054031
1707	70.1265523054031
1708	70.1265523054031
1709	70.1265523054031
1710	70.1265523054031
1711	70.1265523054031
1712	70.1265523054031
1713	70.1265523054031
1714	70.1265523054031
1715	70.1265523054031
1716	70.1265523054031
1717	70.1265523054031
1718	70.1265523054031
1719	70.1265523054031
1720	70.1265523054031
1721	70.1265523054031
1722	70.1265523054031
1723	70.1265523054031
1724	70.1265523054031
1725	70.1265523054031
1726	70.1265523054031
1727	70.1265523054031
1728	70.1265523054031
1729	70.1265523054031
1730	70.1265523054031
1731	70.1265523054031
1732	70.1265523054031
1733	70.1265523054031
1734	70.1265523054031
1735	70.1265523054031
1736	70.1265523054031
1737	70.1265523054031
1738	70.1265523054031
1739	70.1265523054031
1740	70.1265523054031
1741	70.1265523054031
1742	70.1265523054031
1743	70.1265523054031
1744	70.1265523054031
1745	70.1265523054031
1746	70.1265523054031
1747	70.1265523054031
1748	70.1265523054031
1749	70.1265523054031
1750	70.1265523054031
1751	70.1265523054031
1752	70.1265523054031
1753	70.1265523054031
1754	70.1265523054031
1755	70.1265523054031
1756	70.1265523054031
1757	70.1265523054031
1758	70.1265523054031
1759	70.1265523054031
1760	70.1265523054031
1761	70.1265523054031
1762	70.1265523054031
1763	70.1265523054031
1764	70.1265523054031
1765	70.1265523054031
1766	70.1265523054031
1767	70.1265523054031
1768	70.1265523054031
1769	70.1265523054031
1770	70.1265523054031
1771	70.1265523054031
1772	70.1265523054031
1773	70.1265523054031
1774	70.1265523054031
1775	70.1265523054031
1776	70.1265523054031
1777	70.1265523054031
1778	70.1265523054031
1779	70.1265523054031
1780	70.1265523054031
1781	70.1265523054031
1782	70.1265523054031
1783	70.1265523054031
1784	70.1265523054031
1785	70.1265523054031
1786	70.1265523054031
1787	70.1265523054031
1788	70.1265523054031
1789	70.1265523054031
1790	70.1265523054031
1791	70.1265523054031
1792	70.1265523054031
1793	70.1265523054031
1794	70.1265523054031
1795	70.1265523054031
1796	70.1265523054031
1797	70.1265523054031
1798	70.1265523054031
1799	70.1265523054031
1800	70.1265523054031
1801	70.1265523054031
1802	70.1265523054031
1803	70.1265523054031
1804	70.1265523054031
1805	70.1265523054031
1806	70.1265523054031
1807	70.1265523054031
1808	70.1265523054031
1809	70.1265523054031
1810	70.1265523054031
1811	70.1265523054031
1812	70.1265523054031
1813	70.1265523054031
1814	70.1265523054031
1815	70.1265523054031
1816	70.1265523054031
1817	70.1265523054031
1818	70.1265523054031
1819	70.1265523054031
1820	70.1265523054031
1821	70.1265523054031
1822	70.1265523054031
1823	70.1265523054031
1824	70.1265523054031
1825	70.1265523054031
1826	70.1265523054031
1827	70.1265523054031
1828	70.1265523054031
1829	70.1265523054031
1830	70.1265523054031
1831	70.1265523054031
1832	70.1265523054031
1833	70.1265523054031
1834	70.1265523054031
1835	70.1265523054031
1836	70.1265523054031
1837	70.1265523054031
1838	70.1265523054031
1839	70.1265523054031
1840	70.1265523054031
1841	70.1265523054031
1842	70.1265523054031
1843	70.1265523054031
1844	70.1265523054031
1845	70.1265523054031
1846	70.1265523054031
1847	70.1265523054031
1848	70.1265523054031
1849	70.1265523054031
1850	70.1265523054031
1851	70.1265523054031
1852	70.1265523054031
1853	70.1265523054031
1854	70.1265523054031
1855	70.1265523054031
1856	70.1265523054031
1857	70.1265523054031
1858	70.1265523054031
1859	70.1265523054031
1860	70.1265523054031
1861	70.1265523054031
1862	70.1265523054031
1863	70.1265523054031
1864	70.1265523054031
1865	70.1265523054031
1866	70.1265523054031
1867	70.1265523054031
1868	70.1265523054031
1869	70.1265523054031
1870	70.1265523054031
1871	70.1265523054031
1872	70.1265523054031
1873	70.1265523054031
1874	70.1265523054031
1875	70.1265523054031
1876	70.1265523054031
1877	70.1265523054031
1878	70.1265523054031
1879	70.1265523054031
1880	70.1265523054031
1881	70.1265523054031
1882	70.1265523054031
1883	70.1265523054031
1884	70.1265523054031
1885	70.1265523054031
1886	70.1265523054031
1887	70.1265523054031
1888	70.1265523054031
1889	70.1265523054031
1890	70.1265523054031
1891	70.1265523054031
1892	70.1265523054031
1893	70.1265523054031
1894	70.1265523054031
1895	70.1265523054031
1896	70.1265523054031
1897	70.1265523054031
1898	70.1265523054031
1899	70.1265523054031
1900	70.1265523054031
1901	70.1265523054031
1902	70.1265523054031
1903	70.1265523054031
1904	70.1265523054031
1905	70.1265523054031
1906	70.1265523054031
1907	70.1265523054031
1908	70.1265523054031
1909	70.1265523054031
1910	70.1265523054031
1911	70.1265523054031
1912	70.1265523054031
1913	70.1265523054031
1914	70.1265523054031
1915	70.1265523054031
1916	70.1265523054031
1917	70.1265523054031
1918	70.1265523054031
1919	70.1265523054031
1920	70.1265523054031
1921	70.1265523054031
1922	70.1265523054031
1923	70.1265523054031
1924	70.1265523054031
1925	70.1265523054031
1926	70.1265523054031
1927	70.1265523054031
1928	70.1265523054031
1929	70.1265523054031
1930	70.1265523054031
1931	70.1265523054031
1932	70.1265523054031
1933	70.1265523054031
1934	70.1265523054031
1935	70.1265523054031
1936	70.1265523054031
1937	70.1265523054031
1938	70.1265523054031
1939	70.1265523054031
1940	70.1265523054031
1941	70.1265523054031
1942	70.1265523054031
1943	70.1265523054031
1944	70.1265523054031
1945	70.1265523054031
1946	70.1265523054031
1947	70.1265523054031
1948	70.1265523054031
1949	70.1265523054031
1950	70.1265523054031
1951	70.1265523054031
1952	70.1265523054031
1953	70.1265523054031
1954	70.1265523054031
1955	70.1265523054031
1956	70.1265523054031
1957	70.1265523054031
1958	70.1265523054031
1959	70.1265523054031
1960	70.1265523054031
1961	70.1265523054031
1962	70.1265523054031
1963	70.1265523054031
1964	70.1265523054031
1965	70.1265523054031
1966	70.1265523054031
1967	70.1265523054031
1968	70.1265523054031
1969	70.1265523054031
1970	70.1265523054031
1971	70.1265523054031
1972	70.1265523054031
1973	70.1265523054031
1974	70.1265523054031
1975	70.1265523054031
1976	70.1265523054031
1977	70.1265523054031
1978	70.1265523054031
1979	70.1265523054031
1980	70.1265523054031
1981	70.1265523054031
1982	70.1265523054031
1983	70.1265523054031
1984	70.1265523054031
1985	70.1265523054031
1986	70.1265523054031
1987	70.1265523054031
1988	70.1265523054031
1989	70.1265523054031
1990	70.1265523054031
1991	70.1265523054031
1992	70.1265523054031
1993	70.1265523054031
1994	70.1265523054031
1995	70.1265523054031
1996	70.1265523054031
1997	70.1265523054031
1998	70.1265523054031
1999	70.1265523054031
2000	70.1265523054031
2001	70.1265523054031
2002	70.1265523054031
2003	70.1265523054031
2004	70.1265523054031
2005	70.1265523054031
2006	70.1265523054031
2007	70.1265523054031
2008	70.1265523054031
2009	70.1265523054031
2010	70.1265523054031
2011	70.1265523054031
2012	70.1265523054031
2013	70.1265523054031
2014	70.1265523054031
2015	70.1265523054031
2016	70.1265523054031
2017	70.1265523054031
2018	70.1265523054031
2019	70.1265523054031
2020	70.1265523054031
2021	70.1265523054031
2022	70.1265523054031
2023	70.1265523054031
2024	70.1265523054031
2025	70.1265523054031
2026	70.1265523054031
2027	70.1265523054031
2028	70.1265523054031
2029	70.1265523054031
2030	70.1265523054031
2031	70.1265523054031
2032	70.1265523054031
2033	70.1265523054031
2034	70.1265523054031
2035	70.1265523054031
2036	70.1265523054031
2037	70.1265523054031
2038	70.1265523054031
2039	70.1265523054031
2040	70.1265523054031
2041	70.1265523054031
2042	70.1265523054031
2043	70.1265523054031
2044	70.1265523054031
2045	70.1265523054031
2046	70.1265523054031
2047	70.1265523054031
2048	70.1265523054031
2049	70.1265523054031
2050	70.1265523054031
2051	70.1265523054031
2052	70.1265523054031
2053	70.1265523054031
2054	70.1265523054031
2055	70.1265523054031
2056	70.1265523054031
2057	70.1265523054031
2058	70.1265523054031
2059	70.1265523054031
2060	70.1265523054031
2061	70.1265523054031
2062	70.1265523054031
2063	70.1265523054031
2064	70.1265523054031
2065	70.1265523054031
2066	70.1265523054031
2067	70.1265523054031
2068	70.1265523054031
2069	70.1265523054031
2070	70.1265523054031
2071	70.1265523054031
2072	70.1265523054031
2073	70.1265523054031
2074	70.1265523054031
2075	70.1265523054031
2076	70.1265523054031
2077	70.1265523054031
2078	70.1265523054031
2079	70.1265523054031
2080	70.1265523054031
2081	70.1265523054031
2082	70.1265523054031
2083	70.1265523054031
2084	70.1265523054031
2085	70.1265523054031
2086	70.1265523054031
2087	70.1265523054031
2088	70.1265523054031
2089	70.1265523054031
2090	70.1265523054031
2091	70.1265523054031
2092	70.1265523054031
2093	70.1265523054031
2094	70.1265523054031
2095	70.1265523054031
2096	70.1265523054031
2097	70.1265523054031
2098	70.1265523054031
2099	70.1265523054031
2100	70.1265523054031
2101	70.1265523054031
2102	70.1265523054031
2103	70.1265523054031
2104	70.1265523054031
2105	70.1265523054031
2106	70.1265523054031
2107	70.1265523054031
2108	70.1265523054031
2109	70.1265523054031
2110	70.1265523054031
2111	70.1265523054031
2112	70.1265523054031
2113	70.1265523054031
2114	70.1265523054031
2115	70.1265523054031
2116	70.1265523054031
2117	70.1265523054031
2118	70.1265523054031
2119	70.1265523054031
2120	70.1265523054031
2121	70.1265523054031
2122	70.1265523054031
2123	70.1265523054031
2124	70.1265523054031
2125	70.1265523054031
2126	70.1265523054031
2127	70.1265523054031
2128	70.1265523054031
2129	70.1265523054031
2130	70.1265523054031
2131	70.1265523054031
2132	70.1265523054031
2133	70.1265523054031
2134	70.1265523054031
2135	70.1265523054031
2136	70.1265523054031
2137	70.1265523054031
2138	70.1265523054031
2139	70.1265523054031
2140	70.1265523054031
2141	70.1265523054031
2142	70.1265523054031
2143	70.1265523054031
2144	70.1265523054031
2145	70.1265523054031
2146	70.1265523054031
2147	70.1265523054031
2148	70.1265523054031
2149	70.1265523054031
2150	70.1265523054031
2151	70.1265523054031
2152	70.1265523054031
2153	70.1265523054031
2154	70.1265523054031
2155	70.1265523054031
2156	70.1265523054031
2157	70.1265523054031
2158	70.1265523054031
2159	70.1265523054031
2160	70.1265523054031
2161	70.1265523054031
2162	70.1265523054031
2163	70.1265523054031
2164	70.1265523054031
2165	70.1265523054031
2166	70.1265523054031
2167	70.1265523054031
2168	70.1265523054031
2169	70.1265523054031
2170	70.1265523054031
2171	70.1265523054031
2172	70.1265523054031
2173	70.1265523054031
2174	70.1265523054031
2175	70.1265523054031
2176	70.1265523054031
2177	70.1265523054031
2178	70.1265523054031
2179	70.1265523054031
2180	70.1265523054031
2181	70.1265523054031
2182	70.1265523054031
2183	70.1265523054031
2184	70.1265523054031
2185	70.1265523054031
2186	70.1265523054031
2187	70.1265523054031
2188	70.1265523054031
2189	70.1265523054031
2190	70.1265523054031
2191	70.1265523054031
2192	70.1265523054031
2193	70.1265523054031
2194	70.1265523054031
2195	70.1265523054031
2196	70.1265523054031
2197	70.1265523054031
2198	70.1265523054031
2199	70.1265523054031
2200	70.1265523054031
2201	70.1265523054031
2202	70.1265523054031
2203	70.1265523054031
2204	70.1265523054031
2205	70.1265523054031
2206	70.1265523054031
2207	70.1265523054031
2208	70.1265523054031
2209	70.1265523054031
2210	70.1265523054031
2211	70.1265523054031
2212	70.1265523054031
2213	70.1265523054031
2214	70.1265523054031
2215	70.1265523054031
2216	70.1265523054031
2217	70.1265523054031
2218	70.1265523054031
2219	70.1265523054031
2220	70.1265523054031
2221	70.1265523054031
2222	70.1265523054031
2223	70.1265523054031
2224	70.1265523054031
2225	70.1265523054031
2226	70.1265523054031
2227	70.1265523054031
2228	70.1265523054031
2229	70.1265523054031
2230	70.1265523054031
2231	70.1265523054031
2232	70.1265523054031
2233	70.1265523054031
2234	70.1265523054031
2235	70.1265523054031
2236	70.1265523054031
2237	70.1265523054031
2238	70.1265523054031
2239	70.1265523054031
2240	70.1265523054031
2241	70.1265523054031
2242	70.1265523054031
2243	70.1265523054031
2244	70.1265523054031
2245	70.1265523054031
2246	70.1265523054031
2247	70.1265523054031
2248	70.1265523054031
2249	70.1265523054031
2250	70.1265523054031
2251	70.1265523054031
2252	70.1265523054031
2253	70.1265523054031
2254	70.1265523054031
2255	70.1265523054031
2256	70.1265523054031
2257	70.1265523054031
2258	70.1265523054031
2259	70.1265523054031
2260	70.1265523054031
2261	70.1265523054031
2262	70.1265523054031
2263	70.1265523054031
2264	70.1265523054031
2265	70.1265523054031
2266	70.1265523054031
2267	70.1265523054031
2268	70.1265523054031
2269	70.1265523054031
2270	70.1265523054031
2271	70.1265523054031
2272	70.1265523054031
2273	70.1265523054031
2274	70.1265523054031
2275	70.1265523054031
2276	70.1265523054031
2277	70.1265523054031
2278	70.1265523054031
2279	70.1265523054031
2280	70.1265523054031
2281	70.1265523054031
2282	70.1265523054031
2283	70.1265523054031
2284	70.1265523054031
2285	70.1265523054031
2286	70.1265523054031
2287	70.1265523054031
2288	70.1265523054031
2289	70.1265523054031
2290	70.1265523054031
2291	70.1265523054031
2292	70.1265523054031
2293	70.1265523054031
2294	70.1265523054031
2295	70.1265523054031
2296	70.1265523054031
2297	70.1265523054031
2298	70.1265523054031
2299	70.1265523054031
2300	70.1265523054031
2301	70.1265523054031
2302	70.1265523054031
2303	70.1265523054031
2304	70.1265523054031
2305	70.1265523054031
2306	70.1265523054031
2307	70.1265523054031
2308	70.1265523054031
2309	70.1265523054031
2310	70.1265523054031
2311	70.1265523054031
2312	70.1265523054031
2313	70.1265523054031
2314	70.1265523054031
2315	70.1265523054031
2316	70.1265523054031
2317	70.1265523054031
2318	70.1265523054031
2319	70.1265523054031
2320	70.1265523054031
2321	70.1265523054031
2322	70.1265523054031
2323	70.1265523054031
2324	70.1265523054031
2325	70.1265523054031
2326	70.1265523054031
2327	70.1265523054031
2328	70.1265523054031
2329	70.1265523054031
2330	70.1265523054031
2331	70.1265523054031
2332	70.1265523054031
2333	70.1265523054031
2334	70.1265523054031
2335	70.1265523054031
2336	70.1265523054031
2337	70.1265523054031
2338	70.1265523054031
2339	70.1265523054031
2340	70.1265523054031
2341	70.1265523054031
2342	70.1265523054031
2343	70.1265523054031
2344	70.1265523054031
2345	70.1265523054031
2346	70.1265523054031
2347	70.1265523054031
2348	70.1265523054031
2349	70.1265523054031
2350	70.1265523054031
2351	70.1265523054031
2352	70.1265523054031
2353	70.1265523054031
2354	70.1265523054031
2355	70.1265523054031
2356	70.1265523054031
2357	70.1265523054031
2358	70.1265523054031
2359	70.1265523054031
2360	70.1265523054031
2361	70.1265523054031
2362	70.1265523054031
2363	70.1265523054031
2364	70.1265523054031
2365	70.1265523054031
2366	70.1265523054031
2367	70.1265523054031
2368	70.1265523054031
2369	70.1265523054031
2370	70.1265523054031
2371	70.1265523054031
2372	70.1265523054031
2373	70.1265523054031
2374	70.1265523054031
2375	70.1265523054031
2376	70.1265523054031
2377	70.1265523054031
2378	70.1265523054031
2379	70.1265523054031
2380	70.1265523054031
2381	70.1265523054031
2382	70.1265523054031
2383	70.1265523054031
2384	70.1265523054031
2385	70.1265523054031
2386	70.1265523054031
2387	70.1265523054031
2388	70.1265523054031
2389	70.1265523054031
2390	70.1265523054031
2391	70.1265523054031
2392	70.1265523054031
2393	70.1265523054031
2394	70.1265523054031
2395	70.1265523054031
2396	70.1265523054031
2397	70.1265523054031
2398	70.1265523054031
2399	70.1265523054031
2400	70.1265523054031
2401	70.1265523054031
2402	70.1265523054031
2403	70.1265523054031
2404	70.1265523054031
2405	70.1265523054031
2406	70.1265523054031
2407	70.1265523054031
2408	70.1265523054031
2409	70.1265523054031
2410	70.1265523054031
2411	70.1265523054031
2412	70.1265523054031
2413	70.1265523054031
2414	70.1265523054031
2415	70.1265523054031
2416	70.1265523054031
2417	70.1265523054031
2418	70.1265523054031
2419	70.1265523054031
2420	70.1265523054031
2421	70.1265523054031
2422	70.1265523054031
2423	70.1265523054031
2424	70.1265523054031
2425	70.1265523054031
2426	70.1265523054031
2427	70.1265523054031
2428	70.1265523054031
2429	70.1265523054031
2430	70.1265523054031
2431	70.1265523054031
2432	70.1265523054031
2433	70.1265523054031
2434	70.1265523054031
2435	70.1265523054031
2436	70.1265523054031
2437	70.1265523054031
2438	70.1265523054031
2439	70.1265523054031
2440	70.1265523054031
2441	70.1265523054031
2442	70.1265523054031
2443	70.1265523054031
2444	70.1265523054031
2445	70.1265523054031
2446	70.1265523054031
2447	70.1265523054031
2448	70.1265523054031
2449	70.1265523054031
2450	70.1265523054031
2451	70.1265523054031
2452	70.1265523054031
2453	70.1265523054031
2454	70.1265523054031
2455	70.1265523054031
2456	70.1265523054031
2457	70.1265523054031
2458	70.1265523054031
2459	70.1265523054031
2460	70.1265523054031
2461	70.1265523054031
2462	70.1265523054031
2463	70.1265523054031
2464	70.1265523054031
2465	70.1265523054031
2466	70.1265523054031
2467	70.1265523054031
2468	70.1265523054031
2469	70.1265523054031
2470	70.1265523054031
2471	70.1265523054031
2472	70.1265523054031
2473	70.1265523054031
2474	70.1265523054031
2475	70.1265523054031
2476	70.1265523054031
2477	70.1265523054031
2478	70.1265523054031
2479	70.1265523054031
2480	70.1265523054031
2481	70.1265523054031
2482	70.1265523054031
2483	70.1265523054031
2484	70.1265523054031
2485	70.1265523054031
2486	70.1265523054031
2487	70.1265523054031
2488	70.1265523054031
2489	70.1265523054031
2490	70.1265523054031
2491	70.1265523054031
2492	70.1265523054031
2493	70.1265523054031
2494	70.1265523054031
2495	70.1265523054031
2496	70.1265523054031
2497	70.1265523054031
2498	70.1265523054031
2499	70.1265523054031
2500	70.1265523054031
2501	70.1265523054031
2502	70.1265523054031
2503	70.1265523054031
2504	70.1265523054031
2505	70.1265523054031
2506	70.1265523054031
2507	70.1265523054031
2508	70.1265523054031
2509	70.1265523054031
2510	70.1265523054031
2511	70.1265523054031
2512	70.1265523054031
2513	70.1265523054031
2514	70.1265523054031
2515	70.1265523054031
2516	70.1265523054031
2517	70.1265523054031
2518	70.1265523054031
2519	70.1265523054031
2520	70.1265523054031
2521	70.1265523054031
2522	70.1265523054031
2523	70.1265523054031
2524	70.1265523054031
2525	70.1265523054031
2526	70.1265523054031
2527	70.1265523054031
2528	70.1265523054031
2529	70.1265523054031
2530	70.1265523054031
2531	70.1265523054031
2532	70.1265523054031
2533	70.1265523054031
2534	70.1265523054031
2535	70.1265523054031
2536	70.1265523054031
2537	70.1265523054031
2538	70.1265523054031
2539	70.1265523054031
2540	70.1265523054031
2541	70.1265523054031
2542	70.1265523054031
2543	70.1265523054031
2544	70.1265523054031
2545	70.1265523054031
2546	70.1265523054031
2547	70.1265523054031
2548	70.1265523054031
2549	70.1265523054031
2550	70.1265523054031
2551	70.1265523054031
2552	70.1265523054031
2553	70.1265523054031
2554	70.1265523054031
2555	70.1265523054031
2556	70.1265523054031
2557	70.1265523054031
2558	70.1265523054031
2559	70.1265523054031
2560	70.1265523054031
2561	70.1265523054031
2562	70.1265523054031
2563	70.1265523054031
2564	70.1265523054031
2565	70.1265523054031
2566	70.1265523054031
2567	70.1265523054031
2568	70.1265523054031
2569	70.1265523054031
2570	70.1265523054031
2571	70.1265523054031
2572	70.1265523054031
2573	70.1265523054031
2574	70.1265523054031
2575	70.1265523054031
2576	70.1265523054031
2577	70.1265523054031
2578	70.1265523054031
2579	70.1265523054031
2580	70.1265523054031
2581	70.1265523054031
2582	70.1265523054031
2583	70.1265523054031
2584	70.1265523054031
2585	70.1265523054031
2586	70.1265523054031
2587	70.1265523054031
2588	70.1265523054031
2589	70.1265523054031
2590	70.1265523054031
2591	70.1265523054031
2592	70.1265523054031
2593	70.1265523054031
2594	70.1265523054031
2595	70.1265523054031
2596	70.1265523054031
2597	70.1265523054031
2598	70.1265523054031
2599	70.1265523054031
2600	70.1265523054031
2601	70.1265523054031
2602	70.1265523054031
2603	70.1265523054031
2604	70.1265523054031
2605	70.1265523054031
2606	70.1265523054031
2607	70.1265523054031
2608	70.1265523054031
2609	70.1265523054031
2610	70.1265523054031
2611	70.1265523054031
2612	70.1265523054031
2613	70.1265523054031
2614	70.1265523054031
2615	70.1265523054031
2616	70.1265523054031
2617	70.1265523054031
2618	70.1265523054031
2619	70.1265523054031
2620	70.1265523054031
2621	70.1265523054031
2622	70.1265523054031
2623	70.1265523054031
2624	70.1265523054031
2625	70.1265523054031
2626	70.1265523054031
2627	70.1265523054031
2628	70.1265523054031
2629	70.1265523054031
2630	70.1265523054031
2631	70.1265523054031
2632	70.1265523054031
2633	70.1265523054031
2634	70.1265523054031
2635	70.1265523054031
2636	70.1265523054031
2637	70.1265523054031
2638	70.1265523054031
2639	70.1265523054031
2640	70.1265523054031
2641	70.1265523054031
2642	70.1265523054031
2643	70.1265523054031
2644	70.1265523054031
2645	70.1265523054031
2646	70.1265523054031
2647	70.1265523054031
2648	70.1265523054031
2649	70.1265523054031
2650	70.1265523054031
2651	70.1265523054031
2652	70.1265523054031
2653	70.1265523054031
2654	70.1265523054031
2655	70.1265523054031
2656	70.1265523054031
2657	70.1265523054031
2658	70.1265523054031
2659	70.1265523054031
2660	70.1265523054031
2661	70.1265523054031
2662	70.1265523054031
2663	70.1265523054031
2664	70.1265523054031
2665	70.1265523054031
2666	70.1265523054031
2667	70.1265523054031
2668	70.1265523054031
2669	70.1265523054031
2670	70.1265523054031
2671	70.1265523054031
2672	70.1265523054031
2673	70.1265523054031
2674	70.1265523054031
2675	70.1265523054031
2676	70.1265523054031
2677	70.1265523054031
2678	70.1265523054031
2679	70.1265523054031
2680	70.1265523054031
2681	70.1265523054031
2682	70.1265523054031
2683	70.1265523054031
2684	70.1265523054031
2685	70.1265523054031
2686	70.1265523054031
2687	70.1265523054031
2688	70.1265523054031
2689	70.1265523054031
2690	70.1265523054031
2691	70.1265523054031
2692	70.1265523054031
2693	70.1265523054031
2694	70.1265523054031
2695	70.1265523054031
2696	70.1265523054031
2697	70.1265523054031
2698	70.1265523054031
2699	70.1265523054031
2700	70.1265523054031
2701	70.1265523054031
2702	70.1265523054031
2703	70.1265523054031
2704	70.1265523054031
2705	70.1265523054031
2706	70.1265523054031
2707	70.1265523054031
2708	70.1265523054031
2709	70.1265523054031
2710	70.1265523054031
2711	70.1265523054031
2712	70.1265523054031
2713	70.1265523054031
2714	70.1265523054031
2715	70.1265523054031
2716	70.1265523054031
2717	70.1265523054031
2718	70.1265523054031
2719	70.1265523054031
2720	70.1265523054031
2721	70.1265523054031
2722	70.1265523054031
2723	70.1265523054031
2724	70.1265523054031
2725	70.1265523054031
2726	70.1265523054031
2727	70.1265523054031
2728	70.1265523054031
2729	70.1265523054031
2730	70.1265523054031
2731	70.1265523054031
2732	70.1265523054031
2733	70.1265523054031
2734	70.1265523054031
2735	70.1265523054031
2736	70.1265523054031
2737	70.1265523054031
2738	70.1265523054031
2739	70.1265523054031
2740	70.1265523054031
2741	70.1265523054031
2742	70.1265523054031
2743	70.1265523054031
2744	70.1265523054031
2745	70.1265523054031
2746	70.1265523054031
2747	70.1265523054031
2748	70.1265523054031
2749	70.1265523054031
2750	70.1265523054031
2751	70.1265523054031
2752	70.1265523054031
2753	70.1265523054031
2754	70.1265523054031
2755	70.1265523054031
2756	70.1265523054031
2757	70.1265523054031
2758	70.1265523054031
2759	70.1265523054031
2760	70.1265523054031
2761	70.1265523054031
2762	70.1265523054031
2763	70.1265523054031
2764	70.1265523054031
2765	70.1265523054031
2766	70.1265523054031
2767	70.1265523054031
2768	70.1265523054031
2769	70.1265523054031
2770	70.1265523054031
2771	70.1265523054031
2772	70.1265523054031
2773	70.1265523054031
2774	70.1265523054031
2775	70.1265523054031
2776	70.1265523054031
2777	70.1265523054031
2778	70.1265523054031
2779	70.1265523054031
2780	70.1265523054031
2781	70.1265523054031
2782	70.1265523054031
2783	70.1265523054031
2784	70.1265523054031
2785	70.1265523054031
2786	70.1265523054031
2787	70.1265523054031
2788	70.1265523054031
2789	70.1265523054031
2790	70.1265523054031
2791	70.1265523054031
2792	70.1265523054031
2793	70.1265523054031
2794	70.1265523054031
2795	70.1265523054031
2796	70.1265523054031
2797	70.1265523054031
2798	70.1265523054031
2799	70.1265523054031
2800	70.1265523054031
2801	70.1265523054031
2802	70.1265523054031
2803	70.1265523054031
2804	70.1265523054031
2805	70.1265523054031
2806	70.1265523054031
2807	70.1265523054031
2808	70.1265523054031
2809	70.1265523054031
2810	70.1265523054031
2811	70.1265523054031
2812	70.1265523054031
2813	70.1265523054031
2814	70.1265523054031
2815	70.1265523054031
2816	70.1265523054031
2817	70.1265523054031
2818	70.1265523054031
2819	70.1265523054031
2820	70.1265523054031
2821	70.1265523054031
2822	70.1265523054031
2823	70.1265523054031
2824	70.1265523054031
2825	70.1265523054031
2826	70.1265523054031
2827	70.1265523054031
2828	70.1265523054031
2829	70.1265523054031
2830	70.1265523054031
2831	70.1265523054031
2832	70.1265523054031
2833	70.1265523054031
2834	70.1265523054031
2835	70.1265523054031
2836	70.1265523054031
2837	70.1265523054031
2838	70.1265523054031
2839	70.1265523054031
2840	70.1265523054031
2841	70.1265523054031
2842	70.1265523054031
2843	70.1265523054031
2844	70.1265523054031
2845	70.1265523054031
2846	70.1265523054031
2847	70.1265523054031
2848	70.1265523054031
2849	70.1265523054031
2850	70.1265523054031
2851	70.1265523054031
2852	70.1265523054031
2853	70.1265523054031
2854	70.1265523054031
2855	70.1265523054031
2856	70.1265523054031
2857	70.1265523054031
2858	70.1265523054031
2859	70.1265523054031
2860	70.1265523054031
2861	70.1265523054031
2862	70.1265523054031
2863	70.1265523054031
2864	70.1265523054031
2865	70.1265523054031
2866	70.1265523054031
2867	70.1265523054031
2868	70.1265523054031
2869	70.1265523054031
2870	70.1265523054031
2871	70.1265523054031
2872	70.1265523054031
2873	70.1265523054031
2874	70.1265523054031
2875	70.1265523054031
2876	70.1265523054031
2877	70.1265523054031
2878	70.1265523054031
2879	70.1265523054031
2880	70.1265523054031
2881	70.1265523054031
2882	70.1265523054031
2883	70.1265523054031
2884	70.1265523054031
2885	70.1265523054031
2886	70.1265523054031
2887	70.1265523054031
2888	70.1265523054031
2889	70.1265523054031
2890	70.1265523054031
2891	70.1265523054031
2892	70.1265523054031
2893	70.1265523054031
2894	70.1265523054031
2895	70.1265523054031
2896	70.1265523054031
2897	70.1265523054031
2898	70.1265523054031
2899	70.1265523054031
2900	70.1265523054031
2901	70.1265523054031
2902	70.1265523054031
2903	70.1265523054031
2904	70.1265523054031
2905	70.1265523054031
2906	70.1265523054031
2907	70.1265523054031
2908	70.1265523054031
2909	70.1265523054031
2910	70.1265523054031
2911	70.1265523054031
2912	70.1265523054031
2913	70.1265523054031
2914	70.1265523054031
2915	70.1265523054031
2916	70.1265523054031
2917	70.1265523054031
2918	70.1265523054031
2919	70.1265523054031
2920	70.1265523054031
2921	70.1265523054031
2922	70.1265523054031
2923	70.1265523054031
2924	70.1265523054031
2925	70.1265523054031
2926	70.1265523054031
2927	70.1265523054031
2928	70.1265523054031
2929	70.1265523054031
2930	70.1265523054031
2931	70.1265523054031
2932	70.1265523054031
2933	70.1265523054031
2934	70.1265523054031
2935	70.1265523054031
2936	70.1265523054031
2937	70.1265523054031
2938	70.1265523054031
2939	70.1265523054031
2940	70.1265523054031
2941	70.1265523054031
2942	70.1265523054031
2943	70.1265523054031
2944	70.1265523054031
2945	70.1265523054031
2946	70.1265523054031
2947	70.1265523054031
2948	70.1265523054031
2949	70.1265523054031
2950	70.1265523054031
2951	70.1265523054031
2952	70.1265523054031
2953	70.1265523054031
2954	70.1265523054031
2955	70.1265523054031
2956	70.1265523054031
2957	70.1265523054031
2958	70.1265523054031
2959	70.1265523054031
2960	70.1265523054031
2961	70.1265523054031
2962	70.1265523054031
2963	70.1265523054031
2964	70.1265523054031
2965	70.1265523054031
2966	70.1265523054031
2967	70.1265523054031
2968	70.1265523054031
2969	70.1265523054031
2970	70.1265523054031
2971	70.1265523054031
2972	70.1265523054031
2973	70.1265523054031
2974	70.1265523054031
2975	70.1265523054031
2976	70.1265523054031
2977	70.1265523054031
2978	70.1265523054031
2979	70.1265523054031
2980	70.1265523054031
2981	70.1265523054031
2982	70.1265523054031
2983	70.1265523054031
2984	70.1265523054031
2985	70.1265523054031
2986	70.1265523054031
2987	70.1265523054031
2988	70.1265523054031
2989	70.1265523054031
2990	70.1265523054031
2991	70.1265523054031
2992	70.1265523054031
2993	70.1265523054031
2994	70.1265523054031
2995	70.1265523054031
2996	70.1265523054031
2997	70.1265523054031
2998	70.1265523054031
2999	70.1265523054031
3000	70.1265523054031
