1	57696.45666707539
2	53691.18487376434
3	49613.39176491183
4	46561.37519262983
5	44379.24886793747
6	42356.88962937799
7	39968.89428928313
8	38077.449011277575
9	36516.39664086236
10	35305.593186052014
11	33931.77047401417
12	32888.63884525397
13	32237.46615572903
14	30832.481703502137
15	30392.201451266537
16	28555.38979869253
17	27230.350023296684
18	26382.020703185808
19	25456.48553824728
20	24731.717594994894
21	24086.548245016427
22	23436.479070974772
23	22448.76247662461
24	21372.83680977046
25	20677.302459396677
26	20163.807653862154
27	19715.330309754747
28	19050.32096933777
29	18472.534550618544
30	17462.937667941955
31	16793.95938675655
32	15976.7747412057
33	15684.355070897915
34	15276.703325502951
35	14783.195749348213
36	14577.755036948858
37	14252.394537298498
38	14035.853135245396
39	13734.125563561247
40	13344.813853646154
41	12678.212769800297
42	12463.390610182136
43	11828.202520448716
44	11213.573231495651
45	10862.500578632986
46	10560.605328607935
47	10173.97756095425
48	9794.224329543953
49	9502.324106912145
50	9255.565147930536
51	8952.41696762474
52	8612.00645429235
53	8381.260515103886
54	8238.150419862068
55	7926.413646976443
56	7633.138538859124
57	7145.651809915494
58	6818.393423960643
59	6616.31946924327
60	6424.439774598169
61	6329.277234297334
62	6147.973581229401
63	5964.379523508628
64	5816.517340725026
65	5598.223567204861
66	5544.848740472887
67	5392.482015842412
68	5181.507166108946
69	4971.2940998205795
70	4827.438303110716
71	4635.241606423665
72	4559.859296693738
73	4391.336265256892
74	4372.951453603025
75	4286.095638000747
76	4191.896642008377
77	4054.552366577474
78	3914.2431838682064
79	3795.9133635136254
80	3673.812193784494
81	3548.5212084712575
82	3483.7308767190684
83	3438.415329342351
84	3357.054660458641
85	3198.9607872787337
86	3096.7371861408305
87	2984.8869850286383
88	2909.5681591566786
89	2801.047171467934
90	2712.6851933078347
91	2648.3974165097043
92	2589.5960130884832
93	2494.131091592633
94	2396.1726560694283
95	2353.6591446830994
96	2285.7432157714406
97	2228.158939606817
98	2211.84003887501
99	2095.5497330626117
100	2038.1150323195002
101	1951.5313233139207
102	1881.5573420374487
103	1835.1902480160784
104	1784.8018106843524
105	1743.3647697361728
106	1708.8642779737195
107	1673.9458443677918
108	1639.499139054458
109	1609.72737691761
110	1552.1216477853304
111	1518.5255519760847
112	1480.4409883348346
113	1458.4154079778498
114	1402.2366708525626
115	1363.209153826666
116	1336.0625845017514
117	1287.320343889694
118	1222.1641637204266
119	1181.7835821133624
120	1137.3119113014495
121	1118.9087055967245
122	1089.9936059937338
123	1054.8024425094309
124	1045.0402674909963
125	1000.5430122109665
126	963.3307650232048
127	935.3172194661328
128	924.4915359527029
129	896.6279304907208
130	878.6156244167639
131	862.7342742796551
132	834.1330431996304
133	789.1116315451386
134	768.7112888864565
135	729.8748681541567
136	697.1650729998565
137	680.6370432576476
138	673.2364637469334
139	655.1121441483658
140	638.1037031527881
141	628.9921827631322
142	610.382357223588
143	595.597076091129
144	588.396259409518
145	569.1149880680717
146	544.7557494887301
147	533.1385565173813
148	524.9181189055672
149	517.2362642264854
150	508.6807818526419
151	500.07683158721653
152	476.4989401127877
153	468.2490003052946
154	457.7745654130925
155	447.3405447823842
156	439.2511365363355
157	425.75338939150305
158	412.8109109771601
159	399.3798602251403
160	389.2412213150782
161	379.1514770161896
162	375.00478235026355
163	364.18565077768693
164	353.3195352734149
165	341.58615297651596
166	332.31029791454
167	322.9866418997998
168	310.96528961530737
169	303.9741832929707
170	298.62721027755407
171	292.7841071020603
172	286.25607962474
173	276.67595049864593
174	270.01160304575876
175	258.67119667188865
176	254.08871145357756
177	248.30686101883077
178	242.67732984955177
179	237.08703983176028
180	234.07787987817866
181	225.13309754107198
182	221.4857750568137
183	216.1837334963846
184	208.67125971522165
185	196.02176899797158
186	189.38464696472775
187	184.6211306614725
188	180.36149776420464
189	176.9231161716472
190	167.68524605250335
191	163.20492380440254
192	159.76967207417604
193	153.4737850385368
194	150.46210405990715
195	146.5290676645206
196	141.8580163590688
197	134.80887090820403
198	131.38385415846616
199	128.7418331525596
200	125.86502258297807
201	122.29278260696628
202	121.29188386528743
203	116.71411732595863
204	112.11482993345697
205	108.46416027885306
206	106.57299194743403
207	103.42471399622933
208	101.45064832022672
209	100.76750682475773
210	97.2731302727368
211	92.85010964994204
212	91.64132043408146
213	89.50527468053117
214	84.09785720646809
215	82.75638134622243
216	82.21367598988576
217	80.7202859155646
218	78.53488520648426
219	76.18699595600592
220	73.84911513613841
221	72.41426834007311
222	70.1503865769632
223	69.34276690456623
224	68.24668316992208
225	66.26459308948567
226	64.35290969477973
227	61.64372341855175
228	60.28741571430009
229	59.818857804614034
230	58.38518707977105
231	56.083241864438826
232	54.810335422308825
233	51.325544192610145
234	49.99689282855183
235	48.02535747675087
236	47.39192179108322
237	44.445233720779456
238	43.487616691889436
239	42.57621181679283
240	42.22148127438557
241	41.32159577114886
242	39.607509250556554
243	38.66542594873024
244	38.120277707455095
245	37.27188634384679
246	36.2384141387367
247	35.92197221498266
248	35.008159992052164
249	33.08398232474202
250	31.987297320692928
251	31.589363978158364
252	31.139155117910644
253	30.267888517321467
254	29.669100643018194
255	28.610118684301632
256	28.035138625762805
257	27.19081104373576
258	26.466104887841812
259	25.803246977436707
260	25.605974773151182
261	25.522899168419556
262	24.88906475108127
263	23.40185210006489
264	22.809178826699927
265	21.799530208997012
266	21.386713375881165
267	20.675993990278055
268	20.33362182161752
269	19.534368714627966
270	19.343752832138204
271	18.75562751451736
272	18.394617379513605
273	17.749038531728274
274	17.121285438061918
275	16.43658085789696
276	16.182802736592592
277	15.810227409479266
278	15.61062068441828
279	14.635395330685538
280	13.936704178616559
281	13.80861522458829
282	13.342153503001615
283	13.255765230735445
284	12.809078393083292
285	12.510682739387398
286	12.157876073280057
287	11.953138417123826
288	11.549278141821736
289	11.44053828743821
290	11.166655389300404
291	10.819328527517996
292	10.70317630501543
293	10.47387959744026
294	10.14936015663405
295	9.932052261363486
296	9.762128568180318
297	9.533442644543884
298	9.380810368863495
299	9.245232661356859
300	8.837351822466202
301	8.571000311397857
302	8.241470081496956
303	8.008879391963443
304	7.891453710325911
305	7.689594039280888
306	7.489474277721716
307	7.409938722417035
308	7.021420031770072
309	6.524818122272591
310	6.379363124869347
311	6.15753290488309
312	6.017384808084361
313	5.86980711672666
314	5.749653594102214
315	5.7076177092067315
316	5.563604101960919
317	5.41310313756631
318	5.266546446384113
319	5.1088274800652735
320	5.025977309336711
321	4.978751930309369
322	4.8428307069879715
323	4.801965596495874
324	4.610292875586134
325	4.546724399929412
326	4.481070712102751
327	4.423768695193073
328	4.307211494819829
329	4.1205608301289685
330	4.022017031348984
331	3.8568548763069472
332	3.7146486660907327
333	3.693227767460774
334	3.571812613554
335	3.4648061821173815
336	3.405083242068162
337	3.295216654514304
338	3.2561159799694224
339	3.218873001927302
340	3.115289639686913
341	3.0368467880034506
342	2.9663106665410415
343	2.8530772051763162
344	2.8076555771651295
345	2.739412834589511
346	2.6979454538715606
347	2.5822055503207144
348	2.5156722927220145
349	2.4922883579598762
350	2.4349438865150033
351	2.3034973504844967
352	2.238974851173128
353	2.183364503011956
354	2.1424190460373684
355	2.0837694680637706
356	2.005864407588537
357	1.9874823919545748
358	1.9362946160216483
359	1.8797678629050745
360	1.8475252970236782
361	1.7600481307411782
362	1.6872220531801918
363	1.6228400522568285
364	1.5993730997060207
365	1.5780656298038807
366	1.4682091103629138
367	1.4283134367985895
368	1.4050449457716243
369	1.366347023487385
370	1.3320652808648086
371	1.3144167565871203
372	1.2733448381320804
373	1.2580688970669045
374	1.230723070571853
375	1.1924305774856954
376	1.186920459778768
377	1.1608465462344026
378	1.1375844242198272
379	1.0774967178432118
380	1.0504615802985775
381	1.0194356648052647
382	0.9860579005933633
383	0.9377588542792878
384	0.924766349398839
385	0.8932111788154133
386	0.8703348485430565
387	0.8471649070158215
388	0.8139049515959333
389	0.78732335742443
390	0.7830677112886267
391	0.7411866295140526
392	0.7151729991709608
393	0.706170752165603
394	0.6874390657091212
395	0.6672483709861108
396	0.6573438373422114
397	0.6420238153010834
398	0.6186895898993036
399	0.6149504878513509
400	0.6101129696601146
401	0.6065118544857689
402	0.592814294639913
403	0.5713636087460794
404	0.5692284092792058
405	0.5535247742051049
406	0.5356737237726911
407	0.5196052383955738
408	0.5126219283753862
409	0.5057778687911914
410	0.4893535221092132
411	0.47633712743042694
412	0.452911908118002
413	0.43381895169859425
414	0.43088564076337466
415	0.4250268308477198
416	0.40249215600738675
417	0.38717592459739
418	0.3827657799083993
419	0.3745441631139237
420	0.3600810112375612
421	0.3536131867075075
422	0.3432142473358491
423	0.3422110714070858
424	0.33637986654754787
425	0.32459420540726464
426	0.31718308645338655
427	0.3058500068187016
428	0.2992481195275311
429	0.29277807908946213
430	0.28659361169405895
431	0.28391458434853034
432	0.2745175952401633
433	0.2672182000110523
434	0.2631958159287405
435	0.26129743767692376
436	0.2568834289355913
437	0.2507214883831404
438	0.2475598655075734
439	0.24194724983590155
440	0.23613056153080203
441	0.22779129187997718
442	0.2160852392909484
443	0.20598733217899226
444	0.20303328379303742
445	0.20018017240911234
446	0.19625941755792756
447	0.1918276016395239
448	0.18232748094409612
449	0.1738762000686046
450	0.16682634285043224
451	0.16076174544774705
452	0.15989095552354435
453	0.1548833927436918
454	0.15034369315936577
455	0.1462977871875108
456	0.14455557533964775
457	0.14190774592725391
458	0.13742061187695584
459	0.13491514794672763
460	0.13004543394574808
461	0.12806775292607459
462	0.12616219785583943
463	0.124536649896151
464	0.1212033965839502
465	0.1180460516698716
466	0.11683835664896951
467	0.11406898793725133
468	0.10636160833380102
469	0.10451854111963095
470	0.10370285230944307
471	0.10055863154783191
472	0.09766919851821346
473	0.09647504548380595
474	0.09005030081035527
475	0.08878270760310136
476	0.08557378985045967
477	0.08310658196639968
478	0.08032414183964409
479	0.07932959900217114
480	0.07852419852044315
481	0.07442524670677546
482	0.07103684305620686
483	0.06871451360955792
484	0.06750223413465269
485	0.06533420876907979
486	0.06484532633783843
487	0.06375631886706579
488	0.0629552174828397
489	0.059705949135458396
490	0.05909149924973716
491	0.05804924601001295
492	0.05568579302417425
493	0.054979319312043924
494	0.05323893901825912
495	0.052451628520386116
496	0.05180652160935816
497	0.050237388923500624
498	0.048990770480390945
499	0.04679256643099272
500	0.0454493510147399
501	0.04525982220407046
502	0.04271512601942597
503	0.03945529616069363
504	0.03864003868931312
505	0.0384344277979445
506	0.038042692288181086
507	0.03720248988048396
508	0.03690930962107261
509	0.03533567343316075
510	0.034059282555825986
511	0.03330058635390993
512	0.0329305731737767
513	0.03281045624697703
514	0.032418336689088306
515	0.031185601996036785
516	0.03079755088361041
517	0.029304688823305385
518	0.028689967315491213
519	0.027884668074306094
520	0.02719658833404877
521	0.026840801233533936
522	0.02512004697872211
523	0.02444822295884819
524	0.02428027777604773
525	0.02394540132982662
526	0.022999504914194762
527	0.021510650214526587
528	0.02074236217687065
529	0.020394865267973347
530	0.020147851519976445
531	0.019779715229214644
532	0.019174421658715766
533	0.01837918595492433
534	0.01818422864495347
535	0.017975162152869577
536	0.017384537239059025
537	0.016680047585494573
538	0.016513264244597974
539	0.016438204682543853
540	0.016060736659929967
541	0.01519470274842263
542	0.014667874444205488
543	0.014473179461186972
544	0.014293597952682343
545	0.013951877020130673
546	0.013410672195263752
547	0.013344636229663604
548	0.012870592015737922
549	0.012433019823026156
550	0.012154671975235868
551	0.011872280112878728
552	0.011550272750100742
553	0.01136432706244202
554	0.011265183996679303
555	0.010730131057654855
556	0.010547169890323666
557	0.01024152860418603
558	0.009974519717868075
559	0.009693487990516402
560	0.009229624881915886
561	0.008933486564429704
562	0.008718581356748915
563	0.008391990911154716
564	0.008330701305439246
565	0.00811943849478241
566	0.008070692204193524
567	0.007614759736085956
568	0.007201825251363649
569	0.007116649716244779
570	0.006989760226418793
571	0.006903320013693745
572	0.006709423223138471
573	0.006558384389585043
574	0.006468520073704411
575	0.006379410833958697
576	0.006308735408468976
577	0.006138353633803495
578	0.006057523255400785
579	0.005876726677790016
580	0.005721789767354823
581	0.00566031532451263
582	0.0055735095260998485
583	0.0054053091749329835
584	0.005309889789413582
585	0.005246069628428341
586	0.005124099260840439
587	0.004982877135565785
588	0.004738995142200124
589	0.004640748495379671
590	0.004508049186620637
591	0.0042966406639414765
592	0.0041666376517430735
593	0.0040215007299524395
594	0.0038802103815574946
595	0.003761067433642947
596	0.0037049216549198075
597	0.003467570128619288
598	0.0034283363545416037
599	0.003371007050701981
600	0.0033543976241811263
601	0.0032477218136803916
602	0.0030765162670111186
603	0.002996505643973441
604	0.0029695931617446055
605	0.00291182675817795
606	0.0028375539398996464
607	0.002801790889295557
608	0.0027256307109642264
609	0.0026768885551171646
610	0.0026146239011786976
611	0.002555522244962923
612	0.002504437696769207
613	0.002471968884161326
614	0.002314114545131072
615	0.0022823255191003204
616	0.0022335680262530583
617	0.002178875796895872
618	0.002098101139668864
619	0.002051329567287956
620	0.0019631456171271553
621	0.0019175686974940169
622	0.001891254003933505
623	0.0018764538063401315
624	0.001708985152953903
625	0.0016952492379886314
626	0.0016665337789736302
627	0.0016183426083218844
628	0.0015752063843261419
629	0.0015172782254765994
630	0.0014772997987865628
631	0.0014289631715736005
632	0.0013777287481087223
633	0.0013000074021762159
634	0.0012503907542394182
635	0.0012146741504593622
636	0.0012005518268658204
637	0.001174844225353099
638	0.0011400425724590391
639	0.0011265571073443901
640	0.0011006616106760641
641	0.0010811292750797523
642	0.0010597919569368488
643	0.0010322412573880902
644	9.837405779452738E-4
645	9.285376899961243E-4
646	8.982200985057795E-4
647	8.765025926215622E-4
648	8.65495575064815E-4
649	8.519547717399936E-4
650	8.209137644930091E-4
651	7.926409290120908E-4
652	7.756367389245092E-4
653	7.700209986330875E-4
654	7.463771700086102E-4
655	7.3347141431865E-4
656	7.039105491815084E-4
657	6.829218289079685E-4
658	6.699771483430841E-4
659	6.624622965940638E-4
660	6.495112087630819E-4
661	6.33340209956777E-4
662	6.198897255720925E-4
663	6.149663076811242E-4
664	5.871301573481063E-4
665	5.723360618328362E-4
666	5.47538432862029E-4
667	5.308924689497742E-4
668	5.201877483625584E-4
669	5.106044565153691E-4
670	4.9561206925598E-4
671	4.89544962978136E-4
672	4.7451096299276136E-4
673	4.548677835306039E-4
674	4.370495459774333E-4
675	4.286485185102093E-4
676	4.237675427424155E-4
677	4.173601995775897E-4
678	4.150068581332798E-4
679	3.9445688056428355E-4
680	3.7931068417257965E-4
681	3.7826121790933794E-4
682	3.71558320906778E-4
683	3.591319970197135E-4
684	3.404949647428405E-4
685	3.334143324486297E-4
686	3.247473266270172E-4
687	3.179306883279493E-4
688	3.04350770361737E-4
689	3.009032108694203E-4
690	2.9903541063320394E-4
691	2.907264232296563E-4
692	2.8309043669768203E-4
693	2.78343811458038E-4
694	2.6700097571869945E-4
695	2.619320819456935E-4
696	2.482417821701935E-4
697	2.4145788950848417E-4
698	2.3714564654322236E-4
699	2.2658643934366732E-4
700	2.1595256304048546E-4
701	2.14063354784588E-4
702	2.0723722721102572E-4
703	2.0045856759264236E-4
704	1.979347483012957E-4
705	1.9138670678556013E-4
706	1.9133569703628E-4
707	1.8750670038699752E-4
708	1.8500654869704294E-4
709	1.8190759223480138E-4
710	1.7228241242946688E-4
711	1.700456676931028E-4
712	1.6567093043079258E-4
713	1.6149509158614736E-4
714	1.5886985946238E-4
715	1.5551034779353573E-4
716	1.511969271319993E-4
717	1.5017130948211278E-4
718	1.4776363224040836E-4
719	1.4210254722101353E-4
720	1.3828705853504922E-4
721	1.3703355875388257E-4
722	1.3494350787949592E-4
723	1.3101057020901917E-4
724	1.281982783093064E-4
725	1.2422001215300725E-4
726	1.2107328509474375E-4
727	1.1887662624859976E-4
728	1.1470403710377158E-4
729	1.1322580176502091E-4
730	1.1068514178230346E-4
731	1.0912323297581692E-4
732	1.0390130224831383E-4
733	1.0344794754842911E-4
734	9.831942183079431E-5
735	9.472060367146121E-5
736	9.342360859509861E-5
737	9.1618494041048E-5
738	8.901175525944825E-5
739	8.426458268779693E-5
740	8.10698746396446E-5
741	8.014931186966938E-5
742	7.845317388519268E-5
743	7.779542979529825E-5
744	7.608865862856702E-5
745	7.461047193525091E-5
746	7.204015972195416E-5
747	7.046746914004628E-5
748	6.86018231032006E-5
749	6.460195048535907E-5
750	6.359358369188896E-5
751	6.21822854652327E-5
752	6.07996173750545E-5
753	5.908355761374512E-5
754	5.760435931632628E-5
755	5.710929525692141E-5
756	5.628306659430274E-5
757	5.561070380536692E-5
758	5.2544283486388075E-5
759	4.993525256212537E-5
760	4.918158766201556E-5
761	4.77365047756463E-5
762	4.649660854448172E-5
763	4.4304004237520147E-5
764	4.3150953973655197E-5
765	4.258057778399673E-5
766	4.189204702520781E-5
767	4.134859070133717E-5
768	4.0478461259478944E-5
769	3.953913203198956E-5
770	3.8027638574257356E-5
771	3.718324128708913E-5
772	3.679740229331527E-5
773	3.583665121041706E-5
774	3.554599188622675E-5
775	3.438285209188494E-5
776	3.372458262630838E-5
777	3.3114349419722616E-5
778	3.170837489191332E-5
779	3.122078030016844E-5
780	3.0377234479277534E-5
781	2.9533925179310045E-5
782	2.8738490184178653E-5
783	2.8221754411462956E-5
784	2.7323579566524647E-5
785	2.598761503212961E-5
786	2.523164308751923E-5
787	2.465512594083855E-5
788	2.3930272410405532E-5
789	2.335488858557677E-5
790	2.290314801019224E-5
791	2.2580483070410293E-5
792	2.2153413542554343E-5
793	2.1521273936397762E-5
794	2.0855008402426933E-5
795	2.0135631608996003E-5
796	1.9982646076956907E-5
797	1.971305394635674E-5
798	1.875629429566551E-5
799	1.814936715419479E-5
800	1.7817267834873423E-5
801	1.7459836564029834E-5
802	1.6642454788513483E-5
803	1.6084030764937778E-5
804	1.5678318824404175E-5
805	1.500924949082239E-5
806	1.463493228266856E-5
807	1.441128461685367E-5
808	1.4148355849279674E-5
809	1.4013532420640773E-5
810	1.3940402038999525E-5
811	1.3118827324792477E-5
812	1.2982650195157714E-5
813	1.2634414058105944E-5
814	1.2352091969697577E-5
815	1.1865634549802411E-5
816	1.1787301013876928E-5
817	1.1585264891021166E-5
818	1.0818521270812987E-5
819	1.0640433629860497E-5
820	1.0075328423129605E-5
821	9.582438766727045E-6
822	9.507878102958763E-6
823	9.351885430024026E-6
824	9.239120816194762E-6
825	9.152166917295556E-6
826	8.684805477671851E-6
827	8.295899345041235E-6
828	8.019395389188813E-6
829	7.893839966665767E-6
830	7.796326002044866E-6
831	7.7742849250386E-6
832	7.652371641030024E-6
833	7.618835589910417E-6
834	7.448698792926085E-6
835	7.376246040213573E-6
836	7.36360275142058E-6
837	6.889207599248117E-6
838	6.7727358072766905E-6
839	6.4580825116669044E-6
840	6.0774674221993785E-6
841	5.977762452202544E-6
842	5.924773241285556E-6
843	5.637666743949942E-6
844	5.5449509841790445E-6
845	5.441277965330044E-6
846	5.318808884235527E-6
847	5.213123475164111E-6
848	5.061148760954202E-6
849	4.9380017349958115E-6
850	4.903318721116392E-6
851	4.81571283653729E-6
852	4.743802733945886E-6
853	4.670525388015079E-6
854	4.419559362149019E-6
855	4.300598011268407E-6
856	4.155553521639004E-6
857	3.985471187562516E-6
858	3.933602336724562E-6
859	3.841982000764468E-6
860	3.773124877373969E-6
861	3.7438533558266653E-6
862	3.71188181632313E-6
863	3.689547959084251E-6
864	3.6084631740986923E-6
865	3.4056730178699762E-6
866	3.2248251253482165E-6
867	3.080185069990216E-6
868	2.952813890441532E-6
869	2.8943834645004715E-6
870	2.8714341443268233E-6
871	2.7980741859206852E-6
872	2.623448748862592E-6
873	2.5223560191658486E-6
874	2.5130034280238318E-6
875	2.3917380958138777E-6
876	2.385913640125284E-6
877	2.321688880975034E-6
878	2.2547906510750027E-6
879	2.1352953556764133E-6
880	2.127537969736351E-6
881	2.1170599941488084E-6
882	2.0562179733082766E-6
883	1.9390231928988708E-6
884	1.927528396881126E-6
885	1.8836671707718687E-6
886	1.8426221439370608E-6
887	1.7678379655374225E-6
888	1.744180138746081E-6
889	1.70635300907001E-6
890	1.648329490662606E-6
891	1.6350475091196018E-6
892	1.5921843518839448E-6
893	1.5556617390741681E-6
894	1.5507633439227782E-6
895	1.498206058499825E-6
896	1.4612974250502853E-6
897	1.3969699519417413E-6
898	1.383704896625834E-6
899	1.3513473280125706E-6
900	1.3077413172252585E-6
901	1.301685146790827E-6
902	1.2936258513484618E-6
903	1.275264254371237E-6
904	1.1771901242475595E-6
905	1.1274950209392843E-6
906	1.1052023637469459E-6
907	1.0716686006259593E-6
908	1.059610638126593E-6
909	1.0428962608938207E-6
910	9.817536488239639E-7
911	9.706407299499084E-7
912	9.225083524286548E-7
913	9.106188067031455E-7
914	8.880637551723222E-7
915	8.746273449094844E-7
916	8.398688990126112E-7
917	8.137859302906497E-7
918	7.935903021322064E-7
919	7.758501480136622E-7
920	7.656321607040997E-7
921	7.376309545906902E-7
922	7.272252474409425E-7
923	6.929858697974444E-7
924	6.803894834534865E-7
925	6.59695311745329E-7
926	6.379614741752148E-7
927	6.365887819296228E-7
928	6.279789248278658E-7
929	6.174582572803499E-7
930	6.084198235544726E-7
931	6.064940978352162E-7
932	5.832286589445848E-7
933	5.565425430934259E-7
934	5.232964758670142E-7
935	5.10397541360601E-7
936	4.96979200438182E-7
937	4.897721665282059E-7
938	4.802260217084158E-7
939	4.7098014942979427E-7
940	4.346926220991277E-7
941	4.2783415582900557E-7
942	4.164397726179517E-7
943	4.102679131472324E-7
944	3.8556118368197526E-7
945	3.816172488416476E-7
946	3.7615043451862406E-7
947	3.5849128676681235E-7
948	3.5330610280429704E-7
949	3.34681285324176E-7
950	3.2287863398125067E-7
951	3.197267150335137E-7
952	3.1103980327631627E-7
953	3.0105452425225765E-7
954	2.9786256499119063E-7
955	2.9524653625041855E-7
956	2.758236077938653E-7
957	2.732731610485847E-7
958	2.5959306534326E-7
959	2.5417433562883663E-7
960	2.4609005272171763E-7
961	2.4076601422466564E-7
962	2.359946850875648E-7
963	2.3200590634088496E-7
964	2.2848316728059527E-7
965	2.269828436235635E-7
966	2.1785423143898597E-7
967	2.1563058559123772E-7
968	2.135597806461298E-7
969	2.062111536368579E-7
970	2.0073271593160675E-7
971	1.9643683039008042E-7
972	1.8777673254291925E-7
973	1.828865394150551E-7
974	1.7841238035151544E-7
975	1.7251908654472359E-7
976	1.713005885149347E-7
977	1.6644433771455303E-7
978	1.6292096684887492E-7
979	1.580725835333867E-7
980	1.52449042033563E-7
981	1.4706706209596715E-7
982	1.4355408429067318E-7
983	1.4136355834882533E-7
984	1.3220763310304866E-7
985	1.2634964312451892E-7
986	1.2253816965867385E-7
987	1.2105973782469338E-7
988	1.1906053172674273E-7
989	1.132850081717466E-7
990	1.1031763653166098E-7
991	1.0751583675364814E-7
992	1.0413341183942404E-7
993	1.0182102443062224E-7
994	1.0029922195069312E-7
995	9.824630900559133E-8
996	9.795218849935481E-8
997	9.664422661447816E-8
998	9.631065005879954E-8
999	9.31872928869025E-8
1000	9.26462192088284E-8
1001	8.785459282030188E-8
1002	8.539987530927323E-8
1003	8.499949379758034E-8
1004	8.326054202572338E-8
1005	8.120023318866841E-8
1006	7.945138761764175E-8
1007	7.450710198453484E-8
1008	7.30698536033766E-8
1009	7.125912158548327E-8
1010	6.79003424313253E-8
1011	6.696125864707493E-8
1012	6.599393267172036E-8
1013	6.470522401445176E-8
1014	6.235188096516846E-8
1015	6.128299307078876E-8
1016	5.9311909318585916E-8
1017	5.728611758850957E-8
1018	5.7082639965339915E-8
1019	5.6400351258237864E-8
1020	5.423057784148767E-8
1021	5.2906105670452274E-8
1022	5.2032837750446526E-8
1023	5.108399442439172E-8
1024	5.048825910543709E-8
1025	4.944988341990493E-8
1026	4.866443770704525E-8
1027	4.526753504811889E-8
1028	4.449131746245616E-8
1029	4.363963352693112E-8
1030	4.2806031343817244E-8
1031	4.145731613281214E-8
1032	4.123906187299026E-8
1033	4.095795242504656E-8
1034	4.052422085574993E-8
1035	3.986964591147782E-8
1036	3.773529669131307E-8
1037	3.662784199295259E-8
1038	3.6050785421438157E-8
1039	3.4812891962942806E-8
1040	3.3866474429129906E-8
1041	3.266926565226788E-8
1042	3.184825197527216E-8
1043	3.0785317665108474E-8
1044	2.9652131543392863E-8
1045	2.8959616884123156E-8
1046	2.8247069618051454E-8
1047	2.7418375877014133E-8
1048	2.6824174555064454E-8
1049	2.6530514440248622E-8
1050	2.6456613017894073E-8
1051	2.6101828840252484E-8
1052	2.4871465483774802E-8
1053	2.4455276823218786E-8
1054	2.3808632200257965E-8
1055	2.3500540936878565E-8
1056	2.3115885951344872E-8
1057	2.2453457357552558E-8
1058	2.2320073200144208E-8
1059	2.1617363459842104E-8
1060	2.1187360737384088E-8
1061	1.9905186672033632E-8
1062	1.915920015330262E-8
1063	1.880226966143894E-8
1064	1.8416329975000137E-8
1065	1.802120604057133E-8
1066	1.7779117728291188E-8
1067	1.722540524520493E-8
1068	1.6840266557765587E-8
1069	1.626484619829484E-8
1070	1.619262940341878E-8
1071	1.5768769987095218E-8
1072	1.5482642492317564E-8
1073	1.5281496339222004E-8
1074	1.5270120015229317E-8
1075	1.4433165187914483E-8
1076	1.4175006287943025E-8
1077	1.3228876391997162E-8
1078	1.3088810029604033E-8
1079	1.2709898219986596E-8
1080	1.26078609591638E-8
1081	1.2102115209762731E-8
1082	1.176933992118385E-8
1083	1.1496821815818203E-8
1084	1.1070467699785045E-8
1085	1.077849690094088E-8
1086	1.0496631952588315E-8
1087	1.0462517987724505E-8
1088	9.956324686470122E-9
1089	9.627720825923272E-9
1090	9.488693971864692E-9
1091	9.129600511859311E-9
1092	8.850388543106621E-9
1093	8.544181177422372E-9
1094	8.379346576605932E-9
1095	7.905055415365702E-9
1096	7.739797124265085E-9
1097	7.638565690520542E-9
1098	7.3501745070293096E-9
1099	7.080173142474569E-9
1100	6.872715958990666E-9
1101	6.785514807252187E-9
1102	6.521275336790987E-9
1103	6.228511845494014E-9
1104	6.155601879329329E-9
1105	6.0974702032952825E-9
1106	5.879185649819536E-9
1107	5.726724663716114E-9
1108	5.6468025287593195E-9
1109	5.539614470450739E-9
1110	5.308859947029663E-9
1111	5.28369744584346E-9
1112	4.848519086641488E-9
1113	4.733756497085475E-9
1114	4.7212690769776795E-9
1115	4.6270837860671535E-9
1116	4.53206867668362E-9
1117	4.493727043590277E-9
1118	4.462393382915221E-9
1119	4.320199232674088E-9
1120	4.2845150985468894E-9
1121	4.23193993344132E-9
1122	4.170462517327427E-9
1123	4.164234688276219E-9
1124	4.0357836813574395E-9
1125	3.965049210169067E-9
1126	3.830638825848374E-9
1127	3.6025945227572547E-9
1128	3.4965860862734785E-9
1129	3.45227847436139E-9
1130	3.388694420108156E-9
1131	3.340985645124236E-9
1132	3.255370939330455E-9
1133	3.1585612290474587E-9
1134	3.1279032071264E-9
1135	3.113913970992648E-9
1136	3.0725827586507415E-9
1137	3.0285382098014382E-9
1138	2.899606383319407E-9
1139	2.844889388701807E-9
1140	2.702365380417427E-9
1141	2.664626291104191E-9
1142	2.6364591869669613E-9
1143	2.526835802504773E-9
1144	2.4703709732420145E-9
1145	2.424409703749466E-9
1146	2.1996290024386656E-9
1147	2.1558141461993312E-9
1148	2.1291679490457353E-9
1149	1.9969829236651422E-9
1150	1.980164963741466E-9
1151	1.926451135948049E-9
1152	1.9128083128165205E-9
1153	1.812526482369528E-9
1154	1.7133705411060689E-9
1155	1.6525059307173E-9
1156	1.6034841584159715E-9
1157	1.5489072705494884E-9
1158	1.5047563439846025E-9
1159	1.4594324299144868E-9
1160	1.4436864315426447E-9
1161	1.3630316945025855E-9
1162	1.3202046251681407E-9
1163	1.3096654232881163E-9
1164	1.2821093002651244E-9
1165	1.2593692606541977E-9
1166	1.2138027485350866E-9
1167	1.1975496305996177E-9
1168	1.148084352672645E-9
1169	1.1388294270751022E-9
1170	1.085410600497242E-9
1171	1.0489876785996942E-9
1172	1.0470956161702056E-9
1173	1.0342670506856472E-9
1174	1.0137154658862604E-9
1175	1.0101879552727424E-9
1176	9.543924418401795E-10
1177	9.276415138673576E-10
1178	9.029443479969363E-10
1179	8.855768318515532E-10
1180	8.657605067333238E-10
1181	8.386459085970236E-10
1182	8.114694093861021E-10
1183	8.081732942611167E-10
1184	7.96447976074315E-10
1185	7.688480153435013E-10
1186	7.608090750565033E-10
1187	7.474379893246626E-10
1188	7.330901438356443E-10
1189	7.13261902382897E-10
1190	7.076977379113654E-10
1191	6.934404819098214E-10
1192	6.808327406585593E-10
1193	6.723092104942355E-10
1194	6.653849872017264E-10
1195	6.539042646528255E-10
1196	6.278618238787637E-10
1197	6.269942883712935E-10
1198	6.100745295593455E-10
1199	5.930207055281845E-10
1200	5.800268061765699E-10
1201	5.600767044472574E-10
1202	5.38274303847071E-10
1203	5.34891270667606E-10
1204	5.271099012797154E-10
1205	5.209852221800716E-10
1206	4.926959622931408E-10
1207	4.762475966200673E-10
1208	4.734820574962522E-10
1209	4.6056199743565777E-10
1210	4.412113003823486E-10
1211	4.345020614589395E-10
1212	4.147179131966749E-10
1213	4.09689782118376E-10
1214	4.0126549656448587E-10
1215	3.923850066881073E-10
1216	3.9113250327366705E-10
1217	3.7993697586698454E-10
1218	3.6659740880511847E-10
1219	3.554783242041536E-10
1220	3.4651139995783794E-10
1221	3.266741289413861E-10
1222	3.153342533504589E-10
1223	3.120793460750419E-10
1224	2.973013520124292E-10
1225	2.9516937253878456E-10
1226	2.87009202347523E-10
1227	2.8056611052008773E-10
1228	2.7926166796035435E-10
1229	2.6587322525528554E-10
1230	2.5790914907884937E-10
1231	2.57707043956619E-10
1232	2.521773988673174E-10
1233	2.5073686388532904E-10
1234	2.43979702643761E-10
1235	2.3976474971014384E-10
1236	2.350767840507156E-10
1237	2.2489499850574584E-10
1238	2.1720701505737357E-10
1239	2.1678915894597784E-10
1240	2.1211779210359298E-10
1241	2.0591952461922162E-10
1242	1.9222337472221802E-10
1243	1.89514870797386E-10
1244	1.846407314602923E-10
1245	1.8164432483015411E-10
1246	1.755706020705446E-10
1247	1.6657102886116016E-10
1248	1.5906455121155867E-10
1249	1.5502417065753173E-10
1250	1.5391629343298464E-10
1251	1.468698333196658E-10
1252	1.4083458077564661E-10
1253	1.403385106413958E-10
1254	1.4010427696154643E-10
1255	1.341570339363291E-10
1256	1.3232103427247314E-10
1257	1.3070175760411518E-10
1258	1.280647447035677E-10
1259	1.26213939284354E-10
1260	1.1688724877430796E-10
1261	1.1483298644425295E-10
1262	1.1147438251537465E-10
1263	1.1040895402965246E-10
1264	1.0921376293929102E-10
1265	1.0709499932050003E-10
1266	1.0475903619752849E-10
1267	1.0230224983027437E-10
1268	1.0133983011169634E-10
1269	9.935495268281366E-11
1270	9.822817891770769E-11
1271	9.59139906434915E-11
1272	9.351050278967141E-11
1273	9.010708500487061E-11
1274	8.755437398560617E-11
1275	8.406634035647826E-11
1276	8.265034364621521E-11
1277	8.113181609747758E-11
1278	7.977890918836382E-11
1279	7.598675511833355E-11
1280	7.316492354047597E-11
1281	7.262693578837309E-11
1282	7.030151275339089E-11
1283	6.973662547327204E-11
1284	6.588636853320026E-11
1285	6.397697058729799E-11
1286	6.33473682590713E-11
1287	6.077800890418672E-11
1288	5.905839196653181E-11
1289	5.76644527776155E-11
1290	5.447565081646262E-11
1291	5.361057065293093E-11
1292	5.042004085123651E-11
1293	4.923101000508458E-11
1294	4.688918452393284E-11
1295	4.626028877187425E-11
1296	4.4948716802316273E-11
1297	4.457708629026266E-11
1298	4.425972114242536E-11
1299	4.286640012274516E-11
1300	4.143367195621136E-11
1301	4.080091131339483E-11
1302	4.037778667106258E-11
1303	3.799158905118736E-11
1304	3.758730258061323E-11
1305	3.7114083589541245E-11
1306	3.601892934207722E-11
1307	3.560859130716753E-11
1308	3.557506363980348E-11
1309	3.478068958597501E-11
1310	3.4614632274495526E-11
1311	3.3526712333344935E-11
1312	3.241852243275877E-11
1313	3.1355815411251443E-11
1314	3.068234056857389E-11
1315	3.003992931459328E-11
1316	2.947744473956643E-11
1317	2.8770202064923285E-11
1318	2.8139428623636456E-11
1319	2.7149506389298345E-11
1320	2.5543283611899522E-11
1321	2.4869603609481016E-11
1322	2.4773374327503935E-11
1323	2.4104995782261863E-11
1324	2.2663757391630202E-11
1325	2.2217843071076642E-11
1326	2.1639718818405633E-11
1327	2.0665112444740374E-11
1328	1.9239669624753163E-11
1329	1.7704676112807476E-11
1330	1.715847244126938E-11
1331	1.68603723603102E-11
1332	1.6457234862776194E-11
1333	1.6258621497087965E-11
1334	1.588781987554916E-11
1335	1.5313418127499247E-11
1336	1.4921140104716556E-11
1337	1.4728906299798274E-11
1338	1.4559075867400223E-11
1339	1.4169857285506159E-11
1340	1.376148524745166E-11
1341	1.3610028938995791E-11
1342	1.3404876854055603E-11
1343	1.3117745636480644E-11
1344	1.264730012296916E-11
1345	1.2512324350761823E-11
1346	1.1843414262064836E-11
1347	1.1618364296117345E-11
1348	1.1491195227371226E-11
1349	1.1205432781902546E-11
1350	1.1098752452901284E-11
1351	1.0804866619369107E-11
1352	1.0388163597892133E-11
1353	1.0283706500156345E-11
1354	9.987049737471376E-12
1355	9.912538715764836E-12
1356	9.857345251387524E-12
1357	9.757810744379623E-12
1358	9.593427020740709E-12
1359	8.98014169872737E-12
1360	8.434416031857832E-12
1361	8.288468381877752E-12
1362	8.12711190913536E-12
1363	7.878785774080339E-12
1364	6.9882891359866874E-12
1365	6.866759271524271E-12
1366	6.78001706436507E-12
1367	6.568852926776266E-12
1368	6.521702603254032E-12
1369	6.3107240595238675E-12
1370	6.2471346363786574E-12
1371	6.1484835718147695E-12
1372	5.929032012716421E-12
1373	5.888754737613468E-12
1374	5.76400346748669E-12
1375	5.659453431748949E-12
1376	5.4249582200648726E-12
1377	5.395595189845213E-12
1378	5.233151842845752E-12
1379	5.20602565411031E-12
1380	4.8559782811483405E-12
1381	4.818358232764989E-12
1382	4.715193179663128E-12
1383	4.6146885423142146E-12
1384	4.566130378048638E-12
1385	4.516364093401289E-12
1386	4.459075754143751E-12
1387	4.302309264086469E-12
1388	4.22324166637629E-12
1389	4.1627145438274255E-12
1390	4.133521318419482E-12
1391	4.011736098963735E-12
1392	3.975506912531269E-12
1393	3.821758484954941E-12
1394	3.781775589280367E-12
1395	3.5995718623432287E-12
1396	3.553825333535105E-12
1397	3.3864916826969627E-12
1398	3.3726351309389646E-12
1399	3.3357198904500635E-12
1400	3.273174223256386E-12
1401	3.1852855903499308E-12
1402	3.087996299605642E-12
1403	2.9740266384391195E-12
1404	2.9426049316322772E-12
1405	2.8541062603593076E-12
1406	2.818860141787698E-12
1407	2.7513537086974395E-12
1408	2.676062474873454E-12
1409	2.6028789829617545E-12
1410	2.5206908791525645E-12
1411	2.4721163606167772E-12
1412	2.4161192873970544E-12
1413	2.3534179004559234E-12
1414	2.3433909043992574E-12
1415	2.2036375453214684E-12
1416	2.1706736495254546E-12
1417	2.1044029524628542E-12
1418	2.0726292964719404E-12
1419	1.9820498367265622E-12
1420	1.9104255725407208E-12
1421	1.857102105232754E-12
1422	1.8062030056019014E-12
1423	1.7722128841067343E-12
1424	1.766085977767578E-12
1425	1.7097068884744232E-12
1426	1.670451607213093E-12
1427	1.5950605092734297E-12
1428	1.5756984878453705E-12
1429	1.518646369009073E-12
1430	1.4865092940368811E-12
1431	1.4351293230817108E-12
1432	1.366600281888964E-12
1433	1.2974665619490999E-12
1434	1.2930057901194416E-12
1435	1.2711478193693937E-12
1436	1.2399992539376547E-12
1437	1.214767147465444E-12
1438	1.2046123697757922E-12
1439	1.1786983519397418E-12
1440	1.1546657533087872E-12
1441	1.139747346975214E-12
1442	1.1205729541662987E-12
1443	1.0869559702297245E-12
1444	1.0548116914144357E-12
1445	1.0256756804996541E-12
1446	1.0086733091358307E-12
1447	9.757713220174597E-13
1448	9.547919924449705E-13
1449	9.180837813076726E-13
1450	8.934569838340232E-13
1451	8.732479396738923E-13
1452	8.583435723083334E-13
1453	8.361079821731588E-13
1454	8.1102111664043E-13
1455	8.03885377978258E-13
1456	7.427591195809684E-13
1457	6.989569509233338E-13
1458	6.904690674120944E-13
1459	6.745723501181768E-13
1460	6.68859155294603E-13
1461	6.583186815862827E-13
1462	6.524216521023874E-13
1463	6.349983625649665E-13
1464	6.081428880480472E-13
1465	6.025821924699493E-13
1466	5.836760349507409E-13
1467	5.798689017455749E-13
1468	5.629390829722678E-13
1469	5.557474756776602E-13
1470	5.382631675088485E-13
1471	5.376141450587498E-13
1472	5.31258345770627E-13
1473	5.292781346448792E-13
1474	5.056646076887106E-13
1475	4.972224946850071E-13
1476	4.858730155005655E-13
1477	4.520165864720195E-13
1478	4.5108954538788657E-13
1479	4.435146416162934E-13
1480	4.2148317810020746E-13
1481	4.129908964324615E-13
1482	4.105743231941123E-13
1483	4.020126363238803E-13
1484	3.9371813421111423E-13
1485	3.7930931093538366E-13
1486	3.7409698248150044E-13
1487	3.618178084160318E-13
1488	3.5854177156503615E-13
1489	3.466930886078995E-13
1490	3.220639254557975E-13
1491	3.045656534541793E-13
1492	2.9980670036193E-13
1493	2.9144121514134134E-13
1494	2.87185447816443E-13
1495	2.797406788298866E-13
1496	2.7321973109643705E-13
1497	2.705020321436434E-13
1498	2.6542781116440927E-13
1499	2.5736085478481127E-13
1500	2.5022238364802465E-13
1501	2.47112167600546E-13
1502	2.3390477626464165E-13
1503	2.1610621987969172E-13
1504	2.1518758002556588E-13
1505	2.1294913590276285E-13
1506	2.0739659083137463E-13
1507	2.0408861038063748E-13
1508	2.0284904313481852E-13
1509	2.0010372555397234E-13
1510	1.9918726311012582E-13
1511	1.9517393179675547E-13
1512	1.8698219519609092E-13
1513	1.8030881391187395E-13
1514	1.6911177124285815E-13
1515	1.6615722046298357E-13
1516	1.6384641882664964E-13
1517	1.6030499938046135E-13
1518	1.579089501340972E-13
1519	1.5046664868704452E-13
1520	1.4044598060369113E-13
1521	1.3715637627391683E-13
1522	1.3254817538946985E-13
1523	1.3216763187209475E-13
1524	1.288443237760935E-13
1525	1.279082580105672E-13
1526	1.2400376534097666E-13
1527	1.209946981465456E-13
1528	1.1876385414731667E-13
1529	1.161234156427045E-13
1530	1.0772978665851658E-13
1531	1.0491880939226022E-13
1532	9.991195392116445E-14
1533	9.902195870476353E-14
1534	9.649747686018845E-14
1535	9.178323550715342E-14
1536	8.956616019172097E-14
1537	8.842242661358831E-14
1538	8.453020129232969E-14
1539	8.305675677397847E-14
1540	7.949214111850494E-14
1541	7.806730831451524E-14
1542	7.727874550237191E-14
1543	7.653103716770271E-14
1544	7.45318155678959E-14
1545	7.355753860339404E-14
1546	7.3139471418438E-14
1547	7.211164977649807E-14
1548	7.128555741533339E-14
1549	6.806067723581304E-14
1550	6.566669197543981E-14
1551	6.506072680250142E-14
1552	6.438338734126192E-14
1553	6.263931802182794E-14
1554	5.999222430787648E-14
1555	5.981917685856963E-14
1556	5.828162471457366E-14
1557	5.5876638637146826E-14
1558	5.552663335879989E-14
1559	5.44933956701492E-14
1560	5.2949799005327414E-14
1561	5.1369416400899425E-14
1562	4.921386610321588E-14
1563	4.905524843878665E-14
1564	4.8683840651262223E-14
1565	4.810975988011235E-14
1566	4.746986179266201E-14
1567	4.633093560454073E-14
1568	4.5052393497208356E-14
1569	4.330606890275693E-14
1570	4.218913933375337E-14
1571	3.970796603462176E-14
1572	3.883675861840864E-14
1573	3.8464483435886344E-14
1574	3.748059776002081E-14
1575	3.4801010967788135E-14
1576	3.4194887196946396E-14
1577	3.283962523804064E-14
1578	3.2432390664048796E-14
1579	3.1076190263771026E-14
1580	3.065011517403916E-14
1581	2.97667917464918E-14
1582	2.9476177627199506E-14
1583	2.883929936837067E-14
1584	2.8175943015000084E-14
1585	2.7935774227920437E-14
1586	2.7479125701965664E-14
1587	2.5072641341255878E-14
1588	2.4688425440500683E-14
1589	2.309481088415004E-14
1590	2.2762055821109875E-14
1591	2.2154916966490925E-14
1592	2.1909266305862982E-14
1593	2.1615427012024916E-14
1594	2.133969073742956E-14
1595	2.0704279260504053E-14
1596	2.0016015286816185E-14
1597	1.979421768711347E-14
1598	1.967444973495512E-14
1599	1.9455479294836507E-14
1600	1.902352531187655E-14
1601	1.8561382217103832E-14
1602	1.821140318782747E-14
1603	1.7883773429997645E-14
1604	1.7658731652103962E-14
1605	1.715477932645471E-14
1606	1.6803360847495513E-14
1607	1.610920231635579E-14
1608	1.5842024854393348E-14
1609	1.5373871159674215E-14
1610	1.4632736597828546E-14
1611	1.3772586477389499E-14
1612	1.3402173369341973E-14
1613	1.328301190518199E-14
1614	1.2702435229193715E-14
1615	1.1499612910099255E-14
1616	1.1331960979845645E-14
1617	1.1044423855390463E-14
1618	1.0979175559169089E-14
1619	1.0531468497856767E-14
1620	1.0217083474984172E-14
1621	9.849639288842434E-15
1622	9.675967269467714E-15
1623	9.259216614994612E-15
1624	9.185976774186543E-15
1625	8.860636954491018E-15
1626	8.719066823732073E-15
1627	8.456882981810299E-15
1628	8.430625829807786E-15
1629	8.424297332528318E-15
1630	8.285606801152937E-15
1631	8.026230615849014E-15
1632	7.655754380462539E-15
1633	7.513353641937649E-15
1634	7.445745712395116E-15
1635	7.149819833297917E-15
1636	7.098240375464286E-15
1637	6.865579467080336E-15
1638	6.794997817461952E-15
1639	6.705781657867971E-15
1640	6.60657312565852E-15
1641	6.545325713718908E-15
1642	6.528519619840928E-15
1643	6.402731233561922E-15
1644	6.3324152493560344E-15
1645	6.149906757246158E-15
1646	5.910208023228327E-15
1647	5.870215795878695E-15
1648	5.7263547117522656E-15
1649	5.4268181138290445E-15
1650	5.230428721332869E-15
1651	5.166530854279501E-15
1652	5.048748165151358E-15
1653	4.7704346645564034E-15
1654	4.71196747835924E-15
1655	4.565575656251994E-15
1656	4.51544557300468E-15
1657	4.457423545466258E-15
1658	4.304526716423415E-15
1659	4.202673607537608E-15
1660	4.06699619280853E-15
1661	3.939647036724069E-15
1662	3.856307923165078E-15
1663	3.823518631627822E-15
1664	3.8172199703003755E-15
1665	3.808684059502189E-15
1666	3.5834409113146205E-15
1667	3.5152219738772135E-15
1668	3.40250973863848E-15
1669	3.3281443084590502E-15
1670	3.2548821387877864E-15
1671	3.2114741060981142E-15
1672	3.1280388684832982E-15
1673	3.0448208526919806E-15
1674	2.9386728634164642E-15
1675	2.898170342355026E-15
1676	2.7734185687707574E-15
1677	2.6712503786893274E-15
1678	2.636792170210983E-15
1679	2.5906983265689954E-15
1680	2.4943905142873543E-15
1681	2.4839990648785382E-15
1682	2.44418734118546E-15
1683	2.279028904270804E-15
1684	2.2372273242780502E-15
1685	2.1972590775268216E-15
1686	2.139114414163545E-15
1687	2.115494728208446E-15
1688	2.0352873362954887E-15
1689	1.9766523576770514E-15
1690	1.962402696807957E-15
1691	1.9095434663592322E-15
1692	1.8334029414419924E-15
1693	1.798940229859255E-15
1694	1.716746316822519E-15
1695	1.642360571597295E-15
1696	1.5938061301421607E-15
1697	1.577095960498333E-15
1698	1.53081515105113E-15
1699	1.524001208761966E-15
1700	1.5112610824315732E-15
1701	1.5018691275337313E-15
1702	1.4655282279485797E-15
1703	1.4243979457688694E-15
1704	1.3948574179752718E-15
1705	1.3765990463115372E-15
1706	1.3515539468514474E-15
1707	1.3227405113006563E-15
1708	1.2756382040049116E-15
1709	1.2447943136771998E-15
1710	1.2151962920208472E-15
1711	1.1946260174755948E-15
1712	1.172348558725903E-15
1713	1.1618363640763997E-15
1714	1.1281782560616033E-15
1715	1.1084029229584837E-15
1716	1.0495124132134627E-15
1717	1.0191565162858486E-15
1718	9.775650582461815E-16
1719	9.379174687655216E-16
1720	9.24837114500394E-16
1721	8.626906453030132E-16
1722	8.428028294820829E-16
1723	8.165910054558202E-16
1724	8.036286761677088E-16
1725	7.88259835358271E-16
1726	7.794342001386175E-16
1727	7.38488559213176E-16
1728	7.233080785889423E-16
1729	7.062413678533188E-16
1730	6.865678055899348E-16
1731	6.852144802869557E-16
1732	6.665177366084277E-16
1733	6.405599267897632E-16
1734	6.028883994031171E-16
1735	5.904130440565935E-16
1736	5.742008719500575E-16
1737	5.681311778645776E-16
1738	5.675839600332907E-16
1739	5.496977585189423E-16
1740	5.168201622593798E-16
1741	5.062411203909328E-16
1742	5.000011978296505E-16
1743	4.841410601856187E-16
1744	4.602719979453799E-16
1745	4.506833202419353E-16
1746	4.3803880226870754E-16
1747	4.3262351843367454E-16
1748	4.1079364847528565E-16
1749	4.0598788588072736E-16
1750	3.955458361257929E-16
1751	3.8114025338747524E-16
1752	3.741857193161129E-16
1753	3.7224422348912147E-16
1754	3.669178454401397E-16
1755	3.5509733537201367E-16
1756	3.532933613352041E-16
1757	3.4610225030542104E-16
1758	3.2877501804846757E-16
1759	3.0915489258215445E-16
1760	3.0746807762856036E-16
1761	2.9746902384518495E-16
1762	2.8917548252195264E-16
1763	2.797685925902843E-16
1764	2.7379889291668815E-16
1765	2.612969753382021E-16
1766	2.5521842234589964E-16
1767	2.495842598143239E-16
1768	2.490699305170329E-16
1769	2.400138866931909E-16
1770	2.327968222320477E-16
1771	2.2953132515802414E-16
1772	2.264346009524097E-16
1773	2.182883453496104E-16
1774	2.1704897257398767E-16
1775	2.0746433246832616E-16
1776	2.0107292617141865E-16
1777	1.97495626922268E-16
1778	1.8742896500691492E-16
1779	1.8459894246496296E-16
1780	1.7823029331042778E-16
1781	1.6972468703753473E-16
1782	1.6581838639088673E-16
1783	1.6367852415892513E-16
1784	1.6286639488034605E-16
1785	1.592268319258909E-16
1786	1.510830838502028E-16
1787	1.4881091717458573E-16
1788	1.477146876536332E-16
1789	1.4475482657075893E-16
1790	1.4425244966999013E-16
1791	1.4316714718501347E-16
1792	1.3989710492793417E-16
1793	1.3601649658184684E-16
1794	1.3061663824575777E-16
1795	1.275567573328896E-16
1796	1.2031741249542382E-16
1797	1.1828312062528902E-16
1798	1.1589957459269235E-16
1799	1.14911418500078E-16
1800	1.1393306578557515E-16
1801	1.109877077476604E-16
1802	1.0935342905177117E-16
1803	1.0345869112067377E-16
1804	9.947121603532206E-17
1805	9.802002536893509E-17
1806	9.73926464821969E-17
1807	9.650656763168341E-17
1808	9.216314480342992E-17
1809	9.17835786101768E-17
1810	8.960561936707344E-17
1811	8.708482184798947E-17
1812	8.587613928164319E-17
1813	8.445155248226095E-17
1814	8.259267697191653E-17
1815	7.97372450795735E-17
1816	7.741036626168124E-17
1817	7.702973651112573E-17
1818	7.561922136008531E-17
1819	7.405701953072035E-17
1820	7.172254553615276E-17
1821	6.92684398379277E-17
1822	6.859526300261634E-17
1823	6.327051370332458E-17
1824	6.150501607633875E-17
1825	6.076724394865252E-17
1826	5.615535006835727E-17
1827	5.4945587103960947E-17
1828	5.4342390256621747E-17
1829	5.300808927261159E-17
1830	5.1194520953885275E-17
1831	5.027187418438835E-17
1832	4.798855063731396E-17
1833	4.552410785014335E-17
1834	4.4055683309491685E-17
1835	4.301583431747346E-17
1836	4.2703962079202104E-17
1837	4.0867293158407396E-17
1838	3.97569185208036E-17
1839	3.681052654924896E-17
1840	3.6199607424694436E-17
1841	3.522852643154793E-17
1842	3.4600265250704395E-17
1843	3.397655889396027E-17
1844	3.346975897574704E-17
1845	3.2873069200963437E-17
1846	3.222247815834332E-17
1847	3.120886327310694E-17
1848	3.0531849025200105E-17
1849	3.046720171068749E-17
1850	2.99553317636838E-17
1851	2.976462871757322E-17
1852	2.9107315103412703E-17
1853	2.8646256997190434E-17
1854	2.856658139009529E-17
1855	2.729495067800027E-17
1856	2.63918591983414E-17
1857	2.5994492485861153E-17
1858	2.5427460229883123E-17
1859	2.533907192981162E-17
1860	2.4801890189687465E-17
1861	2.3517898657630132E-17
1862	2.3238639891292334E-17
1863	2.2739917791936415E-17
1864	2.2234247580501926E-17
1865	2.1594476574941496E-17
1866	2.019027452987708E-17
1867	1.947919007436849E-17
1868	1.8799387130404794E-17
1869	1.8089649783865846E-17
1870	1.7499603731282884E-17
1871	1.718251417138881E-17
1872	1.659744743718779E-17
1873	1.543888542168223E-17
1874	1.5238087225251522E-17
1875	1.4846959397444103E-17
1876	1.4699681807374158E-17
1877	1.4438598419673118E-17
1878	1.426701662948519E-17
1879	1.352979083625372E-17
1880	1.3299527892135899E-17
1881	1.2906276922550193E-17
1882	1.2645511442709232E-17
1883	1.2471543586292901E-17
1884	1.229053201971703E-17
1885	1.1715430229774387E-17
1886	1.157850311589027E-17
1887	1.1051378774687228E-17
1888	1.0641232152793532E-17
1889	1.0406676789318096E-17
1890	1.024980236691951E-17
1891	1.0200126481451166E-17
1892	9.932634632027838E-18
1893	9.341825550604464E-18
1894	9.173792074594594E-18
1895	9.162328585981178E-18
1896	9.122612409964332E-18
1897	8.831166729192068E-18
1898	8.641762629872815E-18
1899	8.495816461301876E-18
1900	8.372718656284836E-18
1901	8.295008494896003E-18
1902	7.901504200118968E-18
1903	7.807351533431445E-18
1904	7.6863397910947E-18
1905	7.548023109242188E-18
1906	7.469633117937121E-18
1907	7.228889582004798E-18
1908	7.188904049108003E-18
1909	7.016638944648767E-18
1910	6.872398316872942E-18
1911	6.59226671881669E-18
1912	6.292884245329402E-18
1913	6.170519206970201E-18
1914	5.9304627997750564E-18
1915	5.690972599894152E-18
1916	5.596868371959982E-18
1917	5.4319109070313745E-18
1918	5.2904847250951834E-18
1919	5.235648514960963E-18
1920	5.217891783643684E-18
1921	5.183064451301665E-18
1922	5.1197358508098236E-18
1923	5.089711044913559E-18
1924	4.867839682669649E-18
1925	4.741869076048092E-18
1926	4.637032178890545E-18
1927	4.453879006750288E-18
1928	4.436209577418507E-18
1929	4.412238818851637E-18
1930	4.374226432684836E-18
1931	4.3123428504138605E-18
1932	4.104590078667715E-18
1933	4.009302393165048E-18
1934	3.91627117038484E-18
1935	3.802535118466123E-18
1936	3.722038012103356E-18
1937	3.597378865717044E-18
1938	3.498712855805083E-18
1939	3.406629552119722E-18
1940	3.370902318269132E-18
1941	3.2854092610891714E-18
1942	3.2236898302286586E-18
1943	3.1572339422834456E-18
1944	3.080233287258949E-18
1945	3.053719810728647E-18
1946	2.9465456845224557E-18
1947	2.7558621990087684E-18
1948	2.633647797908011E-18
1949	2.540336748854988E-18
1950	2.4719586365564155E-18
1951	2.4040241074445905E-18
1952	2.265966901727905E-18
1953	2.256588442424801E-18
1954	2.2024889213582218E-18
1955	2.1712546511855446E-18
1956	2.1247501187003143E-18
1957	2.043124835882802E-18
1958	1.879326052243489E-18
1959	1.8237883730359328E-18
1960	1.80172606453688E-18
1961	1.747205216755554E-18
1962	1.7363153846818992E-18
1963	1.7150112192608001E-18
1964	1.7047729180734842E-18
1965	1.6703686816214245E-18
1966	1.5974009370293675E-18
1967	1.5465058846660506E-18
1968	1.5179089376338535E-18
1969	1.4988923818582256E-18
1970	1.4171758754433386E-18
1971	1.4026163209019895E-18
1972	1.338266020969596E-18
1973	1.3025924771298472E-18
1974	1.2456863459477912E-18
1975	1.2293432438932811E-18
1976	1.196366119483475E-18
1977	1.1723259058497893E-18
1978	1.114607878172997E-18
1979	1.1031912163480397E-18
1980	1.0603181884857735E-18
1981	1.044890611717156E-18
1982	1.0320630025025838E-18
1983	1.011051973553245E-18
1984	1.0098124260900153E-18
1985	9.81930332516027E-19
1986	9.292889778259068E-19
1987	8.965470637646525E-19
1988	8.632901526486526E-19
1989	8.477338545264412E-19
1990	8.321438160998089E-19
1991	8.101226750046204E-19
1992	7.63613585360901E-19
1993	7.620555193981856E-19
1994	7.210806800519653E-19
1995	7.090391737827523E-19
1996	6.999276641720466E-19
1997	6.56094382637288E-19
1998	6.407928065131685E-19
1999	6.371709937004002E-19
2000	6.200272292941427E-19
2001	6.142805655497049E-19
2002	5.998068131913505E-19
2003	5.867635081915536E-19
2004	5.757761288036267E-19
2005	5.712488453366789E-19
2006	5.649333072640739E-19
2007	5.618817161553233E-19
2008	5.48901084601613E-19
2009	5.319797608704714E-19
2010	4.985340270743649E-19
2011	4.7575436167857025E-19
2012	4.639865902023847E-19
2013	4.437561812672408E-19
2014	4.3244692703427945E-19
2015	4.2263767777871257E-19
2016	4.1113218014644496E-19
2017	3.9309715165999577E-19
2018	3.917294701845583E-19
2019	3.8172307404388337E-19
2020	3.583199641179067E-19
2021	3.5456620796264124E-19
2022	3.451680822458372E-19
2023	3.388138103597422E-19
2024	3.2725344048873887E-19
2025	3.1650354235182164E-19
2026	3.002213296221903E-19
2027	2.972463059445281E-19
2028	2.9152725792412583E-19
2029	2.882134729503478E-19
2030	2.7225829421166355E-19
2031	2.6584404883879985E-19
2032	2.579812580081482E-19
2033	2.557954424490474E-19
2034	2.5264624688821563E-19
2035	2.442714464250083E-19
2036	2.435244740163532E-19
2037	2.4036337715804654E-19
2038	2.367870617392012E-19
2039	2.3642761588700645E-19
2040	2.340405762664701E-19
2041	2.2425405487662956E-19
2042	2.2058500881844385E-19
2043	2.1683043203423592E-19
2044	2.0822381992387058E-19
2045	2.0397775057781573E-19
2046	2.0048176728939658E-19
2047	1.9958421619695776E-19
2048	1.8680809482479894E-19
2049	1.8407060133909474E-19
2050	1.7850683578589313E-19
2051	1.7712649197385822E-19
2052	1.7354650136593655E-19
2053	1.633198668852091E-19
2054	1.6234512134734653E-19
2055	1.6065458212717007E-19
2056	1.5701105644236983E-19
2057	1.560372220875476E-19
2058	1.5498539122276722E-19
2059	1.5135976335116017E-19
2060	1.5009167345154323E-19
2061	1.4700719129874873E-19
2062	1.4555387372724335E-19
2063	1.4482785694339514E-19
2064	1.3458496739867413E-19
2065	1.248377379922947E-19
2066	1.21300766812851E-19
2067	1.1967249471025713E-19
2068	1.1666091802270972E-19
2069	1.0845952668863347E-19
2070	1.0653486176916753E-19
2071	1.0606406492118748E-19
2072	1.0262276474512106E-19
2073	9.945501864520997E-20
2074	9.874661561896172E-20
2075	9.655858486482745E-20
2076	9.559138860460967E-20
2077	9.344875584389953E-20
2078	8.947111969515751E-20
2079	8.459613795309456E-20
2080	8.409886719231786E-20
2081	8.225107586440179E-20
2082	8.067655267801792E-20
2083	7.883857516611929E-20
2084	7.645302980651833E-20
2085	7.625240623939551E-20
2086	7.477521225237681E-20
2087	7.464374949357166E-20
2088	7.139351133908396E-20
2089	7.057304589343376E-20
2090	6.884941509569989E-20
2091	6.598106335180485E-20
2092	6.092888486291349E-20
2093	5.883080590204435E-20
2094	5.859880224574184E-20
2095	5.658507313558363E-20
2096	5.507697128558822E-20
2097	5.4121817663565924E-20
2098	5.2697827726350845E-20
2099	5.174880916212405E-20
2100	5.016137387781015E-20
2101	4.7339619961157713E-20
2102	4.5732197742386604E-20
2103	4.5108416694882433E-20
2104	4.406289057936936E-20
2105	4.3355893134355564E-20
2106	4.279678483809959E-20
2107	4.1804195157662294E-20
2108	4.114157635823297E-20
2109	3.9897020265757117E-20
2110	3.915342832021692E-20
2111	3.8215756063728326E-20
2112	3.5478701883907893E-20
2113	3.4605319319488344E-20
2114	3.409659101158387E-20
2115	3.364171494782653E-20
2116	3.278407580296506E-20
2117	3.258762264950265E-20
2118	3.176640626886375E-20
2119	3.0976864479600744E-20
2120	3.050721112147755E-20
2121	2.9030818181247874E-20
2122	2.8212872321761496E-20
2123	2.7119235765644585E-20
2124	2.681627995791213E-20
2125	2.647800857892391E-20
2126	2.606781011863711E-20
2127	2.5824348592931366E-20
2128	2.483296370037465E-20
2129	2.4238001507903652E-20
2130	2.3512137189590557E-20
2131	2.321151793364476E-20
2132	2.3114496917936487E-20
2133	2.2578625013631263E-20
2134	2.2413801304085657E-20
2135	2.1217819033562688E-20
2136	1.9834522714003886E-20
2137	1.8778627254383815E-20
2138	1.7890632246457616E-20
2139	1.7369139098984928E-20
2140	1.6896958526046172E-20
2141	1.6695147690647314E-20
2142	1.6422423822985578E-20
2143	1.590986276406178E-20
2144	1.536771654556866E-20
2145	1.5037134621168413E-20
2146	1.4840498955545763E-20
2147	1.4726853849489328E-20
2148	1.441829873331004E-20
2149	1.3636784765912466E-20
2150	1.3583944384260756E-20
2151	1.3205930590951792E-20
2152	1.2856377410218551E-20
2153	1.2524523945029617E-20
2154	1.2246273176798776E-20
2155	1.2027464891041837E-20
2156	1.1671643905703705E-20
2157	1.1286284516796207E-20
2158	1.0380770498968944E-20
2159	1.0098240492128062E-20
2160	9.970650761396707E-21
2161	9.839926424507861E-21
2162	9.737997630618844E-21
2163	9.556639039625238E-21
2164	9.249861064631599E-21
2165	9.091337341158671E-21
2166	8.894021945866302E-21
2167	8.85748518958288E-21
2168	8.71705056944872E-21
2169	8.675189020368865E-21
2170	8.62397672992256E-21
2171	8.292524529051102E-21
2172	8.213510871075633E-21
2173	8.17420709271047E-21
2174	7.798715170704967E-21
2175	7.476871892710504E-21
2176	7.291631469993678E-21
2177	7.155516553509692E-21
2178	7.099185291474153E-21
2179	6.7193714073757375E-21
2180	6.2701232311799465E-21
2181	6.160075317928651E-21
2182	6.119019050823456E-21
2183	6.098933293203616E-21
2184	5.816776953872228E-21
2185	5.716745065126039E-21
2186	5.505991947964817E-21
2187	5.4253199374209315E-21
2188	5.372375119157521E-21
2189	5.194595390686799E-21
2190	5.146357332919835E-21
2191	4.998778313062683E-21
2192	4.92987138644132E-21
2193	4.796351698014725E-21
2194	4.7107264597953205E-21
2195	4.621913287658368E-21
2196	4.31074397116465E-21
2197	4.10756172443826E-21
2198	4.031767995936455E-21
2199	3.995496928019885E-21
2200	3.905433662351671E-21
2201	3.728412939195705E-21
2202	3.692073829276076E-21
2203	3.5509225586257454E-21
2204	3.437480268647331E-21
2205	3.354303098395611E-21
2206	3.3063877164703176E-21
2207	3.2941130082553704E-21
2208	3.2187352815420763E-21
2209	3.0262334112786105E-21
2210	3.0020634677626258E-21
2211	2.9459337126421403E-21
2212	2.911068214046689E-21
2213	2.872036039491483E-21
2214	2.843387685522189E-21
2215	2.693789811220243E-21
2216	2.6743785259532996E-21
2217	2.5072119427025238E-21
2218	2.432270394049213E-21
2219	2.361158912814136E-21
2220	2.3018149368558683E-21
2221	2.2368368624894428E-21
2222	2.2112131831295226E-21
2223	2.1899241486414765E-21
2224	2.1580869001577824E-21
2225	2.0438501299500825E-21
2226	2.0346368515572908E-21
2227	1.9710477824120638E-21
2228	1.9505780695094455E-21
2229	1.9075062924143236E-21
2230	1.843701770920869E-21
2231	1.835516088483419E-21
2232	1.7567176734883186E-21
2233	1.751092307259246E-21
2234	1.6949461461891223E-21
2235	1.6585631762247948E-21
2236	1.5211616036281171E-21
2237	1.5139718338622418E-21
2238	1.489699857034774E-21
2239	1.450782486802701E-21
2240	1.4373708434948256E-21
2241	1.4242976887272874E-21
2242	1.3727037794879254E-21
2243	1.2815702017250398E-21
2244	1.2496588552260206E-21
2245	1.2174504098998995E-21
2246	1.2064614754724741E-21
2247	1.1758216302664876E-21
2248	1.1589455294644577E-21
2249	1.1538083908693497E-21
2250	1.1269374408958765E-21
2251	1.0803007809357852E-21
2252	1.034606884592647E-21
2253	1.0145952306714879E-21
2254	9.7052951157039E-22
2255	9.595270514584166E-22
2256	9.29935240179057E-22
2257	9.268750660220253E-22
2258	9.238853825595175E-22
2259	9.158523892808311E-22
2260	8.401263811549106E-22
2261	8.231082704575392E-22
2262	7.890035821830248E-22
2263	7.626640621995647E-22
2264	7.579615927133729E-22
2265	7.212765616684163E-22
2266	7.031586168603535E-22
2267	7.028296130063243E-22
2268	6.986237664684611E-22
2269	6.6705632641168965E-22
2270	6.487498510526105E-22
2271	6.165280047418019E-22
2272	6.076191480746946E-22
2273	5.967063459811475E-22
2274	5.757097839745949E-22
2275	5.561857832465862E-22
2276	5.537844848953789E-22
2277	5.46807798455742E-22
2278	5.34259234707805E-22
2279	5.094476647211684E-22
2280	4.976682355840791E-22
2281	4.685482313991872E-22
2282	4.580216501716079E-22
2283	4.367036003433336E-22
2284	4.25905508102297E-22
2285	4.187136605168128E-22
2286	4.130427538512199E-22
2287	3.9106966751908626E-22
2288	3.811879709750949E-22
2289	3.7686480637069533E-22
2290	3.7543919856651835E-22
2291	3.64354800141837E-22
2292	3.4634257078187767E-22
2293	3.4101958589333286E-22
2294	3.3543407232943715E-22
2295	3.25802489158952E-22
2296	3.1102793706021704E-22
2297	3.0693487187324893E-22
2298	2.960225823174344E-22
2299	2.906269709150013E-22
2300	2.861786098360598E-22
2301	2.789477639892131E-22
2302	2.7693605288280035E-22
2303	2.741481046071284E-22
2304	2.638175868958647E-22
2305	2.6049740483722336E-22
2306	2.528683885762354E-22
2307	2.3476538070917923E-22
2308	2.326073983066458E-22
2309	2.2490297282656626E-22
2310	2.224694630153886E-22
2311	2.219403570102444E-22
2312	2.067728677853173E-22
2313	2.0223978510778018E-22
2314	1.9940238026134615E-22
2315	1.9761666471907767E-22
2316	1.9473487556609518E-22
2317	1.9129126600676031E-22
2318	1.8800017107258443E-22
2319	1.76896977174898E-22
2320	1.7030091720870442E-22
2321	1.6683091246881946E-22
2322	1.6530696156139807E-22
2323	1.6272314186289486E-22
2324	1.60165630185587E-22
2325	1.5792838923767022E-22
2326	1.565248189132789E-22
2327	1.540454796551137E-22
2328	1.52435242292558E-22
2329	1.453763784260996E-22
2330	1.4204193324775444E-22
2331	1.4067783822939717E-22
2332	1.3694197425224969E-22
2333	1.316629142406982E-22
2334	1.283678657104284E-22
2335	1.2646777709528029E-22
2336	1.2286456868347219E-22
2337	1.2027748159496526E-22
2338	1.1851582709340724E-22
2339	1.1731542338557774E-22
2340	1.1063250201368458E-22
2341	1.0719264270166967E-22
2342	1.0246936359747561E-22
2343	9.828293237713403E-23
2344	9.602231582582525E-23
2345	9.096738752595006E-23
2346	9.011345529123556E-23
2347	8.605307256416692E-23
2348	8.523133200245732E-23
2349	8.40437115032468E-23
2350	8.171705766472487E-23
2351	8.060314218496555E-23
2352	7.765359406446428E-23
2353	7.719663740235878E-23
2354	7.269613452433483E-23
2355	7.162859917839986E-23
2356	7.148834882451116E-23
2357	7.033217749343312E-23
2358	6.920890367253164E-23
2359	6.868380952315684E-23
2360	6.774876034331331E-23
2361	6.516130408941349E-23
2362	6.434642570981243E-23
2363	6.247168963374107E-23
2364	6.157412304470604E-23
2365	6.005528573163692E-23
2366	5.824558795088578E-23
2367	5.518802158625104E-23
2368	5.454332783886591E-23
2369	5.1375941594129004E-23
2370	5.1179953530561517E-23
2371	5.0292765839084043E-23
2372	4.840615412610727E-23
2373	4.782455627864157E-23
2374	4.6305715957483595E-23
2375	4.574792469370762E-23
2376	4.384887661814419E-23
2377	4.259820115605371E-23
2378	4.1448134910315295E-23
2379	4.1062751262580157E-23
2380	3.946770251030501E-23
2381	3.810724317490698E-23
2382	3.721526041249805E-23
2383	3.5826015785932363E-23
2384	3.410852939259568E-23
2385	3.2041032389887024E-23
2386	3.131853046133542E-23
2387	3.029769555449158E-23
2388	2.9894946143118795E-23
2389	2.8736627632232957E-23
2390	2.8636836478138817E-23
2391	2.7459206845471693E-23
2392	2.6932881091480926E-23
2393	2.659980977201297E-23
2394	2.5672301410906518E-23
2395	2.4561806107825564E-23
2396	2.413485502864876E-23
2397	2.363809508412354E-23
2398	2.3103511240829543E-23
2399	2.2692038998766808E-23
2400	2.2114515345546537E-23
2401	2.1355665436974546E-23
2402	1.9930715977245503E-23
2403	1.9660034255459868E-23
2404	1.8548778845337566E-23
2405	1.7948990487268457E-23
2406	1.7797429482361683E-23
2407	1.747695366519995E-23
2408	1.7250214155681336E-23
2409	1.7080486184034174E-23
2410	1.6560613136935892E-23
2411	1.603106664369537E-23
2412	1.5788641647162656E-23
2413	1.5205997913993747E-23
2414	1.5028172696002548E-23
2415	1.4568077032314053E-23
2416	1.4146451739098045E-23
2417	1.4054961154054235E-23
2418	1.3949121915339325E-23
2419	1.3531808236447352E-23
2420	1.3449399920954862E-23
2421	1.3353681955961E-23
2422	1.2941411663476779E-23
2423	1.164589761341573E-23
2424	1.1520933787505784E-23
2425	1.1355555111353525E-23
2426	1.0843429735198745E-23
2427	1.0609110769949163E-23
2428	1.0281178892632952E-23
2429	1.0209104744285342E-23
2430	1.020638499090781E-23
2431	1.0150392145818658E-23
2432	1.0037229309467983E-23
2433	9.989056729308324E-24
2434	9.850712374740859E-24
2435	9.750895041903416E-24
2436	9.460277056546085E-24
2437	9.133449843618221E-24
2438	8.606180426868875E-24
2439	8.390160984234211E-24
2440	8.367247452951945E-24
2441	7.917633081766818E-24
2442	7.882198625863882E-24
2443	7.851745929513349E-24
2444	7.66817609583192E-24
2445	7.398008389285294E-24
2446	6.786906960741333E-24
2447	6.621908097672883E-24
2448	6.471234700938395E-24
2449	6.3759780364884816E-24
2450	6.24599375364057E-24
2451	6.202767891796085E-24
2452	6.042499382783671E-24
2453	5.7915761387842274E-24
2454	5.666804336793902E-24
2455	5.519540374151795E-24
2456	5.406081486333919E-24
2457	5.387503411397909E-24
2458	5.1332494310401546E-24
2459	4.977341655428894E-24
2460	4.798925834085249E-24
2461	4.718351837119966E-24
2462	4.5966404829676524E-24
2463	4.4374409881548436E-24
2464	4.369959006460266E-24
2465	4.340825469217898E-24
2466	4.252689250207114E-24
2467	4.191196716575625E-24
2468	3.8717323710540704E-24
2469	3.5317486544341246E-24
2470	3.479871711596308E-24
2471	3.396536555179757E-24
2472	3.2637053987051827E-24
2473	3.2386171732795584E-24
2474	3.1270615660491083E-24
2475	2.988950249703804E-24
2476	2.9607708635394377E-24
2477	2.8117056128713783E-24
2478	2.763669519041296E-24
2479	2.7317315446560496E-24
2480	2.692518551284335E-24
2481	2.637377723685327E-24
2482	2.6224702797602003E-24
2483	2.6104394542873338E-24
2484	2.5438561844106146E-24
2485	2.499366028879258E-24
2486	2.4163887343872307E-24
2487	2.3864994287268022E-24
2488	2.258038438262322E-24
2489	2.177348495014496E-24
2490	2.0404743539030114E-24
2491	2.008956633668311E-24
2492	1.9546446911924593E-24
2493	1.910259377602698E-24
2494	1.882895842663663E-24
2495	1.8466856014912243E-24
2496	1.744350018819365E-24
2497	1.7270109837372774E-24
2498	1.702154941589648E-24
2499	1.6687420466882212E-24
2500	1.627510050796976E-24
2501	1.6158212194482724E-24
2502	1.5234755307540058E-24
2503	1.5041948844172161E-24
2504	1.4137746469969571E-24
2505	1.3908603383603535E-24
2506	1.3686188119527765E-24
2507	1.362911951233942E-24
2508	1.2718219640407091E-24
2509	1.2088759484025548E-24
2510	1.1682824957735022E-24
2511	1.1527826722585477E-24
2512	1.139266503275513E-24
2513	1.1309897068058851E-24
2514	1.104012316838825E-24
2515	1.087937986315835E-24
2516	1.0670117219266148E-24
2517	1.0536645216588984E-24
2518	1.0097544313559143E-24
2519	9.703101341803806E-25
2520	9.452602404583141E-25
2521	9.320153840282514E-25
2522	9.142006060073946E-25
2523	8.991601609621076E-25
2524	8.956145782895923E-25
2525	8.559991949650575E-25
2526	8.368552215321544E-25
2527	8.192377270035214E-25
2528	8.0071493785227225E-25
2529	7.741108813162156E-25
2530	7.588084518182317E-25
2531	7.38590462654248E-25
2532	7.046648261868087E-25
2533	6.853656735069724E-25
2534	6.6266327053570655E-25
2535	6.373606542002816E-25
2536	6.2685158579073815E-25
2537	6.195160203564671E-25
2538	6.059633660978759E-25
2539	5.88190509859113E-25
2540	5.755385174697712E-25
2541	5.529860055007477E-25
2542	5.440022322828653E-25
2543	5.243138894979877E-25
2544	5.10890362670297E-25
2545	5.057130676885592E-25
2546	4.7867508373500975E-25
2547	4.59742528442863E-25
2548	4.515339982288944E-25
2549	4.513203072792086E-25
2550	4.440930653226529E-25
2551	4.278717559426691E-25
2552	4.222619579630993E-25
2553	4.1066149724268427E-25
2554	3.832832902190811E-25
2555	3.7296173250855716E-25
2556	3.6168818526943018E-25
2557	3.525048216733335E-25
2558	3.4772326825004425E-25
2559	3.243756800405264E-25
2560	2.9950695591486658E-25
2561	2.923822138431587E-25
2562	2.8545549333321773E-25
2563	2.7454513819044015E-25
2564	2.6946234140819613E-25
2565	2.6730803257373526E-25
2566	2.590461520973404E-25
2567	2.579044012693283E-25
2568	2.4036070325122497E-25
2569	2.3564186100929435E-25
2570	2.3064737688394944E-25
2571	2.264929054439805E-25
2572	2.241301092825656E-25
2573	2.226868433753509E-25
2574	2.219677063330798E-25
2575	2.1829814892106764E-25
2576	2.0984170276802675E-25
2577	2.0429124501528852E-25
2578	2.0197221374986224E-25
2579	1.9341738332302785E-25
2580	1.8939724968660402E-25
2581	1.8731464757519555E-25
2582	1.834165173655116E-25
2583	1.8076154966902776E-25
2584	1.804099415037378E-25
2585	1.7597941116495666E-25
2586	1.710343146905302E-25
2587	1.6739093367788087E-25
2588	1.6503160846685592E-25
2589	1.586976904201015E-25
2590	1.5503365938272315E-25
2591	1.5333146916381687E-25
2592	1.4973332889203708E-25
2593	1.4631088778796934E-25
2594	1.3812064462489003E-25
2595	1.3630631976924784E-25
2596	1.3540734549008657E-25
2597	1.3203456437244528E-25
2598	1.2683088019841665E-25
2599	1.2596027528386588E-25
2600	1.2359570277012699E-25
2601	1.2158841597440145E-25
2602	1.185711498488071E-25
2603	1.1688898079515444E-25
2604	1.133586801315916E-25
2605	1.0856665611292405E-25
2606	1.0494099069168472E-25
2607	1.0274634140298132E-25
2608	1.0215038892871451E-25
2609	9.7557215292238E-26
2610	9.522059874804287E-26
2611	9.373447163870269E-26
2612	9.089861096824377E-26
2613	8.977905841327867E-26
2614	8.858202753557214E-26
2615	8.272557348667632E-26
2616	8.088693354290736E-26
2617	7.943444617832477E-26
2618	7.76060564429153E-26
2619	7.391981258951693E-26
2620	7.265010597369826E-26
2621	7.060477981273835E-26
2622	6.931657686213844E-26
2623	6.733024641245536E-26
2624	6.646810734498917E-26
2625	6.480836438173456E-26
2626	6.267073376016971E-26
2627	6.229453822039138E-26
2628	6.09178710945217E-26
2629	5.91375792629192E-26
2630	5.828706090787494E-26
2631	5.747078618693191E-26
2632	5.365964407400671E-26
2633	5.272659598729821E-26
2634	5.1383978968838076E-26
2635	4.850670994327137E-26
2636	4.7871883645425727E-26
2637	4.667149634771582E-26
2638	4.4530742038542093E-26
2639	4.207547965891532E-26
2640	4.1118465536096607E-26
2641	4.0890144824042517E-26
2642	3.8377626974300465E-26
2643	3.7354532701869506E-26
2644	3.7047776310682676E-26
2645	3.6567686347632054E-26
2646	3.6246741878775615E-26
2647	3.5484939478145815E-26
2648	3.486629894109257E-26
2649	3.419634859624641E-26
2650	3.257047309422883E-26
2651	3.194659161979563E-26
2652	3.1334270338795803E-26
2653	3.030187575169522E-26
2654	3.015168269282694E-26
2655	2.9845492973251237E-26
2656	2.9754796072983327E-26
2657	2.95444430093952E-26
2658	2.931860875213992E-26
2659	2.891187471689663E-26
2660	2.8229035916387976E-26
2661	2.753457639484367E-26
2662	2.71047509470723E-26
2663	2.6382383921237756E-26
2664	2.5582780581206687E-26
2665	2.3880151083246918E-26
2666	2.3256885315421775E-26
2667	2.3046101795569155E-26
2668	2.2362940215306697E-26
2669	2.2076609784747268E-26
2670	2.1685472036381705E-26
2671	2.1448767759689777E-26
2672	2.1206959361494238E-26
2673	2.0493792649796294E-26
2674	1.9583393065901108E-26
2675	1.9142842587855797E-26
2676	1.8845442674214334E-26
2677	1.8364446437076887E-26
2678	1.8295696212394533E-26
2679	1.7899187514809698E-26
2680	1.7495567485143203E-26
2681	1.716255158742838E-26
2682	1.712423772395008E-26
2683	1.6739820278240172E-26
2684	1.6259165229543367E-26
2685	1.5456150131063764E-26
2686	1.520426457491219E-26
2687	1.4820609455219746E-26
2688	1.473795219230261E-26
2689	1.3909112339237868E-26
2690	1.32970825257416E-26
2691	1.3087264233032665E-26
2692	1.2714030399849027E-26
2693	1.2403657990747448E-26
2694	1.2099465489484813E-26
2695	1.2014365184309003E-26
2696	1.1365077992144205E-26
2697	1.0861594024783522E-26
2698	1.0739338541763989E-26
2699	1.0153309876438452E-26
2700	9.872144987379683E-27
2701	9.464883677537053E-27
2702	9.262676508293952E-27
2703	8.823363757413688E-27
2704	8.78344749433239E-27
2705	8.626236467569323E-27
2706	8.470325573453952E-27
2707	8.086016916702009E-27
2708	7.764048513344836E-27
2709	7.578728816945483E-27
2710	7.542448505948786E-27
2711	7.132235040508407E-27
2712	7.050559025398367E-27
2713	6.903061740185609E-27
2714	6.671250484248927E-27
2715	6.544501610286199E-27
2716	6.3909862657319336E-27
2717	6.365534078451438E-27
2718	6.10195633080023E-27
2719	6.010051758884764E-27
2720	5.957800185364216E-27
2721	5.6780337438874724E-27
2722	5.5996160546563315E-27
2723	5.432773921729011E-27
2724	5.250099642838507E-27
2725	5.104443098923349E-27
2726	5.0148609608906494E-27
2727	4.872901887143733E-27
2728	4.8106262882910585E-27
2729	4.7455927639586835E-27
2730	4.718496067105364E-27
2731	4.6488033253870105E-27
2732	4.599481489157814E-27
2733	4.3660232793070404E-27
2734	4.357668696273573E-27
2735	4.318415716392152E-27
2736	4.226886604687317E-27
2737	4.213395971090958E-27
2738	4.117119189173511E-27
2739	3.952909972237502E-27
2740	3.575523273174973E-27
2741	3.5270015179311155E-27
2742	3.427959372468913E-27
2743	3.415009650262365E-27
2744	3.361773180321908E-27
2745	3.3330212391428186E-27
2746	3.283250570624498E-27
2747	3.225909856879592E-27
2748	3.1416175101272707E-27
2749	3.0680342754413876E-27
2750	2.871447082253007E-27
2751	2.82714640581042E-27
2752	2.68137847861693E-27
2753	2.5967523247945085E-27
2754	2.5411804528182698E-27
2755	2.524893494393937E-27
2756	2.4611766892353267E-27
2757	2.404591720573734E-27
2758	2.3961142449713135E-27
2759	2.2655499532912794E-27
2760	2.198017298043185E-27
2761	2.1805493613157853E-27
2762	2.141367681728895E-27
2763	2.116287386274576E-27
2764	2.101145244253715E-27
2765	2.0771020519385527E-27
2766	2.0630150698190237E-27
2767	2.0317201877338468E-27
2768	1.9123350526314526E-27
2769	1.84360683727218E-27
2770	1.7951797620882697E-27
2771	1.753848119129337E-27
2772	1.710474943360834E-27
2773	1.6654344569825776E-27
2774	1.6249296302325227E-27
2775	1.5928085321494392E-27
2776	1.4702703986304474E-27
2777	1.438940298284678E-27
2778	1.4166635570228914E-27
2779	1.3387478562887938E-27
2780	1.3013163087167037E-27
2781	1.2480752310265444E-27
2782	1.2408646150525554E-27
2783	1.2166922965121097E-27
2784	1.1873257288235976E-27
2785	1.1544730818520486E-27
2786	1.143630213209497E-27
2787	1.1221398124151104E-27
2788	1.1097174321975526E-27
2789	1.0846754831169562E-27
2790	1.026379520835937E-27
2791	9.75326771478499E-28
2792	9.47507249907695E-28
2793	9.382764768564375E-28
2794	9.172758310282752E-28
2795	9.029668477985863E-28
2796	8.846095130645493E-28
2797	8.72608489300514E-28
2798	8.350727553414834E-28
2799	8.229052802797186E-28
2800	7.863338309530647E-28
2801	7.401559910207291E-28
2802	7.239416659380305E-28
2803	7.18018219717623E-28
2804	7.108482187653959E-28
2805	6.930569143865892E-28
2806	6.853272946639395E-28
2807	6.613814307967249E-28
2808	6.519305706277732E-28
2809	6.3583224963564685E-28
2810	6.2082399466623315E-28
2811	6.129322561299845E-28
2812	5.968286035454164E-28
2813	5.808651533172975E-28
2814	5.724547500134672E-28
2815	5.4884479741942085E-28
2816	5.408005177441143E-28
2817	5.33091438123423E-28
2818	5.183606034198879E-28
2819	4.960169839387327E-28
2820	4.928073304300544E-28
2821	4.8473453791558345E-28
2822	4.7291130775935555E-28
2823	4.654714635194209E-28
2824	4.470129451151462E-28
2825	4.316574246421251E-28
2826	4.205532016328369E-28
2827	4.171683713506228E-28
2828	4.117346477483649E-28
2829	4.101840506702126E-28
2830	4.060034106732386E-28
2831	3.9474754504375965E-28
2832	3.908764326173587E-28
2833	3.8125362306611284E-28
2834	3.7515980171704007E-28
2835	3.5844831569120913E-28
2836	3.4142336079518825E-28
2837	3.385543368144206E-28
2838	3.2472225496083303E-28
2839	3.154037212008013E-28
2840	3.1054038137761095E-28
2841	3.0683032853444733E-28
2842	2.9164304468329106E-28
2843	2.8367771462426258E-28
2844	2.7878765855159128E-28
2845	2.71545372573704E-28
2846	2.5578971286460335E-28
2847	2.4561962760233115E-28
2848	2.3794325083156658E-28
2849	2.3477548092754294E-28
2850	2.305947140756162E-28
2851	2.2543661159317574E-28
2852	2.1520350394181007E-28
2853	2.1256445107744845E-28
2854	2.0763357612969095E-28
2855	2.0484270592210412E-28
2856	2.0155482201110253E-28
2857	1.890973481104542E-28
2858	1.8509777806236943E-28
2859	1.7942744296263992E-28
2860	1.750071828891191E-28
2861	1.7295442498561513E-28
2862	1.7051240464054206E-28
2863	1.6557902803976988E-28
2864	1.5421246158840662E-28
2865	1.5123306514958116E-28
2866	1.4912115713148501E-28
2867	1.4491417026664058E-28
2868	1.3953331383193312E-28
2869	1.382568370478756E-28
2870	1.3801881721690346E-28
2871	1.3573276773417498E-28
2872	1.3348105754209305E-28
2873	1.302997648122455E-28
2874	1.2140548660429022E-28
2875	1.2031263611270208E-28
2876	1.1428301851748012E-28
2877	1.1068562939509635E-28
2878	1.0671073080021872E-28
2879	1.0102567732173023E-28
2880	9.910480447341945E-29
2881	9.852934866163901E-29
2882	9.274044400144214E-29
2883	9.163179453906865E-29
2884	9.068676871748826E-29
2885	8.865604072829703E-29
2886	8.743963342305125E-29
2887	8.64240131760323E-29
2888	8.391535413468807E-29
2889	8.180322953641433E-29
2890	7.868299366114791E-29
2891	7.244394053015808E-29
2892	7.056264237386415E-29
2893	6.834226109215756E-29
2894	6.729900823489427E-29
2895	6.254873445965693E-29
2896	6.053345915786898E-29
2897	5.903362318625351E-29
2898	5.780178145892039E-29
2899	5.77389330509919E-29
2900	5.719772074034263E-29
2901	5.466815001398203E-29
2902	5.353372936716825E-29
2903	5.264651358152432E-29
2904	5.216324378900924E-29
2905	5.177193635082835E-29
2906	5.0400346758211323E-29
2907	4.9485144386722185E-29
2908	4.880944286900013E-29
2909	4.7800640316942095E-29
2910	4.464090536294554E-29
2911	4.3432149784866536E-29
2912	4.2854209792302646E-29
2913	4.153156885538051E-29
2914	4.0850979527041197E-29
2915	4.054239753942312E-29
2916	4.0057690837115455E-29
2917	3.768847768094507E-29
2918	3.6618203291197297E-29
2919	3.580431366223323E-29
2920	3.364692876221446E-29
2921	3.2233230895763077E-29
2922	3.2047656311872734E-29
2923	3.157019266407507E-29
2924	3.108423004151659E-29
2925	3.107358899866676E-29
2926	3.017986115260244E-29
2927	2.926851332289957E-29
2928	2.838335182362277E-29
2929	2.804588389226803E-29
2930	2.568606186843853E-29
2931	2.4955373801623047E-29
2932	2.429419907893868E-29
2933	2.3241035562732253E-29
2934	2.2845124383967818E-29
2935	2.2678540213290555E-29
2936	2.2393604769501395E-29
2937	2.1092753492661403E-29
2938	2.0655520504528496E-29
2939	1.8973299672674876E-29
2940	1.8928973179571954E-29
2941	1.8747407819137122E-29
2942	1.8492858445287438E-29
2943	1.759433143674221E-29
2944	1.710113755845257E-29
2945	1.6726339117386066E-29
2946	1.660374818205617E-29
2947	1.61603605277337E-29
2948	1.6037106881214428E-29
2949	1.580541693847064E-29
2950	1.5555662389005517E-29
2951	1.5282774097872838E-29
2952	1.4525081630803999E-29
2953	1.4331536587411376E-29
2954	1.4207706580888804E-29
2955	1.391835184275003E-29
2956	1.3727088373065114E-29
2957	1.3387927808858587E-29
2958	1.3030188003822903E-29
2959	1.2797249269646547E-29
2960	1.2019039857895979E-29
2961	1.173544202089061E-29
2962	1.1398274632385022E-29
2963	1.1239962168893847E-29
2964	1.1091670008491839E-29
2965	1.0846777673081714E-29
2966	1.0667575637759019E-29
2967	1.0309430817451083E-29
2968	1.0251077017942319E-29
2969	9.989220522454964E-30
2970	9.50764099370754E-30
2971	8.970531964109006E-30
2972	8.728374839100637E-30
2973	8.480152532868542E-30
2974	8.42571620608485E-30
2975	8.384570649972604E-30
2976	8.088613328525939E-30
2977	7.923427203847233E-30
2978	7.452095920437756E-30
2979	7.122739430425042E-30
2980	6.778575009427268E-30
2981	6.697750005427416E-30
2982	6.604698317504149E-30
2983	6.513032426923972E-30
2984	6.293145950452241E-30
2985	5.97040669423614E-30
2986	5.956058304312909E-30
2987	5.873605074099422E-30
2988	5.6647905862075194E-30
2989	5.625229034425506E-30
2990	5.504584836911164E-30
2991	5.4254331371374415E-30
2992	5.233375717454097E-30
2993	5.191876726485609E-30
2994	5.182768371165131E-30
2995	5.044440069463889E-30
2996	4.920934022378912E-30
2997	4.8504160157301315E-30
2998	4.787447379159914E-30
2999	4.701005806918178E-30
3000	4.529374273295878E-30
