1	519.8079954303797
2	479.9125622718464
3	442.6182219740097
4	417.5898109153944
5	400.5632819677668
6	384.0438165364136
7	375.27232645330827
8	357.27088160581417
9	340.61447324267283
10	318.47775000102223
11	299.51038360225573
12	294.03070859091736
13	285.8119074621775
14	271.6500395660832
15	257.7043456630835
16	250.53711646927297
17	244.50493174907038
18	234.3755000608004
19	227.3564819782082
20	221.3996579853511
21	210.8603225833366
22	204.71826256630177
23	199.0132158940493
24	194.9348398410016
25	187.77590076935445
26	178.56378425080266
27	173.90935792176703
28	169.83207382276368
29	165.2512849646849
30	157.5434507915897
31	154.56708784130691
32	149.00312870842885
33	146.17099382710077
34	140.03632745599592
35	134.24184492451002
36	129.22710941479644
37	124.42147308567077
38	117.60364412473128
39	114.94355211767508
40	112.37922765845164
41	109.70357115739147
42	106.64765383945316
43	104.04886659145157
44	101.87447113835498
45	99.6979687165728
46	97.04305769256369
47	96.36622842045996
48	93.91742094834107
49	91.02086118927058
50	88.91247451180296
51	86.16808248527784
52	83.57948592133793
53	81.10824049124004
54	77.89674100226897
55	74.72164936785903
56	72.40148809033802
57	70.13080657206771
58	67.83193945345066
59	66.02354192205775
60	63.43799524220474
61	60.52277259588657
62	59.49609941886912
63	58.47017276411491
64	56.26667901989418
65	54.08628772340297
66	52.58964371589832
67	50.860396688805494
68	49.80162124651575
69	47.924268604133786
70	46.956951207007116
71	44.318017583365005
72	42.16654422608997
73	40.6672724603695
74	39.64417793591361
75	38.59830294703556
76	36.80043374124059
77	35.9745247478011
78	34.71847198357526
79	33.68520182168369
80	33.095037752274784
81	31.48598269595232
82	30.84183806456704
83	29.854323557877937
84	29.369509799381685
85	29.039079989601095
86	28.537492982121307
87	28.185040135560353
88	27.52371180419372
89	26.264250289563446
90	25.474394298297476
91	24.57791349674377
92	23.99233094979562
93	23.56794732703784
94	22.461279077772524
95	21.673122320889046
96	20.985329932045143
97	20.71637980336778
98	20.356198325896216
99	19.768246188262903
100	19.260668913910788
101	18.937054229013576
102	18.344457703264208
103	17.852443018322592
104	17.644746310636346
105	17.192653084296815
106	16.620048905629734
107	16.304280997653102
108	15.902349999969118
109	15.538841040711661
110	15.321383297463681
111	14.798239907732226
112	14.580485824498858
113	13.821992560214518
114	13.542951854836373
115	13.26340428006883
116	12.957208175113083
117	12.675026225096165
118	12.58892286282679
119	12.23410288751124
120	11.994432149353454
121	11.652633269918379
122	11.364295715974032
123	10.985657484462296
124	10.499201437922641
125	10.186518992811967
126	9.931321777737384
127	9.779449471423003
128	9.48367184303774
129	9.12732306487368
130	8.969111074813204
131	8.758207995807082
132	8.492771293363052
133	8.408543110914252
134	8.11047310114853
135	8.012872487245478
136	7.663691579289955
137	7.527123537382778
138	7.440930887578719
139	7.239719814696599
140	7.144027432617276
141	6.983363827491861
142	6.871999868279507
143	6.718191016319366
144	6.587457500006704
145	6.459069675742284
146	6.277797403330333
147	6.102678619940402
148	5.971745229449126
149	5.810267174859887
150	5.471517017956859
151	5.303102873350982
152	5.200259327075384
153	5.136043858018879
154	5.005475258850554
155	4.942678537585705
156	4.795983840524392
157	4.669622918484292
158	4.5362239414418335
159	4.460366607737603
160	4.367974801285317
161	4.262680875207408
162	4.202658257506751
163	4.168579273488227
164	3.995514846788214
165	3.868999488442755
166	3.8175295370241646
167	3.768821405854658
168	3.6566826848981746
169	3.5748080126785573
170	3.507133514731004
171	3.3747247302105254
172	3.3177065805451074
173	3.291397847174393
174	3.2636633765083625
175	3.2234148644026175
176	3.1522494806100725
177	3.0703222581621854
178	3.0005937250103707
179	2.940704731160063
180	2.8761443671252125
181	2.7924042299128846
182	2.725189268103112
183	2.6844223326505183
184	2.649334246894673
185	2.5994010722426006
186	2.585789149243444
187	2.5515130061656737
188	2.51569776716243
189	2.4606975563189093
190	2.4524048183136515
191	2.4267364587858684
192	2.405958750772584
193	2.365207979404421
194	2.3412304776217003
195	2.2751560829530026
196	2.262458599119371
197	2.2313854329139864
198	2.1955455996575552
199	2.1665284532714377
200	2.1046211931230427
201	2.076615641551673
202	2.0436635792765485
203	2.0304087003380444
204	2.0102726491268643
205	2.0053362573202103
206	1.9710418373746774
207	1.9403066327882952
208	1.9105710236374678
209	1.877465543524006
210	1.840488000656138
211	1.813048609315839
212	1.7774114149053124
213	1.7523890487415723
214	1.719810560870943
215	1.7036083847735415
216	1.659770904832214
217	1.6447233671995456
218	1.632711834052724
219	1.6186921482347372
220	1.597789737322455
221	1.5782181496335737
222	1.5500041684203576
223	1.5432429157069572
224	1.5320630429443483
225	1.511861126559064
226	1.502730674441597
227	1.4889262239996426
228	1.469472607934775
229	1.4669507067624847
230	1.4554861049837258
231	1.451204136327115
232	1.4402715495515857
233	1.4318307521233737
234	1.4175377691010347
235	1.406291624585712
236	1.4025489165938032
237	1.3863174667641955
238	1.371363791813121
239	1.3558614907759619
240	1.3440982779724167
241	1.3391927114868538
242	1.3350950876770271
243	1.3290523003942725
244	1.3231103344405357
245	1.3166104058117973
246	1.3152202101852681
247	1.310845397970536
248	1.304369095179362
249	1.2979789445832326
250	1.2888620045855297
251	1.2816310934934838
252	1.2759645244319673
253	1.2667548839030771
254	1.2606057217761124
255	1.2548538123207917
256	1.245091986176274
257	1.2413415398381142
258	1.2343807870169243
259	1.228085477192882
260	1.2216561512904613
261	1.2154457953348254
262	1.2047347605107808
263	1.2014902824931073
264	1.193379049552744
265	1.1862263085372808
266	1.1806894659262568
267	1.1765590102664516
268	1.1701806707581865
269	1.1681512121979283
270	1.1644154005776286
271	1.1617788319857838
272	1.1592208786357077
273	1.1539549883755076
274	1.1469973025415905
275	1.1421288720849603
276	1.1359579500957855
277	1.1327670521585305
278	1.131616646676141
279	1.1286371987481265
280	1.1238023831219404
281	1.1181156597167594
282	1.1140478960764129
283	1.111885479602303
284	1.108468389225185
285	1.1052500704271926
286	1.104077187049914
287	1.1024438448125244
288	1.0999151343102551
289	1.098114879357406
290	1.0961558958326192
291	1.0946555867013392
292	1.090820592997405
293	1.0881281138758108
294	1.0858310572091017
295	1.0828766762768365
296	1.0815163649528672
297	1.0804501856936153
298	1.0771609314176158
299	1.0760319016447075
300	1.0725342289394404
301	1.0705356906460606
302	1.0691934812334616
303	1.068458680891692
304	1.0663069715422167
305	1.0640652520766878
306	1.0616185199929473
307	1.0604697273438934
308	1.058668103877624
309	1.0565485573346522
310	1.0552512928448943
311	1.0545694343948493
312	1.0527190207146897
313	1.0513135157134748
314	1.048958442879247
315	1.0478077030815767
316	1.0457589481966614
317	1.0430554699392103
318	1.0419326100831487
319	1.038671148620334
320	1.038459507949159
321	1.0374982709801421
322	1.0367280815355522
323	1.0358032669958106
324	1.034858105358594
325	1.033528458719233
326	1.0321776671609437
327	1.0294418846157807
328	1.0244764201590157
329	1.0232875379338233
330	1.0208728667728237
331	1.0186082175122857
332	1.0157260476372092
333	1.0136228049556342
334	1.012333517067435
335	1.0106431158132743
336	1.0085753145013983
337	1.005391137984487
338	1.0021076344654507
339	1.0017161096023883
340	1.0010916359210447
341	0.9987507099009296
342	0.9973336571557858
343	0.9942702310156671
344	0.9925848463367603
345	0.9887942996394613
346	0.9857706715459164
347	0.9772415024621779
348	0.9767185505432869
349	0.9761691494974515
350	0.9728860818241183
351	0.9635239125899216
352	0.9568344767032416
353	0.9542105522703852
354	0.9516095334708653
355	0.9481978668350178
356	0.9440773255733851
357	0.9421659033737796
358	0.933961671280532
359	0.9258547792132815
360	0.9253506927203036
361	0.9197163113923126
362	0.9065601204752216
363	0.8974726998087857
364	0.8907747031906049
365	0.8875312287847981
366	0.8746033665351689
367	0.8727882565459434
368	0.8699828448063415
369	0.8674477555880039
370	0.8574500550910792
371	0.846857077374845
372	0.8311180402145673
373	0.8277603766597716
374	0.8260919521513513
375	0.8222091833671269
376	0.8208528695019215
377	0.8181231484115273
378	0.8088791124110337
379	0.8008378374770394
380	0.7951534713281602
381	0.7816748701068672
382	0.7778809232662677
383	0.7694684737243302
384	0.7639006958767887
385	0.7617353508545878
386	0.755646369183576
387	0.7537054053262529
388	0.7492020203728671
389	0.7351834357168232
390	0.7297929936718894
391	0.7245673112434834
392	0.720469072228747
393	0.7201335275566806
394	0.7151789946712442
395	0.7106720928224127
396	0.7061368073841172
397	0.7018723177639518
398	0.7002353913838444
399	0.699392232680608
400	0.6966058222102977
401	0.6932717990286417
402	0.6916654553025628
403	0.6864213634382812
404	0.6783765409746197
405	0.6644299374634985
406	0.6635971344025001
407	0.6549341555785889
408	0.6456942441490994
409	0.636966884633266
410	0.6305618671019688
411	0.6294161022264635
412	0.6213596155249885
413	0.6155750513297931
414	0.6102781616480086
415	0.6011897562566546
416	0.600472085639981
417	0.5934669496790428
418	0.5899977364469343
419	0.578349433495156
420	0.5686878697246136
421	0.5644354722809941
422	0.5524736453373926
423	0.5458850999587981
424	0.5417975891256975
425	0.5367777571904628
426	0.5333133754054581
427	0.5290530753510959
428	0.5289204692898439
429	0.5268536129630966
430	0.5251074915913341
431	0.5186628214431119
432	0.517252600004175
433	0.5127911763147973
434	0.5080855166866572
435	0.49899236866587654
436	0.49474364044833047
437	0.49118436111625624
438	0.4853437583718264
439	0.47859595143349354
440	0.4762865862232336
441	0.4733153198630371
442	0.4678872861901586
443	0.4670747328198304
444	0.4619357630238252
445	0.4575890210083623
446	0.4526580646856034
447	0.44523700232853824
448	0.44495269094675394
449	0.4443710926031076
450	0.4349512150957017
451	0.43206425523410225
452	0.4278206265328378
453	0.42095829871744794
454	0.4205066060847249
455	0.4096435847744388
456	0.40583301302322994
457	0.40150080702459484
458	0.3983819824229525
459	0.39528630696355427
460	0.39400014139577494
461	0.3872484776029272
462	0.37869937439315143
463	0.37697976917274656
464	0.37490997303973733
465	0.3696096533004065
466	0.3684934166336661
467	0.3643016495694906
468	0.3602191978595143
469	0.3576643180832429
470	0.35738518457677887
471	0.3546065811520516
472	0.3493255777593018
473	0.34786844747083795
474	0.34639644309604906
475	0.3448164217185126
476	0.34421469374025343
477	0.34124090261428297
478	0.3380992294844543
479	0.3377313620715491
480	0.33431061390958927
481	0.33080612369116935
482	0.32689351557041524
483	0.3246179546871167
484	0.324065475566243
485	0.32179286777002153
486	0.31909377174623915
487	0.3152074396698518
488	0.31134777286535464
489	0.30624364681254185
490	0.3045679851755464
491	0.30231646731185563
492	0.29982470882036655
493	0.29849916603433274
494	0.29832988911831393
495	0.295405872439112
496	0.2943373212430567
497	0.2926690925058144
498	0.28741162956625765
499	0.28484553555256364
500	0.2835407224185361
501	0.28175515557937686
502	0.2755072472139209
503	0.2738102978104368
504	0.26763308942490627
505	0.26510088602991566
506	0.26406845529809947
507	0.26389431252505874
508	0.26328761441493137
509	0.2621864920767751
510	0.2612407852540351
511	0.25811409646638483
512	0.25387466882178084
513	0.25305244139104865
514	0.2510257569770797
515	0.2486442199071623
516	0.24401640448123973
517	0.24372552418701382
518	0.24353331171084797
519	0.24266386350286812
520	0.2421300485657491
521	0.24059998010676084
522	0.23541134548125883
523	0.23499753409308763
524	0.23460185759065422
525	0.22945719881809268
526	0.22906798181054616
527	0.22778704045590553
528	0.22724977636459426
529	0.22036171390333278
530	0.21857470890634328
531	0.21848558409932356
532	0.2183031640024323
533	0.21790567101458538
534	0.21720212586597443
535	0.21235785133513818
536	0.2093894337007021
537	0.2046067493530744
538	0.2015008156055988
539	0.19987953342697395
540	0.19915437097654026
541	0.19641154442179998
542	0.1962999592702469
543	0.1961709955592286
544	0.1960076979151057
545	0.19268131032766733
546	0.1924622874639212
547	0.18693136818913259
548	0.18657718194462927
549	0.18588293856153681
550	0.18506284463765654
551	0.1823485284141609
552	0.18190181370800193
553	0.18076066582381403
554	0.17842513427795287
555	0.17814996893064317
556	0.17722513154971503
557	0.1766891140023262
558	0.175477683428865
559	0.17539491417812697
560	0.1753246271823224
561	0.17371881016154855
562	0.1725184834235104
563	0.17033742966247287
564	0.17028082279392198
565	0.16997095511066823
566	0.16972596274917565
567	0.16954104032372708
568	0.16861170429447778
569	0.1659666504973218
570	0.16580184282199947
571	0.16556230453227141
572	0.16484671695708303
573	0.1647538536063967
574	0.1622665450218954
575	0.16222194527797462
576	0.16037512915721136
577	0.1595973158203296
578	0.1595237551216678
579	0.15921273586856793
580	0.15908390837741976
581	0.1588498773368283
582	0.15840441900823068
583	0.1567135258968405
584	0.15664853251491664
585	0.15619474813970907
586	0.15448263683957839
587	0.1543553826903296
588	0.1533666008734957
589	0.1515078949901247
590	0.15063635337279696
591	0.15061792698754278
592	0.15001068075388552
593	0.14998283048813343
594	0.14995763517099012
595	0.1477846722584063
596	0.1477526463798786
597	0.14773142070217257
598	0.14648002070082058
599	0.14629969772935242
600	0.14571256856182033
601	0.14506677619872807
602	0.14220839253646064
603	0.14212519538603985
604	0.14079951227767734
605	0.1378833096870867
606	0.1337722726422611
607	0.1334232212634536
608	0.1333671184481581
609	0.13322384652080357
610	0.133116610340478
611	0.1330825368805862
612	0.13300527417761174
613	0.1325166311202809
614	0.13233506370723702
615	0.1323234704286923
616	0.13217131724153836
617	0.13215238457773554
618	0.1307245353065914
619	0.13054895963993418
620	0.128302911496486
621	0.12828130794432335
622	0.12821213972835788
623	0.1281828619976702
624	0.12815124328155317
625	0.12587336168675348
626	0.1258711797271579
627	0.12584479647790026
628	0.12565690144027986
629	0.12509667545801942
630	0.12431430716989111
631	0.12382796193564374
632	0.12382591075945175
633	0.12375919058459758
634	0.12370190944866048
635	0.1236114617570914
636	0.12004743784056661
637	0.11956953263933484
638	0.11721319592386653
639	0.11705318863624384
640	0.11704408490199317
641	0.11649893793898965
642	0.11645521080436831
643	0.11606941684491505
644	0.11606016938171684
645	0.11538794123368395
646	0.11527391334951544
647	0.11525321699209752
648	0.11522362405640638
649	0.11239206124568032
650	0.11213656393510427
651	0.11213004965416323
652	0.1120916666091609
653	0.1120336887686719
654	0.11202026278784867
655	0.112017254770157
656	0.11084270652475664
657	0.11054265657603632
658	0.1100285568930186
659	0.1093590192757832
660	0.109288790000416
661	0.10928679969846039
662	0.10884065771253697
663	0.10876621291781259
664	0.1085452122937814
665	0.10718331375462274
666	0.1063223031082698
667	0.10626011315608735
668	0.10625970697851735
669	0.1055723967843225
670	0.10534415285454832
671	0.10531639905211486
672	0.10530568361563329
673	0.10529882819363937
674	0.102264171740551
675	0.10207371689451081
676	0.10204169777328596
677	0.10203241153559324
678	0.101963195014664
679	0.10190550301265683
680	0.10182028771141545
681	0.10181533564572012
682	0.10175605335427604
683	0.10174521704654955
684	0.10173170270795415
685	0.10170908664067486
686	0.10158000011140149
687	0.10157079759570568
688	0.10157019902515119
689	0.10150510337069364
690	0.10148751491253778
691	0.10146150170951955
692	0.10090017727102853
693	0.10089747410190893
694	0.10089012628143992
695	0.10076394168391437
696	0.1004800900315867
697	0.09846632747660973
698	0.09840207569805175
699	0.09783483853603524
700	0.09779438550845762
701	0.09764908228311606
702	0.09661098127149913
703	0.09660831433369386
704	0.09659010038258349
705	0.09575507464132794
706	0.09575315828272425
707	0.09573023657082315
708	0.09572753179729589
709	0.09572378049670742
710	0.09571632027621355
711	0.09571536588137229
712	0.09250832037490714
713	0.0925053536810379
714	0.0924258020973444
715	0.09241240577104817
716	0.09238320174910206
717	0.0923561436063432
718	0.09235420869062726
719	0.09234045146606945
720	0.09233992207334864
721	0.0923335809466045
722	0.09186417535014309
723	0.09185607690299098
724	0.09181768421226458
725	0.08900328716461424
726	0.08890821047477918
727	0.08773344406048451
728	0.08663047884879328
729	0.08560648707897633
730	0.08556706456439868
731	0.08555417870986816
732	0.08427572522698838
733	0.08357642145833404
734	0.08355521096039799
735	0.08354659133798306
736	0.08241624313844928
737	0.08241470975935214
738	0.08196887397381183
739	0.0788922935427312
740	0.0788909221628125
741	0.07889013602862019
742	0.07886075959829657
743	0.07814731107191726
744	0.07811182864372021
745	0.07748414130204871
746	0.07747752222214317
747	0.0774441903133375
748	0.07744147073743311
749	0.07743103975730099
750	0.07742893621806081
751	0.07715780933459208
752	0.07715212208427251
753	0.0769959182111485
754	0.07699393678030995
755	0.07637259959161084
756	0.07636606887923604
757	0.0757117464523413
758	0.07553661986511176
759	0.07516724480183191
760	0.07516694918083153
761	0.07515327633390514
762	0.07456587237177843
763	0.0736567991343267
764	0.07365006538593735
765	0.0736401916202704
766	0.0736392670795462
767	0.07363834085601093
768	0.07351014194275446
769	0.07350917750453329
770	0.07350811921246031
771	0.07350670307356656
772	0.07346403597507897
773	0.07323499020681203
774	0.07323452178187871
775	0.07321309895491743
776	0.07320832030914605
777	0.07319402606436452
778	0.07314423143480338
779	0.07298015890625985
780	0.07203089220504252
781	0.07202818425414602
782	0.0709624063031547
783	0.07095392445698111
784	0.07000798828576899
785	0.06997544064259915
786	0.0698517779246195
787	0.06929802102086932
788	0.06929729566074228
789	0.06925603362222837
790	0.06924517890660783
791	0.06924325901151765
792	0.06923050853452238
793	0.06839668941871144
794	0.06839564755882467
795	0.06839109394207134
796	0.06838653390999226
797	0.06838510775780283
798	0.06835573778893837
799	0.06816409847134684
800	0.0681586086116463
801	0.06815037893294316
802	0.06737968815854803
803	0.06736681041094088
804	0.06736657636106387
805	0.06659286611864453
806	0.06657313868612011
807	0.06657293019685752
808	0.06637574195756954
809	0.0662651939797848
810	0.06626406639689858
811	0.0662556123013566
812	0.06583618253896158
813	0.06583586343361367
814	0.06294470976597437
815	0.061379235519250834
816	0.061376351144443925
817	0.061372253755890456
818	0.06137216034359069
819	0.061369398893519875
820	0.06136692650288995
821	0.06136688848869231
822	0.06121251795903018
823	0.06076108116099825
824	0.06076101421016591
825	0.06076029699496908
826	0.05963820412346053
827	0.059636602833730006
828	0.05963077341101283
829	0.05963068908147564
830	0.058081007860455905
831	0.05798604728551382
832	0.05798552561383862
833	0.05769092587830173
834	0.05713450237151563
835	0.057134034940669466
836	0.05685013585737227
837	0.056849545511059564
838	0.05684625929181211
839	0.056846144725629925
840	0.05672180997925416
841	0.05653026170740456
842	0.056521759567154516
843	0.05652110921435851
844	0.05652104329404956
845	0.056520828261143755
846	0.05652060238322342
847	0.05652012944496475
848	0.056520003206435326
849	0.05641057394935642
850	0.056409616732808025
851	0.056409185040698945
852	0.05631468741110022
853	0.05631448208808888
854	0.056314091766211924
855	0.05631404755960491
856	0.05631363480631898
857	0.05631346003265181
858	0.0562032991691515
859	0.056203185353880365
860	0.05619781133912933
861	0.055234737872702694
862	0.05522988663754895
863	0.05473542982129806
864	0.05470505863611386
865	0.05468726011067327
866	0.05417644698599051
867	0.0541763585501064
868	0.054076424572857176
869	0.05407626269697141
870	0.05407175842403492
871	0.05407145643930843
872	0.054071260051846565
873	0.05407114600314038
874	0.05407097825133585
875	0.05370956445412123
876	0.05370948681567335
877	0.05370896386306853
878	0.05370847072141302
879	0.053666588748772795
880	0.05299463546531651
881	0.052994548112647914
882	0.05262143260928536
883	0.05262120534237893
884	0.052615024761583085
885	0.05242789636947353
886	0.05240354972024091
887	0.05237559560911911
888	0.05164799979290921
889	0.05110855539569625
890	0.051108277344449095
891	0.051107574201094484
892	0.0511074234913931
893	0.05110731525376208
894	0.05110306357618067
895	0.05110299559673868
896	0.051102644195020266
897	0.05110084270141066
898	0.05110081897121539
899	0.05109404503839392
900	0.05108092288860819
901	0.050961267412405926
902	0.05096094241035608
903	0.05046789368540274
904	0.05046713049984475
905	0.050467030531188756
906	0.05046663037730245
907	0.05027282204179886
908	0.05027101888391715
909	0.05027096855179967
910	0.05027090780952477
911	0.05027086833411991
912	0.050269766222621824
913	0.050268594455877044
914	0.050268585794276614
915	0.050268354041248596
916	0.050228125529731674
917	0.0502258153837284
918	0.050225779970872304
919	0.05022535252354201
920	0.050129699782697185
921	0.050125078979108964
922	0.04991270429707232
923	0.04991252196033137
924	0.049537187874242314
925	0.04953706478243225
926	0.049354876866923886
927	0.04935350517399561
928	0.04922009455500289
929	0.04922007807081529
930	0.04921963878618748
931	0.04921954255940934
932	0.04921951605580818
933	0.04921948545021583
934	0.04921947982674287
935	0.049219210352384045
936	0.04920364252846864
937	0.04920355674963042
938	0.04920348097163181
939	0.04920327913713505
940	0.04920294471712868
941	0.04920289396296278
942	0.04919100402129959
943	0.04919022690537679
944	0.04919022327002652
945	0.049189883972116585
946	0.049189848298945314
947	0.04898647509608562
948	0.04853182225334508
949	0.04853101915173596
950	0.048526536353119584
951	0.048526535012688825
952	0.04844299917731254
953	0.04844299157464658
954	0.04844273405640346
955	0.048442624234371255
956	0.04844184752304123
957	0.048441630864366286
958	0.04844112068816654
959	0.04841427794282829
960	0.04734432722639244
961	0.04734372015478027
962	0.046943252965353004
963	0.046933141683791806
964	0.04693311883992955
965	0.04693298316295211
966	0.04471207866597378
967	0.04471200159952494
968	0.044712001530592196
969	0.04471193363595517
970	0.04298935910575884
971	0.04266292940504456
972	0.042662928350244524
973	0.04266258717552344
974	0.04266258142135166
975	0.042642302146343895
976	0.04264229590304137
977	0.04259151529252943
978	0.04198763275130305
979	0.0419869093154771
980	0.04198686487404595
981	0.04198686201670436
982	0.040862167839961515
983	0.040862086977899136
984	0.04002768465639577
985	0.04002765230771247
986	0.04002753068459694
987	0.040023156346058596
988	0.04001163214790336
989	0.03959153342904621
990	0.03959139458769352
991	0.03959124258921474
992	0.03959121157218249
993	0.03959120294480048
994	0.039590944739420056
995	0.03941686306988929
996	0.03941685856318431
997	0.039416857135596575
998	0.03937434740495434
999	0.03858326735033922
1000	0.038583248363000124
1001	0.038583234117925566
1002	0.038570814776570164
1003	0.038570697692675446
1004	0.03857069400427378
1005	0.03857068440411568
1006	0.0385706798227973
1007	0.03846071903642339
1008	0.0384602013024923
1009	0.03846019515368777
1010	0.038460139047718236
1011	0.03846013187416707
1012	0.03846007122779789
1013	0.03846007087230211
1014	0.03837113470284399
1015	0.03798479828220528
1016	0.03798418375800227
1017	0.037984183169434346
1018	0.037984056204621613
1019	0.037984009833336004
1020	0.037984008810470725
1021	0.037983951543522736
1022	0.03798350983733543
1023	0.037983502237057695
1024	0.037983498253230906
1025	0.037983396891490065
1026	0.03798335918124958
1027	0.03798331246636168
1028	0.03798330492682302
1029	0.03796233206448131
1030	0.03796183351141676
1031	0.03795915775704324
1032	0.03795085316938576
1033	0.03795045241394783
1034	0.037950446055292644
1035	0.037950440668225095
1036	0.037752329541740084
1037	0.03775201103436923
1038	0.03775126548174083
1039	0.037751261361839004
1040	0.03775065231893528
1041	0.03775028317030706
1042	0.037750267172820574
1043	0.037678983450943566
1044	0.03749234930401556
1045	0.03749234740307698
1046	0.03742314457793484
1047	0.037423127773436024
1048	0.03742297155935962
1049	0.03742294661411416
1050	0.03742294253688021
1051	0.037422938882321496
1052	0.037422938029193165
1053	0.03742293640809488
1054	0.03742267431682131
1055	0.03582361593117856
1056	0.03582361438505957
1057	0.0357505695854118
1058	0.03575041928013079
1059	0.0354864463195962
1060	0.03548644490185493
1061	0.03513033263596696
1062	0.03512757507268287
1063	0.035127573101779816
1064	0.03512595629136623
1065	0.034301693208582736
1066	0.03393750997313567
1067	0.03393744645684269
1068	0.033937446033964015
1069	0.03393744312023124
1070	0.03393709460814714
1071	0.03393708771122783
1072	0.03393708661930603
1073	0.033910719207951155
1074	0.03391071895641942
1075	0.033910716488105744
1076	0.033910702745099865
1077	0.03386046948094594
1078	0.03377544644221319
1079	0.03377535126756374
1080	0.033768682148000856
1081	0.033768670107866314
1082	0.03376811873769032
1083	0.03376676947507374
1084	0.03375937886481909
1085	0.0337593729496218
1086	0.03375620754144721
1087	0.03375617624172514
1088	0.03375617518856635
1089	0.033754210965081
1090	0.03375411473448313
1091	0.03375406710232568
1092	0.03370848735062249
1093	0.03370750047188173
1094	0.03370749619769857
1095	0.0337074959729515
1096	0.03307455508559022
1097	0.03307455481431799
1098	0.03307441826217734
1099	0.03307441564422315
1100	0.033074396606903284
1101	0.032850134047336096
1102	0.032441544677292794
1103	0.032440494205111456
1104	0.032440479918948065
1105	0.032440479153316354
1106	0.03229261175649097
1107	0.032291845462324505
1108	0.03229172511318893
1109	0.032291724681869104
1110	0.032243398688004465
1111	0.03224339786559384
1112	0.032243397536551914
1113	0.03224171706703768
1114	0.03224098866616672
1115	0.03224098730927227
1116	0.03224098693031681
1117	0.031973343000705964
1118	0.03178899209640268
1119	0.03162808742541085
1120	0.03138367917816307
1121	0.03138367086870642
1122	0.03138366817536695
1123	0.031213499611157432
1124	0.03107205745509569
1125	0.031000218357935604
1126	0.030996776828813785
1127	0.030996317659689666
1128	0.03095757947677419
1129	0.030957452648907657
1130	0.03095742621422709
1131	0.030534441079913453
1132	0.030489497973081085
1133	0.03047813506699017
1134	0.030094973362977714
1135	0.030094971713337578
1136	0.03009496344790856
1137	0.030094940212800948
1138	0.030029061378375372
1139	0.02950641394144991
1140	0.029506412407172607
1141	0.02950625044872621
1142	0.029502732447009055
1143	0.02950273012306327
1144	0.028391690136758335
1145	0.028391677968504954
1146	0.028383847789515682
1147	0.028347460079207406
1148	0.0283474584312056
1149	0.02834745683595791
1150	0.028312952804535
1151	0.02831294570229588
1152	0.028308740771663628
1153	0.028308739858333386
1154	0.028301212275862138
1155	0.02829736051699445
1156	0.028297345886554526
1157	0.028297344632570522
1158	0.027807557073148706
1159	0.02780755706500487
1160	0.027806919090909397
1161	0.027806916983531427
1162	0.027806887584856683
1163	0.027806881230757436
1164	0.027806879550897872
1165	0.027806877866164457
1166	0.02780682566366218
1167	0.027300179190232015
1168	0.027300152550216616
1169	0.027300152453467286
1170	0.027208172149159045
1171	0.027208019707439895
1172	0.02720801916535019
1173	0.02720800862527137
1174	0.02720800859690632
1175	0.026611339801892866
1176	0.026611338934619644
1177	0.026611337914045297
1178	0.026611337813795283
1179	0.026611337657366497
1180	0.026611280074539962
1181	0.02661127984578997
1182	0.026611268524592394
1183	0.026611267962449107
1184	0.02661126794746502
1185	0.026611266320013705
1186	0.026611265949091557
1187	0.026611265893522012
1188	0.0262333721032749
1189	0.02621082430513482
1190	0.026206719013488665
1191	0.026176881104721033
1192	0.026176870066272107
1193	0.02617686952618959
1194	0.02617686832195196
1195	0.0259413133679867
1196	0.025559523283124982
1197	0.02555951671709288
1198	0.025551297799291887
1199	0.025551296941164772
1200	0.02555129684555151
1201	0.02555128050035809
1202	0.025548005804740887
1203	0.02554694019346017
1204	0.02554679127171027
1205	0.025546788112972094
1206	0.024446810141506254
1207	0.024393626659639234
1208	0.0243072952245288
1209	0.02430729315064088
1210	0.024306949939901474
1211	0.024306949927393195
1212	0.023773009046016126
1213	0.023773007650115027
1214	0.023773002771875704
1215	0.023773002041062814
1216	0.023640723020591524
1217	0.023640722937811495
1218	0.023639332615550592
1219	0.023639332474319184
1220	0.02363933141890701
1221	0.0236393312532693
1222	0.023638968519734963
1223	0.023638968501068724
1224	0.023638968463838013
1225	0.023617304866559243
1226	0.02353257952662079
1227	0.023532579436983565
1228	0.02353248169671569
1229	0.023526005001745738
1230	0.023526004711745336
1231	0.023526002342466972
1232	0.02352594936975072
1233	0.023525729419512722
1234	0.02352572907665497
1235	0.023485390629875195
1236	0.02348538087402232
1237	0.023485380816050647
1238	0.02348538064264286
1239	0.02348538061720893
1240	0.023452745900191994
1241	0.023452745760429113
1242	0.023452745735988958
1243	0.02345252232633403
1244	0.023452522242232272
1245	0.023452517080003604
1246	0.02345251541026164
1247	0.023452487826519708
1248	0.023452487513539857
1249	0.02345094869651735
1250	0.023102314098092998
1251	0.02309869657004028
1252	0.02309869437954303
1253	0.023098694322316104
1254	0.02309869431072174
1255	0.02277549264367061
1256	0.022775491776302614
1257	0.022775440273835865
1258	0.022775439263017058
1259	0.02277543646445916
1260	0.022775436438492544
1261	0.02277543632644678
1262	0.02277543559551557
1263	0.02277543427731186
1264	0.02277493637855608
1265	0.022774932251710532
1266	0.02277493206045187
1267	0.022599064992581422
1268	0.02259906498982759
1269	0.02243866911719043
1270	0.022350069088018752
1271	0.0221675861213752
1272	0.021629268872232685
1273	0.02162926741369465
1274	0.021629263783024037
1275	0.0213417631666251
1276	0.021341763115411208
1277	0.021341756394729405
1278	0.021341756384721737
1279	0.021341723457718238
1280	0.02134157260501984
1281	0.021340816678321703
1282	0.021340816252756373
1283	0.02133007824137377
1284	0.021321702598663908
1285	0.021245459849578017
1286	0.02124545913404781
1287	0.02124545843702335
1288	0.0212454565026405
1289	0.0210117566418098
1290	0.02101175663416759
1291	0.02101175652770134
1292	0.021011754459708886
1293	0.020884966145737174
1294	0.02087906536047113
1295	0.020879065160695202
1296	0.020879065090197674
1297	0.02087906422636612
1298	0.02087906421629604
1299	0.020879064190616907
1300	0.020879063185902953
1301	0.020879051614647714
1302	0.02087905152395882
1303	0.020879050768115706
1304	0.020879050764580052
1305	0.020859721656985665
1306	0.02085966352993001
1307	0.020859663525932357
1308	0.020597330374967915
1309	0.020597330340542643
1310	0.020597327817114857
1311	0.020594205728972307
1312	0.020594205703241632
1313	0.02059420369381507
1314	0.02059420208312203
1315	0.02059420197239921
1316	0.020594200607353754
1317	0.020594200470020342
1318	0.020594200404086698
1319	0.0205941627738595
1320	0.020594162773691138
1321	0.020594160795617742
1322	0.020594160795473
1323	0.020594160785774078
1324	0.02059416071625069
1325	0.020594160715307022
1326	0.020594159885672748
1327	0.020594159836986484
1328	0.020594157871234753
1329	0.020594156108065254
1330	0.020594156107841686
1331	0.020594156070130938
1332	0.020594156040667378
1333	0.020585872707594644
1334	0.020585871713216766
1335	0.020576150798484922
1336	0.020576150797886685
1337	0.02057609924997065
1338	0.02054053372715001
1339	0.020540533724510583
1340	0.020540532403083255
1341	0.0205405323987267
1342	0.020540532396351778
1343	0.020540532224648467
1344	0.02054050620939324
1345	0.020540505485940257
1346	0.020540505452469066
1347	0.020540504650602587
1348	0.02054050462808094
1349	0.020323005352679564
1350	0.02025290220371221
1351	0.02025235331744317
1352	0.01968118775375017
1353	0.01968118658653521
1354	0.019681166696202113
1355	0.01968116335671704
1356	0.01968116335515624
1357	0.019681154140215575
1358	0.01968112430374957
1359	0.01968112430007513
1360	0.01968112369959495
1361	0.01968112192985872
1362	0.019681121929520942
1363	0.01950381723363518
1364	0.019484711544777402
1365	0.019484711541679627
1366	0.01948470863841904
1367	0.019484708638021174
1368	0.01948470837964048
1369	0.01948470836996913
1370	0.01928483785044936
1371	0.019284837822731212
1372	0.0192848301340915
1373	0.01928480955380979
1374	0.01926175506560299
1375	0.01926175504891165
1376	0.019261755007878738
1377	0.01926175344329885
1378	0.01926175344211909
1379	0.01926175342673454
1380	0.019261753426265637
1381	0.019184288921240845
1382	0.019106238803653686
1383	0.01874954575052368
1384	0.01874954562883068
1385	0.018749545623201292
1386	0.018747570266971225
1387	0.018747567518366856
1388	0.018747567504137048
1389	0.01874756750108243
1390	0.01874756750106373
1391	0.01874756749910306
1392	0.018747537068224636
1393	0.01874753706453049
1394	0.01874662272967935
1395	0.018746622139572743
1396	0.018746577484459938
1397	0.018746575408902
1398	0.01874657537890234
1399	0.01874657518224972
1400	0.01874657517478148
1401	0.018746575168182456
1402	0.018746573583935066
1403	0.018566640398411906
1404	0.018566259098875028
1405	0.018566259095723278
1406	0.018476187106981016
1407	0.0184761375776404
1408	0.017921618182206337
1409	0.017921607528871977
1410	0.01792160750631823
1411	0.017921607052017684
1412	0.017889661096236364
1413	0.01750407090725925
1414	0.017266577799128338
1415	0.017266577798675423
1416	0.017266577794183894
1417	0.01726657776896057
1418	0.01726657771743478
1419	0.017266577713639195
1420	0.017266577708828692
1421	0.017266574453304637
1422	0.017182154444708393
1423	0.0171818397380457
1424	0.017181839662985483
1425	0.017181836116106314
1426	0.017181836113640228
1427	0.01652887864943099
1428	0.016528878566836054
1429	0.01652887856595093
1430	0.016528878361786285
1431	0.01652887834867354
1432	0.01652887834825164
1433	0.016513157231178955
1434	0.016513157226302387
1435	0.016416121329487703
1436	0.01641612128483459
1437	0.016416025851518804
1438	0.01641602583296487
1439	0.016359033763428267
1440	0.01635903369171101
1441	0.01624094445948084
1442	0.01623260662312425
1443	0.016181588453264634
1444	0.016181588453078922
1445	0.01618158845124968
1446	0.016176930513766733
1447	0.016176928691009656
1448	0.016176928674789957
1449	0.016176928673782565
1450	0.01617692867273771
1451	0.016176928672446734
1452	0.016176631766666266
1453	0.016176631765495497
1454	0.016176627971285138
1455	0.01617662629059234
1456	0.01617662629004734
1457	0.01617662625738116
1458	0.01617662622023069
1459	0.01617662621982419
1460	0.016176626218647225
1461	0.01617662621854225
1462	0.01617662621833109
1463	0.016122325772692556
1464	0.016016196608220807
1465	0.016016196269800956
1466	0.015812964365139584
1467	0.015812964185404836
1468	0.015812964180036984
1469	0.015812928736112574
1470	0.01581292867840066
1471	0.015812928678100156
1472	0.01581292867293588
1473	0.0158129216438495
1474	0.01581292163188968
1475	0.015812921631852425
1476	0.015812921631810514
1477	0.01575198299845996
1478	0.01553982192375322
1479	0.015539821909104483
1480	0.015539821900806565
1481	0.015439299261252582
1482	0.015439298432704173
1483	0.015439298432561992
1484	0.015439298247384789
1485	0.015321468301017797
1486	0.015265211942137228
1487	0.015265211941799276
1488	0.015265211855044017
1489	0.015100177342482627
1490	0.015100177298706578
1491	0.0151001717871214
1492	0.015100171787121216
1493	0.01510017177002646
1494	0.015100171743638646
1495	0.015100171742322196
1496	0.01510017174229722
1497	0.014962635104059926
1498	0.014910440099918373
1499	0.014777344984421858
1500	0.014761996402432798
1501	0.014355597959837145
1502	0.014355597940228471
1503	0.014355581014868224
1504	0.014353316237887175
1505	0.014353316236489284
1506	0.014353316223371904
1507	0.014353316222540912
1508	0.014295541892161933
1509	0.01413569264806565
1510	0.014135692623732942
1511	0.014135692619844946
1512	0.014122599499211167
1513	0.014122599498115163
1514	0.01412259948266854
1515	0.014122599339650687
1516	0.014122599339538734
1517	0.014122599336076451
1518	0.014122599328866565
1519	0.01412259929106832
1520	0.014120886772980139
1521	0.014120886772453278
1522	0.014120886649146625
1523	0.01412088664684165
1524	0.01406979616363782
1525	0.014069796163452197
1526	0.014069787722114683
1527	0.014069787249609248
1528	0.014069787071841363
1529	0.014069784440638307
1530	0.014069784435829869
1531	0.014069784427246363
1532	0.01406978379037375
1533	0.014069728726339492
1534	0.014069728722979909
1535	0.01403070698749682
1536	0.014030706987437469
1537	0.014030706987435993
1538	0.013870368206588954
1539	0.01360696502045684
1540	0.013606965014979785
1541	0.013606964673313009
1542	0.01360696467284989
1543	0.013573124206143587
1544	0.013546979621481936
1545	0.013502326147814063
1546	0.013502325456004641
1547	0.01342181857179821
1548	0.01342181857093172
1549	0.013421818559884472
1550	0.013421818559473246
1551	0.013421818559437719
1552	0.013421818559408072
1553	0.013421818554934416
1554	0.013418648101638463
1555	0.013418648046394078
1556	0.013418647956099587
1557	0.013418647955897763
1558	0.013418647955105808
1559	0.013418647944135557
1560	0.01333763183747159
1561	0.013334763233279538
1562	0.013334763233213824
1563	0.013334763229957943
1564	0.013322386365510109
1565	0.013322386360861338
1566	0.013322386360163429
1567	0.013322386358113458
1568	0.013322386344271653
1569	0.013322315380644545
1570	0.013288392724081692
1571	0.013288392462342287
1572	0.013288390122327383
1573	0.013288390122124339
1574	0.01328838999876865
1575	0.013245467057251792
1576	0.013245467056923326
1577	0.013245467041725845
1578	0.01324546454078079
1579	0.013245464540773093
1580	0.013174305465358938
1581	0.013174305428169037
1582	0.013174295042777773
1583	0.013174295042751279
1584	0.013152699895129476
1585	0.01315216545607587
1586	0.013152165455967051
1587	0.013152165455439664
1588	0.013152165455421586
1589	0.013055880282650482
1590	0.013055880261109386
1591	0.013055880254232481
1592	0.01305586164820743
1593	0.01305586154422485
1594	0.013055861544175556
1595	0.013007431424866545
1596	0.013007431354711562
1597	0.012983749799613002
1598	0.012983749799444751
1599	0.012983749799326165
1600	0.01298374979100094
1601	0.012963841343332535
1602	0.012912158993437717
1603	0.012912158992538088
1604	0.012853074102845582
1605	0.012853074100950412
1606	0.012853074100532883
1607	0.01285307399744107
1608	0.012853073997424498
1609	0.012853073997364477
1610	0.012291750200947249
1611	0.012291750191208588
1612	0.012291750190688521
1613	0.012291750186420742
1614	0.012291750185230847
1615	0.0122917500150491
1616	0.012252299097782141
1617	0.01225229909714965
1618	0.012252299097114276
1619	0.01222935732277833
1620	0.012229357317111049
1621	0.01222935726348539
1622	0.01222935726345219
1623	0.012229357262865758
1624	0.012229357262856422
1625	0.012229357262720812
1626	0.012229357185638145
1627	0.012229357185591616
1628	0.012229357185544854
1629	0.011880169047615196
1630	0.011880169047500676
1631	0.011817019232138655
1632	0.011817019231953059
1633	0.011817019231952426
1634	0.011764527100849683
1635	0.01176452710084714
1636	0.011764527090574295
1637	0.011764527090554078
1638	0.011702587378335353
1639	0.01170258733518198
1640	0.011670169085205802
1641	0.011670169085197798
1642	0.011669950770218651
1643	0.011351865173257017
1644	0.011026381102129286
1645	0.011022937105297722
1646	0.011022937105270424
1647	0.010710711875478503
1648	0.010554113707801679
1649	0.010554113707657605
1650	0.010554113706527613
1651	0.010554113706500844
1652	0.010554112701036903
1653	0.01055411270098248
1654	0.010294109620962437
1655	0.010294108663957292
1656	0.010294108662930668
1657	0.010293686519330495
1658	0.010240990660663144
1659	0.010240990655882524
1660	0.010240990655218022
1661	0.009973954442932127
1662	0.009973954349944558
1663	0.00997395434965523
1664	0.009973954347640712
1665	0.009973954347338871
1666	0.009963247091970884
1667	0.009963247091847992
1668	0.009963247091831839
1669	0.009952048488078794
1670	0.009952048487638728
1671	0.009952048482696612
1672	0.009952048482593623
1673	0.009952048482006048
1674	0.009862044852618327
1675	0.00986204485256665
1676	0.009862044852565314
1677	0.0098620438497538
1678	0.009862043849699539
1679	0.009862043849698025
1680	0.009828835067580177
1681	0.009828835067503183
1682	0.0098288349978351
1683	0.009828834997822177
1684	0.009451511071152016
1685	0.009451511061218476
1686	0.009364823949653042
1687	0.00936227200169668
1688	0.009360288277803549
1689	0.009360288277674511
1690	0.009360288277515153
1691	0.009247126461997834
1692	0.009231547663032413
1693	0.009231547663032125
1694	0.009231543669148167
1695	0.009154196447222256
1696	0.0091522338022342
1697	0.00908591028653704
1698	0.009084990597082676
1699	0.009083271876269802
1700	0.009083271876254292
1701	0.009083271876029109
1702	0.009083271876015882
1703	0.009083271876015235
1704	0.00908327129582115
1705	0.009083271295818655
1706	0.009083111664723887
1707	0.009083111664150637
1708	0.009083111663699161
1709	0.009083111650115005
1710	0.009083111599299247
1711	0.009083111599146066
1712	0.009083111596742358
1713	0.009083111596693616
1714	0.009073827376976333
1715	0.009028938609340443
1716	0.009028938609298246
1717	0.00902879278535845
1718	0.009028792785356251
1719	0.009028792785330645
1720	0.008956978523250048
1721	0.008956978522974139
1722	0.00895697852297398
1723	0.008956978522953518
1724	0.008956965092234833
1725	0.008956965092217913
1726	0.008956965092217217
1727	0.008781232041641973
1728	0.00878123204159805
1729	0.00876806465665683
1730	0.008768064656654983
1731	0.008768064656654936
1732	0.008768064633390778
1733	0.008768064633369828
1734	0.008766823855657406
1735	0.008766823844471834
1736	0.00872109304176918
1737	0.00872109303972467
1738	0.00857474086390252
1739	0.008574143591950604
1740	0.008574143580376186
1741	0.008574143580355827
1742	0.008574143577768093
1743	0.008574143556163332
1744	0.008574143550545395
1745	0.008574143550543468
1746	0.008574143550537698
1747	0.008572896770244124
1748	0.008572896666328666
1749	0.00857289666049572
1750	0.008572896660493082
1751	0.008572896660435184
1752	0.008572896660393315
1753	0.008572896660350856
1754	0.00857289666030341
1755	0.008572896660291788
1756	0.008572896659669442
1757	0.008572896659666122
1758	0.008572896659641175
1759	0.008572896659626983
1760	0.008572896659626439
1761	0.008572896659611218
1762	0.00857289665960966
1763	0.00857289047338509
1764	0.00840025118409431
1765	0.008400238166682946
1766	0.008400238166602562
1767	0.008400238166594031
1768	0.008400238166582578
1769	0.008400238166579432
1770	0.008037205047679026
1771	0.008036898248079731
1772	0.008036898247773216
1773	0.00803689823669604
1774	0.008036898236682521
1775	0.00803689823667774
1776	0.00802923304331086
1777	0.008025591220888795
1778	0.008025591174179714
1779	0.008025591174179277
1780	0.007964072426550006
1781	0.007964072426546072
1782	0.007840959044862166
1783	0.007795589722808575
1784	0.0077955897193864865
1785	0.007795589227981666
1786	0.007795589227980056
1787	0.0077955892264212736
1788	0.007795589226420848
1789	0.007795589226419367
1790	0.007795569515300697
1791	0.0077955695153006195
1792	0.007795569515278041
1793	0.007795569515273889
1794	0.0077955695152612395
1795	0.007687960242267326
1796	0.007662309439988387
1797	0.007662309439962056
1798	0.0076623094386442025
1799	0.007662309438641783
1800	0.0076623094386413055
1801	0.007662309438641072
1802	0.007662309438572523
1803	0.00766230943855319
1804	0.007637175244522276
1805	0.00763717524179169
1806	0.007637175241791013
1807	0.0076336692045567995
1808	0.007633669204554453
1809	0.007581374138875274
1810	0.007581374138854609
1811	0.007580931488170979
1812	0.00758093081949995
1813	0.007580930819341159
1814	0.007580624862478735
1815	0.007580624862327479
1816	0.007580624860513611
1817	0.007580624615378477
1818	0.0075806246153778956
1819	0.0075806246151947166
1820	0.007580624613954449
1821	0.007580624553317705
1822	0.0075806245533175535
1823	0.007562228906337428
1824	0.007562228904781716
1825	0.007534326789078546
1826	0.007534326789077894
1827	0.007534326789075145
1828	0.007534326788689094
1829	0.007534326788687618
1830	0.007534326786144837
1831	0.007534326786144093
1832	0.007534326785871881
1833	0.0075343267858669445
1834	0.007534326785866744
1835	0.007534326785485402
1836	0.007281942836635417
1837	0.007281942836617202
1838	0.007281942836616332
1839	0.007281942836613741
1840	0.0072819425144348545
1841	0.007281930880781814
1842	0.00728193088078181
1843	0.007281549873578001
1844	0.0072815498735742555
1845	0.007150888765412737
1846	0.007150888765412248
1847	0.007150888765411593
1848	0.007150888762014421
1849	0.007150888761364493
1850	0.007150888761254911
1851	0.007148529378567825
1852	0.007143750643841496
1853	0.007143750643840959
1854	0.007143750643820516
1855	0.00708396814011543
1856	0.007083968140114664
1857	0.007083857725571904
1858	0.007083809459943617
1859	0.007083809459943502
1860	0.0070838094598349
1861	0.007083809459804002
1862	0.007083809459803721
1863	0.007083809459803662
1864	0.007083809459803403
1865	0.00684308392944738
1866	0.0068430839294437865
1867	0.006843083929366907
1868	0.006773012674282256
1869	0.006773012674282208
1870	0.006773012674282123
1871	0.0067727220522603125
1872	0.006772722052259957
1873	0.006749909063304523
1874	0.006749909063228891
1875	0.006749909063155613
1876	0.0067499088726750145
1877	0.006749908872674389
1878	0.006634679259993492
1879	0.0066346694040907575
1880	0.006634669404058791
1881	0.006634669404058347
1882	0.00661727746024677
1883	0.006617277460246729
1884	0.006617265270107864
1885	0.006617265270106176
1886	0.006509478515045511
1887	0.006509478480461528
1888	0.006509478480445585
1889	0.00650917949597869
1890	0.006485307215144331
1891	0.006367634241593556
1892	0.00636763424091578
1893	0.0062207789739716305
1894	0.006220778973971482
1895	0.006220778973962016
1896	0.006209336040155441
1897	0.006209336040137622
1898	0.006080051262072765
1899	0.006068217833513826
1900	0.006068217833071424
1901	0.006068217833062018
1902	0.006058854862547306
1903	0.0060588548625463146
1904	0.006058853950416957
1905	0.00605869361858455
1906	0.0060586936185845095
1907	0.006058692565252003
1908	0.006058551768420636
1909	0.006058551768365198
1910	0.00605850168346254
1911	0.006010199746712323
1912	0.006010199746705299
1913	0.006010199746034109
1914	0.00601019974603398
1915	0.005987056712612504
1916	0.005786743117033592
1917	0.005786743117017764
1918	0.005786743117017745
1919	0.005786743117017109
1920	0.005786743117001325
1921	0.005786743117000966
1922	0.005680315950082874
1923	0.005680312143568741
1924	0.0056803121435578495
1925	0.005680312143557553
1926	0.0056802487968774336
1927	0.005679176279990424
1928	0.005664173368196535
1929	0.005664172930157492
1930	0.005645191013970841
1931	0.005552254638605244
1932	0.005552254638604545
1933	0.005552254638604259
1934	0.005547755641338008
1935	0.005484129462012525
1936	0.005484129462012488
1937	0.005484129462012366
1938	0.005247493103649174
1939	0.005247493103646328
1940	0.005247493103643319
1941	0.005247493103642931
1942	0.005247493103638575
1943	0.0052474931025262165
1944	0.005247493102519762
1945	0.005247490335367869
1946	0.00524749033531808
1947	0.005247490335314301
1948	0.005247489939028849
1949	0.0052474899390288115
1950	0.005247489938953487
1951	0.005238212005868974
1952	0.005238211986509733
1953	0.005238211986509507
1954	0.005238206856955219
1955	0.005238206856953283
1956	0.005229974450311873
1957	0.005229974450151953
1958	0.005227776083741394
1959	0.005227776083741376
1960	0.0052277331163233555
1961	0.0052277331163233
1962	0.005227733116010539
1963	0.005227733116010258
1964	0.0051562419899809035
1965	0.005156241989980851
1966	0.005155999677740815
1967	0.005155999677740782
1968	0.005155999677740767
1969	0.005155999672078312
1970	0.005155984972528482
1971	0.005155984759454794
1972	0.005155683222026049
1973	0.005155679295875848
1974	0.005155679295875474
1975	0.0051552732493655995
1976	0.0051552732493653775
1977	0.005155273249365219
1978	0.005155273249347525
1979	0.0051552732493472695
1980	0.0051552732493117944
1981	0.005155273249311742
1982	0.00500172383966202
1983	0.0050017238396567465
1984	0.00499812563732757
1985	0.004998125637155589
1986	0.004974386818937459
1987	0.004974386818480873
1988	0.004974386818480599
1989	0.004974386818476558
1990	0.004974386818476421
1991	0.004974385906838848
1992	0.004974385906762487
1993	0.00497438590676215
1994	0.004974385906759009
1995	0.004974385906755885
1996	0.004974385906755799
1997	0.004933271678055828
1998	0.004867355768552136
1999	0.004842052569385869
2000	0.0048420525693855165
2001	0.0048420525693848105
2002	0.004842052569384747
2003	0.004842052569384736
2004	0.004842052569369104
2005	0.004800995039734909
2006	0.004800995039734331
2007	0.004800995039733784
2008	0.004800995039733776
2009	0.00480098339936215
2010	0.004800983399362147
2011	0.004800983399362109
2012	0.0048009833993617615
2013	0.004800983399327567
2014	0.004800983388958698
2015	0.004730168450125597
2016	0.004730168450125586
2017	0.004713676264683956
2018	0.004713676264683868
2019	0.00471367626468386
2020	0.004665611336291076
2021	0.00466561133629105
2022	0.0046651906715187855
2023	0.004665190671518774
2024	0.004665190671517871
2025	0.00466519067151785
2026	0.004660980586520547
2027	0.004647058767599969
2028	0.004647058767572247
2029	0.004606741460170298
2030	0.0046067414598602455
2031	0.004606652150858096
2032	0.004556528474873774
2033	0.004556528474873733
2034	0.00455652847485879
2035	0.004556528474850789
2036	0.004556528474850312
2037	0.004556528474850297
2038	0.004556528474849878
2039	0.004556528472865137
2040	0.004519549021056879
2041	0.004498475312855518
2042	0.004498475312837665
2043	0.004498475312837361
2044	0.004498417429676031
2045	0.004498417429622855
2046	0.004498417429613903
2047	0.0044984174296137805
2048	0.004498417429613769
2049	0.004498417429555316
2050	0.004498417429542019
2051	0.004498304394198175
2052	0.004498304394198016
2053	0.004498304334242972
2054	0.004458712023833648
2055	0.004458712023749456
2056	0.0044587120237494044
2057	0.004458712023749371
2058	0.00445035021614533
2059	0.0044503502161392615
2060	0.004450343863466973
2061	0.004449083745196428
2062	0.0044490837451964214
2063	0.004449083745193305
2064	0.004449083745193238
2065	0.0044490836777171805
2066	0.0044490836777171285
2067	0.004426753150870163
2068	0.004426753150867879
2069	0.004426613905510357
2070	0.004426613905510254
2071	0.004248675398903726
2072	0.004248675397394948
2073	0.004248649618277774
2074	0.004100845487335384
2075	0.004100356791547788
2076	0.004100356791547788
2077	0.004100356791516243
2078	0.0041003567915157725
2079	0.0041003567915145105
2080	0.003987067795085845
2081	0.003987067795074532
2082	0.003938570153530611
2083	0.0039009752497906835
2084	0.003900975244007295
2085	0.003900497333078138
2086	0.0039004973330780753
2087	0.0037995637983317065
2088	0.003799563798331699
2089	0.003796888544267759
2090	0.0037968885442677108
2091	0.0037968885442675256
2092	0.0036044334604545814
2093	0.00360443346045457
2094	0.0035333639305307864
2095	0.003533363930530705
2096	0.0035333639305234143
2097	0.0035333487176859653
2098	0.0035333487176858877
2099	0.00353334871242759
2100	0.0035327460713719615
2101	0.003532420560424062
2102	0.003532420560424036
2103	0.0035293999290519793
2104	0.003529399894908088
2105	0.0035230234194284283
2106	0.003523023419421108
2107	0.0035230234194209603
2108	0.0035157358897471144
2109	0.0035156623976750345
2110	0.003515655530635716
2111	0.0035156555306357046
2112	0.0035156539591911042
2113	0.0035156538426704296
2114	0.0035156538426704223
2115	0.0035156538426704188
2116	0.003515653842669031
2117	0.0035156538426625843
2118	0.0035156538426624694
2119	0.003515645287830845
2120	0.0034358975375433716
2121	0.003435897537543357
2122	0.003435897034846262
2123	0.0032570767912303844
2124	0.0032570767912303844
2125	0.003257076791230218
2126	0.0032314726150410532
2127	0.0032314726150409977
2128	0.0032231858273579846
2129	0.0031962452680858846
2130	0.0031962452680858807
2131	0.003196245268085844
2132	0.003196245268085844
2133	0.00319624526808584
2134	0.0031962452661698872
2135	0.0031962452661698617
2136	0.0031962452661698465
2137	0.003196245011999281
2138	0.003192715984970958
2139	0.003165858434359581
2140	0.0031658104281832578
2141	0.0031658104281832578
2142	0.0031658030976345155
2143	0.0031029624051356784
2144	0.0031029193079459244
2145	0.0029854859628062115
2146	0.0029854859628062076
2147	0.002983213318636128
2148	0.0029832133186359394
2149	0.002983213225069766
2150	0.0029832132250697586
2151	0.002983213225020313
2152	0.00292440859992098
2153	0.0028971754207650488
2154	0.002889783243918772
2155	0.002889779980030205
2156	0.002873659138549656
2157	0.002873659138545766
2158	0.0028736588693222304
2159	0.002873658836955706
2160	0.002873622508649587
2161	0.002849243872491458
2162	0.0028492438724912954
2163	0.0028492438724912954
2164	0.002849243872491236
2165	0.0028492438724911843
2166	0.0028492438166443203
2167	0.002849243816644272
2168	0.0028492076583792898
2169	0.0028338953250545474
2170	0.002833895325054536
2171	0.002769408540499226
2172	0.0027694077540511676
2173	0.002758557607058417
2174	0.0027585576070584057
2175	0.0027585576070580987
2176	0.002758557469667326
2177	0.002735772938345234
2178	0.0027357722818843557
2179	0.0027321992234668395
2180	0.0027321986273928676
2181	0.0027321771875699324
2182	0.0027321771875698842
2183	0.002732177130778309
2184	0.0027310564811193466
2185	0.0026056869897767452
2186	0.0026056869897767418
2187	0.0026056124184726842
2188	0.002593783134577717
2189	0.002593783134577025
2190	0.0025937818439306093
2191	0.0025935354524706375
2192	0.002593535451704043
2193	0.002569367745417058
2194	0.0025693677418226
2195	0.002569238269640739
2196	0.0025692382696407166
2197	0.002569238269590131
2198	0.002569238269590124
2199	0.0025692382655610395
2200	0.0025533955413245546
2201	0.0025533955413245433
2202	0.002553395541291766
2203	0.002535448668287821
2204	0.0025354486682878136
2205	0.00253544866822553
2206	0.002258488848138318
2207	0.002234670675075612
2208	0.002234670674694835
2209	0.002234670674692496
2210	0.0022346706739878597
2211	0.0022346706739876337
2212	0.0022346706739876303
2213	0.0022346706739876303
2214	0.0022346706739715134
2215	0.0022346706739715134
2216	0.002231618940341784
2217	0.002231616145052839
2218	0.002174879966919633
2219	0.002174879966435243
2220	0.0021748799664045118
2221	0.0021748799664044007
2222	0.0021748799664044007
2223	0.002174879966403816
2224	0.0021748799664037493
2225	0.002174879966403746
2226	0.002173395083698034
2227	0.00217339508369803
2228	0.0021733950340914816
2229	0.002173395034091356
2230	0.002173395034091141
2231	0.00217339503409113
2232	0.0021733950337230134
2233	0.002173395033722943
2234	0.0021733950337229396
2235	0.0020631290846336117
2236	0.002063129084633608
2237	0.002062168715360002
2238	0.002062168715359203
2239	0.002062168711821018
2240	0.0020621687118209738
2241	0.0020621687014885574
2242	0.0020621687014870512
2243	0.002062168701478917
2244	0.002062168701478843
2245	0.0020621687014788356
2246	0.002062168701478473
2247	0.0020621687014784284
2248	0.0020577917930054554
2249	0.00205779179190592
2250	0.0020577917919059165
2251	0.00205779179183239
2252	0.0020577917918323863
2253	0.0020539852818689717
2254	0.0020539852818689678
2255	0.0020539852818656184
2256	0.002053951771332389
2257	0.002053951771332389
2258	0.002053951771332389
2259	0.002053951771332378
2260	0.002053951771332374
2261	0.002053951771332341
2262	0.002053950735390771
2263	0.002053950735390734
2264	0.0020539507353907306
2265	0.0020539507353907155
2266	0.002053897151614359
2267	0.002053897151614355
2268	0.0020538971516143516
2269	0.0020538971516143516
2270	0.0020538968401662655
2271	0.0020538968189744915
2272	0.0020370931786332053
2273	0.002037092466557159
2274	0.002037092245440978
2275	0.001936221493778382
2276	0.0019034451244707817
2277	0.0019034451244707817
2278	0.0018921455388082541
2279	0.0018921455363434814
2280	0.001892145536343463
2281	0.001892145536343463
2282	0.001892145536343463
2283	0.001869402296240652
2284	0.001869402296235297
2285	0.0018688979828603513
2286	0.0018680610879222867
2287	0.0018680610879222867
2288	0.0018680023114027093
2289	0.0018680023114026796
2290	0.0018680023113964736
2291	0.0018680023113964736
2292	0.0018679878537455712
2293	0.0018679878537455638
2294	0.0018609760728543626
2295	0.0018221095651691907
2296	0.0018221095651691907
2297	0.0018221087629961773
2298	0.0018176126520689784
2299	0.001817612652063342
2300	0.0018176126520633347
2301	0.0017914950853793244
2302	0.0017664255782595191
2303	0.0017664255782595191
2304	0.0017664255782595191
2305	0.0017664255782584791
2306	0.0017664255782584791
2307	0.0017664254564243105
2308	0.0017664254564243068
2309	0.0017664254562017442
2310	0.0017660778605516772
2311	0.001751558321578517
2312	0.0017515583215784096
2313	0.001751166922401522
2314	0.0017511669224015184
2315	0.0017511669224015147
2316	0.0017511669224015147
2317	0.0017511669224015147
2318	0.0016995789222056172
2319	0.0016995789222041516
2320	0.0016982810807278704
2321	0.0016982810807278223
2322	0.0015148783803495306
2323	0.0015148783803494417
2324	0.0015148783803494307
2325	0.0015148783803492346
2326	0.0015129424759732371
2327	0.0015129424759732298
2328	0.0015129419924911531
2329	0.0015129419924911494
2330	0.0015129419924911347
2331	0.0015120896335888126
2332	0.001512089565267553
2333	0.001512068556814187
2334	0.0015064832585924023
2335	0.0015064827634736488
2336	0.0015062320488266685
2337	0.0015062320488266649
2338	0.0015062312541121782
2339	0.001498835566244383
2340	0.001498613914759698
2341	0.0014986139147596352
2342	0.0014986139147596092
2343	0.0014986139083776847
2344	0.001498613908357175
2345	0.0014986127575046064
2346	0.0014986127151359978
2347	0.0014934419842577151
2348	0.0014859674794717615
2349	0.0014859674794702256
2350	0.0014859674794701553
2351	0.0014849973163747958
2352	0.0014849973163747847
2353	0.001484997293151095
2354	0.0014849959054142844
2355	0.0014849959054122044
2356	0.0014849959054122007
2357	0.0014849959054122007
2358	0.0014849959054121897
2359	0.0014658190051302534
2360	0.0014500185445188718
2361	0.001450018544518398
2362	0.001450018544518387
2363	0.001449035350652117
2364	0.001449035350652117
2365	0.0014488126445443839
2366	0.001448812643903045
2367	0.0014488126439030377
2368	0.0014488126439030377
2369	0.0014488113147500758
2370	0.0014488113147500758
2371	0.0014488113147500536
2372	0.00142924265889189
2373	0.0014292426588918606
2374	0.0014233482959674858
2375	0.001422038507748713
2376	0.0014220385077483725
2377	0.0014220385077483725
2378	0.0014220385077483614
2379	0.0013767192596271793
2380	0.0013767192596269684
2381	0.0013767192596269425
2382	0.0013732414730836307
2383	0.0013732414730836307
2384	0.0013732414730836307
2385	0.0013732414730213435
2386	0.0013685410697798198
2387	0.001368541069779509
2388	0.0013685410693159354
2389	0.0013685410693159354
2390	0.0013634719756450845
2391	0.0013634719756450845
2392	0.0013634117232969479
2393	0.0013315399980164066
2394	0.00133153924090215
2395	0.00133153924090215
2396	0.0013315391943646948
2397	0.0013315391835220273
2398	0.0013315385471159475
2399	0.0013315385471090568
2400	0.0013315385471090568
2401	0.0013315385471090457
2402	0.0013136386186426022
2403	0.0013136386186426022
2404	0.001308851740301098
2405	0.0013088517395914545
2406	0.001293312406930728
2407	0.0012933124069307207
2408	0.0012933122617901026
2409	0.0012933122617898956
2410	0.0012933122617898919
2411	0.0012933122484520979
2412	0.0012933070002896822
2413	0.001293306999038905
2414	0.001293306999038905
2415	0.001292154796338929
2416	0.0012921547961642244
2417	0.0012919140580912518
2418	0.0012919140580912518
2419	0.0012919140580912444
2420	0.001291914058091237
2421	0.001291285344890832
2422	0.0012912149806808511
2423	0.0012705245755026148
2424	0.0012705245755025925
2425	0.0012705245755003165
2426	0.0012705216995565964
2427	0.0012647618814052518
2428	0.001264761881405237
2429	0.001264737414724056
2430	0.0012647373411109478
2431	0.0012647373411109404
2432	0.0012642894919892309
2433	0.0012642894919892233
2434	0.001263739713358858
2435	0.0012637396990571018
2436	0.001263739698643244
2437	0.0012637396986432403
2438	0.0012637396964932008
2439	0.0012637396964931972
2440	0.0012362388719303619
2441	0.0012362388719303619
2442	0.0012362388719303582
2443	0.0012362388711944542
2444	0.0012362388711944432
2445	0.0012301381652835305
2446	0.0012301381635192491
2447	0.0012301381635192344
2448	0.0012271361133300998
2449	0.0012271361133300925
2450	0.001179092025766367
2451	0.0011790920257663336
2452	0.0011583333876814057
2453	0.0011288114600188155
2454	0.0011288114600187897
2455	0.0011287971496542926
2456	0.0011287971496542926
2457	0.001128797149654289
2458	0.0011044638542652215
2459	0.0011018490705237232
2460	0.0011018490705237195
2461	0.0011018490705237195
2462	7.675252794556054E-4
2463	7.675252654737489E-4
2464	7.675251776089002E-4
2465	7.675251776088891E-4
2466	7.667690690502511E-4
2467	7.666424545873481E-4
2468	7.666424545873444E-4
2469	7.666424545873333E-4
2470	7.666424545873333E-4
2471	7.666424545873333E-4
2472	7.571045074468856E-4
2473	7.571023981018461E-4
2474	7.571023981017869E-4
2475	7.571023981017796E-4
2476	7.571023981017759E-4
2477	7.569738195970806E-4
2478	7.539431599765075E-4
2479	7.539431599765038E-4
2480	7.539431599764853E-4
2481	7.539431599764853E-4
2482	7.539431542088471E-4
2483	7.539431542088471E-4
2484	7.530028962993003E-4
2485	7.530028962266252E-4
2486	7.53002241025443E-4
2487	7.529332521429437E-4
2488	7.529332521328147E-4
2489	7.529332521328147E-4
2490	7.52933252132811E-4
2491	7.52933252132811E-4
2492	7.529332521326778E-4
2493	7.516973033980097E-4
2494	7.51697303395582E-4
2495	7.516891875504898E-4
2496	7.512100129239123E-4
2497	7.512100129225355E-4
2498	7.109386360612202E-4
2499	7.109386360612202E-4
2500	7.109365696839139E-4
2501	7.104020270219058E-4
2502	7.011605486806978E-4
2503	7.011605485858774E-4
2504	7.011604294988963E-4
2505	6.988641478697932E-4
2506	6.988641478691345E-4
2507	6.988641442413364E-4
2508	6.988641442409146E-4
2509	6.985547016505925E-4
2510	6.985547016505333E-4
2511	6.98554701650526E-4
2512	6.985546796382302E-4
2513	6.985546794831284E-4
2514	6.985546794831247E-4
2515	6.98554679483121E-4
2516	6.98554679483121E-4
2517	6.952661030533899E-4
2518	6.952661027151641E-4
2519	6.416773208960502E-4
2520	6.416773208960502E-4
2521	6.416773208960502E-4
2522	6.416773208960502E-4
2523	6.221224514610194E-4
2524	6.221224514610084E-4
2525	6.221224514610084E-4
2526	6.221224514609973E-4
2527	6.221224514609973E-4
2528	6.221224489746047E-4
2529	6.221224489745973E-4
2530	6.220744112187723E-4
2531	6.220744092576409E-4
2532	6.220744092576409E-4
2533	6.220744092576409E-4
2534	6.220744092576336E-4
2535	6.220744092560349E-4
2536	6.174696195596481E-4
2537	6.172872380136493E-4
2538	6.172854123150791E-4
2539	6.17285395383386E-4
2540	6.172853898366155E-4
2541	6.138694386076319E-4
2542	6.117972683050033E-4
2543	6.038880729278125E-4
2544	6.03888072927794E-4
2545	6.016117300544743E-4
2546	6.016117300542301E-4
2547	6.009645290762866E-4
2548	6.009645225993269E-4
2549	6.001145637960985E-4
2550	6.001145637960873E-4
2551	6.001145637960836E-4
2552	6.001145637960726E-4
2553	6.001145637960726E-4
2554	6.001145637960726E-4
2555	6.001145637960689E-4
2556	6.001145637960689E-4
2557	6.00113910078659E-4
2558	6.00113910078659E-4
2559	5.995312518058774E-4
2560	5.995312517864522E-4
2561	5.980340368309041E-4
2562	5.979238672316756E-4
2563	5.979238672316682E-4
2564	5.979237823666531E-4
2565	5.979237823666457E-4
2566	5.979237823666457E-4
2567	5.979237823666384E-4
2568	5.979237823666384E-4
2569	5.97923782366631E-4
2570	5.977918964396552E-4
2571	5.381582691223945E-4
2572	5.381582691223945E-4
2573	5.039713697349717E-4
2574	5.039713697349679E-4
2575	4.940300398180534E-4
2576	4.940299146623306E-4
2577	4.914973904469267E-4
2578	4.914973904469267E-4
2579	4.812324218322783E-4
2580	4.810501286781769E-4
2581	4.810501286781769E-4
2582	4.810501286781732E-4
2583	4.810501286781732E-4
2584	4.8093153640147064E-4
2585	4.8093153640147064E-4
2586	4.8085645331257996E-4
2587	4.7754415448686784E-4
2588	4.7754415448685673E-4
2589	4.77296442536046E-4
2590	4.772964425360312E-4
2591	4.7729644253602745E-4
2592	4.772173893498192E-4
2593	4.7339099250883756E-4
2594	4.733909924639808E-4
2595	4.733909919237611E-4
2596	4.7327476450202227E-4
2597	4.718485881956965E-4
2598	4.718485881956928E-4
2599	4.7172079377031013E-4
2600	4.71720414095278E-4
2601	4.716146975284367E-4
2602	4.7161469752623103E-4
2603	4.716146973148853E-4
2604	4.716146973148816E-4
2605	4.7161070106059854E-4
2606	4.715692561016634E-4
2607	4.715692560646412E-4
2608	4.715622504026536E-4
2609	4.715622504026536E-4
2610	4.7156082279226443E-4
2611	4.713567193539362E-4
2612	4.713567191436341E-4
2613	4.7135671914363037E-4
2614	4.702402102703155E-4
2615	4.702402102703155E-4
2616	4.702402102703044E-4
2617	4.702402102703007E-4
2618	4.7023971388101177E-4
2619	4.7023971388101177E-4
2620	4.7023858868842824E-4
2621	4.702385886035628E-4
2622	4.702385886035628E-4
2623	4.699205494164249E-4
2624	4.643118327446386E-4
2625	4.6431183261816573E-4
2626	4.642920327060485E-4
2627	4.642881081090344E-4
2628	4.6428465790157396E-4
2629	4.642724983644634E-4
2630	4.6427244539678874E-4
2631	4.642724453967813E-4
2632	4.642724366518173E-4
2633	4.6427243665180993E-4
2634	4.642724366507996E-4
2635	4.642724366507885E-4
2636	4.642724366507848E-4
2637	4.64264288081299E-4
2638	4.3280996357763314E-4
2639	4.3279520714051647E-4
2640	4.3279520714051647E-4
2641	4.327950937952611E-4
2642	4.327893545891285E-4
2643	4.326702247202922E-4
2644	4.326702247202663E-4
2645	4.326702247202663E-4
2646	4.326702247202663E-4
2647	4.3267022472025886E-4
2648	4.3267022472025886E-4
2649	4.326702242240447E-4
2650	4.3267021017724395E-4
2651	4.326702101770219E-4
2652	3.960995382864911E-4
2653	3.9605898669982836E-4
2654	3.95327710190004E-4
2655	3.9527720994932217E-4
2656	3.952772099493185E-4
2657	3.952318924580663E-4
2658	3.950842143565114E-4
2659	3.95084212456176E-4
2660	3.9508421245617226E-4
2661	3.950842124240017E-4
2662	3.9493473436678456E-4
2663	3.948736448003309E-4
2664	3.919644868486838E-4
2665	3.916344115273603E-4
2666	3.916344115273492E-4
2667	3.9162796568279477E-4
2668	3.8924661149752904E-4
2669	3.892433817222152E-4
2670	3.499854875910498E-4
2671	3.499833305989723E-4
2672	3.49945663746154E-4
2673	3.499456636456307E-4
2674	3.499456636456122E-4
2675	3.499094109215339E-4
2676	3.499094109193505E-4
2677	3.496601496860189E-4
2678	3.445005210202338E-4
2679	3.445005210202301E-4
2680	3.372817768110492E-4
2681	3.372802017098738E-4
2682	3.372802017098701E-4
2683	3.372802017098664E-4
2684	3.364913252326462E-4
2685	3.364913252326462E-4
2686	3.3649130806328773E-4
2687	3.364662640752673E-4
2688	3.3646626407486023E-4
2689	3.3646299917014695E-4
2690	3.3645865152655735E-4
2691	3.3645865152655735E-4
2692	3.3643704088212785E-4
2693	3.3643578850807524E-4
2694	3.3643578850807524E-4
2695	3.3643578850807155E-4
2696	3.3643578850807155E-4
2697	3.363815317265077E-4
2698	3.3628483648113773E-4
2699	3.3567118274492326E-4
2700	3.3310292299942125E-4
2701	3.331029229993399E-4
2702	3.2796615324602504E-4
2703	3.279651427874157E-4
2704	3.279651407928445E-4
2705	3.279651407928371E-4
2706	3.279651407927742E-4
2707	3.279651407927742E-4
2708	3.279651407927742E-4
2709	3.2796159005529975E-4
2710	3.2796159005529975E-4
2711	3.2796159005529975E-4
2712	3.279502668030195E-4
2713	3.177076707294243E-4
2714	3.1770767072941686E-4
2715	3.151650049932231E-4
2716	3.151606780344577E-4
2717	3.1316912335758914E-4
2718	3.131691233575817E-4
2719	3.1316912335757803E-4
2720	3.1316912335757803E-4
2721	3.093782897073146E-4
2722	3.0826693532263566E-4
2723	3.082669077415353E-4
2724	3.0826650576804747E-4
2725	3.0826650573974784E-4
2726	2.0997804542737992E-4
2727	2.0997804525233477E-4
2728	2.098309149330735E-4
2729	2.0983091493306978E-4
2730	2.098257107244909E-4
2731	2.0982133413189515E-4
2732	2.0982133413186924E-4
2733	2.0340927911150682E-4
2734	2.0340921373963964E-4
2735	2.0340069890925072E-4
2736	2.034006989091619E-4
2737	2.034006989091619E-4
2738	2.034006989091619E-4
2739	2.0339675841887228E-4
2740	1.9830172260865513E-4
2741	1.9826766643380825E-4
2742	1.9796598546989452E-4
2743	1.9787315230692659E-4
2744	1.978731523069229E-4
2745	1.902217168614088E-4
2746	1.9020240267127267E-4
2747	1.9020238714852292E-4
2748	1.9020238714840081E-4
2749	1.902023871483971E-4
2750	1.902023871483971E-4
2751	1.901908411504542E-4
2752	1.9018638411787413E-4
2753	1.9001117378414739E-4
2754	1.9001117378400305E-4
2755	1.8996816539256222E-4
2756	1.8996816539253262E-4
2757	1.8996815385916946E-4
2758	1.8996814684654935E-4
2759	1.8938869543383047E-4
2760	1.8938859905514766E-4
2761	1.8920704297582894E-4
2762	1.8920450510981162E-4
2763	1.7816320746368852E-4
2764	1.7814414615476836E-4
2765	1.7814414615476836E-4
2766	1.7814369287839267E-4
2767	1.7814369269797775E-4
2768	1.781422369997121E-4
2769	1.7814209836471603E-4
2770	1.77856987507193E-4
2771	1.778569875071893E-4
2772	1.7775451374215656E-4
2773	1.7775434607079089E-4
2774	1.7509624341348616E-4
2775	1.7499764057513263E-4
2776	1.7499764057511414E-4
2777	1.7450915887068746E-4
2778	1.6105660606939852E-4
2779	1.6104316643730983E-4
2780	1.6104316643729874E-4
2781	1.6104316643634025E-4
2782	1.6104316643617E-4
2783	1.610431664361367E-4
2784	1.6104316643611078E-4
2785	1.6103814473682106E-4
2786	1.6103788515839563E-4
2787	1.6103738959214465E-4
2788	1.6103656273613876E-4
2789	1.6103656273612396E-4
2790	1.6093867207676028E-4
2791	1.3776168107152432E-4
2792	1.3776092057045478E-4
2793	1.3776084297770035E-4
2794	1.3776084268285843E-4
2795	1.264117998755217E-4
2796	1.2126328751993487E-4
2797	1.2126328751992747E-4
2798	1.2108163906531984E-4
2799	1.2108145903924802E-4
2800	1.2108145147547619E-4
2801	1.2108145147546509E-4
2802	1.2108069415765292E-4
2803	1.2108069415764552E-4
2804	1.2105984024071147E-4
2805	1.2105512295971233E-4
2806	1.2105121670954455E-4
2807	1.2105121670954085E-4
2808	1.2102564376137067E-4
2809	1.2102564375946109E-4
2810	1.1880158905593167E-4
2811	1.188015450319324E-4
2812	1.188015450319324E-4
2813	1.186545596199721E-4
2814	1.186545596199721E-4
2815	1.186545596199684E-4
2816	1.1764755102754062E-4
2817	1.1738028866349337E-4
2818	1.1738028866349337E-4
2819	1.1737061068997448E-4
2820	1.1734709673926943E-4
2821	1.1734709673925093E-4
2822	1.1734709673925093E-4
2823	1.1734654864511787E-4
2824	1.1734654864511047E-4
2825	1.1734654864497355E-4
2826	1.1734649690536096E-4
2827	1.173355067459155E-4
2828	1.1733550671720883E-4
2829	1.1733550671720143E-4
2830	1.1733550671719773E-4
2831	1.1733550671719403E-4
2832	1.17335506675272E-4
2833	1.1733550665791922E-4
2834	1.1733550665791552E-4
2835	1.1733550665787111E-4
2836	1.1733550665787111E-4
2837	1.1731793289495214E-4
2838	1.1731793289494474E-4
2839	1.1728496791298577E-4
2840	1.1728496791298207E-4
2841	1.1728496791297837E-4
2842	1.1728475377384973E-4
2843	1.1728475005498376E-4
2844	1.1728458391525957E-4
2845	1.1727198804268128E-4
2846	1.1727149808171319E-4
2847	1.1686862645635677E-4
2848	1.168686264341005E-4
2849	1.1686862643129532E-4
2850	1.1677791720056858E-4
2851	1.1677791720056858E-4
2852	1.1677791720056858E-4
2853	1.0362296907439802E-4
2854	1.0362296907439802E-4
2855	1.0362296907439432E-4
2856	1.0362296907438692E-4
2857	1.0361801882030619E-4
2858	1.0361801882029139E-4
2859	1.0361801882028769E-4
2860	1.0361800678526286E-4
2861	1.0361800678476326E-4
2862	1.0361800678476326E-4
2863	1.0359089064162126E-4
2864	1.0359089064161756E-4
2865	1.0359084613666598E-4
2866	1.0359084613263958E-4
2867	1.0359084613263588E-4
2868	1.0334726622814131E-4
2869	1.0334726620461198E-4
2870	1.0334724172891644E-4
2871	1.0329287937419866E-4
2872	1.0329287937419866E-4
2873	1.0179375435583892E-4
2874	1.0179336310031095E-4
2875	1.0179336310028875E-4
2876	1.0170941649446652E-4
2877	1.0140117217704396E-4
2878	1.0131211011459677E-4
2879	8.81805197875618E-5
2880	8.81805197875507E-5
2881	8.81805197875396E-5
2882	7.971882116443544E-5
2883	7.971771483205418E-5
2884	7.73064497489003E-5
2885	7.730628982590692E-5
2886	7.73062860126054E-5
2887	7.730628212244313E-5
2888	7.729500977918061E-5
2889	7.729500959702262E-5
2890	7.631919817511953E-5
2891	7.631741369087766E-5
2892	7.5119142984074E-5
2893	7.50195382992147E-5
2894	7.501034934332222E-5
2895	7.50103380446491E-5
2896	7.50103380446454E-5
2897	7.501027084982903E-5
2898	7.501027032609612E-5
2899	7.475042645513167E-5
2900	7.473607667507117E-5
2901	7.473606948685077E-5
2902	7.473606948685077E-5
2903	7.473606948683967E-5
2904	7.385563973355547E-5
2905	7.109516357481175E-5
2906	7.109516357481175E-5
2907	7.109516357480065E-5
2908	7.109516357480065E-5
2909	7.109516357480065E-5
2910	7.109516357394208E-5
2911	7.109516357394208E-5
2912	7.042424837288379E-5
2913	7.04242483356395E-5
2914	7.04239438987934E-5
2915	7.04135065810759E-5
2916	7.04135065810759E-5
2917	6.914410990039125E-5
2918	6.907712397626886E-5
2919	6.798445901870695E-5
2920	6.79843752751319E-5
2921	6.79843752751319E-5
2922	6.79843752751319E-5
2923	6.781092486351688E-5
2924	6.781092469525888E-5
2925	6.612159031308407E-5
2926	6.612159031308407E-5
2927	6.612159019169598E-5
2928	6.612157395428087E-5
2929	6.612157395340379E-5
2930	6.0957541281917806E-5
2931	6.095754126270355E-5
2932	6.0957534128077324E-5
2933	6.09485860085579E-5
2934	6.09485860085542E-5
2935	6.094855530559921E-5
2936	6.0586812091245615E-5
2937	6.0586497906234274E-5
2938	6.0457422065696155E-5
2939	6.04563202385E-5
2940	6.04563202384963E-5
2941	6.04563202384889E-5
2942	2.4242482570861295E-5
2943	2.424048008966562E-5
2944	2.423862099083518E-5
2945	2.4238620990827778E-5
2946	2.4238620990820378E-5
2947	2.4124057099291405E-5
2948	2.4124057099284002E-5
2949	2.4124057099284002E-5
2950	2.4124049792680532E-5
2951	2.4124049792680532E-5
2952	2.4123941051131432E-5
2953	2.407322728483763E-5
2954	2.4073226312267457E-5
2955	2.4073161027253023E-5
2956	2.3535826204764317E-5
2957	2.353581428793753E-5
2958	2.3535814287930132E-5
2959	2.3535146910539744E-5
2960	2.3531820904565402E-5
2961	2.3524023724793194E-5
2962	2.35004847513672E-5
2963	2.3398626842322893E-5
2964	2.3099249042716578E-5
2965	2.3099247652362078E-5
2966	2.3099247652265862E-5
2967	2.309924561285648E-5
2968	2.3099245612852776E-5
2969	2.3099245612849077E-5
2970	2.309875308026399E-5
2971	1.845351195856789E-5
2972	1.8453484506693783E-5
2973	1.8449032510188998E-5
2974	1.8448995781257988E-5
2975	1.8442846476577716E-5
2976	1.822988957511651E-5
2977	1.8229866770484252E-5
2978	1.822985150142046E-5
2979	1.8227229418314265E-5
2980	1.8205964374666077E-5
2981	1.8205964144217083E-5
2982	1.8205964144217083E-5
2983	1.8205963520845357E-5
2984	1.8205963520837957E-5
2985	1.7232387149509107E-5
2986	1.7232386609381902E-5
2987	1.7232386609370803E-5
2988	1.7228469441869324E-5
2989	1.722846944029651E-5
2990	1.722846944029651E-5
2991	1.7228468560955466E-5
2992	1.7228468541249007E-5
2993	1.7228468327405246E-5
2994	1.7218735270729813E-5
2995	1.721728756155875E-5
2996	1.7217287505022493E-5
2997	1.7217287505022493E-5
2998	1.7217287505022493E-5
2999	1.7217287505018793E-5
3000	1.721728746891064E-5
