1	1.9542259985944858E8
2	1.732453601388939E8
3	1.565050144286086E8
4	1.4019789889483547E8
5	1.2867932372129816E8
6	1.215245207196858E8
7	1.0709065830067068E8
8	9.811032706147227E7
9	9.163150113903715E7
10	8.415412419556673E7
11	7.57864041986909E7
12	7.197596757207505E7
13	6.5155163293758035E7
14	6.0342524201200165E7
15	5.491810933116839E7
16	5.201554123388942E7
17	4.988617734826161E7
18	4.761534204974498E7
19	4.399028885981575E7
20	4.134596375986435E7
21	3.931955842411752E7
22	3.766970244859321E7
23	3.57864441118509E7
24	3.3301605748477533E7
25	2.9713600055294063E7
26	2.857190482895207E7
27	2.6933718137417894E7
28	2.5594770368723854E7
29	2.4886769848334756E7
30	2.3465985667685162E7
31	2.248212220852045E7
32	2.0533132233248953E7
33	1.898071827490665E7
34	1.845030903877036E7
35	1.7188574144483767E7
36	1.6738434185266575E7
37	1.6176586688872637E7
38	1.5385491547115771E7
39	1.4898778362783376E7
40	1.3575615516325926E7
41	1.255064570593851E7
42	1.1341030864303553E7
43	1.0588013337904453E7
44	1.0183069186610963E7
45	9556713.373824751
46	9238335.44615973
47	9052849.755085392
48	8731437.120300625
49	8063607.394658797
50	7755136.292612528
51	7647432.5997319855
52	7303102.461921567
53	6948542.873660023
54	6424594.659444815
55	6045506.633815979
56	5701872.418808996
57	5537870.6134478515
58	5226327.098690369
59	5040062.585033682
60	4934973.145180288
61	4857100.534796196
62	4668571.9662087625
63	4504250.976151071
64	4093883.9493443826
65	3923334.833225726
66	3758378.5921992
67	3592601.016602503
68	3298881.527252093
69	3103511.7837323574
70	2947050.0642254185
71	2817688.5960220275
72	2692373.2948489715
73	2492017.0457981755
74	2422916.1377010867
75	2347334.402812759
76	2237686.073449258
77	2112873.166169183
78	2049711.0253084651
79	1961814.6789791153
80	1846895.4777115693
81	1757151.3906547888
82	1724348.419657727
83	1628169.9242264219
84	1571317.5443816998
85	1444733.0597690311
86	1404882.6838520248
87	1313122.4871699282
88	1222197.291360263
89	1194023.0530029854
90	1119517.5335635245
91	1051369.8566889628
92	1005284.7930955308
93	936172.4503592972
94	910012.481276692
95	870942.909197779
96	843264.8825276569
97	811669.284833262
98	780134.9944014584
99	766555.1130095377
100	709274.0012268488
101	681294.3806342542
102	647682.7574741816
103	616138.3049902567
104	586620.4488042502
105	574537.8219330594
106	550745.0430373251
107	532354.6151118639
108	511360.2877246203
109	497660.1643925536
110	485700.45753446926
111	467349.2524799972
112	446207.35580310016
113	401899.1644551364
114	362070.1809707525
115	349680.11423450924
116	332990.59139164974
117	314206.06235105
118	287178.18596100615
119	273342.5788475759
120	261951.35263888963
121	253888.54290564492
122	232579.5660344032
123	217723.07705883886
124	210959.5941138876
125	208252.52590777594
126	197912.50365894157
127	186584.48781417124
128	182160.2366928095
129	176303.87643525974
130	171154.78279530417
131	170487.30225507525
132	161601.23682562713
133	154463.57735127525
134	148572.23920502735
135	145313.9423909836
136	143987.55484028428
137	136318.52625606078
138	130214.41566105974
139	127637.15288111048
140	118196.43098064343
141	115622.53647744509
142	110336.8813337429
143	100588.80593933398
144	94922.43605124798
145	93256.38341898411
146	87906.97267084973
147	81128.9738427182
148	77174.22739621138
149	71495.5986088595
150	67930.33555633426
151	66290.71446166094
152	65721.35111796948
153	64694.76514362474
154	60336.442382743306
155	56487.03755662946
156	54222.19488446242
157	50783.980056561755
158	49185.3564173392
159	46593.317677370906
160	42652.63440603538
161	39389.46405683166
162	38484.370836673304
163	35106.04289036072
164	33994.90137482176
165	32715.631070381372
166	32126.550547173698
167	31281.4684774498
168	30541.711205079395
169	29370.23980514577
170	28018.400507365488
171	27442.127326452788
172	27081.992691919706
173	26450.535052900912
174	25422.1695196172
175	24180.703261340208
176	23171.40901293954
177	22330.791099611564
178	21175.518111951948
179	20622.095014672956
180	19278.31548832449
181	18836.730167507034
182	18002.96621245738
183	16883.529435656652
184	16425.10630414286
185	15959.953109416216
186	15770.873967006424
187	14518.022751542821
188	14016.702227220969
189	12990.354533994938
190	12778.207279752463
191	12602.214007235068
192	12194.869851027574
193	11423.684095194038
194	10755.10571957019
195	10430.469366662866
196	10169.676001108397
197	9773.18779882383
198	9527.003082280262
199	9194.726615799727
200	8980.994671900908
201	8689.929774473796
202	8415.576068584609
203	8188.028133928144
204	8062.200152651198
205	7437.828288975228
206	6853.9443475222215
207	6677.903073372871
208	6458.2799715289775
209	6043.456212803846
210	5745.424634021744
211	5584.594118747757
212	5304.1749981845
213	5062.3217575735725
214	4885.530525474091
215	4712.680709374289
216	4484.606060753382
217	4441.365030378608
218	4374.245040622201
219	4237.145856418444
220	4190.366391955394
221	4060.792684009053
222	3899.423804055988
223	3747.961119639838
224	3445.978248743954
225	3412.61413547044
226	3361.2160802314593
227	3266.0921861818183
228	3126.635248047852
229	3085.420175422348
230	3035.129403374385
231	2975.2815449554687
232	2839.154812099032
233	2665.5579474841147
234	2524.4990488935687
235	2451.3556299259903
236	2324.469849578961
237	2293.8750387854866
238	2204.397819954605
239	2106.117408836747
240	1999.6094229210917
241	1951.8647857876197
242	1833.979969826026
243	1817.3226473482564
244	1782.591807910059
245	1692.360897981095
246	1611.9997385748306
247	1571.8155614188215
248	1506.893933474063
249	1452.9249022258155
250	1400.6985960302193
251	1377.0059241114218
252	1348.5749112467413
253	1317.538170146386
254	1275.866858737883
255	1258.4674471832884
256	1233.0076740670845
257	1216.5962551570717
258	1195.386028110398
259	1149.335059850986
260	1120.1704337932845
261	1044.6363280102303
262	1020.7901045884354
263	981.7103660499581
264	965.474701869987
265	941.2168252243763
266	908.218157770259
267	878.9337891885194
268	852.5692668437325
269	823.0011481988853
270	794.4825371745186
271	762.8457660828824
272	749.7308323313712
273	698.7269480710634
274	695.1241712281977
275	687.1499254227858
276	672.4852921289649
277	651.7821911159957
278	610.7175260061261
279	597.5543829621124
280	586.0485256542161
281	571.6958243117443
282	563.3472901503329
283	553.6159313108692
284	545.2924833867397
285	534.6282179751908
286	527.1989095889669
287	518.9044188663916
288	508.85916449616946
289	493.723422605388
290	477.9255424862999
291	464.4278555480847
292	461.7757491369099
293	454.4441022493504
294	450.774828232579
295	432.60515128325824
296	421.01473739079836
297	408.49472225444566
298	408.2185034044471
299	395.4215930943814
300	376.8710323104823
301	366.3983516151417
302	354.0862076138889
303	344.63837023945337
304	340.3371528227806
305	333.72330592467205
306	330.19619440764814
307	324.86233948798485
308	318.2949520707941
309	306.68093349974043
310	297.06503605324525
311	294.57111351549605
312	285.33214761311706
313	278.11082198291444
314	276.03625679287455
315	268.5260521466129
316	264.68664190754475
317	260.0663230554221
318	257.13424585391016
319	254.1944627948745
320	250.00923351690446
321	243.9869960121428
322	239.20128397533236
323	235.03235575083866
324	231.27622020274183
325	229.2778691444731
326	227.36195881041334
327	225.06005158924023
328	221.12809414603296
329	215.68303244240968
330	203.44286018382155
331	196.4327092210169
332	188.74670789594182
333	183.1375333289506
334	181.99945633177987
335	176.2604691318297
336	174.14992681772344
337	173.91335608953753
338	169.50905642140742
339	165.709543142884
340	163.610456821648
341	162.23030181923133
342	157.40020793788833
343	152.7891373094082
344	151.31515501760188
345	149.88432352612196
346	147.8567690686315
347	145.305382447584
348	144.3886848381731
349	140.94239641928476
350	138.1922461818245
351	137.64072953992547
352	134.4887988275908
353	131.15350034484487
354	129.46463987212687
355	126.06787058610784
356	125.26783736578311
357	124.72797549656453
358	121.39908407448706
359	119.0255242505429
360	117.74273059230588
361	115.28543274774174
362	112.5819348784471
363	111.76956546310187
364	110.20962184051399
365	106.47719129046662
366	104.3170113398169
367	102.36079040001273
368	100.6382779406239
369	100.04400595343485
370	98.40592105913397
371	97.24236768671032
372	95.37827483523645
373	95.11354005241682
374	92.4610466768732
375	89.95520670063846
376	89.3321971862072
377	88.74798344660032
378	87.22903455699227
379	85.52490800587833
380	82.90678570850825
381	82.24998398122054
382	80.89797297349067
383	79.83465072146286
384	79.08986923505714
385	78.8311287459703
386	77.10301147674963
387	75.65222391097872
388	74.88689870891311
389	73.54461192661104
390	72.58533433439271
391	71.42086840009549
392	70.35872381782478
393	69.41153199500016
394	68.09118480302017
395	66.38252698036413
396	65.64849481150033
397	64.24790503116016
398	63.65005218730364
399	62.66027509998812
400	60.92096056472205
401	60.550959563466265
402	58.951411687311946
403	58.46034716554438
404	57.83704421823739
405	57.59149619554487
406	56.696266921088316
407	56.083765820128036
408	55.216927031261214
409	54.52324976310941
410	53.85288162441441
411	53.44421408039104
412	52.95907026000387
413	52.22630104445376
414	51.686797777821035
415	50.78767302126911
416	49.376647589687316
417	49.117623820600166
418	48.83236855481206
419	48.412888559153274
420	48.124346969198584
421	47.90982643984295
422	47.55590841051836
423	47.211216627935976
424	46.55785369099508
425	46.21507700172635
426	45.697693725277965
427	45.12854058870399
428	44.83222629255976
429	44.33035894219029
430	43.76069945455638
431	43.24226544752517
432	42.8404900589097
433	42.738277115266435
434	42.63244884660191
435	42.21229498983712
436	41.95900049331129
437	41.71973850323977
438	41.59860476180185
439	41.38169134081657
440	41.17854369617998
441	40.685496469446676
442	40.4378820637363
443	40.34534021870433
444	39.84317423516796
445	39.576782137522784
446	39.36813869427207
447	38.92335257447228
448	38.66600400568993
449	38.202924549139745
450	37.97861364371806
451	37.84151765153506
452	37.33668539510349
453	37.209961900076834
454	36.93037846564483
455	36.55470183341454
456	36.44085478061588
457	36.3076493021304
458	35.81307790506096
459	35.611854041467915
460	35.37854518053949
461	35.17224972747057
462	34.822587580391534
463	34.70034780242964
464	34.643728986423945
465	34.50087191847059
466	34.258275303521074
467	33.89702847560586
468	33.763915461576
469	33.569352444358444
470	33.44059201326046
471	33.28454441575324
472	33.220868446694716
473	33.094744578856805
474	33.028889459768166
475	32.84829369614254
476	32.604781697055564
477	32.583736886812154
478	32.53009719416725
479	32.40236019637496
480	32.20373885947344
481	32.09690594270359
482	31.97297087941436
483	31.682345809194032
484	31.589850363716575
485	31.455736284246747
486	31.40815018244009
487	31.291706265925537
488	31.216269595230553
489	31.118506300368164
490	31.079622006436168
491	30.999004200409193
492	30.766359167287344
493	30.624511386864757
494	30.504976970140003
495	30.276983449031665
496	30.260459654311607
497	30.23915725018777
498	30.140471841359226
499	30.058773405534
500	30.00393062291185
501	29.98076563432401
502	29.888989106883525
503	29.809616379099896
504	29.776614629270664
505	29.65685404559576
506	29.560859791601874
507	29.4935171480083
508	29.43000177547342
509	29.394614365627188
510	29.32546962299519
511	29.22003164026788
512	29.175644097318088
513	29.106082511966164
514	29.054219960614073
515	29.006518488149684
516	28.914919980891487
517	28.863807651966926
518	28.83610728616266
519	28.799078918268226
520	28.745992822539446
521	28.735321573637
522	28.68928953896741
523	28.609918786469667
524	28.570848417416354
525	28.496713559502286
526	28.46619620342464
527	28.409348047110992
528	28.38774593076739
529	28.37195176524745
530	28.307735937761837
531	28.255581499033973
532	28.21827680449137
533	28.185768696537362
534	28.13212479384173
535	28.11349115148865
536	28.069632570716514
537	28.037272435770983
538	27.991923614078814
539	27.971221531144696
540	27.955896448869943
541	27.88844112597388
542	27.853373864452244
543	27.831018380690384
544	27.802289035698347
545	27.80091134900192
546	27.77950115539325
547	27.768162042124864
548	27.747932847621765
549	27.719861182999747
550	27.707733751702396
551	27.69207075830952
552	27.675464840809507
553	27.652359209934392
554	27.646546166073804
555	27.579484886718962
556	27.51454973290964
557	27.5050408748405
558	27.479302404818476
559	27.46675128980044
560	27.447762621953338
561	27.408130786885156
562	27.401641576890064
563	27.378632010270344
564	27.343185273460247
565	27.33412614098207
566	27.300241563212428
567	27.26715485283248
568	27.23215715162685
569	27.221464919019315
570	27.197951672197174
571	27.194428710208985
572	27.1664788740738
573	27.13986737594053
574	27.136768425065636
575	27.125290314064443
576	27.120753863683856
577	27.064905282044652
578	27.02295079719733
579	27.008914645354196
580	27.001539287457494
581	26.9914266354433
582	26.967744504467014
583	26.9574613075323
584	26.946897446415836
585	26.94432540095683
586	26.943007936161926
587	26.91103221316756
588	26.90760670952482
589	26.894173487354525
590	26.866755773776084
591	26.843806814837002
592	26.835770712708747
593	26.832266382917208
594	26.814908390308084
595	26.77746506880347
596	26.760181924348707
597	26.74167269209918
598	26.74052450327729
599	26.719949654623722
600	26.693919347237777
601	26.691137654127715
602	26.684485107679514
603	26.66759929764241
604	26.659209615661517
605	26.651173358285963
606	26.639782084158316
607	26.633477813038876
608	26.627780559662458
609	26.62429286892606
610	26.592228232277556
611	26.588422749232034
612	26.578871029616725
613	26.57802520869542
614	26.575245679060163
615	26.55798257777566
616	26.556688563466423
617	26.553138270025308
618	26.549811145488924
619	26.534987426995123
620	26.53347717567256
621	26.524879958866585
622	26.508337318402784
623	26.504411568176838
624	26.503029253298276
625	26.488308661102902
626	26.484295966022618
627	26.452442250360004
628	26.4215384771558
629	26.420567181518937
630	26.418823423231114
631	26.415599310317507
632	26.410866713531753
633	26.402901430558533
634	26.39693098661217
635	26.393499904896892
636	26.39297392723488
637	26.392436077651713
638	26.391973533904547
639	26.381429182489153
640	26.37429892281373
641	26.37339612428998
642	26.369127238449185
643	26.365468042027384
644	26.361260368047603
645	26.34524130063226
646	26.34348422631644
647	26.329224425843858
648	26.326192940563764
649	26.324828521671584
650	26.316161933503302
651	26.3148144550948
652	26.313500497679975
653	26.313108059372805
654	26.312761619328874
655	26.312366672726196
656	26.309910746295895
657	26.285943550336125
658	26.285105846614577
659	26.284012706002578
660	26.28393983448685
661	26.28297968021185
662	26.28172151488695
663	26.27091292967956
664	26.247962749833516
665	26.247435607049844
666	26.231363538069953
667	26.230933224467503
668	26.2266130039968
669	26.220678201874275
670	26.219005531807806
671	26.215111675514148
672	26.212341620426876
673	26.21184430949962
674	26.210606598378902
675	26.21027461850646
676	26.140152640000224
677	26.125256911658564
678	26.100787143617026
679	26.083791027474756
680	26.082239573326977
681	26.06951739709554
682	26.054219223311698
683	26.053732101610567
684	26.037336997021175
685	26.02389386860344
686	25.99817572659915
687	25.997666394576626
688	25.9950435920011
689	25.993953668292583
690	25.99298941854853
691	25.992711880611935
692	25.991742347752854
693	25.991495163921805
694	25.98183334301003
695	25.976675762665995
696	25.973115405558687
697	25.97277552849739
698	25.97274495425435
699	25.972652331407364
700	25.971301638691806
701	25.96918649235175
702	25.96737152109752
703	25.962395468620024
704	25.960517153240083
705	25.960315263170298
706	25.94470138324768
707	25.9440559029774
708	25.943391942309898
709	25.94289172711198
710	25.942654926605147
711	25.942304169617046
712	25.94204580884369
713	25.93987138533894
714	25.92836822774372
715	25.926230541775475
716	25.923684801200118
717	25.92212568213427
718	25.92209074680367
719	25.914983174659294
720	25.91416025315902
721	25.913970247960297
722	25.911509240790078
723	25.898210583908813
724	25.883907970616537
725	25.858635059748888
726	25.858210026527694
727	25.85776559255958
728	25.856146910973063
729	25.855851773025545
730	25.85175965877404
731	25.840033413162182
732	25.83992787984277
733	25.83946531286391
734	25.83788261449621
735	25.83748996534752
736	25.834295142630094
737	25.833617123338243
738	25.817967285743755
739	25.816474850819187
740	25.81431239949228
741	25.81362217951562
742	25.798501051701795
743	25.79637311394128
744	25.79590882638096
745	25.738808789682423
746	25.728565804096615
747	25.706123105386595
748	25.70588924002954
749	25.705843475567228
750	25.69702533112867
751	25.695918380235092
752	25.695893945650443
753	25.686840066416707
754	25.686736229809142
755	25.686616026170746
756	25.686540493701262
757	25.686366796404624
758	25.684208757692975
759	25.670067213921023
760	25.670046799385098
761	25.663299029740347
762	25.660337870972533
763	25.660076286518
764	25.657811896526812
765	25.657798616988586
766	25.657733509902023
767	25.656492619457996
768	25.656045903905504
769	25.655905175694805
770	25.655868260086777
771	25.65209059052609
772	25.651906581331836
773	25.6357600935059
774	25.613645615615546
775	25.613531555918428
776	25.61065327650999
777	25.61049879433226
778	25.609713408235482
779	25.60890993615144
780	25.608696153803127
781	25.587026415628188
782	25.58692253867598
783	25.58334959453218
784	25.579837553906636
785	25.579824960834195
786	25.578166475527365
787	25.578130419924594
788	25.562592393775038
789	25.557284159383357
790	25.554814570942774
791	25.550848757453114
792	25.548819563015133
793	25.548735781056894
794	25.548605166417904
795	25.548255839069395
796	25.53997407411027
797	25.535662642220323
798	25.53015722897489
799	25.530126207116325
800	25.52528825466907
801	25.524591525142874
802	25.524550243717865
803	25.520366959801198
804	25.51986669919533
805	25.519842741505002
806	25.519833683900238
807	25.519678235586092
808	25.519637213538747
809	25.510464937432218
810	25.507082652591087
811	25.507013676529713
812	25.5017451126488
813	25.50163480180638
814	25.50138734159083
815	25.501376753576036
816	25.50133790081123
817	25.501324525849565
818	25.49306331237924
819	25.490417221263666
820	25.49041447657601
821	25.4901070482998
822	25.486365037607886
823	25.480865904370397
824	25.480795395390555
825	25.480719595070784
826	25.47818051742969
827	25.478176899988846
828	25.478161183995457
829	25.471925328923373
830	25.470598012643066
831	25.47058751266696
832	25.463178055527326
833	25.46009581046773
834	25.460085371692546
835	25.45241794450718
836	25.44746752304172
837	25.44613065322988
838	25.44612208939655
839	25.44606226759227
840	25.4445723763425
841	25.443794457891702
842	25.436476775544026
843	25.43646832785715
844	25.43638979979821
845	25.43532975219138
846	25.435218755311244
847	25.4350265498029
848	25.433335587298327
849	25.433331231035407
850	25.42668246675702
851	25.425173408972213
852	25.42510796742131
853	25.4251074631533
854	25.419238270810027
855	25.40026887934716
856	25.400236124201424
857	25.398357005687465
858	25.393473054164996
859	25.393445559956298
860	25.39344012037037
861	25.39343057992374
862	25.393429978198466
863	25.393396490780326
864	25.393262036224165
865	25.38954177371549
866	25.389531255282723
867	25.38952097226678
868	25.38899210111348
869	25.38392148129604
870	25.38391619367015
871	25.376763790167065
872	25.376758525102407
873	25.376389604167404
874	25.375297311140667
875	25.372814090537595
876	25.3536042510769
877	25.335674261669407
878	25.318596755483604
879	25.3136253612211
880	25.310393720312877
881	25.31037097936129
882	25.310336471121566
883	25.293841833399544
884	25.29383979169231
885	25.29383547103992
886	25.2912701406385
887	25.290917696485042
888	25.29091647657734
889	25.290908050786253
890	25.290897600428647
891	25.290870775013556
892	25.290869087335302
893	25.28922862465326
894	25.289225736792837
895	25.289176099462473
896	25.268168514538498
897	25.268166267855065
898	25.263028064703153
899	25.263002890523452
900	25.26300086935976
901	25.262361352167854
902	25.262344725452564
903	25.26087864043958
904	25.2600977331244
905	25.260091373513553
906	25.2556333111864
907	25.255631830811407
908	25.255629797853352
909	25.255627826700408
910	25.248715951589233
911	25.244829799499232
912	25.24482972304209
913	25.242265269658994
914	25.242265026846304
915	25.23958808352158
916	25.23958745447504
917	25.23880975203127
918	25.232432811780075
919	25.232431911906467
920	25.220088800386552
921	25.218427905221354
922	25.21179199156132
923	25.211490502382272
924	25.19603195992248
925	25.196031660135397
926	25.195620404755303
927	25.195619919164805
928	25.189868553474188
929	25.18986684063717
930	25.189866457451515
931	25.189858703873313
932	25.1894082573377
933	25.188414374527056
934	25.176716336967047
935	25.173953735496106
936	25.16957634345439
937	25.16661052761588
938	25.166600265578445
939	25.157932827928697
940	25.157924182045424
941	25.155738484308085
942	25.15573769412612
943	25.14629978602345
944	25.145977544029655
945	25.13773188548742
946	25.131930508296897
947	25.123430313284768
948	25.118212302653074
949	25.118200694324425
950	25.114625530343577
951	25.102154929651622
952	25.10107271212924
953	25.101072357679065
954	25.101069441906862
955	25.10106806683308
956	25.0976999862043
957	25.097698652711532
958	25.097698397110495
959	25.09210127744182
960	25.091025475008273
961	25.090642441043276
962	25.071195906419707
963	25.059645659051448
964	25.05364790207552
965	25.053645105808616
966	25.051422809657414
967	25.05133614781018
968	25.046981784068237
969	25.046497303464157
970	25.04433843416317
971	25.042627521352713
972	25.04262685755011
973	25.04020502994425
974	25.040204596390502
975	25.04020439110765
976	25.035461028724445
977	25.032887182991477
978	25.031485713327488
979	25.02610135735873
980	25.018572918885372
981	25.014338580739643
982	25.014337283330786
983	25.01367448447754
984	25.007772170918777
985	25.00740215587836
986	25.007401763180304
987	24.990316731330534
988	24.98679676247309
989	24.986461456692645
990	24.984750349905525
991	24.979082092580985
992	24.975875805390483
993	24.975522471987016
994	24.97552227919093
995	24.975474367483724
996	24.974727306392364
997	24.96781489404892
998	24.967792370533356
999	24.967043272039167
1000	24.96680630646572
1001	24.962347373764455
1002	24.962345350562682
1003	24.959409277946374
1004	24.956190281726375
1005	24.956190250244767
1006	24.956189923952348
1007	24.93370361469793
1008	24.933062200993717
1009	24.930093310262134
1010	24.92483310507637
1011	24.920144598968797
1012	24.919574675985285
1013	24.919557090902426
1014	24.91761949519703
1015	24.912144392027233
1016	24.910919833806688
1017	24.91001785980683
1018	24.909407302066413
1019	24.90649826067993
1020	24.903261140076005
1021	24.90326113127217
1022	24.900595809307458
1023	24.88986117041702
1024	24.888795210490116
1025	24.888795060636543
1026	24.88363626350512
1027	24.87957562031089
1028	24.87678391999628
1029	24.876195972376163
1030	24.869104814915538
1031	24.8691043522756
1032	24.868251605104113
1033	24.85812089085642
1034	24.857963915816427
1035	24.856296902120693
1036	24.856132842868686
1037	24.85305950460588
1038	24.84965403175254
1039	24.845119464494154
1040	24.84209726950456
1041	24.842097110771206
1042	24.815777778671517
1043	24.815777613071994
1044	24.81550352827196
1045	24.813526709098777
1046	24.812966117690625
1047	24.812966002497195
1048	24.81269504494361
1049	24.812695007342466
1050	24.80823484776452
1051	24.79620667404306
1052	24.79620666820893
1053	24.79441042114033
1054	24.792708029501377
1055	24.785843171667377
1056	24.785842085801153
1057	24.78584207408168
1058	24.78564983033339
1059	24.780423486032713
1060	24.780346520794872
1061	24.75410252348449
1062	24.75410251637007
1063	24.751231145234826
1064	24.748655985742907
1065	24.73774698766101
1066	24.736084161943552
1067	24.735876582872397
1068	24.733157633229474
1069	24.727169163764064
1070	24.72413804357835
1071	24.72033568882172
1072	24.71944351239062
1073	24.715706690371835
1074	24.712090792619314
1075	24.708523506770394
1076	24.707985773720598
1077	24.707985753429732
1078	24.702899114838917
1079	24.698637051487182
1080	24.695137723874886
1081	24.693103303198882
1082	24.69239744616411
1083	24.692397380077963
1084	24.692340026419824
1085	24.689297649986408
1086	24.68929764736056
1087	24.687532688255963
1088	24.687532613167196
1089	24.687531374053194
1090	24.68592295429792
1091	24.683663154359984
1092	24.683214589268577
1093	24.67895485554916
1094	24.675030362075947
1095	24.6712349152168
1096	24.669312044032598
1097	24.666353878074947
1098	24.66474388714802
1099	24.662982304171642
1100	24.66254187749804
1101	24.652760063594613
1102	24.652759920158903
1103	24.650668756258494
1104	24.64560577769675
1105	24.64442515549871
1106	24.644424855549083
1107	24.644201989194983
1108	24.6432818318141
1109	24.63972489180078
1110	24.639724882082632
1111	24.63597204793127
1112	24.634698837412373
1113	24.617762952524654
1114	24.617752667642716
1115	24.617752530454258
1116	24.61736428310438
1117	24.617364224504573
1118	24.615704378600192
1119	24.614278931252844
1120	24.613669536286288
1121	24.612864041261055
1122	24.610184693356075
1123	24.61007273672929
1124	24.60845888004083
1125	24.606676146369942
1126	24.584418063191162
1127	24.578337921553885
1128	24.573172025322627
1129	24.563788614173195
1130	24.562176994093694
1131	24.559810023979754
1132	24.554958490649295
1133	24.550796213085594
1134	24.548122434299767
1135	24.539442339193975
1136	24.536617756738607
1137	24.536178682543877
1138	24.534975865512628
1139	24.53267787766049
1140	24.52743535017328
1141	24.52013174243584
1142	24.51533640351042
1143	24.51357276078844
1144	24.51078023189514
1145	24.50954209989523
1146	24.498969420883785
1147	24.49878221563455
1148	24.498235442276112
1149	24.490599125986876
1150	24.489393544629287
1151	24.48700152486907
1152	24.483492341836154
1153	24.476914436650038
1154	24.476691642771687
1155	24.476615924125472
1156	24.473559743838603
1157	24.471953624283135
1158	24.47181297878651
1159	24.4685222126468
1160	24.463496083061266
1161	24.462834719283396
1162	24.4584576567832
1163	24.458187033340412
1164	24.4577378728015
1165	24.4488304170478
1166	24.445459053905225
1167	24.44206145268757
1168	24.442046213346792
1169	24.43650197571744
1170	24.4319395307761
1171	24.430719921370365
1172	24.430719921343776
1173	24.429631273653417
1174	24.426546188662744
1175	24.420740141836436
1176	24.420738949607408
1177	24.410184901662163
1178	24.40657327536736
1179	24.402383260708387
1180	24.39951325871973
1181	24.39525922464697
1182	24.39114712480372
1183	24.38320869075524
1184	24.37692410244039
1185	24.374339712326524
1186	24.371091860607024
1187	24.36892818723554
1188	24.36431473871986
1189	24.362867732770482
1190	24.358542625583702
1191	24.35386078045271
1192	24.351167754035878
1193	24.345318115373225
1194	24.343428829016805
1195	24.342451867627833
1196	24.33946479163814
1197	24.3389776170221
1198	24.336044103989007
1199	24.33381288130753
1200	24.3330058591332
1201	24.332272615759994
1202	24.33080363703857
1203	24.33080362648914
1204	24.32959866857179
1205	24.321885703832663
1206	24.317000982723112
1207	24.311508707383293
1208	24.310774804664124
1209	24.30624208420743
1210	24.304587429478296
1211	24.304574296080162
1212	24.301740633650088
1213	24.297816852641954
1214	24.293651501457195
1215	24.286746675669725
1216	24.28562167560222
1217	24.282420760393702
1218	24.282420758779384
1219	24.28242075057112
1220	24.282001218007608
1221	24.280804237886397
1222	24.277488403619785
1223	24.274919941593826
1224	24.27491994084227
1225	24.274138327947394
1226	24.274136570431907
1227	24.271555828719663
1228	24.258689845657695
1229	24.25505376621878
1230	24.254625833944328
1231	24.254288293143336
1232	24.254288287538134
1233	24.25265593846512
1234	24.25196184621539
1235	24.24410602958733
1236	24.24012273181788
1237	24.23978748807969
1238	24.239431949666677
1239	24.239134446977445
1240	24.23464943812687
1241	24.232642738717903
1242	24.231837278044853
1243	24.228016583607413
1244	24.226331382459897
1245	24.220801762489916
1246	24.22080170023371
1247	24.21879584309973
1248	24.214074731921393
1249	24.210598094489242
1250	24.20130878537678
1251	24.196381972694642
1252	24.19212176855158
1253	24.192116806898014
1254	24.19054416181603
1255	24.18549429309891
1256	24.18378648396249
1257	24.181249603894695
1258	24.17602852530663
1259	24.171315570498514
1260	24.168339063419182
1261	24.167627155613207
1262	24.16135474885813
1263	24.158811899753776
1264	24.157857610485664
1265	24.155044639199698
1266	24.146479498361153
1267	24.136028953166342
1268	24.134861817859406
1269	24.131039648223968
1270	24.12972677022403
1271	24.125579237039776
1272	24.113891195205728
1273	24.109271739461658
1274	24.107271874329356
1275	24.09655752799077
1276	24.09643640870048
1277	24.095886612621932
1278	24.093163489525327
1279	24.09287851833954
1280	24.090868406055858
1281	24.09054253447215
1282	24.085528017390597
1283	24.06519499047547
1284	24.063144676441546
1285	24.063144664585995
1286	24.06138125242287
1287	24.060375310195045
1288	24.059149525493712
1289	24.058582786385923
1290	24.049316577055812
1291	24.04158202308446
1292	24.038734530740157
1293	24.038621028758183
1294	24.02771286715738
1295	24.024383363370426
1296	24.024177911702925
1297	24.0197511736893
1298	24.014175840813024
1299	24.01193011489129
1300	24.00257567156193
1301	23.999854886951347
1302	23.994802763362507
1303	23.992292250281253
1304	23.98915709434781
1305	23.988137883081396
1306	23.98557280144178
1307	23.98557280115362
1308	23.979005191503312
1309	23.976247701476805
1310	23.97196321846619
1311	23.971962319114013
1312	23.971958238645428
1313	23.967467510640738
1314	23.965970825908265
1315	23.961675802748125
1316	23.959646156107087
1317	23.958053196436445
1318	23.956993060474954
1319	23.951047696597374
1320	23.94745019741534
1321	23.947059999094506
1322	23.94693369607694
1323	23.935331694707667
1324	23.9288649012198
1325	23.92707007187653
1326	23.925601693826557
1327	23.922614963480385
1328	23.918435755111393
1329	23.917373148024456
1330	23.91198180008745
1331	23.90861597852061
1332	23.905004144436678
1333	23.903719329573264
1334	23.903706654459334
1335	23.899780324892845
1336	23.892513138365793
1337	23.88824569309728
1338	23.885302846836268
1339	23.877684918384166
1340	23.87626984762724
1341	23.87573023126233
1342	23.871287353459206
1343	23.866792069624996
1344	23.85717510797251
1345	23.856068714599417
1346	23.848268185315543
1347	23.8405489372272
1348	23.83706105718744
1349	23.82972124657315
1350	23.82883314589736
1351	23.828306578899877
1352	23.825822183340097
1353	23.82144594389547
1354	23.819535205195017
1355	23.816664973906356
1356	23.814583087159185
1357	23.813751021024313
1358	23.810517353726382
1359	23.80583343371907
1360	23.804294174120475
1361	23.800837807114416
1362	23.797429749516816
1363	23.793082802395382
1364	23.789899961633772
1365	23.789899948971435
1366	23.782448796430554
1367	23.780826519386604
1368	23.78070787245512
1369	23.779143107874415
1370	23.77607538247218
1371	23.7731098023615
1372	23.769893544115703
1373	23.767321327657516
1374	23.765654843136872
1375	23.761328579791034
1376	23.757516695495784
1377	23.75743800422572
1378	23.751456565923863
1379	23.74734459135859
1380	23.743497521681668
1381	23.741551635003965
1382	23.74044301020783
1383	23.73371229633666
1384	23.732561086421
1385	23.730815509868265
1386	23.724777121282067
1387	23.724777116127417
1388	23.71813565627066
1389	23.714366574948606
1390	23.711821620546495
1391	23.707405364804426
1392	23.70658248713238
1393	23.702734264300425
1394	23.700846494994344
1395	23.694860869583557
1396	23.69010428069112
1397	23.685257939158298
1398	23.68525793586903
1399	23.68194048687316
1400	23.674501827835897
1401	23.67026733892659
1402	23.660352101537413
1403	23.658500887501127
1404	23.657577025825837
1405	23.652631284350903
1406	23.65126689420826
1407	23.647734300523254
1408	23.643315764906436
1409	23.64252042625837
1410	23.63902286334791
1411	23.632440449778592
1412	23.62876317541592
1413	23.628362017783903
1414	23.62284290973326
1415	23.615997198934647
1416	23.614047614699082
1417	23.610325472275896
1418	23.60753695855226
1419	23.593023526987437
1420	23.591529144747785
1421	23.589637445598644
1422	23.589583244186652
1423	23.58638863816107
1424	23.58170361922288
1425	23.57998282042729
1426	23.579559514318444
1427	23.579559495321647
1428	23.579559495299268
1429	23.578764245733435
1430	23.578229848337617
1431	23.57599412291088
1432	23.56999158698763
1433	23.567640409283964
1434	23.565009431474937
1435	23.56116008609525
1436	23.560591383189816
1437	23.56048018824006
1438	23.557055394216054
1439	23.5548449569979
1440	23.546876877164884
1441	23.544361301103535
1442	23.544361286097576
1443	23.538565834964157
1444	23.533684679440377
1445	23.53152994668186
1446	23.52936425004821
1447	23.5237344720447
1448	23.515287179044833
1449	23.511320094337794
1450	23.50898706927401
1451	23.505770639578504
1452	23.504118683364414
1453	23.500439259158426
1454	23.49802580169341
1455	23.497357731935605
1456	23.48241613778927
1457	23.48196279971082
1458	23.480556848549384
1459	23.475161178562512
1460	23.47450514435542
1461	23.47428392046485
1462	23.473660137133777
1463	23.472979414165227
1464	23.466451091588713
1465	23.461770878297088
1466	23.453516884844202
1467	23.45075117932221
1468	23.448960742130513
1469	23.448668318835
1470	23.448414775078927
1471	23.445593319415345
1472	23.440015423444216
1473	23.42746180562444
1474	23.425897150927586
1475	23.422207952205067
1476	23.41747290588414
1477	23.413115981061832
1478	23.40723108121769
1479	23.406339386956574
1480	23.40595578313417
1481	23.40261263154401
1482	23.40260671425293
1483	23.397171233966404
1484	23.388196944636068
1485	23.386084327087566
1486	23.382099225545343
1487	23.375225645551218
1488	23.374164171186255
1489	23.373725309875
1490	23.369082474106644
1491	23.362196470098777
1492	23.360336524402282
1493	23.35861877017234
1494	23.355142522194335
1495	23.35289693480728
1496	23.352110252168185
1497	23.351292254176755
1498	23.348610695759568
1499	23.34462441747034
1500	23.341370203217604
1501	23.34064372154239
1502	23.338345330744364
1503	23.336918178139587
1504	23.32859066712257
1505	23.31986211928672
1506	23.318918856635662
1507	23.31362636508256
1508	23.309221774855686
1509	23.30608034111377
1510	23.303396847833124
1511	23.29910888951998
1512	23.298221459623182
1513	23.293531906799974
1514	23.286244595574917
1515	23.283651562816907
1516	23.282639485080566
1517	23.279703770481287
1518	23.278041519618725
1519	23.274716925729575
1520	23.270815772007143
1521	23.267093719105112
1522	23.262317113915692
1523	23.252820019361423
1524	23.248712815739633
1525	23.246824955495942
1526	23.241176150147602
1527	23.240554727962852
1528	23.23951788327077
1529	23.23859535812801
1530	23.23350360971065
1531	23.231245181217453
1532	23.228008597750417
1533	23.22697303792842
1534	23.219083339994494
1535	23.215255530313744
1536	23.211302681955754
1537	23.208220275455982
1538	23.203080753794158
1539	23.20230721653567
1540	23.200278923119452
1541	23.192798123789377
1542	23.183412537902676
1543	23.174850377028477
1544	23.174639054681624
1545	23.17184948300537
1546	23.171849482924827
1547	23.170936462642544
1548	23.164738413506765
1549	23.16076586469478
1550	23.159042406413715
1551	23.15461515135447
1552	23.146702695590175
1553	23.145718180872585
1554	23.145208922449054
1555	23.14210339801929
1556	23.140949406812002
1557	23.139506144770074
1558	23.13007980561721
1559	23.12242041467549
1560	23.121558939775866
1561	23.120130619057548
1562	23.119419963569662
1563	23.114673831612315
1564	23.112922029625913
1565	23.11280665065594
1566	23.110133871749053
1567	23.110096141122245
1568	23.10678724167837
1569	23.10354662286007
1570	23.10330898052693
1571	23.101752398242684
1572	23.098897809028493
1573	23.093138823314472
1574	23.091779786281016
1575	23.090835476150037
1576	23.084514518699315
1577	23.079200033659554
1578	23.07293483492613
1579	23.061529645434216
1580	23.06151509339853
1581	23.057119747911717
1582	23.054332864843225
1583	23.041881480514437
1584	23.037425195859388
1585	23.030708753715764
1586	23.02744858042184
1587	23.025606995105374
1588	23.022701596733818
1589	23.01706248294627
1590	23.01592450169374
1591	23.013693652192536
1592	23.010547464747308
1593	23.008012024720003
1594	23.002219092231993
1595	22.997811084399878
1596	22.991880134866083
1597	22.98825547674714
1598	22.98652051359775
1599	22.985298991468564
1600	22.983510082909664
1601	22.980439210368285
1602	22.97824995296803
1603	22.974000114269437
1604	22.97191892250526
1605	22.97039209127035
1606	22.96639266076475
1607	22.964105084258613
1608	22.9590041452407
1609	22.956722383771744
1610	22.953700457718615
1611	22.948020184765348
1612	22.943621753489143
1613	22.938317001805597
1614	22.938177985997466
1615	22.93662422455979
1616	22.93141684348112
1617	22.927386249318616
1618	22.926217052943553
1619	22.919851274421582
1620	22.917984485368624
1621	22.914854776649772
1622	22.91309268866213
1623	22.91069994998105
1624	22.90481708372364
1625	22.89832645791102
1626	22.891112247440564
1627	22.889398040879883
1628	22.885603035130202
1629	22.885602568157243
1630	22.88183574471011
1631	22.879906801455398
1632	22.87522875284377
1633	22.871729410904894
1634	22.858013910207678
1635	22.854893677950564
1636	22.853847566483797
1637	22.85137950708385
1638	22.844464847205078
1639	22.839354648281894
1640	22.83856231244569
1641	22.83815506865541
1642	22.833050168686206
1643	22.83280627271658
1644	22.824879297636457
1645	22.821045191296683
1646	22.81844297818931
1647	22.813908395466033
1648	22.813419602741938
1649	22.812099761838397
1650	22.811884024303833
1651	22.80567560631869
1652	22.794179141525934
1653	22.790843504252344
1654	22.79016409502124
1655	22.788372798904614
1656	22.784928341569884
1657	22.782259418356936
1658	22.779825048121936
1659	22.776262207156638
1660	22.772725817847565
1661	22.767414369730965
1662	22.76640166777366
1663	22.764449349491535
1664	22.762458357834678
1665	22.75833798244749
1666	22.754825974938854
1667	22.74896555355466
1668	22.74069449137471
1669	22.73819613622741
1670	22.73400561054594
1671	22.733001817804755
1672	22.731632070773205
1673	22.729770139979582
1674	22.723054970079115
1675	22.71784356458567
1676	22.713681493356994
1677	22.709351180499052
1678	22.701350419977434
1679	22.698524534470458
1680	22.69161132118541
1681	22.6869923562716
1682	22.68464871635172
1683	22.683276884312694
1684	22.68275651680891
1685	22.68150251870287
1686	22.679099735794725
1687	22.66923578761256
1688	22.66769391868377
1689	22.664205255816896
1690	22.657169966433862
1691	22.65438409047832
1692	22.652149754171145
1693	22.650624692655686
1694	22.649908365724716
1695	22.646081240754675
1696	22.639190678522077
1697	22.636896933753615
1698	22.631814957398323
1699	22.6244122619737
1700	22.621267427738328
1701	22.61736568419943
1702	22.615897999879802
1703	22.614249693353592
1704	22.61340191198669
1705	22.608000195009446
1706	22.606719740438795
1707	22.606244542934114
1708	22.599735957456048
1709	22.59842070915094
1710	22.59715972723026
1711	22.595221967318498
1712	22.591652605166583
1713	22.588563674031512
1714	22.58750832347639
1715	22.583813512898647
1716	22.58372088463361
1717	22.575509735156217
1718	22.56950226721514
1719	22.56681987917176
1720	22.559551029489757
1721	22.55582400655137
1722	22.549057604902803
1723	22.54512852440786
1724	22.542244429653454
1725	22.539915416574804
1726	22.538492106876888
1727	22.5321988946962
1728	22.524451541384277
1729	22.519637339191547
1730	22.51704962227839
1731	22.51318779940751
1732	22.511262375790643
1733	22.508398829021314
1734	22.4993721608241
1735	22.497600067124708
1736	22.49518309786653
1737	22.49396781331206
1738	22.489455952948376
1739	22.48811789619992
1740	22.484031443265927
1741	22.479603626934924
1742	22.47466011319108
1743	22.472919086436473
1744	22.465105548608353
1745	22.458305000212363
1746	22.45560327429893
1747	22.45541256875331
1748	22.451973788454442
1749	22.448436909043185
1750	22.443306665675046
1751	22.440865230736335
1752	22.43925402650803
1753	22.43570842940679
1754	22.434979953875978
1755	22.433594947961794
1756	22.42855500541106
1757	22.424116896981637
1758	22.420430976491957
1759	22.4182676796717
1760	22.412501087537763
1761	22.409749324588166
1762	22.406737637776207
1763	22.402184825858907
1764	22.394431767541423
1765	22.39184968322621
1766	22.385065842166945
1767	22.384122647139296
1768	22.38080306493528
1769	22.38020881714954
1770	22.376842503416565
1771	22.37650953907701
1772	22.373602297729526
1773	22.36861700931579
1774	22.36665467587409
1775	22.365170744922164
1776	22.36415878737487
1777	22.36033826094443
1778	22.35617405150788
1779	22.34812088241832
1780	22.345185934155417
1781	22.344453752341114
1782	22.341683422767655
1783	22.336264831832278
1784	22.33368279336156
1785	22.331810022949742
1786	22.326545575708078
1787	22.3199415183556
1788	22.31516621778392
1789	22.313459047650234
1790	22.312770511917286
1791	22.30941924752647
1792	22.30560404676934
1793	22.29884912609742
1794	22.29818790805736
1795	22.294190805381895
1796	22.289636645212525
1797	22.28784396410326
1798	22.286494483449072
1799	22.27934057726623
1800	22.27736467955734
1801	22.27204878082892
1802	22.271339355420157
1803	22.261760970937456
1804	22.258544701857836
1805	22.25443274228201
1806	22.25203796855379
1807	22.239727786632034
1808	22.233840821330567
1809	22.23295822478235
1810	22.226817121946052
1811	22.224890426225997
1812	22.22156598226152
1813	22.21384381117004
1814	22.209081158132676
1815	22.204572046525715
1816	22.203139199909447
1817	22.20060991431569
1818	22.199176338340273
1819	22.197343620304416
1820	22.187575400087805
1821	22.187575358951246
1822	22.185404582669452
1823	22.180499990545208
1824	22.172733932919925
1825	22.171051066295334
1826	22.167478732186037
1827	22.166955855526727
1828	22.16234177886134
1829	22.160627299322336
1830	22.15651267909557
1831	22.1554598280981
1832	22.14941733518316
1833	22.14681295333657
1834	22.142674541712456
1835	22.14036957094856
1836	22.138741782653497
1837	22.135409135353637
1838	22.131359982616534
1839	22.12938786020383
1840	22.12043893781614
1841	22.11726236109423
1842	22.116257782332827
1843	22.108523465354004
1844	22.103018276586287
1845	22.100262761136126
1846	22.09867965075965
1847	22.090009303425752
1848	22.08905527302261
1849	22.08805876275574
1850	22.086659585413383
1851	22.08391266308574
1852	22.08125146938032
1853	22.08004890732949
1854	22.06981332059601
1855	22.066502858401957
1856	22.059916626453703
1857	22.05861402496873
1858	22.055805184222944
1859	22.050853932665138
1860	22.049143786364006
1861	22.043632401007986
1862	22.032453876537925
1863	22.028864709690406
1864	22.028237041281667
1865	22.026071093655034
1866	22.02337024719081
1867	22.0173054470585
1868	22.011977537554476
1869	22.009460383900507
1870	22.009460383295657
1871	22.00571480604768
1872	21.99951707023923
1873	21.999517050723707
1874	21.995185086164344
1875	21.992065733462354
1876	21.984697677710514
1877	21.980119802861783
1878	21.977559104522175
1879	21.973508907388577
1880	21.9652782949884
1881	21.962193017060738
1882	21.960286262470404
1883	21.95852297822696
1884	21.958522978216592
1885	21.957081030163188
1886	21.95408639960503
1887	21.949147774157048
1888	21.94689493863819
1889	21.94181764864407
1890	21.939225268721536
1891	21.93322625507214
1892	21.929123323562845
1893	21.925848873752717
1894	21.924173657583278
1895	21.923954077479937
1896	21.919770396744077
1897	21.916133143303565
1898	21.909942291905494
1899	21.903942414601236
1900	21.897137603301907
1901	21.894836042343375
1902	21.887638715766503
1903	21.887174131038247
1904	21.88251319331449
1905	21.87538374200417
1906	21.869409382873055
1907	21.861139355942804
1908	21.855606812497715
1909	21.85278642527636
1910	21.85121679451412
1911	21.84594938579274
1912	21.840532002414378
1913	21.831867961432692
1914	21.831005986464444
1915	21.83054326145945
1916	21.824086232433366
1917	21.81969423515062
1918	21.816426001297227
1919	21.812983834000875
1920	21.80673175194516
1921	21.804093382010723
1922	21.800684831982874
1923	21.79765017968124
1924	21.795172422150305
1925	21.792721267150984
1926	21.791717256034026
1927	21.79116086498541
1928	21.78847671091494
1929	21.783991296614932
1930	21.778134731701364
1931	21.773016854033415
1932	21.76750380696928
1933	21.762704849260505
1934	21.75927747161257
1935	21.753198990028952
1936	21.746955894523108
1937	21.742925614066998
1938	21.74150897120848
1939	21.738385514005458
1940	21.732979735615473
1941	21.728968292673787
1942	21.726122015321902
1943	21.719671788361033
1944	21.717347548528267
1945	21.716289349260606
1946	21.712229082094236
1947	21.709933951814367
1948	21.706667263858503
1949	21.701826666101837
1950	21.696294979433283
1951	21.692613359213507
1952	21.687853311854756
1953	21.684421312607764
1954	21.67861499443945
1955	21.674209291096577
1956	21.67222954760239
1957	21.66970068247978
1958	21.667598952141194
1959	21.663340754721727
1960	21.661603264861615
1961	21.659701998271938
1962	21.65699661266819
1963	21.649452970513273
1964	21.645716553629704
1965	21.64113100829111
1966	21.639525368784078
1967	21.634301678892527
1968	21.630933327423506
1969	21.627520732815306
1970	21.625228543063788
1971	21.62000015709339
1972	21.61722091548551
1973	21.610980044656383
1974	21.60663435818972
1975	21.603160765937997
1976	21.591924059726118
1977	21.58362790536851
1978	21.58065239644956
1979	21.575251129686364
1980	21.57238882752348
1981	21.56692157210346
1982	21.566154692802122
1983	21.56142214811049
1984	21.559355829835166
1985	21.554803012893316
1986	21.553022978567032
1987	21.546256094856428
1988	21.54341206793141
1989	21.537347385130598
1990	21.53387153895877
1991	21.529445892988115
1992	21.52665813630351
1993	21.52117930405439
1994	21.5180626424985
1995	21.512479510442397
1996	21.51105700816688
1997	21.496670758342376
1998	21.48809155165016
1999	21.486166025182147
2000	21.48058879765324
2001	21.47558230868896
2002	21.472310453012007
2003	21.466085100202097
2004	21.46160849409555
2005	21.459552355863064
2006	21.455641260947214
2007	21.45353616226345
2008	21.446900426723754
2009	21.445612348020237
2010	21.44317710182975
2011	21.439864656508412
2012	21.437416303570902
2013	21.436179123452643
2014	21.429893681535702
2015	21.42806672370135
2016	21.425101721403873
2017	21.424090216665444
2018	21.414392007704073
2019	21.41262333979315
2020	21.4092906526357
2021	21.405233055594586
2022	21.40337691963765
2023	21.39632161181789
2024	21.3896027797834
2025	21.387946892827358
2026	21.381163936716565
2027	21.373901401576493
2028	21.370754448198795
2029	21.3658879354826
2030	21.358544760436168
2031	21.35190751953491
2032	21.347863722315218
2033	21.344230080200486
2034	21.341427770184726
2035	21.338102649308894
2036	21.334331451089643
2037	21.32902363624277
2038	21.323246138600926
2039	21.317753105683583
2040	21.311956226942467
2041	21.31047822094106
2042	21.306013493258813
2043	21.304037745045854
2044	21.300181807712683
2045	21.298012587134867
2046	21.295552485151397
2047	21.29053668012754
2048	21.288557574400254
2049	21.285511197771733
2050	21.28204734970241
2051	21.279609288282426
2052	21.274813172422366
2053	21.270278382261356
2054	21.261155157839877
2055	21.257451198758208
2056	21.250485669628542
2057	21.24460018024092
2058	21.242282613683702
2059	21.239228710787195
2060	21.237251933320067
2061	21.232782107377066
2062	21.22791829656547
2063	21.222378219782435
2064	21.220034059820613
2065	21.21675089018235
2066	21.21353915125551
2067	21.20881345610632
2068	21.202041440944114
2069	21.193929079094552
2070	21.18943217640587
2071	21.185223367620946
2072	21.179577913047936
2073	21.173199383109953
2074	21.16212078378617
2075	21.16163215736624
2076	21.148456954880643
2077	21.145045071756403
2078	21.142271366502523
2079	21.139603900644236
2080	21.13430010344689
2081	21.127360959953304
2082	21.125698432098293
2083	21.11608720359396
2084	21.113896713538853
2085	21.11173452916489
2086	21.109578398500258
2087	21.10193091970557
2088	21.097106334300488
2089	21.096702422292044
2090	21.089409861255696
2091	21.086635621899983
2092	21.08308433908512
2093	21.078994126946142
2094	21.07542789837288
2095	21.069447382238074
2096	21.062331426198057
2097	21.05893522293733
2098	21.05600924941659
2099	21.056009249184758
2100	21.055161398672208
2101	21.050390274678055
2102	21.045083109362885
2103	21.0427010624957
2104	21.03994466063449
2105	21.038075145935345
2106	21.03514971088419
2107	21.031731132200232
2108	21.02512989888627
2109	21.021199222737177
2110	21.016949130677908
2111	21.008720462281257
2112	21.001610241288212
2113	20.99830206245455
2114	20.995091807688645
2115	20.98921199380492
2116	20.985793787516172
2117	20.983012130298544
2118	20.980140779043822
2119	20.97176178614318
2120	20.966806665366
2121	20.96279769231804
2122	20.959918849398854
2123	20.95632959791626
2124	20.95179056810156
2125	20.948470371282973
2126	20.946540332837383
2127	20.942690176095542
2128	20.937052297852627
2129	20.929324806367834
2130	20.927572000158968
2131	20.924242358672394
2132	20.92089265470045
2133	20.91590082333612
2134	20.914326706512323
2135	20.90672664273402
2136	20.90306964215542
2137	20.893956792900994
2138	20.889200970865577
2139	20.888345020762998
2140	20.881158384858292
2141	20.876499461891097
2142	20.87240530224157
2143	20.87062507897819
2144	20.86679811066911
2145	20.86602803390026
2146	20.864614598028496
2147	20.858843653251583
2148	20.853498406605727
2149	20.851105959932067
2150	20.848585187150846
2151	20.845091290431185
2152	20.842383777124823
2153	20.834650406547453
2154	20.82824813495902
2155	20.81807424881496
2156	20.81314573800775
2157	20.808169414383013
2158	20.807405158894152
2159	20.805376303914855
2160	20.800657794066563
2161	20.795632684538035
2162	20.788241785273478
2163	20.78463833588516
2164	20.782002388050433
2165	20.779322131688964
2166	20.769502193597777
2167	20.763735002533945
2168	20.75748785425316
2169	20.755471584059816
2170	20.752101479649223
2171	20.750455462489672
2172	20.747684454722126
2173	20.743110806470444
2174	20.737083220381084
2175	20.73455492665803
2176	20.730628648653134
2177	20.725594427352124
2178	20.722275274369427
2179	20.717522553389284
2180	20.717022750163135
2181	20.711512385553934
2182	20.702056559355874
2183	20.700793749684546
2184	20.69713651172914
2185	20.6968413276082
2186	20.693976109556484
2187	20.69102322452547
2188	20.681380412496775
2189	20.673417838560717
2190	20.66669618989918
2191	20.658137818711825
2192	20.65638822848354
2193	20.653456379932873
2194	20.651563531590433
2195	20.641776508808196
2196	20.636800545070393
2197	20.627698015910756
2198	20.62470946515999
2199	20.620526483339304
2200	20.61736607925523
2201	20.61612638270133
2202	20.611992762376545
2203	20.60199191214211
2204	20.595420404210294
2205	20.59522279075729
2206	20.593219172840225
2207	20.590463214031686
2208	20.586260423610995
2209	20.583988204133725
2210	20.578171460524388
2211	20.573804669527544
2212	20.572177487515297
2213	20.566445344946228
2214	20.559111755527148
2215	20.54576962930968
2216	20.544432459262772
2217	20.54150135483355
2218	20.533812463097544
2219	20.523328169461326
2220	20.516547697602995
2221	20.513887275904874
2222	20.50896186632986
2223	20.50826441862796
2224	20.50391485407518
2225	20.50197770008494
2226	20.49418436455037
2227	20.486957981849613
2228	20.475154564706543
2229	20.471705074414768
2230	20.467284109067858
2231	20.46059484422293
2232	20.454072325945404
2233	20.448619394086396
2234	20.444570167903475
2235	20.43930687971079
2236	20.432128547989077
2237	20.427155847981492
2238	20.421622148699377
2239	20.414871827812746
2240	20.41317427723582
2241	20.409232160125132
2242	20.406067685640302
2243	20.40374702996062
2244	20.401021959309055
2245	20.39721999833985
2246	20.391682411847125
2247	20.38458206880732
2248	20.380963821781215
2249	20.3779378709663
2250	20.374186578420666
2251	20.36731339552059
2252	20.353939465183487
2253	20.349954134665655
2254	20.345638311310605
2255	20.342007868662936
2256	20.341368391512205
2257	20.338399264190215
2258	20.333557011601126
2259	20.3311424520741
2260	20.32734311594423
2261	20.32501939410308
2262	20.314337927829374
2263	20.30794776432473
2264	20.300376381218644
2265	20.299538161769206
2266	20.29428203378316
2267	20.291728824127528
2268	20.28430250208677
2269	20.279528691233928
2270	20.276903905223342
2271	20.2718699884054
2272	20.267722429218136
2273	20.265740864157397
2274	20.258978940158272
2275	20.25214511219486
2276	20.248221068913715
2277	20.244651325507586
2278	20.23468176192189
2279	20.22743489661608
2280	20.223371381681602
2281	20.219381639361504
2282	20.212281216068714
2283	20.209759108511033
2284	20.20574231537964
2285	20.203699009725167
2286	20.197776977743693
2287	20.196443836030614
2288	20.193662744372237
2289	20.18307131274229
2290	20.180562773812774
2291	20.176787342039553
2292	20.171482769985484
2293	20.1665909961953
2294	20.1647692694502
2295	20.161645327993725
2296	20.15760986636343
2297	20.152590632112098
2298	20.145950308443318
2299	20.1425315132305
2300	20.141365554987278
2301	20.13557237890237
2302	20.13149768409216
2303	20.126079535244624
2304	20.122574308354338
2305	20.12047565825459
2306	20.11418441475381
2307	20.108484452086202
2308	20.104568757027074
2309	20.099769662894893
2310	20.09429938422657
2311	20.0884662762809
2312	20.08377091715328
2313	20.081007033554297
2314	20.071803738135383
2315	20.07103821424995
2316	20.064636630881953
2317	20.055925766854255
2318	20.052742769671895
2319	20.045442756135426
2320	20.04079380716274
2321	20.03950457412839
2322	20.038677999516274
2323	20.036994816212076
2324	20.032258877080967
2325	20.02676033560716
2326	20.022069662007986
2327	20.01420580569645
2328	20.012191794434106
2329	20.004070666912437
2330	19.9994070659071
2331	19.99054817025568
2332	19.98576276510087
2333	19.980663024775914
2334	19.975756488004777
2335	19.96975468831264
2336	19.965167720097266
2337	19.957583586426452
2338	19.956020370931576
2339	19.952579504488646
2340	19.949094299100054
2341	19.94738846027438
2342	19.943631185551524
2343	19.939823614328297
2344	19.933392743123303
2345	19.924402360305674
2346	19.9216409239836
2347	19.915033151844415
2348	19.908635080778005
2349	19.89887453438534
2350	19.892189848787076
2351	19.8879371178542
2352	19.884407346657348
2353	19.88276330085399
2354	19.878896521504238
2355	19.877196104211905
2356	19.87176577258032
2357	19.870318248031193
2358	19.86022721869305
2359	19.85384767373269
2360	19.848823341528252
2361	19.846602277524394
2362	19.84329651782253
2363	19.837867535687387
2364	19.829514951855355
2365	19.826190283631533
2366	19.819289000683202
2367	19.815936807844015
2368	19.811185191478256
2369	19.806928024397326
2370	19.804337952628632
2371	19.801735535788403
2372	19.798286292006974
2373	19.79137379593463
2374	19.78628540856302
2375	19.783027298410346
2376	19.780053334674612
2377	19.772888163480467
2378	19.770645040886343
2379	19.766355092825105
2380	19.76283240588374
2381	19.759645202931083
2382	19.75146735490446
2383	19.750410160768322
2384	19.7449953760006
2385	19.739354350557996
2386	19.734404573387305
2387	19.7302437694533
2388	19.726847332132913
2389	19.719367657867355
2390	19.71657945080625
2391	19.714865939354176
2392	19.706052274207615
2393	19.69862247337951
2394	19.693553454807095
2395	19.690995634380943
2396	19.685183522736956
2397	19.67810292931647
2398	19.670727105019566
2399	19.66332777040045
2400	19.661347841974198
2401	19.65665331619497
2402	19.64980836524632
2403	19.64523134895473
2404	19.644555711822786
2405	19.63820132658294
2406	19.633131816625436
2407	19.62789321798739
2408	19.62609470041399
2409	19.6231908277447
2410	19.616935896853118
2411	19.61194424602038
2412	19.610308821939064
2413	19.604673566721782
2414	19.5910089895474
2415	19.586297810041277
2416	19.575000166869366
2417	19.574018898543063
2418	19.570988331171808
2419	19.56500885194231
2420	19.555425861480828
2421	19.55033179798127
2422	19.548002887433118
2423	19.538358580794384
2424	19.528308848782352
2425	19.51947459058134
2426	19.516385112521856
2427	19.511684662395773
2428	19.509434871449596
2429	19.50793738046982
2430	19.501586299494672
2431	19.496332683717807
2432	19.493796837343556
2433	19.490301140589587
2434	19.48553755550047
2435	19.483821214813116
2436	19.473025232078214
2437	19.470861443306926
2438	19.465274188856082
2439	19.4632926297181
2440	19.459869334038988
2441	19.45576654795174
2442	19.448148317233883
2443	19.443584970990866
2444	19.441236332250313
2445	19.435647229717482
2446	19.43259032745432
2447	19.4294280339838
2448	19.423817874697253
2449	19.419921689962795
2450	19.414522807625595
2451	19.410881472399648
2452	19.409326830784618
2453	19.40184249509513
2454	19.39630372827192
2455	19.391525197535277
2456	19.38659888384797
2457	19.3809033420015
2458	19.371033372674972
2459	19.3667375542808
2460	19.36313439387394
2461	19.358689811769853
2462	19.34982789976694
2463	19.346389612811098
2464	19.339581765981517
2465	19.334108701619176
2466	19.328007719047438
2467	19.319122588156617
2468	19.316608929611174
2469	19.307262183326582
2470	19.30443181705182
2471	19.30050534094776
2472	19.29923392874506
2473	19.2949175835274
2474	19.292226385281378
2475	19.287526152251864
2476	19.283345878818995
2477	19.277098769759906
2478	19.272720483150593
2479	19.27006932276968
2480	19.268399092840923
2481	19.263245673369866
2482	19.25966982782408
2483	19.25527551581864
2484	19.25097658785814
2485	19.244511019321074
2486	19.24275076200225
2487	19.23784188859735
2488	19.23362570446998
2489	19.229501596306438
2490	19.22330267969685
2491	19.216689175225017
2492	19.216138128048684
2493	19.200569287158146
2494	19.19504734124
2495	19.19017400209118
2496	19.186998042036457
2497	19.177215401636666
2498	19.16887916566991
2499	19.164891870169992
2500	19.163044354673275
2501	19.16072868300324
2502	19.155857736685025
2503	19.147533118172102
2504	19.140137831308728
2505	19.13180454075421
2506	19.128848454522817
2507	19.127318482306375
2508	19.124442231337223
2509	19.12146311927326
2510	19.11285191530116
2511	19.10807559944571
2512	19.104798582020397
2513	19.100987422146627
2514	19.09628319893252
2515	19.090121568856286
2516	19.08737845917416
2517	19.08210204161834
2518	19.074746232453418
2519	19.071762116028424
2520	19.06369621159089
2521	19.06105153996172
2522	19.05955907590252
2523	19.054804542077076
2524	19.048942337445347
2525	19.042696179504222
2526	19.03853804589786
2527	19.037157097982966
2528	19.02918286169652
2529	19.020267190295492
2530	19.017957254396926
2531	19.015439815813224
2532	19.01258986436208
2533	19.003609478304305
2534	18.998886795808172
2535	18.99394779087328
2536	18.986697571899267
2537	18.98144205263721
2538	18.979868528874963
2539	18.971832423585997
2540	18.964796783579704
2541	18.958344417764877
2542	18.94892214421469
2543	18.94467858241014
2544	18.939055894261216
2545	18.93562450041421
2546	18.93130290823843
2547	18.927701071159845
2548	18.920663502322736
2549	18.916328564929238
2550	18.912977598199067
2551	18.90756628584015
2552	18.904792287296363
2553	18.89592984308688
2554	18.888296841804973
2555	18.88543727452401
2556	18.883609470953935
2557	18.877514382615985
2558	18.877470162598367
2559	18.876128176018447
2560	18.87284747057612
2561	18.8623297586907
2562	18.858218588360117
2563	18.85071234976589
2564	18.845560299443175
2565	18.842807459521566
2566	18.834710268416067
2567	18.82845563844811
2568	18.825136526099747
2569	18.818293146832545
2570	18.816231257655822
2571	18.814341251722286
2572	18.80033173576792
2573	18.797665399916237
2574	18.79070212120987
2575	18.78318725943294
2576	18.774740187741347
2577	18.773038117426122
2578	18.768390693948334
2579	18.766015721847644
2580	18.76027178235932
2581	18.758186645866893
2582	18.753460373629323
2583	18.7466375696248
2584	18.740014458552835
2585	18.735447314344285
2586	18.729985625508057
2587	18.724079415119277
2588	18.718547644830732
2589	18.712120261087012
2590	18.708762736845586
2591	18.70136192969122
2592	18.697336315710288
2593	18.691218809396638
2594	18.688793006040022
2595	18.679988002588022
2596	18.674303264398375
2597	18.66686542449778
2598	18.663467146720567
2599	18.660689530048955
2600	18.65463514414672
2601	18.6508275011421
2602	18.648068258807672
2603	18.64358561339842
2604	18.638017028270543
2605	18.634284479011082
2606	18.627323710831313
2607	18.624116695949997
2608	18.61500132934206
2609	18.60957620349919
2610	18.602415241772754
2611	18.599588094808897
2612	18.59491262716853
2613	18.594302420457698
2614	18.593709318810866
2615	18.58827148203254
2616	18.582714321155176
2617	18.575258061336783
2618	18.567904449461796
2619	18.56467795511444
2620	18.55756004285615
2621	18.54954079658971
2622	18.54194704700059
2623	18.536217094340323
2624	18.52750482709881
2625	18.527228426443475
2626	18.522939907288038
2627	18.518067192715634
2628	18.51034149876085
2629	18.507722506029904
2630	18.50116272953029
2631	18.498478747670095
2632	18.4943267080597
2633	18.49171381606037
2634	18.482750272166633
2635	18.479023375563635
2636	18.47712590431466
2637	18.4738623929255
2638	18.468354478927655
2639	18.46320812055951
2640	18.454760429982667
2641	18.45250074687571
2642	18.447317871228822
2643	18.441771851614916
2644	18.438178154465525
2645	18.43680379171234
2646	18.428565331209477
2647	18.42375612177769
2648	18.416932196632935
2649	18.412105700441586
2650	18.410195963284075
2651	18.40365559967788
2652	18.398755181421514
2653	18.38869545068383
2654	18.38205788153912
2655	18.376290381136677
2656	18.36465092851763
2657	18.36433057771547
2658	18.358933236656398
2659	18.35528451874582
2660	18.351020427107542
2661	18.348860187693464
2662	18.348758615158907
2663	18.34517584126883
2664	18.338098883839894
2665	18.33271369947727
2666	18.325409297645418
2667	18.321400274538174
2668	18.31817322168926
2669	18.3135860552923
2670	18.307193044339094
2671	18.304670350392698
2672	18.300924759995993
2673	18.29465283234554
2674	18.28349462745137
2675	18.275073833014222
2676	18.272003846289895
2677	18.267578965168614
2678	18.26399859567434
2679	18.256058628530337
2680	18.252490017561872
2681	18.24614957825717
2682	18.240995477612724
2683	18.236676797719024
2684	18.235028245122585
2685	18.229837522265036
2686	18.220994802024972
2687	18.214993529228803
2688	18.2125698097863
2689	18.21002938970029
2690	18.201217516519154
2691	18.195622183649746
2692	18.190876907191004
2693	18.188136596564924
2694	18.18216390930371
2695	18.178456160570704
2696	18.172317116399093
2697	18.168895356414335
2698	18.163138984519346
2699	18.15779774677477
2700	18.15552684846286
2701	18.147452652041093
2702	18.143362474939636
2703	18.138276988126826
2704	18.134203329914673
2705	18.1235771129392
2706	18.11350492004792
2707	18.111139494296417
2708	18.10410921690852
2709	18.098171691848165
2710	18.09639404394533
2711	18.087238789707122
2712	18.08499967088532
2713	18.077821620696618
2714	18.070710629693785
2715	18.06031212622332
2716	18.056590198816217
2717	18.051187593148818
2718	18.046267509951928
2719	18.041856290704064
2720	18.03606709727295
2721	18.032550256312653
2722	18.02429317995359
2723	18.021097120994146
2724	18.015328188250702
2725	18.00790020324149
2726	18.00191927405741
2727	17.996657668475045
2728	17.992157236900447
2729	17.982731285824524
2730	17.975418920845005
2731	17.97309136341469
2732	17.96509446873786
2733	17.96162268127943
2734	17.959982769006725
2735	17.952818618503933
2736	17.949797263602104
2737	17.945849561841566
2738	17.943006458675697
2739	17.939266714377247
2740	17.92986909063012
2741	17.925391428624888
2742	17.920618866086247
2743	17.910372998730377
2744	17.903713260419952
2745	17.895146882873497
2746	17.891644442980404
2747	17.888611780416834
2748	17.879120953237273
2749	17.873116908743263
2750	17.865519195571952
2751	17.859189459045762
2752	17.855754412035644
2753	17.85011683512075
2754	17.844236787570612
2755	17.84072471934115
2756	17.83540312796462
2757	17.8333842967616
2758	17.82961194044257
2759	17.822431999308687
2760	17.814934486865877
2761	17.80795692220393
2762	17.806401980921976
2763	17.803649228557582
2764	17.799285689112615
2765	17.795804780657537
2766	17.78906524791727
2767	17.78312374421195
2768	17.77987337913535
2769	17.773556454726517
2770	17.761422067863347
2771	17.756172756796932
2772	17.753221991165482
2773	17.750315415373205
2774	17.742796411550437
2775	17.738729713852912
2776	17.736630851672583
2777	17.730015265403058
2778	17.723911404207133
2779	17.718695004330634
2780	17.71482125076087
2781	17.712021635324653
2782	17.700369257458078
2783	17.692869165445867
2784	17.685825662813823
2785	17.678552562249013
2786	17.67180546591445
2787	17.6653368629227
2788	17.66067991895072
2789	17.65651588690757
2790	17.649594551467214
2791	17.64611264835722
2792	17.63999142112705
2793	17.63677170018098
2794	17.631157590806104
2795	17.622403388275934
2796	17.6174780211206
2797	17.612221463504728
2798	17.60447555102115
2799	17.601461030165456
2800	17.596668532154276
2801	17.589925571373495
2802	17.584316161233726
2803	17.581334994452295
2804	17.576258978084695
2805	17.57486897746707
2806	17.566108718203836
2807	17.56338640422613
2808	17.554034744436954
2809	17.548185938304133
2810	17.544429275469675
2811	17.53888872155314
2812	17.536287411628468
2813	17.52939470695875
2814	17.524427397762064
2815	17.518330277126292
2816	17.515902851006256
2817	17.50904239389955
2818	17.499889847777037
2819	17.495540039399476
2820	17.488024104697498
2821	17.482086746247166
2822	17.47621680254853
2823	17.47144062420654
2824	17.46320260751778
2825	17.457895092320708
2826	17.45234534623734
2827	17.448035971575678
2828	17.43791331344489
2829	17.43181453265333
2830	17.429809860480976
2831	17.424952777738145
2832	17.41545309526451
2833	17.4100446941952
2834	17.400595714626544
2835	17.396043433828506
2836	17.391492462035
2837	17.382659202970554
2838	17.37977013338874
2839	17.37758711046489
2840	17.369988048390397
2841	17.36854159022303
2842	17.36396924159044
2843	17.35730090374761
2844	17.35027691397629
2845	17.346505001345875
2846	17.34249647357738
2847	17.33714130583809
2848	17.332339807603432
2849	17.325004756383674
2850	17.322725084080183
2851	17.315835654029716
2852	17.309347468868133
2853	17.305296738569254
2854	17.29986319100844
2855	17.291956408696144
2856	17.28934505689807
2857	17.28022968371368
2858	17.268800921188667
2859	17.264306538862016
2860	17.25615060596167
2861	17.253132489347692
2862	17.252229644267157
2863	17.249962130309665
2864	17.242043213863102
2865	17.23951610453242
2866	17.233888182909133
2867	17.225906487648217
2868	17.222604139410624
2869	17.21661371444592
2870	17.20662800298139
2871	17.202815699564045
2872	17.196478186762864
2873	17.192538356153655
2874	17.18628589773375
2875	17.18158860452071
2876	17.17887295255482
2877	17.17615584688143
2878	17.17521594694987
2879	17.170231584576968
2880	17.166738981234445
2881	17.16172002495479
2882	17.154495370874148
2883	17.15209921220987
2884	17.148642577612982
2885	17.141334988918395
2886	17.13302458123706
2887	17.12371215016611
2888	17.120949204255684
2889	17.11435729675973
2890	17.110253770295557
2891	17.104583185041438
2892	17.101561237097748
2893	17.094323846892387
2894	17.083376446844664
2895	17.07891406264697
2896	17.073938149214232
2897	17.06533887601163
2898	17.059831384714254
2899	17.053026866415067
2900	17.049814619725606
2901	17.045626730848763
2902	17.039660508966097
2903	17.035643362232875
2904	17.028790884330153
2905	17.02361264414308
2906	17.01892428596499
2907	17.01630401367943
2908	17.007422771695087
2909	17.00411437368378
2910	17.001840807423672
2911	16.995908237976412
2912	16.98799574339855
2913	16.980002580389964
2914	16.975947620770462
2915	16.97185722088359
2916	16.9662729357638
2917	16.961618193012367
2918	16.959478863161277
2919	16.95260702743058
2920	16.94790505451242
2921	16.94329202594753
2922	16.93610743311132
2923	16.92989348529664
2924	16.92064087778233
2925	16.913993985682957
2926	16.909033668773915
2927	16.906431597266273
2928	16.903568932674517
2929	16.900303154267153
2930	16.89093528209229
2931	16.881821941358368
2932	16.876670031826876
2933	16.86519860676024
2934	16.86116865161092
2935	16.854772819089426
2936	16.848375706316833
2937	16.844985253729565
2938	16.839834215349082
2939	16.834374699972283
2940	16.831397693025377
2941	16.825677460967903
2942	16.82199340960496
2943	16.815159928054037
2944	16.806591054389934
2945	16.801728505682785
2946	16.792605595667553
2947	16.789049699271242
2948	16.784182790860825
2949	16.777135468078846
2950	16.773526097628874
2951	16.765992878762297
2952	16.75782956493754
2953	16.75416630198527
2954	16.739785963972896
2955	16.73664784683011
2956	16.72747562054719
2957	16.721480041603836
2958	16.717281776601688
2959	16.71328052415522
2960	16.704142291986567
2961	16.698997110224933
2962	16.692510929506245
2963	16.68858853911171
2964	16.679470864194432
2965	16.67296702860369
2966	16.670632191906673
2967	16.66752763651628
2968	16.662202621878972
2969	16.657618254419283
2970	16.650912438989696
2971	16.642793007803284
2972	16.640973037321494
2973	16.639017880172776
2974	16.632592934306004
2975	16.62900933212915
2976	16.623176184147678
2977	16.61995994914139
2978	16.612623939220168
2979	16.605728117616913
2980	16.601654908611568
2981	16.597703249642475
2982	16.59336041306401
2983	16.59049431376264
2984	16.584116567177908
2985	16.57581711833071
2986	16.57185267921852
2987	16.56006255676222
2988	16.557324308674033
2989	16.55010810038006
2990	16.54608726947705
2991	16.53861548937076
2992	16.534935379882544
2993	16.527956510182143
2994	16.523988699884736
2995	16.5171358026664
2996	16.512939158404617
2997	16.501777657023474
2998	16.491409569417442
2999	16.48692860103682
3000	16.481740940331484
