1	85.51599830983554
2	73.15328781534103
3	66.8845093865778
4	59.890231778425644
5	56.35249960761731
6	52.58948467720244
7	45.45103590869376
8	42.00714340631687
9	39.41212515880982
10	36.21479328734946
11	33.114603935227144
12	31.2365764677207
13	29.582414686405524
14	28.470586652021662
15	26.787451104024406
16	24.68371353453629
17	23.236880363347908
18	21.36653759890802
19	20.566380333636236
20	19.147008221417835
21	18.145455672463655
22	17.505658006095246
23	16.25375265088148
24	15.405231809592149
25	14.037673817079988
26	13.379828002540032
27	12.59292426369122
28	11.939162945976513
29	10.956121518865341
30	10.561114280577776
31	9.83069745993927
32	9.423613206982045
33	8.837526795111403
34	8.510346237166237
35	8.08539218375089
36	7.270902149685781
37	7.050372149542367
38	6.753631579242353
39	6.2155194025532206
40	6.042268775062245
41	5.914648713507068
42	5.6479212806176395
43	5.524374657543433
44	5.238779720062385
45	5.1526545210299455
46	4.839181051869659
47	4.653386786284085
48	4.3847753941838095
49	4.227419104742107
50	4.000951370672388
51	3.83887647431387
52	3.5786744041891025
53	3.5918857477756005
54	3.3597144392503253
55	3.1987571434993987
56	3.0844921845753315
57	3.0352462905989257
58	2.9487295787995524
59	2.8864291757533445
60	2.739703374076285
61	2.7743848049053614
62	2.6801434884201014
63	2.5666113668031856
64	2.494070838583541
65	2.386168762839705
66	2.2136827902089875
67	2.317739366202217
68	2.228830691177261
69	2.1962529115850002
70	2.2255366630957973
71	2.089531139059228
72	2.0279752009123717
73	2.0191417832672793
74	1.900773216449124
75	1.8892337120561997
76	1.8662855336011497
77	1.811687360414658
78	1.8315778740101394
79	1.8684586816724478
80	1.862770168386691
81	1.7229574148242432
82	1.6272530509170087
83	1.6622440634375133
84	1.647205346418588
85	1.6743638838365338
86	1.6095057306340654
87	1.525489935044179
88	1.5499872201213274
89	1.5529688179455794
90	1.4441258697506483
91	1.509401819452857
92	1.3735081474187212
93	1.4469617292221835
94	1.508850575793013
95	1.443403759763123
96	1.3754007247144504
97	1.361015048910828
98	1.4040365397371621
99	1.3103763967834208
100	1.405070074012045
101	1.3261680968590934
102	1.3061899500276144
103	1.3456016317492414
104	1.3243899010833144
105	1.251154102482493
106	1.3190205455353758
107	1.3879027340277306
108	1.2916240944597084
109	1.2232695033527263
110	1.3897539795487637
111	1.322877383268761
112	1.265090542237344
113	1.2422602889928034
114	1.227201391614851
115	1.2060009053493073
116	1.2400077826994973
117	1.1882489878935696
118	1.2167819595475478
119	1.1752263694424576
120	1.1767925969007533
121	1.2080974197184513
122	1.204481230209207
123	1.1535622437687536
124	1.1706214204090324
125	1.1540018173636633
126	1.0847516685740792
127	1.068981753349924
128	1.0678836827600844
129	1.1672314336934528
130	1.1732750529823774
131	1.125956869411644
132	1.085375853215074
133	1.1070128692465757
134	1.0508497181470975
135	1.1084345788422558
136	1.115763273201729
137	0.9843722396209003
138	1.0559981084199572
139	0.9954822313699866
140	1.039942819266338
141	1.1529068192064627
142	1.1003096654685267
143	1.1159987169224077
144	1.0355897681202513
145	1.097142696894203
146	1.053850726653871
147	1.084023867141316
148	1.0359445921236512
149	1.0596792352764524
150	1.083444566365528
151	1.091351430282866
152	1.0956117616291057
153	1.0279452448561621
154	1.0919564423627455
155	1.015855230357917
156	1.0713675662431734
157	0.9746806379658436
158	1.0157833304849893
159	0.9634227190938495
160	0.9770130087718206
161	1.0427073704266097
162	1.0140480828108824
163	1.0581193739846426
164	1.0726276451755616
165	1.0790397440735733
166	0.9772890369265426
167	1.0327457353675402
168	1.0473652884103175
169	1.0049520402058993
170	1.041614601470701
171	1.0511808539914074
172	0.9750114333635099
173	1.0331063615482488
174	1.0495826606588983
175	1.0474599505968796
176	0.982115605982822
177	0.956196868781069
178	1.0536585479759495
179	1.025914625767862
180	1.0134999697920233
181	0.9821114123872519
182	1.0427198312414474
183	1.0651531558254252
184	1.0601006106468636
185	1.0437695125674713
186	0.9534296955461375
187	0.9183484617435552
188	0.9147076726426888
189	0.9327327591346967
190	0.9745423726774448
191	0.9810639780123009
192	0.9326509564630175
193	0.9316252101637077
194	1.0050614304423116
195	1.0353720795623185
196	0.9816935873682838
197	0.995658451485468
198	0.9863925731459909
199	0.9852204056097998
200	1.0248810611525723
201	1.000589490617238
202	1.0301766355992703
203	1.004670759116905
204	0.9775127098762724
205	1.0613755971657202
206	1.0354521956884135
207	0.9781828210022293
208	1.0561988919723373
209	1.038655853651102
210	1.017117636947318
211	1.0447031227001802
212	0.936827444531128
213	0.9759892375147278
214	0.8997185014789592
215	0.9822492439391888
216	0.8881874753952145
217	0.9600465485650044
218	0.8861355300140813
219	0.9460967247311326
220	0.8907245470884002
221	0.9449808132690128
222	1.0023869738572138
223	1.0076050736911026
224	0.9112509880791947
225	0.9416306380530971
226	0.9694001340974615
227	1.0100508372018422
228	0.9949006325300174
229	0.9993187634565978
230	1.036100269213694
231	0.9822803636512297
232	0.9624980970683022
233	0.9293311263117169
234	0.954461125923019
235	0.9368312201505703
236	0.9595299255662195
237	1.000118104606939
238	0.9554065416116017
239	1.0023780241561449
240	0.9969529984044831
241	0.9749347139647538
242	0.9525280666710638
243	1.0085766891820627
244	0.9364512214390854
245	0.976164710004989
246	0.977706850330529
247	0.8953071456436598
248	0.9801247885404217
249	0.8495744592125906
250	0.9117332552649925
251	0.9777034401665877
252	0.983961064649489
253	0.9357046981330761
254	1.0090523618559681
255	0.942264359658916
256	0.9145129912722717
257	0.9021418169233526
258	0.9639374725465769
259	0.9431528047399643
260	0.940895825612037
261	0.9394873493698033
262	0.9933283628915717
263	0.9212607481551841
264	0.9567507050544058
265	0.924374206873593
266	0.952580315403299
267	1.000123148669961
268	0.8889707757626876
269	0.9791679027330893
270	0.9173570197468859
271	1.009820317157
272	0.950738734168791
273	0.9827676234461098
274	0.9169386549819495
275	0.9850124694943989
276	0.951806504353783
277	0.9838235061444035
278	0.9249610596690238
279	0.9845056473658221
280	0.986723389372716
281	0.9854004276387335
282	0.9528921815175295
283	0.929726155435532
284	0.9678308101679076
285	1.027551585026697
286	0.9461251057503024
287	0.9454143392913488
288	1.0028242230189266
289	1.0187519552152946
290	1.0028641288184228
291	0.9572625210563819
292	1.0313851704941
293	0.9704495501176277
294	0.991314394687824
295	0.989011807095031
296	0.9836801252450376
297	1.0098106741672919
298	0.8820467090678418
299	0.9069240737844321
300	0.9818092970235858
301	0.9261111382941122
302	1.0375255427669026
303	0.9004325678208781
304	0.8789505021938185
305	0.9743630901266885
306	0.9509607761179913
307	0.9619489543822856
308	0.8795407161482767
309	0.947956483060451
310	0.9640479722765278
311	0.9674315741138582
312	0.907995364894909
313	0.9480379861473559
314	0.9731394488456352
315	1.0300971485107209
316	0.9185978862691684
317	0.9285378373357595
318	0.9042842937875594
319	0.9415068241280492
320	0.9349134744693087
321	1.0028094706262893
322	0.9648849718064488
323	0.8884814315514907
324	0.9262139856985608
325	0.9205680673860883
326	0.9906533119587748
327	0.9559893550157152
328	1.011545013208285
329	1.0090396323928736
330	0.9904894469622919
331	0.9445096796175511
332	0.9329849938553824
333	0.9377769586276179
334	0.8905261900270852
335	0.9562493171018139
336	0.966633422146616
337	0.9813228265912236
338	0.9445215362519631
339	0.9681192283847253
340	1.011264446081719
341	0.9345445234710374
342	0.9370926850877203
343	0.9702680535048093
344	0.9864050902111977
345	0.9179385522756963
346	1.07795281522437
347	1.0500789176515153
348	1.0082498999142782
349	0.9485039387315946
350	0.9705903066585796
351	0.977239664445142
352	0.9028354362967487
353	0.8893452811637164
354	0.9603823411569825
355	0.9807178693300425
356	1.067785340645842
357	0.9383048048264775
358	1.0513447214552356
359	0.9468445420076969
360	0.9880742289015284
361	0.9418619431211218
362	0.9433516460031774
363	0.9287346333695982
364	1.0127638482333419
365	1.0325879105097857
366	0.9864933051859294
367	0.9912099132148431
368	0.9197268283393444
369	0.9833008900198849
370	0.9673347667626444
371	0.9211402911213074
372	1.032343041279319
373	0.9593959929696961
374	0.9998764953576557
375	0.9507856120378673
376	1.0109374245431302
377	0.960058258323005
378	0.9920703121471093
379	0.9294215878319604
380	0.9488116590170275
381	1.024763511104059
382	0.9992530756906823
383	0.9531590178084975
384	0.9771203252679908
385	0.9958224288992522
386	0.9733592860430621
387	0.8534691640341077
388	0.9821867080724669
389	0.9254852918725157
390	0.9627242532363016
391	0.9860223746347211
392	0.9719867723891873
393	0.9291984262697085
394	1.007119055769614
395	0.9777930862676286
396	0.9404367593442594
397	0.9741208650309753
398	0.9320878518869898
399	0.9961634325326083
400	0.9854259739963627
401	0.9734992686756525
402	0.9257977329227567
403	0.9478216237518158
404	0.9562794889527008
405	0.9619588397589018
406	0.9485742527653634
407	0.9729312171659181
408	0.975660785984267
409	0.9772295815729178
410	0.9822618471992566
411	0.9116485226993619
412	0.941443224808131
413	1.0311901583103924
414	0.9293712936781504
415	0.9737952723128223
416	0.9328369359493731
417	0.8885686123643354
418	1.0120796210939398
419	0.9537840008399651
420	0.9337642483646661
421	0.9626128940460243
422	0.9698568857383766
423	1.0013151045014537
424	0.9686397513595711
425	1.0054837933815837
426	0.9919653996079815
427	0.9457055951286034
428	0.9774916530132775
429	0.9554067240923949
430	0.9874533185223293
431	0.9380227246873257
432	0.9983949218953703
433	0.9944597895319127
434	0.9044778168527944
435	0.9075372811813186
436	0.9211214510717286
437	1.012563575094045
438	0.899856906454394
439	0.9566308590323237
440	0.909576170686665
441	0.9333592447921789
442	0.9480239259793387
443	0.9550214266823703
444	0.9702784497613578
445	0.9079111014214027
446	0.9186268637069358
447	1.0101970426155096
448	0.929531618453284
449	0.9094318020570603
450	0.9314265691698415
451	0.9419323631981557
452	0.9295478108894114
453	0.9618103463534123
454	0.909733523585314
455	0.899294902341795
456	0.8473887581700428
457	0.96870350837269
458	0.9012129872668148
459	0.9040802264459753
460	0.9427753873195943
461	1.0010705002677325
462	1.0325727579454937
463	0.939164015505191
464	0.95769577335195
465	0.9229498033125576
466	0.9387788139913048
467	0.9158465514546869
468	0.9960974139875602
469	0.9090420096640986
470	1.0438430763599553
471	0.939988457846814
472	0.9450741353724567
473	0.9148063406222645
474	0.9061394410955876
475	1.0034110121673279
476	0.9727654648854032
477	0.9328471533720997
478	0.9068163175116636
479	0.9139536125552603
480	0.8866405620373558
481	0.9528269956361205
482	0.9077700538184348
483	0.9595395792023002
484	0.9080469752316456
485	0.9428072045968927
486	0.9943110195422256
487	0.945501392482132
488	0.8688303757254797
489	0.9642725197287346
490	0.9770340162042397
491	0.9416512566706471
492	0.9736699851718229
493	0.9552923776376024
494	0.9408624524238672
495	0.9693146408360648
496	1.0095245870263418
497	0.9581747312997666
498	0.9983493037414589
499	1.0113006689053325
500	0.9486187903873111
501	1.0836531867195527
502	0.9852827971893399
503	0.9802725185490535
504	0.8996745650174188
505	0.880556631562317
506	0.9776931271345694
507	0.9312231486400576
508	1.028057014448599
509	0.9077910182456234
510	0.9674378147211576
511	0.9562269331258371
512	0.8798118244898921
513	0.9699811282774566
514	0.961738791231595
515	1.0297990312058405
516	0.9531656696745555
517	0.8958964804292701
518	0.926098051802837
519	0.9751051241213616
520	0.9979238641120147
521	0.8869367614431324
522	0.9048304330259318
523	0.9384945243286764
524	0.9101283911723664
525	0.939775664182357
526	1.009194616287408
527	1.0721205946930086
528	0.9610538050474141
529	0.9681544734688603
530	0.9074223949731348
531	0.9096347879897327
532	0.9763760589734153
533	0.9352745397052703
534	0.9449267277061792
535	0.9717796808986559
536	0.9029225648217282
537	0.9650049494019668
538	0.9165896234838354
539	0.9108093763768305
540	0.9542078839276698
541	0.880440530708287
542	0.8916739153980687
543	0.9390242398413612
544	0.9370292798164215
545	0.9455155412402957
546	0.9434194617957418
547	0.9963235229932464
548	0.9664622373370446
549	0.9645112224054645
550	0.8724606852275538
551	0.943352278603976
552	1.011920867973051
553	0.9410334938947315
554	1.0148055604733206
555	0.968665387245146
556	0.9224751193267386
557	0.9817163728289394
558	0.8578233110766941
559	0.958578060761308
560	0.8524848578208168
561	0.9429495541452948
562	0.9258751507426918
563	0.8986535600852091
564	0.9268875805587669
565	0.9791766083616823
566	1.0324683233570773
567	1.006986453605901
568	0.9734674599378894
569	1.0156412218944098
570	0.9613300750522545
571	1.0200989415023174
572	0.9162094628719202
573	0.9246860120417196
574	0.881350147669694
575	0.9925598818679523
576	0.9977050388276473
577	0.8921627350319922
578	0.9914705642383139
579	0.898114210704123
580	0.9753279541339459
581	0.9052706306355911
582	0.9440080214888075
583	1.0027499655409462
584	0.9441964221287376
585	1.022540495973223
586	0.9575665528184456
587	0.8934315635516461
588	0.8994989043689136
589	1.0090921554359134
590	0.9502491285881617
591	0.9363725326776724
592	0.998853191249313
593	0.9942934420131407
594	0.9830572998133095
595	0.9539424923819345
596	0.9194795470644025
597	1.0334242609373974
598	1.0238288972246534
599	0.9055898566539381
600	0.9285718994524008
601	0.9854215524223375
602	0.9467393981882309
603	1.0358312568114985
604	1.0322972944205808
605	0.9595796488249346
606	0.9653028632585705
607	1.0115050965448609
608	0.9719151448157999
609	0.9880235454895157
610	0.9747348431373449
611	1.0063483413675471
612	0.9907263656767282
613	0.9808119051487891
614	0.9302921378219061
615	1.0392473422332287
616	0.9766446528884882
617	1.0266423392259656
618	1.0317733096833108
619	0.9039829340674577
620	0.9715209225126863
621	0.8434743174538525
622	0.9242444868294972
623	1.0192360359703805
624	0.9764668814806828
625	0.8561513492088767
626	1.0124113364540728
627	0.9731828760838375
628	0.9590705119645876
629	0.9506551230627233
630	0.9709219320400436
631	0.9373943864509251
632	0.9240087281493096
633	0.8908897328742637
634	0.9036177144129185
635	1.019838844640621
636	0.9885993025784602
637	0.9458090559970673
638	0.9518776837750799
639	0.9285423665447882
640	0.9723540666635412
641	0.9591184904499628
642	0.9213443019230001
643	0.8465786818194962
644	0.9675700615225603
645	1.0016936808025367
646	0.898850785052056
647	0.9150253711108651
648	0.932272727209621
649	0.8757618871033457
650	0.9203925087303955
651	0.9578340968321507
652	0.9775272902978022
653	0.9502987837298441
654	0.9746783917458656
655	0.979402049696478
656	0.9324221477512145
657	0.957683491618184
658	0.9632639294560608
659	0.9550794948487822
660	0.9358172430787902
661	0.9991212399054745
662	0.9766807190484176
663	0.9698569362481384
664	1.042118133376972
665	0.9934352275998158
666	0.9345563369630576
667	0.9401823289453234
668	0.9590342643945575
669	0.9089458109415063
670	0.9098446875008346
671	0.9367678013947889
672	0.8855083866980937
673	1.0165935702369884
674	0.9328200644160283
675	0.9607570859152825
676	0.956624789805385
677	0.905613261193775
678	0.9407676097419464
679	0.9592434162423821
680	0.9877333956831014
681	0.9700619276648347
682	0.9344466918301311
683	0.9605394804347883
684	0.9427703467394506
685	0.9062076686329781
686	1.0245217788137273
687	0.9304149066340955
688	0.9419554194651141
689	0.9713949545408408
690	0.9832088053636734
691	0.9331711932232414
692	0.9597171427157309
693	0.9351013396390421
694	0.981786805045774
695	0.9731114539709865
696	0.8722427147159199
697	0.9206052520533752
698	0.982649989200291
699	0.9786304067052745
700	0.8902523873016811
701	0.9588215405940935
702	0.9089863017547937
703	0.9957536906067699
704	0.9695609439971727
705	0.9941852108687121
706	0.9599923324026725
707	0.8993102923995477
708	0.9425726653613584
709	1.0283786315097907
710	0.9796533372686216
711	0.9066339708409116
712	0.9428368050703103
713	1.0340329603592693
714	0.9301136609119299
715	0.9066099192739189
716	0.9356489639541032
717	0.8822994840132008
718	0.880195379974409
719	0.9793604369347871
720	0.9362862678447544
721	0.9543694685472125
722	0.9732698965667559
723	0.914088455139765
724	0.9293334706993197
725	0.9023271292102922
726	0.9400851689959738
727	0.8973779740559752
728	0.9567393084257453
729	1.0040155306597334
730	0.9943538401211528
731	0.9699866095556293
732	1.0078141659796196
733	0.9730940808702087
734	1.0607585371505819
735	0.9284027383524713
736	0.9473071892881212
737	0.9265796920798854
738	0.934010318570467
739	0.9491828500777167
740	0.9216472958911038
741	0.9519421207731938
742	0.9452939653283113
743	1.0991750932482796
744	0.9235983328288626
745	0.9632510314897309
746	0.9338365669778766
747	0.9483060838962633
748	0.9748511170066566
749	0.9755698935923495
750	0.9396568238466465
751	1.0163411440441532
752	0.9284989461412846
753	1.010475143671687
754	0.9540896322559007
755	1.0011411224741436
756	0.9396282969501187
757	0.8621422856132149
758	0.9620171274101101
759	0.9727637325817161
760	0.9593210975898726
761	0.960700688309346
762	0.9116556921826184
763	0.9774623579850757
764	0.960187458885767
765	0.9778765677813708
766	0.9216168356894564
767	0.9552130567438095
768	0.9541862907448088
769	0.9484639350464739
770	0.9184202827414033
771	0.9770263046665626
772	0.9151025477125333
773	0.9641953251810693
774	0.9978903312217386
775	0.9637269500142265
776	0.9658519155355736
777	0.9028951794226109
778	1.0239894290357887
779	0.8937539107533143
780	0.9699794485129689
781	0.9830086151145293
782	0.9681735224612716
783	0.9814672234891115
784	1.054648773849111
785	0.9532749086606489
786	0.8387493130567913
787	0.9499666324070178
788	0.9543077434414384
789	0.8853109458124435
790	1.014942788184886
791	0.9366150320592624
792	0.9639728083822997
793	0.9586788161417349
794	0.8763536519158918
795	0.9844551462133947
796	0.9559465465568041
797	0.9723592237707492
798	0.985626524509117
799	0.8550910793011404
800	0.9207001190396706
801	0.8999667302001679
802	0.902738201530983
803	0.966170317988148
804	0.9231495642907214
805	0.9009587069832157
806	0.9900533184578054
807	0.9260573558906054
808	0.961121648927482
809	0.9614519772125121
810	0.9612815247859171
811	0.9767196139860715
812	0.9530366729963013
813	0.9524281435721261
814	0.9143711174349036
815	0.9783541465401618
816	0.9988823759402183
817	0.9093515547907777
818	0.9620428973254764
819	0.8917839156542658
820	0.9844364028484293
821	0.8994967780295513
822	0.9565223199993745
823	0.9417887769277263
824	0.958153418246119
825	0.9964307819841987
826	0.9639964982070148
827	0.9103510225160881
828	0.9312076655932321
829	0.9031840545011024
830	0.9607353097319867
831	0.9262264225678848
832	0.9687333748410875
833	1.0219524853277793
834	0.9916491623871597
835	0.9384664085756254
836	0.8969159729696293
837	0.9275264308134469
838	0.9060901590764537
839	0.9297920958925388
840	0.8871910160794376
841	0.9643894930312494
842	1.0349375507365193
843	0.9857058415869223
844	0.919630961943026
845	0.9132026913020449
846	0.9211030749348775
847	0.9568654601235258
848	0.871720451870041
849	0.8819620436957423
850	0.886512855490287
851	0.9194954159022671
852	0.9362890125169002
853	0.915403826595888
854	0.9911154661636828
855	0.9897432829797522
856	0.9017195013503092
857	0.9265724545186006
858	0.9618360043211047
859	0.9103040628180287
860	0.919840214145935
861	0.9605195456352715
862	0.9713334519943831
863	0.8991181825508355
864	0.9711982462828909
865	0.9610052353680278
866	0.8299252363772905
867	0.9225255226233098
868	0.9252344128059804
869	0.9658190886624248
870	1.023492770010071
871	0.8799289703341702
872	0.9293990136783156
873	0.9156391493487607
874	0.9797844265653246
875	0.9642427293470319
876	0.919583917885841
877	0.8994526775649129
878	0.9910498431847424
879	0.9302704412813623
880	0.9259424820806579
881	0.8743546579887936
882	0.9484141368129698
883	0.987446735656141
884	0.9271912816943434
885	0.9741107790890365
886	1.0201925982594593
887	0.9081173847291263
888	0.9878394142743459
889	0.9258679119809959
890	0.8717163697785592
891	0.9938206318302828
892	0.9840879035393647
893	0.9514430158578443
894	0.9631085424781566
895	0.8909708983941037
896	0.90734450294441
897	0.9098307224421102
898	0.9588451008587193
899	0.9611304080934885
900	0.9423911072411087
901	0.9415911828098298
902	0.9992504382308757
903	0.9548728008316621
904	0.9105390662832475
905	0.9297658180681181
906	0.9183290358105862
907	0.9120190359193078
908	0.885813098212126
909	0.8630667313580479
910	0.9581366494100235
911	0.9168983630698991
912	0.9606807721861789
913	0.9156986356873629
914	0.864050622866532
915	0.9428899045557667
916	0.9079427586289982
917	0.9145402152017864
918	0.9334691041045055
919	0.9119316401454102
920	0.9205938302241206
921	0.9795261527510234
922	0.9192501262743696
923	0.9063026436303904
924	0.8825380035442444
925	0.9706312917609083
926	0.8999196172312894
927	0.9034132567310185
928	0.9365820181898522
929	0.9188206449960398
930	0.9038110155718476
931	0.9109303780756012
932	0.9758958019163438
933	1.0268582833705147
934	1.027417134331309
935	0.9281477886049554
936	0.9467269690842905
937	0.8813230866261919
938	0.9743711182466932
939	0.880713678785568
940	0.8828156943979069
941	0.9541518075861863
942	0.867321343753297
943	0.9271349498560787
944	0.8909204824078228
945	1.0857555462428792
946	0.9443909860515909
947	1.0779365446381541
948	0.9121029420851645
949	1.0353568526781687
950	1.0225939235767012
951	1.0379656583661427
952	0.9977916718361793
953	0.953176676916969
954	0.895344635767131
955	0.9444455033650817
956	0.9381122945552848
957	0.9184221809716324
958	0.8905352959176354
959	0.9626107708936407
960	0.911276639264091
961	0.9064384956334636
962	0.9134658581228913
963	0.9281960006301055
964	0.9619991390017514
965	0.9453542788422896
966	0.9580488899745638
967	0.864187270816109
968	1.0410390338828008
969	0.9918101221072445
970	0.9417008907205747
971	0.974321060761487
972	0.9431702725910437
973	0.8969208599771626
974	0.965860814172121
975	0.9405411932536262
976	0.9259276264586741
977	0.9475592896054482
978	0.9905607175298017
979	0.9844812706542422
980	0.9809536770127203
981	0.9250499545092034
982	0.9347779496143074
983	0.9475774992339304
984	0.896706482858931
985	0.9201459128484083
986	0.9134438663970585
987	0.889236156086954
988	0.9499022297178146
989	0.8219549767806823
990	0.9175519019620622
991	0.9368845339278441
992	0.920040378670402
993	0.9302247489808931
994	0.9397868255752698
995	0.900364220063215
996	0.9658326031994238
997	1.006214490471735
998	0.9670428395159071
999	0.9289447235241621
1000	0.8302710880731763
1001	0.9643272355562634
1002	0.9267787370256233
1003	0.9465209698754371
1004	0.9672810778606966
1005	0.9293411224430953
1006	0.9502295249513574
1007	0.9170585391327771
1008	0.960768886071363
1009	0.9581095648469286
1010	0.9689791604168205
1011	0.9683222410627347
1012	0.979532359744889
1013	0.9551321054125875
1014	0.9696910062712553
1015	0.9375744361888592
1016	0.9196955882436892
1017	0.9063693933961925
1018	0.8980654182052634
1019	0.9472731932458487
1020	0.8819673043698458
1021	0.967624608525141
1022	1.0047323301495086
1023	0.9211688231806618
1024	0.9817924902922727
1025	0.9213919649992273
1026	0.9279021131107122
1027	0.9455598479752827
1028	0.9113026669097345
1029	0.871521218573674
1030	1.0106631950860583
1031	0.9019755752136013
1032	0.9612317748680759
1033	0.8657298921899492
1034	0.915668928627499
1035	0.9683441100677203
1036	0.972304542927224
1037	0.9532996444149
1038	1.0094115199328717
1039	0.9935176909797558
1040	0.8798432956462995
1041	0.9340646020720235
1042	0.9432398327019328
1043	0.8898051741445635
1044	0.8985752160248334
1045	0.9724108648660368
1046	0.9419242416917696
1047	0.9115055511431734
1048	0.9593593334249154
1049	0.9426616177288587
1050	0.8890922196310442
1051	1.0137910109043269
1052	0.8985832317923088
1053	0.9759361829930883
1054	0.8950940682917837
1055	0.964445067065718
1056	0.9857174462052662
1057	0.8982995200924324
1058	0.9259512098548157
1059	0.9520512718327507
1060	0.9567258774293734
1061	0.8610341114793982
1062	0.8975506010340927
1063	0.8647861817383268
1064	0.9106257207557503
1065	0.9104000375608721
1066	0.9641986267701959
1067	0.9364458038070863
1068	0.888819067209307
1069	0.9450047571954194
1070	0.9537182866571109
1071	0.934514042864279
1072	1.014895600298465
1073	0.9394637030775435
1074	0.886333255860792
1075	0.9437307939075205
1076	0.8971704642128885
1077	1.0151823678798468
1078	0.985639852418439
1079	0.9278994225647624
1080	0.8980156756306081
1081	0.9826124324571822
1082	0.9306147863709883
1083	0.9718427126847707
1084	0.9626933173616125
1085	0.9855076287326021
1086	0.9235506503806602
1087	0.9532623078564245
1088	0.9432645715364455
1089	0.9375533832314634
1090	1.0136263387004039
1091	0.9595974804625083
1092	0.9882195952993469
1093	0.9585311103962686
1094	0.9207488154492295
1095	0.9284027570816237
1096	0.9675017555084433
1097	0.9054983459684539
1098	0.9754476078408392
1099	0.9714405204465881
1100	0.9524214738272142
1101	1.0105597057242452
1102	1.0416233348944381
1103	0.9591858160398729
1104	0.9614232913074584
1105	0.9475516823486395
1106	0.9817107594351087
1107	1.0139526645095984
1108	0.836208277919576
1109	0.9165787027480548
1110	0.928554285850205
1111	1.0303975801401057
1112	0.9038498806828625
1113	0.9830332087873805
1114	0.9131556308291044
1115	0.9690921517349593
1116	0.959938376320419
1117	0.8262426428411407
1118	0.966568063906972
1119	0.906679214560661
1120	0.9037008399928855
1121	0.9729640866396085
1122	0.9488484219191854
1123	0.9700984510880676
1124	0.8929913924617854
1125	0.9353944960395246
1126	0.8678166678106507
1127	0.8747666341428726
1128	0.9483186056503344
1129	0.9530240961749604
1130	0.9802699180280752
1131	0.906863169965972
1132	1.0013511484034703
1133	0.9624872455090624
1134	0.9701971517771473
1135	0.9305617687349362
1136	1.0194624353004573
1137	1.0010214684177907
1138	0.9785922916947746
1139	0.9542172312822005
1140	0.9379796306994738
1141	0.91420170522664
1142	0.8683277966101159
1143	0.9453203225559758
1144	0.9383540781619976
1145	0.9241660941909607
1146	1.002091470198281
1147	0.9005546949923208
1148	0.8997637854200548
1149	0.9225683321168946
1150	0.9173321709760512
1151	0.923078378541393
1152	0.9250815597340177
1153	1.0045126944593057
1154	0.9513836413844758
1155	1.067289956951647
1156	0.9621839271632104
1157	0.9865020637561934
1158	1.0168389241247189
1159	0.9482864610232898
1160	1.0264282339235808
1161	1.0105490900805338
1162	0.9808621138603915
1163	0.9501561113670469
1164	0.9448391098402045
1165	0.9525583027227765
1166	0.8953759606305228
1167	0.9942978502536194
1168	0.978992790042847
1169	0.9529099370918129
1170	0.937530882969314
1171	0.9051720773559961
1172	0.8524038780213358
1173	0.9793322831387921
1174	0.9418830262020668
1175	0.9591210025779815
1176	1.0445690113586423
1177	1.0172936932846481
1178	0.9574533964562522
1179	0.8826614614258913
1180	0.9848194808017052
1181	0.9352434722174296
1182	1.0157602138564072
1183	0.8954155214494565
1184	0.9670541739941606
1185	1.0033576113430536
1186	0.9051980556097697
1187	0.9261406491942119
1188	0.9012984423357988
1189	0.9872556338449657
1190	0.9701476722665187
1191	0.9979516449409461
1192	0.8493281398228867
1193	0.9420542761675738
1194	0.8774418797036039
1195	0.954488946681572
1196	0.9578207282091833
1197	0.965834269970174
1198	0.952306267050704
1199	0.9178905198308543
1200	0.8774174770109016
1201	0.9308230027871457
1202	0.9131630616710925
1203	0.9884452675734496
1204	0.8295520356681212
1205	0.9323530349775664
1206	0.9826732724448628
1207	0.9345878818672719
1208	0.984826003763136
1209	0.9286498191779199
1210	1.0632695929724452
1211	0.9721844182864687
1212	1.002170749259957
1213	0.950171357285636
1214	0.8899351068250699
1215	0.9099384001200017
1216	1.0215733858668905
1217	0.901810437067061
1218	0.9278623291942165
1219	0.9374767890662287
1220	0.9157977468459916
1221	0.9921329855754144
1222	0.9109959390787912
1223	1.0101252157435698
1224	0.9874080269073241
1225	1.0101659129698193
1226	0.9220421070011897
1227	0.8540623405711945
1228	0.9477129875929389
1229	0.993823780231759
1230	0.921194554919864
1231	0.865430377778791
1232	0.94440572630111
1233	1.0066782518358013
1234	0.9333301565505762
1235	0.9654883975914916
1236	0.9413548627668467
1237	0.9417665388630169
1238	0.9583795655859642
1239	0.91011785436528
1240	0.93380638158781
1241	1.005769856615233
1242	0.9375386165231251
1243	0.9753253722880241
1244	0.9796170521606447
1245	0.9354645941324596
1246	0.9485291593329214
1247	1.004255845013933
1248	0.9019390110945988
1249	0.873994252499952
1250	0.929910672072033
1251	0.9089571818982464
1252	0.9445037693501112
1253	0.9814818588136615
1254	0.8816484623167123
1255	0.8884060548827218
1256	1.0050349097330868
1257	0.9750603376379108
1258	0.9627225643882302
1259	0.920377099941158
1260	0.8859069549377273
1261	0.9238068594498531
1262	0.9327819976692321
1263	0.9594170012129376
1264	0.9790641727926215
1265	0.9114635039695087
1266	0.936461813701906
1267	0.9627611219474222
1268	0.8925264409394359
1269	0.9413653588977978
1270	0.9089000199282161
1271	1.0269834746101845
1272	0.8910788684573782
1273	0.917689640064443
1274	0.8768180238984722
1275	0.951898657745435
1276	0.9117060745041768
1277	0.9779727469681897
1278	0.9367082024270825
1279	0.9071466326166632
1280	0.946699691808957
1281	0.8582391621398728
1282	0.9399675020729383
1283	0.9446863198600606
1284	0.9915799014408694
1285	0.957317342587674
1286	0.9507436319517613
1287	0.9242805003828493
1288	0.8600310277514169
1289	0.8697633900920709
1290	0.9570792802940223
1291	1.0154505420101236
1292	0.9280529144434605
1293	0.9488809413675657
1294	1.0112955818575393
1295	0.9309202047421761
1296	0.9837131413848367
1297	0.9679174785161184
1298	1.007769439954654
1299	0.9458119177217454
1300	0.934592744276628
1301	0.9555538256765596
1302	0.9156055489808793
1303	0.9525714711172433
1304	0.9419505562911613
1305	0.9117837260444737
1306	0.8982189837398508
1307	0.968329558596317
1308	0.9765301273350181
1309	0.9955041590022853
1310	0.8738982771861511
1311	1.001718145224186
1312	0.9241171395380764
1313	0.8992611789178262
1314	0.9345101851577158
1315	0.9957164055918309
1316	0.938496503558167
1317	0.9378154812154688
1318	1.008659287238382
1319	0.9287986217419452
1320	0.9508747911587541
1321	0.9226153337380332
1322	0.9344394124941272
1323	0.938092457772388
1324	0.9605131899445957
1325	0.9865422114447393
1326	0.9633292974535156
1327	0.9516791486114149
1328	1.0071260652988243
1329	1.0716259042609437
1330	0.9848723034823323
1331	0.9993118599963969
1332	0.987116364301664
1333	0.9936145176530023
1334	1.044441599821171
1335	0.9864949329812182
1336	0.9625417519262719
1337	0.9647297514863957
1338	0.9338874248462105
1339	0.9109568377151054
1340	0.982666660713826
1341	0.9910529503763751
1342	0.9587313879493661
1343	0.9432628970668056
1344	0.91175286980774
1345	1.0060171000889142
1346	0.9387770142210812
1347	0.9440661672564743
1348	0.9219665200195944
1349	0.8346003266374176
1350	0.97863073383936
1351	0.9461834148988949
1352	0.9662288805597198
1353	0.9469108680833732
1354	0.9786316400062056
1355	0.9056929041551136
1356	0.9261636065323746
1357	0.9461138706964289
1358	0.9446432268251546
1359	0.9461285997376002
1360	0.9591965739836283
1361	0.8743603266355374
1362	0.9518586098115266
1363	0.9698215314256253
1364	0.9007766784453286
1365	0.9188773486420366
1366	0.905878867695906
1367	0.9245757604324883
1368	0.9226369728522811
1369	0.8918319264971166
1370	1.0251938361484247
1371	0.9466001186981641
1372	0.9516024577021043
1373	0.9612234044118575
1374	0.9453406554008017
1375	0.9433195613462801
1376	0.9469343676483263
1377	0.886466542667169
1378	0.9508760642768254
1379	0.9036122341394393
1380	0.9127715866386114
1381	0.9465393441719316
1382	0.9613925829355363
1383	1.0238516909730113
1384	0.9496951800237017
1385	0.9956390752451186
1386	0.9427041308596257
1387	0.9145817178126652
1388	0.8917189313493876
1389	0.9325312499330903
1390	0.9863772968294328
1391	0.89934986546892
1392	0.9270234332621834
1393	0.8694880175496859
1394	0.8493502927855887
1395	0.9739061751485334
1396	0.8169622819946732
1397	0.8943798906640501
1398	0.9384190446179136
1399	0.9353405601170494
1400	0.9881502292010064
1401	0.8914762974214764
1402	0.9150045242055445
1403	1.0183696607065755
1404	0.9538090571216179
1405	0.9667432675692194
1406	1.0215510256864186
1407	0.8977698797803816
1408	1.0166382281363378
1409	1.0399342119424761
1410	1.0509601729902385
1411	0.9517891327903357
1412	0.8884209563967971
1413	0.931920285105163
1414	0.9315361994036537
1415	0.9575316618891392
1416	0.991829827918522
1417	0.9688868867753384
1418	0.9679098460638077
1419	0.978886777416686
1420	0.9679432054947482
1421	1.0189395236010794
1422	0.9031011219368698
1423	0.956703122127473
1424	0.9845715897380543
1425	0.9623753729920802
1426	0.9978071473133168
1427	0.9621001955272716
1428	0.9577826407249488
1429	0.9337946636042089
1430	0.962717038530787
1431	0.9380253814383172
1432	0.9678827337125594
1433	0.9896614796199604
1434	0.8689198209133301
1435	0.9642078722298055
1436	0.9674513472492587
1437	0.8925766415783599
1438	0.9321177369045902
1439	0.9787200788762703
1440	0.973055118498982
1441	0.9527275340320603
1442	0.9055980753519869
1443	1.0148221292277693
1444	0.9798932659486983
1445	0.9802381378078151
1446	0.9450325118201058
1447	0.9190205470438868
1448	0.9256898030136977
1449	0.9237793854870989
1450	1.0401283235875385
1451	0.9224385235445066
1452	0.841596020094224
1453	0.9684794890053064
1454	0.914668057249154
1455	0.8954842719775272
1456	0.8818309289663467
1457	0.9266223752151145
1458	0.9369345712772958
1459	0.9326015824147568
1460	0.9234203652010976
1461	0.9467559610545424
1462	1.0053108053741628
1463	0.9333206884431938
1464	0.957049024026317
1465	0.983406710427689
1466	0.9709546804275223
1467	0.8722554123221892
1468	0.9407180212709281
1469	0.9694845786526145
1470	0.8865672501488625
1471	0.9711663817750209
1472	0.8957826649755183
1473	0.9239017132228009
1474	0.9707511975618874
1475	1.0209777956831623
1476	0.9916164062846836
1477	0.9930742140132438
1478	0.9598498235785223
1479	0.89567592662922
1480	1.0328252012814607
1481	0.9311587625808389
1482	0.9836716692079881
1483	0.9393666786643547
1484	0.9936778639895472
1485	0.8649791998100922
1486	1.0273304659015086
1487	0.8805284162256668
1488	0.9989537759453909
1489	0.9541400523715884
1490	0.9306791417614068
1491	0.9682687893055919
1492	0.9553379005292278
1493	0.9690745461673443
1494	0.9581591006085649
1495	0.9913869910010652
1496	0.9626049288719378
1497	0.9068562575470603
1498	1.007678324101471
1499	0.9826587245552543
1500	0.9860893550757636
1501	0.9233615136623857
1502	0.9929696213459338
1503	0.9349174631275015
1504	0.9401471679625216
1505	0.9233474930767827
1506	0.9240532852083725
1507	0.9365621981881161
1508	0.9320162140260921
1509	0.9486323575547144
1510	0.9407410138050163
1511	0.9503268604763345
1512	0.9225962678054551
1513	0.8248843270608214
1514	0.9356476424393674
1515	0.9295683230173766
1516	0.9818665237340211
1517	1.0059461424586482
1518	0.9178906649941468
1519	0.9095170009963732
1520	0.8992041941901565
1521	0.9560993953169081
1522	0.8824766761797079
1523	0.9700470418303848
1524	0.978338629862094
1525	0.912308523061241
1526	0.9781309279853405
1527	0.9471817270488674
1528	1.0321709310853349
1529	0.9511180942185989
1530	1.009982964918661
1531	0.9374235678569642
1532	0.9960653242306203
1533	0.9679527419654133
1534	1.0170714390081455
1535	0.9835201617447383
1536	1.010648180406983
1537	0.9630512677484392
1538	0.9502961576808047
1539	0.9358504076899361
1540	1.0640362554850593
1541	0.9815619941577958
1542	0.9558404322725564
1543	0.9358370471430626
1544	0.9871320451625666
1545	1.0117811433004724
1546	0.9560955201480347
1547	0.9484645415040925
1548	0.9700863758149401
1549	1.046912468902474
1550	0.986474427819492
1551	1.0117307873205221
1552	0.9183461314224755
1553	0.9013310088702212
1554	0.961889563339527
1555	0.9401663373903346
1556	1.078735386550746
1557	0.9325075986696845
1558	1.0118140428664104
1559	0.9482842560581056
1560	1.0225673436570644
1561	0.9869141201384806
1562	0.8973728536698847
1563	0.9233539384875634
1564	0.9847065982942961
1565	0.9946986805515847
1566	0.9110302803123056
1567	1.0121780420304787
1568	0.9576417593043545
1569	0.9066282524137833
1570	0.9130863128668575
1571	0.8996295199111471
1572	0.9258266123525752
1573	0.9935122332192915
1574	0.9448592971261204
1575	1.0007828004031887
1576	0.9956483170882696
1577	0.9798032944526044
1578	0.9727555765111694
1579	0.9757106265579483
1580	0.9104375323422894
1581	0.9583166726366918
1582	0.958104973233686
1583	0.9469182479100182
1584	0.9430467577277796
1585	0.9656849441351159
1586	0.9679558130807318
1587	0.9358396835166841
1588	0.9302500574581511
1589	0.9568380316753019
1590	0.8808229546181068
1591	0.8439309472011031
1592	0.9404489431098674
1593	0.9715709609544454
1594	0.8950584619181647
1595	0.8945407069382401
1596	0.9086714134121343
1597	0.9423483278940977
1598	0.9551711056191963
1599	0.9959714582912323
1600	0.88500738781509
1601	0.9582753525944647
1602	1.0110075868413588
1603	0.9440355293455823
1604	0.9392827080370113
1605	0.9117506924944513
1606	0.861980003913777
1607	0.9895598614697421
1608	1.0149049761650166
1609	0.9761896634022617
1610	0.9919164278381246
1611	0.9558026110866179
1612	0.9486825999481507
1613	1.038333960371476
1614	0.9923548874312318
1615	0.9821296392631343
1616	0.9629665517462161
1617	0.9533218914660941
1618	1.009539813716929
1619	0.9574727022943882
1620	1.017400644073955
1621	0.9227693992924204
1622	0.9546316656422361
1623	0.9203852008860226
1624	1.032592298974487
1625	0.9976162229191398
1626	1.0037519315625338
1627	0.9075411449436558
1628	0.9161121317596079
1629	0.9670505190417188
1630	0.9219428415427194
1631	0.9864749178871263
1632	0.984352625506255
1633	0.9728779108158823
1634	0.8950439991830584
1635	0.94881732772922
1636	0.90385780233192
1637	0.9762157136705372
1638	0.9259785981340144
1639	0.9920272595605772
1640	0.9589576201255618
1641	0.9712610380136832
1642	0.9518853932368302
1643	0.9356160233738409
1644	0.990669825534153
1645	0.8868369111944803
1646	0.9425242135523831
1647	1.0030733733104553
1648	0.9188388196783664
1649	0.9833829656309099
1650	1.017216392195256
1651	1.0127575153078334
1652	0.9208244255772876
1653	0.8671861843914201
1654	0.9181357218791889
1655	0.9378603801880189
1656	0.9163309797162814
1657	1.0279348405144595
1658	0.9766314455891958
1659	0.8843136503966079
1660	0.9849088558673046
1661	0.9206405014904744
1662	0.8601670574831396
1663	0.9243800671120195
1664	0.9292795273639938
1665	0.9343623282240697
1666	0.9875846421908464
1667	0.8967430612520803
1668	0.9268266525025162
1669	0.9821447153112337
1670	0.9123082689697812
1671	0.9086302646083128
1672	0.9179935621226075
1673	0.884685402353947
1674	0.8840861003981278
1675	0.9487281907979626
1676	0.8798147088226475
1677	0.9477492303909357
1678	0.9824192196946651
1679	0.9606152008358358
1680	0.9648289070027194
1681	0.9933002530252728
1682	0.9938375210568949
1683	1.0196624326074677
1684	0.9574676723464389
1685	0.891055382611275
1686	0.9156770693773901
1687	0.8826416863893612
1688	0.9391737904068587
1689	0.9274401933706513
1690	1.0070294998429863
1691	1.0315635789859277
1692	0.9807533336639828
1693	0.9153965316353353
1694	0.9121136189430175
1695	0.9194696080646647
1696	0.9370895974571323
1697	0.9286137541675115
1698	0.9060473029806444
1699	0.9539718861781803
1700	0.8952720056660627
1701	0.9571745881994947
1702	0.9584814605705002
1703	0.9546120623550177
1704	0.910241477120067
1705	0.9038369767263058
1706	0.8929157557891749
1707	0.8668325988005591
1708	0.9283916301054008
1709	0.9256970271711241
1710	0.9667424404084044
1711	0.9545587472074989
1712	0.9672077429232989
1713	0.9711561471985866
1714	0.9880861592336596
1715	0.9563916929919352
1716	0.9913770041951456
1717	0.8946465072430153
1718	0.970339994704714
1719	0.9663882251882004
1720	0.942381023118082
1721	0.9829794905463917
1722	1.0042083058411484
1723	0.9029567296342507
1724	0.9030833096670886
1725	0.9204677556855412
1726	0.9988627994796683
1727	0.9191239189179411
1728	0.8634061700742031
1729	0.9572229294882266
1730	0.886188136809941
1731	0.9326106437082344
1732	0.9389032525794287
1733	0.9449060907614297
1734	0.8970203029445759
1735	0.9185695112232655
1736	0.9746492465324861
1737	0.9701061173556714
1738	0.939538612409417
1739	0.9172343270998726
1740	0.9920159739275675
1741	0.8537431524057509
1742	0.9409202775334459
1743	0.8922250361734374
1744	0.9133801937127509
1745	0.9535663081287802
1746	0.9189605222304993
1747	0.9335892963591349
1748	0.9840636328447364
1749	0.9646051786178307
1750	0.9871067967683876
1751	0.948287973938132
1752	0.8782804164053952
1753	0.9630405579726037
1754	0.8424607784199523
1755	0.9231758396298938
1756	0.9246884244968321
1757	0.8816167377858382
1758	0.9458565062299674
1759	0.9495674384130955
1760	0.9197967788148579
1761	0.9520827323548162
1762	0.9387344552069281
1763	0.9441901196917821
1764	0.9399042389107238
1765	0.8685537885026591
1766	0.8841140818950126
1767	0.8779582039633614
1768	0.9892976264839868
1769	0.9075595791737656
1770	0.9460644717742321
1771	0.9292722501373483
1772	0.944485338181631
1773	0.9215984304097264
1774	0.933589609052884
1775	0.8793308137945843
1776	0.8955331206696112
1777	0.9648830967655246
1778	0.9375552046619766
1779	1.0427763907449674
1780	0.9693500360458874
1781	0.9878817268605127
1782	0.9865993613053472
1783	0.9024944095889338
1784	0.9705437215507206
1785	0.989178274183517
1786	0.9493107803313555
1787	0.9566654909373541
1788	0.8853521646513072
1789	1.0058054733777988
1790	0.94314312792024
1791	0.9552857528950366
1792	0.9346057730673804
1793	0.9399972848745504
1794	0.9317817086102077
1795	0.9996351982426256
1796	0.9935974524073681
1797	1.0029310867643322
1798	0.9917021706102737
1799	1.0393717613498599
1800	0.9895248763591782
1801	0.9221607379380242
1802	1.0592245614688933
1803	0.9317811165172813
1804	0.9771841674613483
1805	0.9406543854017396
1806	0.9837057951950335
1807	1.0284152384656697
1808	1.0133315756071801
1809	1.0079692246417764
1810	0.9378427361069925
1811	0.9020771181820517
1812	0.9331332152995329
1813	0.9306007652972337
1814	0.9372814472575653
1815	1.0117594366047777
1816	1.0207365775754558
1817	0.955705166413913
1818	0.9478278281530537
1819	0.9821653815287182
1820	0.9669033043478475
1821	0.9462312416758117
1822	0.9546326506047584
1823	0.9543268922276924
1824	0.9888449609337522
1825	0.9092788518385666
1826	1.050589095622861
1827	1.0113129999398889
1828	0.9143116828560643
1829	1.0274419090411517
1830	0.9623461843022255
1831	1.0093187227922968
1832	0.9773491049731565
1833	0.8799062542107233
1834	1.0109674691385793
1835	0.9373506816490812
1836	1.0390953360030353
1837	0.9405126686031472
1838	0.8689123058065885
1839	0.9813304839084048
1840	1.0049345606789715
1841	0.9305921281790696
1842	0.9622803271378993
1843	0.9633071820404931
1844	0.9548872367956012
1845	0.9351460747065992
1846	0.987575653392465
1847	0.9682123387551825
1848	0.8896613789022606
1849	0.969427700031288
1850	0.9629458474918081
1851	0.9902357015352475
1852	1.0054375280031906
1853	0.899430941040827
1854	0.9755910549599419
1855	0.9472380837009594
1856	0.992328766791614
1857	0.9712126771390038
1858	0.9998502828921001
1859	0.9228525964835047
1860	0.9384386055276608
1861	0.86020583854072
1862	0.9417950705896199
1863	0.8605301621819733
1864	0.9878554280331984
1865	0.9232089671911315
1866	0.9409024082357107
1867	0.9613042746172465
1868	0.9806108265371295
1869	0.9222332275455083
1870	0.9740071144110982
1871	0.8932934472496289
1872	0.9196535139245469
1873	0.9376917570120846
1874	0.9209216662697275
1875	0.9785213178763221
1876	0.9108769228232265
1877	0.93937678913097
1878	1.0161726282283274
1879	0.8613733866777867
1880	0.9562122452101668
1881	0.9610556239684923
1882	0.8959394248241573
1883	0.9382376879678691
1884	1.0014842454000528
1885	0.9126838237208101
1886	0.9471269009174591
1887	0.9910629530720539
1888	0.9810656774836798
1889	0.9019406919420805
1890	0.9146398758913364
1891	0.9814646267311066
1892	0.9954469867643598
1893	0.9309542039577169
1894	0.9175915446376164
1895	0.9900923191064849
1896	0.9496316502259697
1897	0.9487574101218623
1898	0.9285937957950607
1899	0.9374665448784731
1900	0.9034590196760311
1901	1.0273014760878383
1902	0.9416301046029221
1903	0.8679506831358949
1904	1.0032704481365025
1905	0.8896912253556326
1906	0.9135074125089349
1907	0.9206928799048981
1908	0.9511269455674619
1909	1.0134266684330888
1910	0.9780818229494614
1911	0.9120428573698739
1912	0.9313520535065042
1913	0.9864242155417242
1914	0.9311430809098604
1915	1.0214401260960715
1916	0.9699636428573367
1917	0.9755395930367915
1918	0.9595124228403732
1919	0.919878982837123
1920	0.9818292837386539
1921	0.9105964170979541
1922	0.9051206367657617
1923	0.9743783558563631
1924	0.8956255455367993
1925	0.9563799611672282
1926	0.9434004856545375
1927	0.9697491986760132
1928	0.8938229309398459
1929	0.9388253517235146
1930	0.9205141907653035
1931	0.8997298408785135
1932	0.8474255897095718
1933	0.9947453829116649
1934	1.040986113840793
1935	0.9233339862980652
1936	0.9626224449738987
1937	0.9254177946339971
1938	0.9712639962406108
1939	1.0361599945730975
1940	0.9511997316417182
1941	0.955557986885203
1942	0.923172800099367
1943	0.9146245133305541
1944	1.0101856399044526
1945	0.9745246498399543
1946	0.9052009377793895
1947	0.8556389861337516
1948	0.906641959505507
1949	0.9775971711234015
1950	0.9075169559262508
1951	0.9407638070541234
1952	1.0022790365876608
1953	0.994887070115201
1954	0.9105974747398572
1955	0.9990504734859831
1956	0.9572202383758547
1957	0.918254424184827
1958	0.8781357161719965
1959	0.9258307992869619
1960	0.9606928763016425
1961	0.9454294259863303
1962	0.947352263629753
1963	0.9280144803687359
1964	1.0037408730710407
1965	0.9527021461843986
1966	0.859804354155983
1967	0.9020535722254815
1968	0.9588316500724479
1969	0.9637018974764479
1970	0.9869153398806679
1971	0.9326127048699231
1972	0.8987163117568067
1973	0.8894774172312652
1974	0.9366513273606213
1975	0.8811739341205527
1976	0.8640770746291099
1977	1.014683889420421
1978	0.9935902728798556
1979	0.863735095673367
1980	0.8987125371837484
1981	0.8728582422363511
1982	0.9340878533700513
1983	0.9354067008338075
1984	0.9461959539199095
1985	1.0393622498772956
1986	0.9635329572123229
1987	1.0218560340472047
1988	0.9475558936866081
1989	0.9952800372668613
1990	0.9618956603759956
1991	1.0101038643217217
1992	1.0448717248040784
1993	0.9917236827402142
1994	0.9794712497739447
1995	1.0077128684174077
1996	1.0060710207392511
1997	0.9598762012071649
1998	0.9324310910006673
1999	0.9872022421416384
2000	0.8956528843281835
2001	0.905161537654613
2002	0.9568251141806888
2003	0.9550202413868767
2004	0.891486245418815
2005	0.8725887879718303
2006	0.9558963198220636
2007	0.9313923717848829
2008	0.9881810451616271
2009	0.9469559515364528
2010	0.9864616711940423
2011	0.8976066852524167
2012	0.9732864566902459
2013	0.8968508152094846
2014	0.9348147926866491
2015	1.0316770913720121
2016	0.9614540551523102
2017	0.9700938582500747
2018	0.8781630493891337
2019	0.9231231947465914
2020	1.015133025599434
2021	0.9528010550068508
2022	0.9421955219182325
2023	0.9395095396713496
2024	0.9256917311596712
2025	0.9566906752328505
2026	0.8921359565778528
2027	0.9504935664124708
2028	0.9585420362231
2029	1.012007065355685
2030	1.0128779202174985
2031	0.8845214389269876
2032	0.9334080002641346
2033	0.8396746183986482
2034	0.8942812287752167
2035	0.9115167668264911
2036	0.9489319532384161
2037	0.925495726354818
2038	0.9665932087379109
2039	0.9995565510404156
2040	0.9084355590950786
2041	0.8666711524567643
2042	0.8738231977324905
2043	0.885362485162148
2044	0.9753612450431891
2045	0.954995116106267
2046	0.9351278353754352
2047	0.8973142007214647
2048	0.9206482376513221
2049	0.9351012818547418
2050	0.9175642628209871
2051	0.9291993579309986
2052	0.9841859581565243
2053	0.9567027619971581
2054	0.9576635714599282
2055	0.9908001979340758
2056	0.9464270579163178
2057	1.0202386353406598
2058	0.9268570734599261
2059	1.004906518656334
2060	1.0372989549333744
2061	0.9995812504697544
2062	0.9781812513609298
2063	0.9886305447801396
2064	0.8968607744043543
2065	0.9610752420412828
2066	0.9911316745407363
2067	0.9083820043140547
2068	0.975309653846627
2069	0.9382542308807633
2070	0.9631405561952292
2071	0.9656051757911176
2072	1.0056445778016847
2073	0.9729424745053928
2074	0.9824892848010082
2075	0.9241918733771203
2076	0.9987401572843239
2077	1.0319246378387106
2078	0.8941357659877185
2079	0.9884151695282655
2080	0.9451913255510178
2081	0.9133642545842003
2082	0.9156053117299039
2083	0.8884821935931588
2084	0.9348504153565721
2085	0.9151728841769401
2086	1.0213020180031172
2087	0.9353931658102668
2088	0.9745362360980241
2089	0.931920569317486
2090	1.0025423737772179
2091	0.9862953027601914
2092	0.9409120875205237
2093	0.956667798036171
2094	0.9696441987576596
2095	0.9187316656812048
2096	0.8953380279816177
2097	0.9299626010899865
2098	0.9006371878217169
2099	0.9588984455839374
2100	0.9720275842028789
2101	0.8358725719929366
2102	0.8929131793521115
2103	0.8395537677587138
2104	0.9358952689078384
2105	1.003854135544809
2106	0.974981679303806
2107	0.9555228730870488
2108	0.9129571662097243
2109	0.9362140001213883
2110	0.8936473350295991
2111	0.9291655639798664
2112	0.9376891931011769
2113	0.987883123162661
2114	0.9362124507035738
2115	0.9520959547793123
2116	1.0009128387343211
2117	1.0114709688896186
2118	0.9124224498040143
2119	1.0097573574105527
2120	0.946149085965833
2121	0.9451769483718216
2122	0.928688569473239
2123	0.9432498197598739
2124	0.9213142981639241
2125	0.9463125937300954
2126	0.931419475776123
2127	0.91771630053318
2128	1.02974706789335
2129	0.9977150558722635
2130	1.0114206019387517
2131	0.9407552220815573
2132	0.9614212780366352
2133	1.0325102593139757
2134	0.951117875108496
2135	0.9432638586426481
2136	0.9457941349787852
2137	0.8997711841381687
2138	0.9952819956869982
2139	0.9715053936011011
2140	1.00454430069999
2141	0.995091255446883
2142	0.8915707708607028
2143	0.852051315243551
2144	1.0073474024109443
2145	0.9137631425497317
2146	0.9387897374936853
2147	0.9838743057974007
2148	0.9803602779929417
2149	1.0014173970602216
2150	1.0167837305274745
2151	1.0180673266146405
2152	1.0527914547386275
2153	0.9101698310855768
2154	0.9673636196184969
2155	0.9090525142178129
2156	0.8196474306316333
2157	0.9930847522253816
2158	0.9107008948449672
2159	0.8943039648728364
2160	0.9111976791474713
2161	0.9256120523785841
2162	0.863290282257656
2163	0.8909643240028337
2164	1.003980203812145
2165	0.9307684941240688
2166	0.9698374110333278
2167	0.9811474037054028
2168	0.8614664419800564
2169	0.9070449837375155
2170	0.9781196530912821
2171	0.9840599845397284
2172	0.8716309693628943
2173	0.9603277187675173
2174	0.9106367252657013
2175	0.9347001162934947
2176	0.9010200681791238
2177	0.9420459702722684
2178	0.8594205037451422
2179	0.9710552964536601
2180	0.8707749079493043
2181	0.9216997727866005
2182	0.9511679611957002
2183	0.9524874836249312
2184	0.8947120420003573
2185	0.9302598313728233
2186	0.9769907804513326
2187	1.0241323732855825
2188	0.8614729447269968
2189	0.9892303795929291
2190	0.9853065967134215
2191	1.026850220655785
2192	0.9637469541237383
2193	0.928516001910168
2194	0.9267923029282201
2195	0.9615624713672921
2196	0.8572601993820287
2197	0.8964058713426915
2198	0.9574695911597076
2199	0.9103813797121797
2200	0.935684155290965
2201	0.9319539119429502
2202	0.9898871719842878
2203	0.9371920381682322
2204	0.8910635221810465
2205	0.8489372483383641
2206	1.0167665793903837
2207	0.957321936337466
2208	0.8851083189256868
2209	0.9552306207864733
2210	0.9455393344597339
2211	1.0055343019068934
2212	0.9161325685065276
2213	0.887374537968683
2214	0.9375378182638957
2215	0.9707247422555316
2216	0.9707786773124732
2217	0.9504013328618899
2218	0.9045545942865643
2219	0.9338012486905183
2220	0.9573284141724414
2221	0.9010167902763828
2222	0.9889804798740995
2223	0.9930910407563882
2224	0.953696653178147
2225	0.9154522672241913
2226	0.9436862336896324
2227	1.02666642607192
2228	0.9626245035590697
2229	0.946735667012524
2230	0.8828814258479741
2231	0.9742052171883693
2232	1.0162320774422429
2233	0.9964244748371596
2234	0.9579224397702837
2235	0.9856772775884155
2236	0.8820287175242946
2237	0.9740547058300563
2238	0.9301827575213647
2239	0.9079143291500952
2240	0.9067287184905496
2241	0.8788039137722363
2242	0.932952812806408
2243	0.9009321223020597
2244	0.9777512260962606
2245	0.990638986253922
2246	0.8467382445515129
2247	0.9389144824774901
2248	0.9945819809423087
2249	0.8654511632052286
2250	0.9772902966382168
2251	0.9128981330415037
2252	0.8661595532594386
2253	0.978287934557089
2254	1.016640478379179
2255	0.9433055116282669
2256	0.9388600107630591
2257	0.9569011122787745
2258	0.9521223778230473
2259	0.9460308754709837
2260	0.8914546723249835
2261	0.8942296798419024
2262	0.9875192967501751
2263	0.8925264212838152
2264	0.9384467387969421
2265	0.9459587780683515
2266	0.9755936718260657
2267	0.9683115240648514
2268	0.9469069086729657
2269	1.0185008466174723
2270	0.9884866766920088
2271	0.9726033741288501
2272	0.8889218974727492
2273	0.9913489355373617
2274	0.9825288286579742
2275	0.917622108784561
2276	0.9552504781252029
2277	1.0587432036369933
2278	0.9812420989029225
2279	0.9292289471343281
2280	0.9703064664225843
2281	1.002719367286903
2282	0.9949773218706547
2283	0.9464123654460638
2284	0.9654072349309847
2285	1.0630709503836588
2286	0.9345983011884498
2287	0.9666065844158922
2288	0.9985064587732018
2289	0.945024213902077
2290	0.9697355060498237
2291	0.9715124736139847
2292	0.955218293589168
2293	0.9008609257733469
2294	0.8879719034920103
2295	0.9814946737457806
2296	0.9008646663537527
2297	0.9612407615269518
2298	0.9490072656450671
2299	0.9419946358396599
2300	1.0067969529960756
2301	0.9537860524463803
2302	0.9331389717382452
2303	0.9054844839870824
2304	0.9600571008458499
2305	0.9741727873928447
2306	0.9257288588624153
2307	0.936849117011889
2308	0.9353789610490872
2309	0.9791028517702529
2310	0.9703996004577676
2311	0.9819834623852961
2312	0.9261473367544805
2313	0.9431363537237647
2314	0.9561890803233146
2315	0.9512580043168728
2316	0.9687013857500387
2317	0.9078677132095009
2318	0.9245375756972467
2319	0.9266289552512907
2320	0.9268795291219161
2321	0.9387172930513596
2322	1.0209616716273764
2323	0.9667077101722631
2324	0.9717185295863413
2325	0.8798746799575567
2326	0.8869135738929828
2327	0.9337660119124624
2328	1.0187131851888453
2329	0.985224318079118
2330	0.8833406576564449
2331	0.9150248087066523
2332	0.9066083558695696
2333	0.9414714100148943
2334	0.9145774000991781
2335	0.9331871051800872
2336	0.957596820511954
2337	0.9957085102793912
2338	0.9446056830529058
2339	0.9687680547137969
2340	0.9165375541171021
2341	0.9324658771190176
2342	1.0089697719570236
2343	0.8866855402139132
2344	0.9881193640840114
2345	0.9092106925290846
2346	0.911836761530718
2347	0.8969729721161592
2348	0.900610116641719
2349	0.9507313167490641
2350	0.9142341910667134
2351	0.8836725769451247
2352	0.9020499730505792
2353	0.9488886239913611
2354	0.9368486353694645
2355	0.9048556805082851
2356	0.9928734833764572
2357	0.9139399337151597
2358	0.9269129764515653
2359	1.0100005957164513
2360	0.9307765187876744
2361	0.9602409288776615
2362	0.9655292588953377
2363	0.8864079479957152
2364	0.957192958948358
2365	0.9933518826042943
2366	0.989656001870808
2367	0.9462328798163147
2368	0.8938095676445701
2369	0.9277226667876943
2370	0.9109473544229109
2371	0.9296314732117613
2372	0.9271291307093389
2373	0.8955767487863954
2374	0.9548298599516013
2375	0.9233767371858608
2376	0.9572490195129576
2377	0.9510436512945684
2378	1.002583800076469
2379	0.9346198606344687
2380	0.9324409152027349
2381	0.8772993126684762
2382	0.8928821191058955
2383	0.8271097833423601
2384	0.952811735570066
2385	0.8941836272872256
2386	0.9107640220219886
2387	0.926263217455889
2388	0.9831723154555319
2389	0.9120818060602518
2390	0.9268781204403799
2391	1.0077584522016017
2392	0.9515301054875999
2393	1.0000264674731005
2394	0.9720071445927456
2395	1.0033728836045843
2396	0.9495393129697441
2397	0.9567549090225228
2398	0.96689760067937
2399	1.033181367421348
2400	0.883368008534889
2401	1.0544556360960111
2402	0.9487952852684834
2403	0.895216282712033
2404	0.9300892975725501
2405	1.0448224447682928
2406	0.8791980434771401
2407	0.9404896804867823
2408	1.0390995977406192
2409	0.9339857440228324
2410	0.9791357121115503
2411	0.9656935709784374
2412	0.9604650670876967
2413	0.9537992241902844
2414	0.9425586243627458
2415	1.0172895252611174
2416	0.9474950106564769
2417	0.9942946530176038
2418	0.935918833148219
2419	0.9457141519935282
2420	0.9965501047472762
2421	0.9376464085067392
2422	0.9791651209584781
2423	0.9314434146326521
2424	0.8935851932942639
2425	0.9028267605000387
2426	0.9842187196227403
2427	0.9638074360751947
2428	0.9536053145840501
2429	0.9974784668486564
2430	0.9722189477597205
2431	0.9603122178978087
2432	0.9362608119967647
2433	1.0208071819817186
2434	0.958071531210827
2435	0.9364264169619776
2436	0.8366197957850764
2437	0.8746196288504056
2438	0.9031543442489235
2439	0.9833735954277733
2440	0.9667825175651382
2441	0.9619672075564532
2442	0.9845981183001717
2443	0.9736690582637737
2444	0.9408337155474988
2445	1.0295215669066518
2446	0.9633000489847807
2447	0.9379704012988626
2448	0.8965174815841525
2449	0.9254998649826901
2450	0.8863406990972896
2451	0.9484204430897609
2452	0.9977918041638077
2453	0.9526097683709402
2454	0.933387602773266
2455	0.9502544530883267
2456	1.0010225884115933
2457	0.9110609159332089
2458	0.9687931759855959
2459	0.9362290732952804
2460	0.9554686915570386
2461	0.9196996494463582
2462	1.0279435004443036
2463	0.9158977344248915
2464	1.0177235089299157
2465	0.9283439488197099
2466	0.9062826142375765
2467	0.9823407569687184
2468	1.0668179227540042
2469	0.9472698188450138
2470	0.9677169047456888
2471	0.9728737042038689
2472	0.946385505928312
2473	0.9823125585222509
2474	0.8965031470600746
2475	0.9154105503768029
2476	1.0488644167374213
2477	0.922705580743702
2478	0.9310551958684617
2479	0.9199966155701056
2480	0.9390413685356229
2481	0.9754844602905134
2482	0.9600312522879586
2483	0.994018762246705
2484	0.9859012153694137
2485	0.9924957193731837
2486	0.9268114090984307
2487	1.0424546635882137
2488	1.0144134267762566
2489	0.9670355380767356
2490	0.9457902974424476
2491	0.9545667888767955
2492	0.8946825360040874
2493	0.9267889631873466
2494	1.0291485018687228
2495	0.9256088752549511
2496	0.9573807517323004
2497	0.9120321907175045
2498	0.9413966954307198
2499	0.9713352112783604
2500	1.0266574532779784
2501	1.0014642662409579
2502	0.9691024764314524
2503	0.9683363943793232
2504	0.9890435890120507
2505	0.9753945425287334
2506	0.9465132527914382
2507	0.8701589204371969
2508	0.8907147883215788
2509	0.9066984080307816
2510	0.9343536095718346
2511	0.9586484950980447
2512	0.9263650254504087
2513	0.9922321343573695
2514	0.9128833744921853
2515	0.9500281622478133
2516	0.9594623983230944
2517	1.010234998745956
2518	0.9418516375112534
2519	1.0248418179590464
2520	0.9349363740382965
2521	0.9586126941570042
2522	0.9643860680770967
2523	0.9318105825662475
2524	0.9236900525691556
2525	0.8713575875776967
2526	0.9759092945412917
2527	0.9633623170743559
2528	0.8944817342264627
2529	1.0050344461826541
2530	0.9505722427745223
2531	0.9683475455989328
2532	0.9364035671235633
2533	0.9438205554737604
2534	0.9662507772997898
2535	0.9807528897432991
2536	0.9615331618721307
2537	1.0066907825508653
2538	0.9591147407465155
2539	0.9397187453447517
2540	1.0301807293173646
2541	0.9795997898751061
2542	0.987591455341081
2543	0.986323169953764
2544	0.96562769895535
2545	0.8827803578498206
2546	1.0316522507722454
2547	0.9314061508008072
2548	1.0001724881632963
2549	1.0062054207827695
2550	0.9586121800142329
2551	0.9167285275672101
2552	0.9046766653209667
2553	0.9311888659031339
2554	0.9381871213662516
2555	0.9009254442063298
2556	0.9938065028558327
2557	0.9445569746110074
2558	0.8631634526827557
2559	0.9029199411396578
2560	0.8772712706595234
2561	0.9435045201545371
2562	0.9233506006173393
2563	0.868513591517022
2564	0.963053232947716
2565	0.8614419830691349
2566	0.8886672312982588
2567	1.020721591387193
2568	0.9903785275191564
2569	0.9346788911404126
2570	0.8592003580164184
2571	0.8423183875032244
2572	0.9927864778238408
2573	0.8675521576895748
2574	0.9285254415020616
2575	0.9403449226150211
2576	0.9084453583496664
2577	0.921132743911571
2578	0.9650598337362776
2579	0.9110489025733034
2580	0.9021754701175076
2581	0.9417475370156879
2582	1.0158893199934833
2583	0.9399182683730234
2584	0.9261356965440598
2585	0.8973566407729957
2586	0.9245290573141435
2587	0.9231297589488919
2588	1.0624013069586244
2589	0.9584072288286886
2590	0.9618946644034507
2591	0.9381875624960985
2592	0.9901565577098679
2593	1.0085636566996494
2594	1.009422281597116
2595	0.9591518667566281
2596	0.9068057871642075
2597	0.8794337100185816
2598	1.0167915155438314
2599	0.9733827089601882
2600	1.0121035021320872
2601	0.9937265034431625
2602	0.9671362948967805
2603	0.9789632566713392
2604	0.8881076459560565
2605	0.9759003230727232
2606	0.9522103339255441
2607	1.022960100497231
2608	0.9645603659407591
2609	1.0505997105029765
2610	0.9521525249189838
2611	0.9186110691201009
2612	0.9300460286489537
2613	0.9703032950846762
2614	0.9278452211287807
2615	0.9510321972667674
2616	0.9398893729055323
2617	0.9737576858584885
2618	0.9104259531349543
2619	0.9021689243374365
2620	0.9787744599291147
2621	0.8991210186565591
2622	0.9811671568052245
2623	0.9507998810512878
2624	0.965651343773683
2625	0.9864943381387713
2626	0.9678940617958194
2627	0.9140709924581152
2628	0.9665319636531524
2629	0.9345651533510962
2630	0.9441805822019028
2631	0.8519524939208151
2632	0.9450698936488884
2633	0.939820781999421
2634	0.89273586908727
2635	1.0391928737931817
2636	0.9939604678453045
2637	0.9945797308844327
2638	0.9927539919140607
2639	0.9077257903625744
2640	0.9147010965541261
2641	0.9004871152433375
2642	0.9433650552406068
2643	0.8887781386283679
2644	0.9249600470454725
2645	0.8999021504182642
2646	0.8694079895812555
2647	0.8434390298897007
2648	0.9410974881206033
2649	0.9024759916598071
2650	0.9096704120792309
2651	0.9119747482278646
2652	0.8462285565979609
2653	0.9375134387343171
2654	0.8497922422051426
2655	0.9015725764088847
2656	0.8709101330789468
2657	0.9500318607727359
2658	0.9149720228179753
2659	0.9266227772519174
2660	0.9112613109231887
2661	0.9566381206711454
2662	0.9131320078824688
2663	0.9378745598757628
2664	0.9509967229307325
2665	0.9413174034493266
2666	0.9792773556082399
2667	0.9094571322666354
2668	1.0224485360358466
2669	0.9081360271009192
2670	0.9877220154289199
2671	1.0023127024842793
2672	1.0227958554163183
2673	0.9605307774783556
2674	0.9695370447427563
2675	0.9569158989007682
2676	0.9594780850761915
2677	0.9411283820000921
2678	0.9359729283831902
2679	0.9850171908039417
2680	0.9439618494909043
2681	0.9653418329303671
2682	0.9901704212183734
2683	1.018525849160836
2684	0.9103352213168824
2685	0.9281027041464505
2686	0.9140674245209228
2687	0.9100354882299333
2688	0.9241324315258742
2689	1.0395059802472633
2690	0.8882951694217048
2691	0.949223295056195
2692	0.9963494498069267
2693	0.9489263006605394
2694	0.9335698817293038
2695	0.9731561107174637
2696	0.948335837361169
2697	0.923082960319632
2698	0.9173193001183354
2699	0.9363906451520346
2700	0.9800636094240441
2701	0.9482503684499352
2702	0.9871272991282376
2703	0.9401221269267275
2704	0.9151685024701833
2705	0.9315040832053908
2706	0.924597619043459
2707	1.0195005561832358
2708	1.0152225511603867
2709	0.9162474025347981
2710	1.0312348895118952
2711	0.8514725729012228
2712	0.8987746208503392
2713	0.9396801508431776
2714	0.8975704446671541
2715	0.8689060351101785
2716	0.8998576736250077
2717	0.9668333162221245
2718	0.9705300299477062
2719	0.8922854873463995
2720	0.9167022322972149
2721	0.8818519575623375
2722	0.9691075913939334
2723	0.9378475418178451
2724	0.9739038472676309
2725	0.9906560485245877
2726	1.0117543071605024
2727	0.9251683788090883
2728	0.9273005192865268
2729	0.9225428208200195
2730	0.8809407486978078
2731	0.9652245533658732
2732	0.9526717396644178
2733	0.9099374846882546
2734	0.9980952302342696
2735	0.960535099658845
2736	0.933245261834957
2737	1.0055626705266694
2738	1.0349787400917607
2739	0.9040532920889277
2740	0.9149124246847979
2741	0.9528824511335071
2742	0.9288716877291223
2743	0.887679146163894
2744	0.9227487441588803
2745	0.8864965344155474
2746	0.9714528014418812
2747	0.9307532356274915
2748	0.9074251229618895
2749	0.9185581868181896
2750	0.9429748042200532
2751	0.9904142285952532
2752	1.0087580521273405
2753	0.9730714297765399
2754	0.9615364252790285
2755	0.9227644308763495
2756	0.9854089977420212
2757	0.9495752261056293
2758	0.9678155422148832
2759	0.9504891760748524
2760	1.0705576051431536
2761	0.9124337988992063
2762	0.9933937111568965
2763	0.9305986460286291
2764	0.9062187678495813
2765	0.898861859451409
2766	0.9319625168879718
2767	0.9372419509912191
2768	1.0070611947341093
2769	0.9789757486842461
2770	0.9480514491529094
2771	0.9597401862522805
2772	1.031074055548055
2773	0.9723948633465918
2774	0.9804916273270382
2775	0.8928652374348716
2776	0.9335797266253688
2777	0.9410486810464824
2778	0.9425212059056729
2779	1.0584211811252076
2780	0.9497084164120275
2781	0.9334817746119167
2782	1.0252927707209951
2783	0.9402596833054704
2784	0.9878598935797399
2785	0.911014823714565
2786	0.9897178929888597
2787	0.8870309425337078
2788	0.9218094247731048
2789	0.9463014605823651
2790	0.9408020779421276
2791	0.9402993409640019
2792	0.9186347276568104
2793	0.9553323067908506
2794	0.8715394890033821
2795	0.9508418207809801
2796	0.9032774408698365
2797	1.003568362205111
2798	0.9515824364044877
2799	0.9429240351135733
2800	0.9769040581840662
2801	0.9637157529191855
2802	0.8805274638440296
2803	0.9251454828752373
2804	1.002359650404739
2805	0.9504237741586435
2806	0.9745366321030867
2807	0.9993338546876348
2808	0.9874829100072844
2809	0.9457832856981523
2810	0.9883257374773072
2811	0.8914299982608025
2812	0.9414792813329761
2813	0.9207245117231925
2814	0.9430528274126598
2815	0.9224916367819531
2816	1.0073082223723469
2817	0.9657656865445579
2818	0.9582404602506062
2819	1.0063902112443917
2820	0.908961047342053
2821	0.9429446737009097
2822	0.9803301380977602
2823	0.9958967035923457
2824	0.9619029352462368
2825	0.9936480960926777
2826	0.8562648198942919
2827	0.9083016994390394
2828	0.8840153695282246
2829	0.9487628569584458
2830	1.0253042063197126
2831	0.9622390156098173
2832	0.9898367353838934
2833	0.9531106683607292
2834	1.0113592657107837
2835	0.9814088024480581
2836	0.9618060652467836
2837	0.874179978184117
2838	0.9122164403293614
2839	0.8766661636318128
2840	0.8946326290945683
2841	0.9761593388466294
2842	0.9576620192575355
2843	0.9304709526512884
2844	0.969333488601275
2845	0.9753905319512542
2846	0.9397721006570915
2847	0.9735582882767987
2848	0.9345891514642942
2849	0.903385873295963
2850	0.8630063774643453
2851	0.9535243608405544
2852	0.9235538309194741
2853	1.0055535890523817
2854	0.9090623217996846
2855	0.9458473789076562
2856	0.9579056953492381
2857	0.9258377844871757
2858	0.9413433802753473
2859	0.9051117578406019
2860	0.9619115926467215
2861	0.9607179344814826
2862	0.9759702540894136
2863	0.9779578419029147
2864	0.99380380141729
2865	0.9735527674812271
2866	0.9158030907592419
2867	1.0298148867964723
2868	0.9330033013339915
2869	1.0266717275552923
2870	0.903382758135813
2871	0.9118742201208045
2872	0.9427508546426804
2873	0.9575272916467227
2874	0.8729379168899274
2875	0.995618640386933
2876	1.0256856977467887
2877	0.9840373945409139
2878	0.9784585934266538
2879	0.9635325837921804
2880	0.9640791834725265
2881	0.9950155350640145
2882	0.9534139088916614
2883	0.9229487146812353
2884	0.9627130896068306
2885	0.9495553277177454
2886	0.9211520301600447
2887	0.9508044170480993
2888	0.9239006561862261
2889	0.9604145361279695
2890	0.9332601229832596
2891	0.9636880374812089
2892	0.9675594775393056
2893	0.9899691743047254
2894	0.9899833358901746
2895	0.894013081397424
2896	0.876751605785598
2897	1.045034164381875
2898	0.9547034934787345
2899	0.8789376918783829
2900	0.9340726632233287
2901	0.9097866865082959
2902	0.8896183966628924
2903	0.9792015388651235
2904	0.9248675117783473
2905	0.9828202317881595
2906	0.9629039476477106
2907	0.9881384156483155
2908	0.925222436606984
2909	0.9261231729699857
2910	0.9192556556049187
2911	0.9361304886767143
2912	0.9604837089416448
2913	0.9356297010437695
2914	0.880409235318669
2915	0.9345667427995074
2916	0.9018833987536744
2917	0.9733942397619215
2918	0.9203044562876888
2919	0.9540678829896762
2920	0.8766602631881247
2921	0.985381768248073
2922	0.9122540237279979
2923	0.9151771145833641
2924	0.9034957337892732
2925	0.9880570588955954
2926	0.8882016342191748
2927	0.919804073649986
2928	0.971962143754206
2929	0.9971647810041648
2930	0.9887756613723436
2931	0.9821207871886747
2932	1.000735981625924
2933	1.0005111743955257
2934	1.0028890488375337
2935	0.9322061399516766
2936	0.9994631091996644
2937	0.8609110756124603
2938	0.9764100172601954
2939	0.952030741396273
2940	0.9462829555104239
2941	0.8794614822140633
2942	0.8713638343878976
2943	0.94848451677681
2944	0.949044221225133
2945	0.9235276282514875
2946	1.0073403395774048
2947	1.0163982672765246
2948	0.9884958671009625
2949	0.9384613424890029
2950	0.9526217309786174
2951	0.9538825063763443
2952	0.9160837456592009
2953	0.9635047764807093
2954	0.9128063608401609
2955	0.9781686129976083
2956	0.9592683035148207
2957	0.9251529226011067
2958	0.9238894781738718
2959	0.9268310787832872
2960	0.9389431931527208
2961	0.9219423860259829
2962	0.926243554707385
2963	0.9604465843028508
2964	0.8997625978451075
2965	0.9808052636683409
2966	1.004726924601502
2967	0.9088993600535792
2968	0.9783737987027994
2969	0.8940709194286531
2970	1.0185388894575949
2971	0.9363002152786534
2972	0.9202291964899708
2973	0.9904841391998395
2974	0.9451781158315278
2975	0.9326373614174215
2976	0.9357962254596183
2977	0.9162110869254413
2978	0.9199205793691896
2979	0.9356197401919576
2980	0.9036614881880715
2981	0.9510147704839135
2982	0.9079821554939548
2983	0.9612670547683599
2984	0.9361506044371517
2985	0.8958820900432944
2986	0.962756984534331
2987	0.9647319494576226
2988	0.9528483540164341
2989	0.9610062407960611
2990	0.9532285302880972
2991	0.9076198186710225
2992	0.9635132425479493
2993	0.9611913739898582
2994	0.9501103277858234
2995	0.878842636469225
2996	0.9258722096656673
2997	0.9164059657201116
2998	0.8463851001334243
2999	0.7191121051304797
3000	0.30164465526141
